1000.000	122.553	30.818	0.000	136.431
2.000	122.511	31.181	0.000	132.002
4.000	122.482	31.134	0.000	131.496
6.000	122.481	30.581	0.000	132.520
8.000	122.503	29.856	0.000	132.425
10.000	122.535	28.876	0.000	131.158
12.000	122.562	28.185	0.000	127.996
14.000	122.568	28.298	0.000	122.739
16.000	122.556	28.314	0.000	120.477
18.000	122.537	28.314	0.000	120.146
20.000	122.522	28.566	0.000	120.847
22.000	122.525	28.976	0.000	122.826
24.000	122.545	28.500	0.000	122.574
26.000	122.565	27.819	0.000	125.531
28.000	122.575	27.076	0.000	125.716
30.000	122.565	26.194	0.000	121.264
32.000	122.536	25.780	0.000	118.106
34.000	122.510	25.886	0.000	110.593
36.000	122.504	26.413	0.000	107.372
38.000	122.527	26.789	0.000	110.547
40.000	122.575	26.707	0.000	113.876
42.000	122.622	26.296	0.000	114.726
44.000	122.640	25.685	0.000	116.101
46.000	122.615	25.020	0.000	117.628
48.000	122.553	23.898	0.000	116.637
50.000	122.483	23.049	0.000	112.461
52.000	122.450	23.610	0.000	106.752
54.000	122.477	24.042	0.000	104.774
56.000	122.560	24.652	0.000	106.065
58.000	122.660	25.313	0.000	109.238
60.000	122.719	25.226	0.000	111.433
62.000	122.704	24.487	0.000	117.675
64.000	122.615	23.170	0.000	116.545
66.000	122.488	21.895	0.000	111.118
68.000	122.398	21.713	0.000	104.807
70.000	122.403	22.567	0.000	101.079
72.000	122.510	23.220	0.000	103.085
74.000	122.667	23.127	0.000	104.905
76.000	122.787	23.233	0.000	109.701
78.000	122.802	23.211	0.000	112.885
80.000	122.699	22.428	0.000	115.339
82.000	122.519	21.610	0.000	111.827
84.000	122.361	20.954	0.000	105.345
86.000	122.328	20.943	0.000	98.253
88.000	122.450	22.203	0.000	99.231
90.000	122.662	22.897	0.000	101.644
92.000	122.843	22.939	0.000	107.431
94.000	122.891	22.400	0.000	108.209
96.000	122.777	21.691	0.000	113.524
98.000	122.549	20.771	0.000	115.521
100.000	122.331	20.126	0.000	110.331
102.000	122.267	20.981	0.000	107.854
104.000	122.410	21.401	0.000	102.371
106.000	122.672	21.248	0.000	102.711
108.000	122.898	21.631	0.000	106.256
110.000	122.960	21.521	0.000	109.282
112.000	122.823	21.302	0.000	115.098
114.000	122.551	20.158	0.000	108.116
116.000	122.297	18.770	0.000	110.799
118.000	122.235	19.363	0.000	109.314
120.000	122.416	19.590	0.000	102.265
122.000	122.718	20.598	0.000	100.615
124.000	122.954	20.957	0.000	101.959
126.000	122.993	21.078	0.000	106.302
128.000	122.814	20.686	0.000	106.731
130.000	122.511	19.681	0.000	117.373
132.000	122.267	18.653	0.000	112.741
134.000	122.256	18.486	0.000	104.385
136.000	122.486	19.087	0.000	100.171
138.000	122.793	20.312	0.000	104.905
140.000	122.986	20.700	0.000	106.383
142.000	122.964	20.689	0.000	108.653
144.000	122.742	20.112	0.000	113.724
146.000	122.451	19.388	0.000	119.826
148.000	122.281	19.114	0.000	111.874
150.000	122.352	18.911	0.000	106.796
152.000	122.602	19.210	0.000	100.142
154.000	122.852	20.323	0.000	97.741
156.000	122.955	21.148	0.000	103.159
158.000	122.865	21.346	0.000	105.719
160.000	122.645	20.497	0.000	109.723
162.000	122.438	19.681	0.000	107.880
164.000	122.379	19.090	0.000	111.261
166.000	122.496	19.012	0.000	101.464
168.000	122.690	19.521	0.000	92.539
170.000	122.831	19.645	0.000	95.425
172.000	122.850	20.027	0.000	94.102
174.000	122.756	20.240	0.000	99.322
176.000	122.620	19.611	0.000	102.902
178.000	122.528	18.501	0.000	103.627
180.000	122.520	18.857	0.000	98.479
182.000	122.581	18.812	0.000	91.588
184.000	122.665	19.049	0.000	87.658
186.000	122.732	20.234	0.000	90.250
188.000	122.766	19.928	0.000	91.149
190.000	122.762	20.081	0.000	98.121
192.000	122.717	20.545	0.000	101.285
194.000	122.639	19.728	0.000	98.523
196.000	122.553	18.538	0.000	93.190
198.000	122.517	17.933	0.000	87.336
200.000	122.575	18.364	0.000	86.333
202.000	122.712	19.584	0.000	88.064
204.000	122.850	20.714	0.000	94.527
206.000	122.888	20.551	0.000	96.048
208.000	122.781	19.131	0.000	95.060
210.000	122.578	18.022	0.000	92.697
212.000	122.416	17.452	0.000	89.832
214.000	122.440	18.724	0.000	81.102
216.000	122.652	18.930	0.000	81.087
218.000	122.898	18.433	0.000	87.508
220.000	123.002	19.496	0.000	88.632
222.000	122.883	19.467	0.000	85.730
224.000	122.609	18.022	0.000	87.520
226.000	122.374	17.634	0.000	89.759
228.000	122.379	17.331	0.000	83.386
230.000	122.627	18.124	0.000	76.863
232.000	122.915	18.569	0.000	73.762
234.000	123.034	19.136	0.000	85.588
236.000	122.909	18.372	0.000	91.938
238.000	122.627	17.379	0.000	91.674
240.000	122.402	17.436	0.000	90.109
242.000	122.414	18.392	0.000	87.265
244.000	122.640	18.308	0.000	82.134
246.000	122.884	17.914	0.000	80.302
248.000	122.973	19.045	0.000	85.417
250.000	122.869	19.093	0.000	87.633
252.000	122.664	18.167	0.000	90.304
254.000	122.514	17.819	0.000	84.281
256.000	122.518	18.491	0.000	79.089
258.000	122.643	18.863	0.000	78.669
260.000	122.781	19.370	0.000	82.845
262.000	122.850	19.886	0.000	84.834
264.000	122.837	20.845	0.000	79.990
266.000	122.768	20.817	0.000	80.960
268.000	122.679	19.478	0.000	82.658
270.000	122.603	18.483	0.000	78.497
272.000	122.575	19.473	0.000	74.799
274.000	122.632	20.191	0.000	66.915
276.000	122.765	20.590	0.000	68.413
278.000	122.895	20.237	0.000	77.455
280.000	122.920	20.505	0.000	79.592
282.000	122.792	19.524	0.000	75.233
284.000	122.579	18.438	0.000	67.429
286.000	122.454	18.100	0.000	58.095
288.000	122.551	19.573	0.000	54.291
290.000	122.810	20.600	0.000	55.575
292.000	123.014	20.301	0.000	62.455
294.000	122.998	20.435	0.000	60.738
296.000	122.761	19.389	0.000	63.458
298.000	122.483	18.101	0.000	63.279
300.000	122.418	19.020	0.000	52.078
302.000	122.629	20.283	0.000	48.724
304.000	122.916	21.446	0.000	48.407
306.000	123.041	21.263	0.000	47.762
308.000	122.921	21.413	0.000	53.677
310.000	122.665	20.648	0.000	54.083
312.000	122.491	19.360	0.000	46.947
314.000	122.538	18.878	0.000	43.511
316.000	122.734	19.506	0.000	30.383
318.000	122.899	20.410	0.000	28.839
320.000	122.929	20.988	0.000	32.025
322.000	122.837	20.720	0.000	34.999
324.000	122.710	19.505	0.000	41.449
326.000	122.625	18.822	0.000	36.721
328.000	122.614	18.156	0.000	27.779
330.000	122.676	19.082	0.000	24.711
332.000	122.790	19.571	0.000	24.864
334.000	122.903	19.682	0.000	31.113
336.000	122.930	19.176	0.000	31.409
338.000	122.821	18.821	0.000	21.624
340.000	122.625	17.879	0.000	19.443
342.000	122.507	18.623	0.000	18.340
344.000	122.610	19.320	0.000	15.128
346.000	122.864	20.111	0.000	15.403
348.000	123.045	20.685	0.000	18.224
350.000	122.985	20.457	0.000	19.518
352.000	122.720	19.211	0.000	14.301
354.000	122.480	18.411	0.000	9.240
356.000	122.509	18.744	0.000	-1.908
358.000	122.776	19.041	0.000	-1.190
360.000	123.014	19.714	0.000	-1.979
362.000	123.025	18.707	0.000	7.836
364.000	122.822	17.970	0.000	9.711
366.000	122.596	18.072	0.000	7.873
368.000	122.548	18.010	0.000	1.945
370.000	122.688	17.465	0.000	0.952
372.000	122.862	17.671	0.000	-4.226
374.000	122.939	19.033	0.000	-7.410
376.000	122.901	19.264	0.000	-10.677
378.000	122.799	18.654	0.000	-10.035
380.000	122.688	17.918	0.000	-9.700
382.000	122.623	17.260	0.000	-11.741
384.000	122.659	18.181	0.000	-18.342
386.000	122.806	18.927	0.000	-20.845
388.000	122.966	19.268	0.000	-15.343
390.000	122.994	19.605	0.000	-15.018
392.000	122.828	19.206	0.000	-20.016
394.000	122.586	18.229	0.000	-19.633
396.000	122.516	18.004	0.000	-33.724
398.000	122.721	19.069	0.000	-43.997
400.000	122.999	20.579	0.000	-37.482
402.000	123.080	20.266	0.000	-35.702
404.000	122.889	19.763	0.000	-39.990
406.000	122.607	19.288	0.000	-46.899
408.000	122.519	18.902	0.000	-57.593
410.000	122.703	18.637	0.000	-62.267
412.000	122.941	20.038	0.000	-63.702
414.000	123.017	20.256	0.000	-68.518
416.000	122.905	19.695	0.000	-69.672
418.000	122.734	18.801	0.000	-74.717
420.000	122.644	17.037	0.000	-83.306
422.000	122.673	16.509	0.000	-91.517
424.000	122.777	17.227	0.000	-105.166
426.000	122.898	17.450	0.000	-104.780
428.000	122.973	18.439	0.000	-106.726
430.000	122.926	17.930	0.000	-115.253
432.000	122.750	15.952	0.000	-125.271
434.000	122.582	15.439	0.000	-122.694
436.000	122.621	16.316	0.000	-131.092
438.000	122.868	16.602	0.000	-138.328
440.000	123.076	15.677	0.000	-133.917
442.000	123.028	14.839	0.000	-131.540
444.000	122.752	14.290	0.000	-147.624
446.000	122.532	13.809	0.000	-166.755
448.000	122.617	13.036	0.000	179.599
450.000	122.895	13.498	0.000	175.426
452.000	123.060	14.292	0.000	168.285
454.000	122.981	13.950	0.000	150.484
456.000	122.771	13.443	0.000	136.725
458.000	122.643	12.518	0.000	118.139
460.000	122.682	11.431	0.000	123.761
462.000	122.807	12.226	0.000	158.449
464.000	122.921	11.177	0.000	130.353
466.000	122.974	11.049	0.000	132.882
468.000	122.928	11.243	0.000	137.299
470.000	122.774	11.455	0.000	101.992
472.000	122.620	11.595	0.000	89.814
474.000	122.654	12.319	0.000	57.098
476.000	122.893	12.563	0.000	25.500
478.000	123.093	11.870	0.000	30.940
480.000	123.025	12.077	0.000	36.190
482.000	122.734	11.844	0.000	28.515
484.000	122.538	11.696	0.000	23.493
486.000	122.680	10.898	0.000	-42.932
488.000	122.973	11.054	0.000	-16.966
490.000	123.087	10.605	0.000	17.625
492.000	122.941	12.132	0.000	-9.587
494.000	122.724	12.233	0.000	-5.565
496.000	122.657	11.704	0.000	-49.578
498.000	122.751	11.279	0.000	3.084
500.000	122.877	12.412	0.000	44.742
502.000	122.961	11.664	0.000	22.260
504.000	122.979	11.384	0.000	25.514
506.000	122.889	12.333	0.000	-9.982
508.000	122.710	13.254	0.000	16.279
510.000	122.619	11.961	0.000	23.208
512.000	122.781	12.303	0.000	29.265
514.000	123.052	12.364	0.000	-3.996
516.000	123.114	12.360	0.000	22.231
518.000	122.867	13.335	0.000	9.176
520.000	122.580	13.529	0.000	-6.090
522.000	122.621	13.314	0.000	15.422
524.000	122.922	11.388	0.000	19.511
526.000	123.101	11.863	0.000	10.664
528.000	122.995	12.140	0.000	3.714
530.000	122.774	12.376	0.000	28.105
532.000	122.688	11.934	0.000	15.383
534.000	122.759	11.027	0.000	47.483
536.000	122.863	12.430	0.000	21.432
538.000	122.950	13.931	0.000	14.502
540.000	123.003	13.399	0.000	-2.387
542.000	122.938	13.033	0.000	-4.553
544.000	122.737	13.453	0.000	-10.930
546.000	122.613	12.449	0.000	-29.560
548.000	122.792	12.858	0.000	-33.450
550.000	123.092	13.633	0.000	-15.661
552.000	123.133	13.327	0.000	2.952
554.000	122.840	13.817	0.000	10.870
556.000	122.569	12.565	0.000	-6.404
558.000	122.686	12.987	0.000	-25.669
560.000	122.996	13.819	0.000	-27.347
562.000	123.099	13.522	0.000	-20.690
564.000	122.941	14.243	0.000	-21.439
566.000	122.767	13.515	0.000	-13.207
568.000	122.743	14.349	0.000	-19.409
570.000	122.797	14.869	0.000	-38.645
572.000	122.869	13.652	0.000	-45.546
574.000	122.982	14.318	0.000	-52.027
576.000	123.047	13.944	0.000	-42.437
578.000	122.905	12.719	0.000	-41.572
580.000	122.649	12.592	0.000	-38.761
582.000	122.646	14.100	0.000	-34.458
584.000	122.971	14.456	0.000	-37.291
586.000	123.191	14.487	0.000	-40.607
588.000	123.013	13.410	0.000	-46.062
590.000	122.662	12.331	0.000	-60.583
592.000	122.622	13.712	0.000	-60.057
594.000	122.901	14.443	0.000	-45.866
596.000	123.081	14.208	0.000	-46.747
598.000	123.002	14.104	0.000	-51.686
600.000	122.853	13.360	0.000	-55.529
602.000	122.793	13.525	0.000	-68.068
604.000	122.778	13.392	0.000	-58.294
606.000	122.810	14.155	0.000	-71.824
608.000	122.963	14.744	0.000	-74.640
610.000	123.101	14.896	0.000	-70.814
612.000	122.980	13.824	0.000	-70.071
614.000	122.674	12.614	0.000	-71.874
616.000	122.625	13.405	0.000	-66.934
618.000	122.955	14.270	0.000	-79.016
620.000	123.193	14.819	0.000	-79.503
622.000	123.030	14.845	0.000	-83.794
624.000	122.706	12.700	0.000	-82.748
626.000	122.669	11.870	0.000	-102.658
628.000	122.895	13.563	0.000	-89.296
630.000	123.037	13.850	0.000	-79.919
632.000	123.004	14.154	0.000	-91.937
634.000	122.919	14.009	0.000	-86.912
636.000	122.828	13.768	0.000	-88.691
638.000	122.742	12.650	0.000	-97.820
640.000	122.805	13.324	0.000	-92.227
642.000	123.034	13.913	0.000	-108.856
644.000	123.136	13.820	0.000	-97.818
646.000	122.917	13.557	0.000	-109.905
648.000	122.637	12.969	0.000	-114.801
650.000	122.720	13.045	0.000	-103.397
652.000	123.042	13.191	0.000	-103.532
654.000	123.150	12.532	0.000	-108.958
656.000	122.949	13.426	0.000	-94.981
658.000	122.732	12.475	0.000	-80.434
660.000	122.747	12.492	0.000	-97.661
662.000	122.904	12.436	0.000	-103.752
664.000	123.030	13.185	0.000	-102.901
666.000	123.045	13.765	0.000	-103.329
668.000	122.924	14.039	0.000	-112.335
670.000	122.748	14.113	0.000	-105.400
672.000	122.738	13.008	0.000	-93.601
674.000	122.955	11.156	0.000	-109.139
676.000	123.128	11.733	0.000	-116.839
678.000	123.028	12.385	0.000	-118.087
680.000	122.774	12.964	0.000	-109.842
682.000	122.697	11.970	0.000	-107.178
684.000	122.885	12.806	0.000	-106.609
686.000	123.086	13.239	0.000	-115.558
688.000	123.082	12.061	0.000	-117.087
690.000	122.886	11.696	0.000	-119.964
692.000	122.712	11.578	0.000	-121.768
694.000	122.784	11.828	0.000	-122.365
696.000	123.021	12.914	0.000	-139.637
698.000	123.124	13.740	0.000	-125.764
700.000	122.966	13.491	0.000	-116.474
702.000	122.756	12.536	0.000	-118.819
704.000	122.762	12.658	0.000	-119.561
706.000	122.938	10.654	0.000	-136.872
708.000	123.065	9.851	0.000	-129.649
710.000	123.043	11.862	0.000	-120.695
712.000	122.894	11.847	0.000	-124.751
714.000	122.736	12.718	0.000	-130.239
716.000	122.785	11.989	0.000	-128.863
718.000	123.046	11.661	0.000	-129.176
720.000	123.171	11.950	0.000	-105.260
722.000	122.946	11.643	0.000	-108.853
724.000	122.669	11.270	0.000	-107.296
726.000	122.779	12.169	0.000	-105.909
728.000	123.077	12.166	0.000	-109.196
730.000	123.117	12.638	0.000	-115.464
732.000	122.922	12.678	0.000	-119.608
734.000	122.802	12.658	0.000	-108.809
736.000	122.828	11.495	0.000	-103.714
738.000	122.900	12.064	0.000	-116.622
740.000	123.027	11.524	0.000	-133.230
742.000	123.104	11.759	0.000	-114.852
744.000	122.928	12.309	0.000	-117.666
746.000	122.676	12.632	0.000	-113.143
748.000	122.804	11.759	0.000	-137.349
750.000	123.153	11.830	0.000	-147.074
752.000	123.164	11.825	0.000	-137.144
754.000	122.831	11.799	0.000	-140.962
756.000	122.692	11.272	0.000	-150.013
758.000	122.910	11.507	0.000	-157.586
760.000	123.075	11.807	0.000	-120.695
762.000	123.037	12.317	0.000	-68.748
764.000	122.944	11.427	0.000	-92.718
766.000	122.843	11.476	0.000	-123.518
768.000	122.785	10.803	0.000	-135.760
770.000	122.933	10.180	0.000	171.090
772.000	123.148	10.511	0.000	163.654
774.000	123.071	10.353	0.000	-174.569
776.000	122.762	11.701	0.000	-154.752
778.000	122.718	11.313	0.000	-166.498
780.000	123.008	12.319	0.000	-71.878
782.000	123.163	12.654	0.000	-94.053
784.000	123.007	12.376	0.000	-99.542
786.000	122.796	10.282	0.000	-115.558
788.000	122.785	9.787	0.000	159.035
790.000	122.950	9.942	0.000	139.294
792.000	123.100	11.441	0.000	-143.804
794.000	123.062	9.951	0.000	-151.195
796.000	122.856	9.560	0.000	-149.779
798.000	122.756	10.636	0.000	-155.173
800.000	122.916	11.519	0.000	-150.234
802.000	123.100	12.593	0.000	-90.153
804.000	123.078	11.977	0.000	-39.859
806.000	122.893	11.076	0.000	-83.518
808.000	122.759	12.495	0.000	-139.277
810.000	122.861	12.063	0.000	-87.441
812.000	123.104	11.583	0.000	-73.496
814.000	123.146	10.989	0.000	-128.713
816.000	122.877	10.282	0.000	-126.785
818.000	122.700	9.758	0.000	-113.439
820.000	122.923	10.500	0.000	-81.185
822.000	123.149	11.926	0.000	-75.377
824.000	123.052	11.526	0.000	-125.840
826.000	122.860	10.400	0.000	-131.746
828.000	122.831	11.001	0.000	-90.594
830.000	122.895	11.493	0.000	-75.197
832.000	123.012	11.224	0.000	-99.478
834.000	123.122	10.494	0.000	-100.460
836.000	122.990	11.198	0.000	-65.406
838.000	122.719	10.683	0.000	-123.193
840.000	122.819	10.655	0.000	-84.286
842.000	123.168	11.983	0.000	-47.446
844.000	123.156	11.195	0.000	-26.932
846.000	122.825	11.309	0.000	-61.996
848.000	122.752	11.262	0.000	-61.621
850.000	122.973	10.731	0.000	-64.046
852.000	123.083	10.628	0.000	-74.470
854.000	123.038	11.050	0.000	-82.564
856.000	122.938	11.301	0.000	-86.080
858.000	122.810	11.529	0.000	-58.824
860.000	122.852	11.421	0.000	-75.881
862.000	123.095	11.777	0.000	-67.307
864.000	123.148	11.989	0.000	-44.583
866.000	122.884	12.306	0.000	-43.357
868.000	122.733	12.437	0.000	-96.847
870.000	122.939	12.153	0.000	-120.693
872.000	123.142	12.347	0.000	-47.791
874.000	123.077	11.047	0.000	-19.382
876.000	122.857	11.425	0.000	-62.077
878.000	122.775	12.642	0.000	-76.756
880.000	122.961	12.576	0.000	-67.108
882.000	123.145	10.859	0.000	-54.385
884.000	123.047	11.821	0.000	-63.812
886.000	122.829	12.420	0.000	-55.630
888.000	122.826	11.685	0.000	-34.200
890.000	122.984	11.957	0.000	-51.954
892.000	123.090	12.523	0.000	-46.940
894.000	123.061	10.840	0.000	-44.452
896.000	122.872	10.705	0.000	-52.400
898.000	122.754	11.514	0.000	-40.382
900.000	122.996	12.386	0.000	-23.736
902.000	123.221	11.869	0.000	-45.832
904.000	123.001	10.836	0.000	-69.791
906.000	122.720	10.549	0.000	-61.313
908.000	122.890	12.553	0.000	-43.524
910.000	123.117	12.732	0.000	-40.096
912.000	123.060	12.440	0.000	-61.914
914.000	122.940	11.618	0.000	-57.755
916.000	122.868	11.657	0.000	-44.576
918.000	122.851	12.174	0.000	-46.737
920.000	123.037	12.625	0.000	-67.877
922.000	123.176	13.599	0.000	-77.936
924.000	122.941	13.495	0.000	-60.304
926.000	122.717	12.713	0.000	-60.849
928.000	122.947	13.925	0.000	-83.507
930.000	123.179	14.153	0.000	-72.163
932.000	123.051	13.247	0.000	-56.062
934.000	122.835	12.325	0.000	-68.623
936.000	122.828	12.738	0.000	-62.296
938.000	122.997	13.868	0.000	-66.253
940.000	123.130	13.811	0.000	-57.186
942.000	123.028	12.991	0.000	-53.024
944.000	122.818	12.663	0.000	-51.795
946.000	122.849	13.124	0.000	-54.147
948.000	123.052	13.394	0.000	-57.243
950.000	123.113	14.364	0.000	-54.430
952.000	122.988	13.854	0.000	-48.454
954.000	122.812	13.303	0.000	-61.122
956.000	122.844	13.516	0.000	-69.754
958.000	123.122	13.339	0.000	-59.579
960.000	123.169	13.555	0.000	-56.360
962.000	122.844	13.167	0.000	-62.974
964.000	122.761	13.128	0.000	-66.717
966.000	123.055	13.701	0.000	-66.747
968.000	123.128	12.160	0.000	-66.847
970.000	122.970	13.816	0.000	-63.727
972.000	122.894	14.412	0.000	-50.934
974.000	122.865	13.486	0.000	-59.893
976.000	122.966	14.330	0.000	-75.421
978.000	123.167	15.965	0.000	-65.693
980.000	123.035	15.235	0.000	-58.277
982.000	122.732	13.268	0.000	-74.914
984.000	122.893	14.939	0.000	-77.389
986.000	123.184	15.865	0.000	-72.412
988.000	123.075	15.707	0.000	-61.874
990.000	122.845	14.835	0.000	-57.575
992.000	122.846	14.427	0.000	-59.064
994.000	122.996	15.021	0.000	-60.938
996.000	123.123	15.928	0.000	-58.314
998.000	123.032	15.229	0.000	-62.828
1000.000	122.817	15.168	0.000	-67.356
1002.000	122.869	15.497	0.000	-76.806
1004.000	123.083	15.194	0.000	-76.767
1006.000	123.104	15.696	0.000	-67.382
1008.000	122.951	14.750	0.000	-61.508
1010.000	122.808	14.427	0.000	-74.076
1012.000	122.907	15.601	0.000	-77.497
1014.000	123.174	16.430	0.000	-62.709
1016.000	123.099	15.579	0.000	-64.226
1018.000	122.764	14.425	0.000	-77.197
1020.000	122.860	15.742	0.000	-73.286
1022.000	123.137	16.448	0.000	-63.496
1024.000	123.065	16.521	0.000	-62.469
1026.000	122.926	16.284	0.000	-63.781
1028.000	122.891	16.015	0.000	-68.719
1030.000	122.887	16.534	0.000	-79.178
1032.000	123.088	17.192	0.000	-72.235
1034.000	123.156	17.075	0.000	-63.833
1036.000	122.830	16.165	0.000	-64.158
1038.000	122.782	16.498	0.000	-76.885
1040.000	123.122	17.741	0.000	-67.682
1042.000	123.141	17.365	0.000	-63.508
1044.000	122.905	16.003	0.000	-70.389
1046.000	122.837	16.219	0.000	-75.772
1048.000	122.947	18.108	0.000	-71.436
1050.000	123.112	18.010	0.000	-64.807
1052.000	123.078	17.389	0.000	-64.399
1054.000	122.839	17.874	0.000	-66.866
1056.000	122.855	18.055	0.000	-72.587
1058.000	123.069	18.863	0.000	-69.987
1060.000	123.098	18.673	0.000	-72.415
1062.000	122.974	17.982	0.000	-67.951
1064.000	122.820	18.291	0.000	-69.053
1066.000	122.897	19.258	0.000	-70.806
1068.000	123.188	20.288	0.000	-68.096
1070.000	123.085	20.154	0.000	-61.758
1072.000	122.747	18.969	0.000	-69.438
1074.000	122.914	19.340	0.000	-72.513
1076.000	123.141	20.440	0.000	-66.772
1078.000	123.024	19.872	0.000	-65.434
1080.000	122.939	19.418	0.000	-63.432
1082.000	122.880	19.574	0.000	-64.084
1084.000	122.910	20.157	0.000	-68.458
1086.000	123.161	21.564	0.000	-65.990
1088.000	123.075	21.212	0.000	-64.335
1090.000	122.750	19.824	0.000	-68.356
1092.000	122.915	21.110	0.000	-77.176
1094.000	123.163	22.544	0.000	-70.108
1096.000	123.046	22.031	0.000	-64.526
1098.000	122.871	21.130	0.000	-68.000
1100.000	122.854	22.171	0.000	-76.031
1102.000	123.036	22.966	0.000	-73.634
1104.000	123.148	22.533	0.000	-72.010
1106.000	122.931	22.325	0.000	-69.509
1108.000	122.817	22.365	0.000	-70.132
1110.000	122.995	23.713	0.000	-75.514
1112.000	123.087	24.071	0.000	-75.711
1114.000	123.050	23.699	0.000	-68.739
1116.000	122.872	23.372	0.000	-69.182
1118.000	122.814	23.579	0.000	-78.468
1120.000	123.140	25.089	0.000	-78.746
1122.000	123.157	25.276	0.000	-72.398
1124.000	122.790	24.122	0.000	-77.587
1126.000	122.870	24.756	0.000	-85.568
1128.000	123.105	26.043	0.000	-80.799
1130.000	123.044	25.568	0.000	-77.435
1132.000	122.972	25.428	0.000	-80.328
1134.000	122.865	25.623	0.000	-82.867
1136.000	122.902	26.071	0.000	-86.667
1138.000	123.163	27.181	0.000	-85.617
1140.000	123.056	26.981	0.000	-79.097
1142.000	122.776	25.711	0.000	-84.282
1144.000	122.923	27.287	0.000	-93.241
1146.000	123.130	28.565	0.000	-88.038
1148.000	123.062	27.421	0.000	-83.958
1150.000	122.859	26.718	0.000	-92.530
1152.000	122.847	27.844	0.000	-96.189
1154.000	123.095	28.552	0.000	-92.854
1156.000	123.107	28.266	0.000	-91.868
1158.000	122.881	27.954	0.000	-93.260
1160.000	122.872	27.992	0.000	-98.372
1162.000	122.995	28.699	0.000	-101.202
1164.000	123.098	29.467	0.000	-97.925
1166.000	123.032	29.100	0.000	-96.447
1168.000	122.784	28.105	0.000	-102.052
1170.000	122.929	29.188	0.000	-108.471
1172.000	123.207	30.276	0.000	-102.640
1174.000	122.989	29.415	0.000	-97.660
1176.000	122.790	28.646	0.000	-107.144
1178.000	122.973	30.123	0.000	-110.977
1180.000	123.088	30.462	0.000	-105.931
1182.000	123.035	29.740	0.000	-106.921
1184.000	122.892	29.793	0.000	-109.014
1186.000	122.857	29.957	0.000	-109.721
1188.000	123.064	30.464	0.000	-112.676
1190.000	123.120	31.151	0.000	-107.941
1192.000	122.892	29.928	0.000	-105.676
1194.000	122.814	29.822	0.000	-117.361
1196.000	123.057	31.686	0.000	-115.264
1198.000	123.148	31.576	0.000	-107.134
1200.000	122.891	30.324	0.000	-110.598
1202.000	122.819	30.985	0.000	-117.191
1204.000	123.052	31.858	0.000	-114.942
1206.000	123.093	31.851	0.000	-112.746
1208.000	122.951	31.497	0.000	-112.103
1210.000	122.856	31.202	0.000	-116.849
1212.000	122.941	32.105	0.000	-118.266
1214.000	123.124	32.839	0.000	-115.040
1216.000	123.028	32.469	0.000	-111.890
1218.000	122.798	31.773	0.000	-116.631
1220.000	122.928	32.899	0.000	-122.734
1222.000	123.150	34.085	0.000	-117.443
1224.000	123.024	33.325	0.000	-111.828
1226.000	122.796	32.490	0.000	-120.655
1228.000	122.940	34.040	0.000	-123.391
1230.000	123.126	34.442	0.000	-116.685
1232.000	122.998	33.840	0.000	-118.449
1234.000	122.876	34.043	0.000	-120.198
1236.000	122.901	34.100	0.000	-120.897
1238.000	123.038	35.103	0.000	-124.624
1240.000	123.122	35.788	0.000	-118.916
1242.000	122.858	34.536	0.000	-118.886
1244.000	122.817	35.095	0.000	-129.849
1246.000	123.147	36.793	0.000	-124.498
1248.000	123.068	36.191	0.000	-118.778
1250.000	122.834	35.531	0.000	-125.186
1252.000	122.899	36.547	0.000	-128.704
1254.000	123.046	37.207	0.000	-125.352
1256.000	123.086	37.263	0.000	-123.240
1258.000	122.893	36.965	0.000	-124.477
1260.000	122.842	37.441	0.000	-128.679
1262.000	123.058	38.442	0.000	-129.253
1264.000	123.079	38.853	0.000	-126.297
1266.000	122.924	38.376	0.000	-125.731
1268.000	122.818	38.342	0.000	-131.862
1270.000	123.022	40.058	0.000	-133.018
1272.000	123.170	40.539	0.000	-126.065
1274.000	122.848	39.282	0.000	-128.210
1276.000	122.835	40.439	0.000	-136.820
1278.000	123.102	41.681	0.000	-132.250
1280.000	123.024	41.250	0.000	-130.668
1282.000	122.939	41.537	0.000	-134.030
1284.000	122.863	41.935	0.000	-135.212
1286.000	122.961	42.866	0.000	-139.281
1288.000	123.162	44.090	0.000	-136.747
1290.000	122.908	43.403	0.000	-134.223
1292.000	122.795	43.612	0.000	-145.082
1294.000	123.067	45.749	0.000	-145.672
1296.000	123.089	45.900	0.000	-139.785
1298.000	122.903	45.225	0.000	-145.827
1300.000	122.829	46.395	0.000	-153.637
1302.000	123.039	47.596	0.000	-152.963
1304.000	123.099	47.853	0.000	-153.926
1306.000	122.881	47.755	0.000	-158.360
1308.000	122.872	48.205	0.000	-165.285
1310.000	122.998	49.293	0.000	-170.091
1312.000	123.088	49.901	0.000	-169.779
1314.000	122.950	49.362	0.000	-171.836
1316.000	122.777	49.340	0.000	177.130
1318.000	123.063	50.975	0.000	173.195
1320.000	123.126	51.167	0.000	176.728
1322.000	122.833	49.901	0.000	170.796
1324.000	122.874	50.925	0.000	159.237
1326.000	123.053	51.916	0.000	160.830
1328.000	123.047	51.307	0.000	158.913
1330.000	122.901	51.204	0.000	151.641
1332.000	122.853	51.329	0.000	147.720
1334.000	123.027	51.884	0.000	141.325
1336.000	123.090	52.505	0.000	142.061
1338.000	122.880	51.288	0.000	140.928
1340.000	122.818	51.390	0.000	126.490
1342.000	123.099	52.807	0.000	128.240
1344.000	123.069	51.812	0.000	131.657
1346.000	122.808	50.780	0.000	121.561
1348.000	122.915	51.584	0.000	118.094
1350.000	123.064	51.682	0.000	119.478
1352.000	123.019	51.304	0.000	119.725
1354.000	122.866	50.742	0.000	117.960
1356.000	122.874	51.157	0.000	114.368
1358.000	123.085	52.096	0.000	116.996
1360.000	123.027	52.095	0.000	120.659
1362.000	122.829	51.833	0.000	118.028
1364.000	122.890	53.280	0.000	111.728
1366.000	123.115	55.054	0.000	114.710
1368.000	123.008	54.752	0.000	116.869
1370.000	122.766	55.210	0.000	102.669
1372.000	123.002	57.538	0.000	98.694
1374.000	123.077	57.843	0.000	97.431
1376.000	122.925	58.031	0.000	85.366
1378.000	122.882	58.614	0.000	76.635
1380.000	122.906	58.963	0.000	64.040
1382.000	123.120	60.080	0.000	56.571
1384.000	122.957	59.216	0.000	53.437
1386.000	122.766	58.262	0.000	33.555
1388.000	123.053	59.583	0.000	24.643
1390.000	123.069	58.824	0.000	24.250
1392.000	122.878	56.985	0.000	11.503
1394.000	122.844	56.783	0.000	-1.183
1396.000	123.036	56.512	0.000	-4.771
1398.000	123.060	55.321	0.000	-8.372
1400.000	122.842	53.736	0.000	-14.599
1402.000	122.891	52.926	0.000	-21.394
1404.000	123.022	52.696	0.000	-23.130
1406.000	123.049	51.871	0.000	-20.780
1408.000	122.848	50.214	0.000	-23.216
1410.000	122.844	50.151	0.000	-30.900
1412.000	123.142	50.871	0.000	-27.524
1414.000	122.964	49.467	0.000	-24.604
1416.000	122.795	48.530	0.000	-35.447
1418.000	122.982	49.486	0.000	-37.629
1420.000	123.048	48.879	0.000	-35.698
1422.000	122.946	47.869	0.000	-42.228
1424.000	122.831	47.403	0.000	-47.507
1426.000	122.959	46.923	0.000	-54.174
1428.000	123.082	46.796	0.000	-56.923
1430.000	122.912	44.876	0.000	-55.952
1432.000	122.795	42.606	0.000	-67.515
1434.000	123.050	42.477	0.000	-64.210
1436.000	123.067	40.315	0.000	-49.502
1438.000	122.805	38.328	0.000	-42.731
1440.000	122.906	39.818	0.000	-31.917
1442.000	123.045	41.047	0.000	-23.219
1444.000	122.992	41.810	0.000	-21.093
1446.000	122.840	42.132	0.000	-24.787
1448.000	122.897	43.300	0.000	-31.316
1450.000	123.081	44.334	0.000	-31.736
1452.000	122.956	43.974	0.000	-33.431
1454.000	122.808	43.576	0.000	-42.837
1456.000	122.949	44.656	0.000	-50.918
1458.000	123.112	45.067	0.000	-48.931
1460.000	122.861	43.426	0.000	-53.995
1462.000	122.824	43.798	0.000	-67.537
1464.000	123.072	44.301	0.000	-65.888
1466.000	122.971	42.936	0.000	-70.264
1468.000	122.891	42.466	0.000	-77.351
1470.000	122.852	41.719	0.000	-81.931
1472.000	123.037	41.844	0.000	-87.986
1474.000	123.038	41.203	0.000	-84.484
1476.000	122.762	39.100	0.000	-91.193
1478.000	122.958	39.795	0.000	-98.690
1480.000	123.074	39.372	0.000	-92.403
1482.000	122.901	37.294	0.000	-95.178
1484.000	122.814	36.944	0.000	-101.870
1486.000	123.007	36.944	0.000	-100.141
1488.000	123.037	36.114	0.000	-98.714
1490.000	122.844	34.859	0.000	-100.774
1492.000	122.876	34.412	0.000	-104.664
1494.000	123.003	34.514	0.000	-104.163
1496.000	123.030	33.855	0.000	-100.190
1498.000	122.799	32.226	0.000	-103.582
1500.000	122.896	32.519	0.000	-108.959
1502.000	123.107	32.580	0.000	-102.073
1504.000	122.886	30.660	0.000	-100.268
1506.000	122.815	30.176	0.000	-108.655
1508.000	123.004	30.453	0.000	-104.201
1510.000	123.016	29.304	0.000	-100.534
1512.000	122.859	28.656	0.000	-104.903
1514.000	122.860	28.059	0.000	-105.175
1516.000	123.004	28.051	0.000	-106.625
1518.000	123.025	27.802	0.000	-100.726
1520.000	122.784	25.650	0.000	-100.405
1522.000	122.911	26.356	0.000	-104.903
1524.000	123.099	26.149	0.000	-95.331
1526.000	122.858	24.518	0.000	-96.452
1528.000	122.839	24.575	0.000	-100.758
1530.000	122.985	24.160	0.000	-98.366
1532.000	123.018	23.373	0.000	-94.906
1534.000	122.838	22.648	0.000	-97.569
1536.000	122.864	22.151	0.000	-95.442
1538.000	123.032	21.849	0.000	-88.689
1540.000	122.962	21.144	0.000	-84.066
1542.000	122.804	19.824	0.000	-88.543
1544.000	122.913	19.906	0.000	-85.947
1546.000	123.101	20.207	0.000	-74.575
1548.000	122.818	18.301	0.000	-73.555
1550.000	122.853	18.668	0.000	-74.637
1552.000	123.027	18.608	0.000	-65.231
1554.000	122.950	17.180	0.000	-61.221
1556.000	122.852	16.815	0.000	-55.230
1558.000	122.860	16.006	0.000	-54.393
1560.000	123.061	17.152	0.000	-47.325
1562.000	122.914	16.695	0.000	-36.494
1564.000	122.782	15.573	0.000	-39.139
1566.000	122.995	17.179	0.000	-31.437
1568.000	123.025	16.135	0.000	-21.965
1570.000	122.795	16.146	0.000	-15.197
1572.000	122.889	17.315	0.000	-12.917
1574.000	123.028	16.696	0.000	-8.187
1576.000	122.917	17.086	0.000	-2.787
1578.000	122.818	17.838	0.000	-2.287
1580.000	122.927	17.956	0.000	-1.359
1582.000	123.040	18.788	0.000	1.734
1584.000	122.842	18.633	0.000	8.638
1586.000	122.822	19.102	0.000	9.972
1588.000	123.038	19.956	0.000	11.163
1590.000	122.958	19.495	0.000	16.048
1592.000	122.761	19.349	0.000	13.267
1594.000	122.977	20.841	0.000	22.460
1596.000	122.989	20.535	0.000	24.019
1598.000	122.864	20.827	0.000	17.146
1600.000	122.836	21.296	0.000	23.023
1602.000	122.974	21.856	0.000	22.735
1604.000	123.010	22.424	0.000	29.937
1606.000	122.751	21.964	0.000	24.720
1608.000	122.940	23.610	0.000	23.962
1610.000	123.027	23.376	0.000	33.906
1612.000	122.842	22.117	0.000	31.844
1614.000	122.822	22.998	0.000	28.417
1616.000	123.011	23.822	0.000	30.913
1618.000	122.940	23.775	0.000	33.280
1620.000	122.808	24.019	0.000	33.702
1622.000	122.899	24.876	0.000	31.209
1624.000	123.012	25.008	0.000	35.274
1626.000	122.881	24.586	0.000	37.038
1628.000	122.777	24.951	0.000	29.838
1630.000	123.032	26.744	0.000	32.855
1632.000	122.945	26.217	0.000	38.920
1634.000	122.772	25.809	0.000	31.157
1636.000	122.934	26.965	0.000	34.528
1638.000	122.995	26.762	0.000	37.880
1640.000	122.845	26.923	0.000	35.343
1642.000	122.834	27.212	0.000	36.057
1644.000	122.962	27.806	0.000	34.995
1646.000	122.985	27.846	0.000	39.763
1648.000	122.748	27.051	0.000	34.017
1650.000	122.937	28.683	0.000	32.614
1652.000	123.019	28.578	0.000	41.123
1654.000	122.804	27.946	0.000	36.990
1656.000	122.845	29.080	0.000	35.712
1658.000	122.990	29.510	0.000	39.213
1660.000	122.920	29.439	0.000	38.399
1662.000	122.783	29.240	0.000	35.654
1664.000	122.930	30.041	0.000	35.122
1666.000	122.981	30.539	0.000	38.156
1668.000	122.837	30.007	0.000	38.305
1670.000	122.799	30.661	0.000	34.089
1672.000	123.054	31.764	0.000	38.496
1674.000	122.860	30.827	0.000	41.426
1676.000	122.794	31.322	0.000	33.247
1678.000	122.962	32.357	0.000	38.096
1680.000	122.944	31.704	0.000	39.349
1682.000	122.813	32.086	0.000	36.447
1684.000	122.852	32.333	0.000	35.497
1686.000	122.998	33.329	0.000	35.540
1688.000	122.876	32.786	0.000	40.427
1690.000	122.763	32.858	0.000	31.693
1692.000	123.003	34.404	0.000	36.862
1694.000	122.927	33.474	0.000	39.707
1696.000	122.767	33.608	0.000	33.017
1698.000	122.920	34.491	0.000	35.566
1700.000	122.962	34.628	0.000	37.524
1702.000	122.835	34.254	0.000	35.946
1704.000	122.812	34.709	0.000	32.908
1706.000	122.988	35.526	0.000	34.632
1708.000	122.894	35.343	0.000	36.896
1710.000	122.773	35.068	0.000	31.809
1712.000	122.925	36.555	0.000	30.755
1714.000	122.995	36.407	0.000	37.821
1716.000	122.737	35.775	0.000	30.625
1718.000	122.917	37.227	0.000	30.905
1720.000	122.944	36.905	0.000	34.614
1722.000	122.860	36.933	0.000	31.701
1724.000	122.789	37.170	0.000	30.849
1726.000	122.963	38.046	0.000	29.588
1728.000	122.926	38.152	0.000	34.618
1730.000	122.751	37.497	0.000	29.442
1732.000	122.915	39.136	0.000	27.460
1734.000	122.978	38.988	0.000	34.987
1736.000	122.764	38.400	0.000	27.706
1738.000	122.867	39.585	0.000	28.391
1740.000	122.963	39.646	0.000	30.589
1742.000	122.847	39.619	0.000	30.396
1744.000	122.788	39.715	0.000	26.872
1746.000	122.943	40.772	0.000	27.383
1748.000	122.928	40.564	0.000	30.672
1750.000	122.753	40.310	0.000	26.337
1752.000	122.894	41.557	0.000	24.487
1754.000	122.980	41.978	0.000	30.628
1756.000	122.759	41.067	0.000	26.013
1758.000	122.860	42.676	0.000	23.289
1760.000	122.964	42.569	0.000	28.751
1762.000	122.830	42.498	0.000	24.418
1764.000	122.799	42.831	0.000	24.779
1766.000	122.920	43.813	0.000	22.287
1768.000	122.943	44.061	0.000	28.201
1770.000	122.723	43.400	0.000	21.194
1772.000	122.924	45.173	0.000	21.000
1774.000	122.941	44.856	0.000	26.845
1776.000	122.769	44.534	0.000	20.258
1778.000	122.844	45.759	0.000	19.928
1780.000	122.965	46.008	0.000	22.837
1782.000	122.811	45.911	0.000	21.108
1784.000	122.798	46.406	0.000	18.160
1786.000	122.929	47.424	0.000	18.468
1788.000	122.906	47.410	0.000	22.027
1790.000	122.731	47.313	0.000	15.720
1792.000	122.925	48.948	0.000	15.787
1794.000	122.930	48.873	0.000	20.716
1796.000	122.741	48.675	0.000	13.460
1798.000	122.881	50.322	0.000	13.311
1800.000	122.933	50.306	0.000	16.687
1802.000	122.798	50.592	0.000	11.801
1804.000	122.802	51.235	0.000	10.528
1806.000	122.942	52.556	0.000	8.723
1808.000	122.866	52.618	0.000	12.937
1810.000	122.732	53.025	0.000	1.803
1812.000	122.962	54.966	0.000	4.873
1814.000	122.869	54.307	0.000	4.786
1816.000	122.750	55.202	0.000	-5.203
1818.000	122.895	56.291	0.000	-6.083
1820.000	122.915	56.677	0.000	-8.805
1822.000	122.767	56.749	0.000	-15.051
1824.000	122.831	57.832	0.000	-22.499
1826.000	122.943	58.602	0.000	-24.433
1828.000	122.803	58.141	0.000	-30.458
1830.000	122.769	58.415	0.000	-43.466
1832.000	122.969	59.181	0.000	-44.083
1834.000	122.816	57.749	0.000	-45.347
1836.000	122.759	58.130	0.000	-54.782
1838.000	122.936	58.713	0.000	-50.520
1840.000	122.847	58.317	0.000	-55.328
1842.000	122.773	58.680	0.000	-60.648
1844.000	122.852	58.974	0.000	-68.027
1846.000	122.943	59.274	0.000	-67.707
1848.000	122.725	57.850	0.000	-72.684
1850.000	122.859	58.963	0.000	-79.089
1852.000	122.933	58.770	0.000	-73.285
1854.000	122.760	57.787	0.000	-81.232
1856.000	122.804	58.578	0.000	-83.975
1858.000	122.940	58.545	0.000	-82.087
1860.000	122.791	58.269	0.000	-83.878
1862.000	122.783	58.741	0.000	-88.383
1864.000	122.900	59.886	0.000	-90.605
1866.000	122.870	59.700	0.000	-92.284
1868.000	122.712	59.358	0.000	-105.124
1870.000	122.931	60.193	0.000	-109.545
1872.000	122.863	59.052	0.000	-109.103
1874.000	122.733	57.938	0.000	-119.254
1876.000	122.878	58.382	0.000	-117.568
1878.000	122.887	57.219	0.000	-114.623
1880.000	122.753	56.991	0.000	-115.847
1882.000	122.823	57.171	0.000	-114.335
1884.000	122.919	58.250	0.000	-111.746
1886.000	122.768	57.613	0.000	-110.925
1888.000	122.783	58.944	0.000	-121.435
1890.000	122.953	59.303	0.000	-115.299
1892.000	122.755	58.107	0.000	-123.090
1894.000	122.785	58.819	0.000	-126.650
1896.000	122.908	59.043	0.000	-125.466
1898.000	122.813	58.741	0.000	-126.691
1900.000	122.751	59.045	0.000	-133.165
1902.000	122.889	59.780	0.000	-134.972
1904.000	122.858	59.500	0.000	-135.948
1906.000	122.712	58.879	0.000	-144.374
1908.000	122.898	59.977	0.000	-147.653
1910.000	122.867	59.076	0.000	-144.167
1912.000	122.718	58.404	0.000	-154.680
1914.000	122.868	59.011	0.000	-153.070
1916.000	122.868	58.133	0.000	-152.851
1918.000	122.747	57.754	0.000	-155.860
1920.000	122.812	57.780	0.000	-157.004
1922.000	122.905	58.164	0.000	-154.159
1924.000	122.746	57.225	0.000	-152.651
1926.000	122.790	58.304	0.000	-158.068
1928.000	122.926	58.705	0.000	-149.549
1930.000	122.737	57.880	0.000	-155.802
1932.000	122.791	59.044	0.000	-157.042
1934.000	122.893	59.139	0.000	-156.042
1936.000	122.780	59.041	0.000	-157.691
1938.000	122.759	59.378	0.000	-163.162
1940.000	122.884	60.237	0.000	-162.278
1942.000	122.818	59.761	0.000	-162.590
1944.000	122.715	59.922	0.000	-170.231
1946.000	122.913	61.164	0.000	-169.887
1948.000	122.802	60.370	0.000	-168.363
1950.000	122.733	60.825	0.000	-178.836
1952.000	122.877	61.570	0.000	-174.962
1954.000	122.823	61.034	0.000	-179.124
1956.000	122.735	61.323	0.000	177.043
1958.000	122.834	61.822	0.000	171.565
1960.000	122.873	62.190	0.000	173.761
1962.000	122.699	61.167	0.000	166.136
1964.000	122.857	62.535	0.000	162.843
1966.000	122.856	61.743	0.000	166.734
1968.000	122.721	61.468	0.000	158.165
1970.000	122.821	62.180	0.000	158.881
1972.000	122.869	62.144	0.000	158.967
1974.000	122.724	62.033	0.000	155.049
1976.000	122.806	62.821	0.000	150.691
1978.000	122.868	63.308	0.000	151.099
1980.000	122.745	62.777	0.000	146.789
1982.000	122.769	63.761	0.000	138.165
1984.000	122.910	64.155	0.000	140.981
1986.000	122.710	63.166	0.000	132.434
1988.000	122.797	64.165	0.000	126.939
1990.000	122.862	63.815	0.000	127.671
1992.000	122.753	63.449	0.000	121.299
1994.000	122.757	63.608	0.000	117.533
1996.000	122.876	64.245	0.000	115.268
1998.000	122.765	63.666	0.000	115.723
2000.000	122.728	64.241	0.000	103.333
2002.000	122.910	65.035	0.000	107.684
2004.000	122.732	63.766	0.000	99.061
2006.000	122.759	64.449	0.000	92.254
2008.000	122.863	64.234	0.000	89.721
2010.000	122.770	63.659	0.000	85.963
2012.000	122.731	63.351	0.000	77.976
2014.000	122.866	63.658	0.000	77.586
2016.000	122.784	62.741	0.000	76.516
2018.000	122.703	62.467	0.000	69.198
2020.000	122.896	63.431	0.000	70.203
2022.000	122.756	62.295	0.000	70.571
2024.000	122.733	62.886	0.000	61.360
2026.000	122.859	63.042	0.000	64.440
2028.000	122.775	62.681	0.000	58.374
2030.000	122.723	62.719	0.000	53.619
2032.000	122.847	63.317	0.000	47.905
2034.000	122.799	62.859	0.000	48.120
2036.000	122.693	62.318	0.000	35.937
2038.000	122.882	63.149	0.000	36.245
2040.000	122.761	61.682	0.000	33.926
2042.000	122.723	61.876	0.000	24.948
2044.000	122.848	61.844	0.000	25.816
2046.000	122.778	61.247	0.000	22.010
2048.000	122.719	60.929	0.000	15.906
2050.000	122.833	61.381	0.000	12.712
2052.000	122.800	60.618	0.000	12.631
2054.000	122.688	60.028	0.000	3.612
2056.000	122.870	60.688	0.000	3.015
2058.000	122.765	59.560	0.000	3.654
2060.000	122.717	59.527	0.000	-5.866
2062.000	122.841	59.844	0.000	-2.757
2064.000	122.774	58.985	0.000	-7.116
2066.000	122.715	58.970	0.000	-10.599
2068.000	122.823	59.294	0.000	-14.715
2070.000	122.802	59.162	0.000	-12.082
2072.000	122.679	58.697	0.000	-22.808
2074.000	122.869	59.809	0.000	-21.388
2076.000	122.754	58.521	0.000	-24.663
2078.000	122.717	58.898	0.000	-32.800
2080.000	122.831	59.006	0.000	-33.907
2082.000	122.772	58.676	0.000	-37.363
2084.000	122.707	58.657	0.000	-45.097
2086.000	122.830	59.264	0.000	-48.581
2088.000	122.780	58.840	0.000	-52.119
2090.000	122.684	58.611	0.000	-64.187
2092.000	122.866	59.470	0.000	-68.098
2094.000	122.738	58.056	0.000	-73.022
2096.000	122.721	57.970	0.000	-86.708
2098.000	122.834	57.409	0.000	-87.134
2100.000	122.746	56.061	0.000	-94.206
2102.000	122.714	55.229	0.000	-97.978
2104.000	122.836	55.018	0.000	-98.866
2106.000	122.747	54.134	0.000	-94.739
2108.000	122.706	54.256	0.000	-100.615
2110.000	122.857	55.263	0.000	-94.668
2112.000	122.712	54.596	0.000	-99.921
2114.000	122.734	55.880	0.000	-106.133
2116.000	122.833	56.111	0.000	-109.069
2118.000	122.719	56.068	0.000	-115.951
2120.000	122.732	56.373	0.000	-126.387
2122.000	122.831	56.910	0.000	-129.360
2124.000	122.717	56.003	0.000	-135.970
2126.000	122.733	56.365	0.000	-146.617
2128.000	122.842	56.731	0.000	-146.637
2130.000	122.690	55.626	0.000	-153.998
2132.000	122.760	56.647	0.000	-160.585
2134.000	122.814	56.156	0.000	-160.326
2136.000	122.708	56.176	0.000	-167.154
2138.000	122.738	56.458	0.000	-172.166
2140.000	122.838	57.475	0.000	-173.073
2142.000	122.675	56.872	0.000	-178.739
2144.000	122.781	58.497	0.000	173.226
2146.000	122.805	58.376	0.000	173.829
2148.000	122.681	58.656	0.000	161.409
2150.000	122.783	59.775	0.000	157.358
2152.000	122.794	59.982	0.000	151.861
2154.000	122.685	60.372	0.000	142.084
2156.000	122.781	61.496	0.000	133.448
2158.000	122.801	61.900	0.000	128.906
2160.000	122.662	61.975	0.000	114.333
2162.000	122.823	63.399	0.000	105.419
2164.000	122.759	62.915	0.000	98.593
2166.000	122.686	63.251	0.000	79.655
2168.000	122.820	63.681	0.000	73.883
2170.000	122.739	62.852	0.000	60.563
2172.000	122.702	62.693	0.000	48.926
2174.000	122.811	62.681	0.000	37.685
2176.000	122.739	61.946	0.000	32.766
2178.000	122.698	61.423	0.000	15.001
2180.000	122.829	61.650	0.000	13.018
2182.000	122.703	59.960	0.000	0.567
2184.000	122.728	60.108	0.000	-10.551
2186.000	122.807	59.319	0.000	-17.843
2188.000	122.708	58.212	0.000	-28.569
2190.000	122.721	57.485	0.000	-42.337
2192.000	122.822	56.718	0.000	-48.054
2194.000	122.679	54.606	0.000	-59.020
2196.000	122.748	53.678	0.000	-71.025
2198.000	122.812	52.397	0.000	-72.533
2200.000	122.655	49.890	0.000	-84.532
2202.000	122.793	49.253	0.000	-88.548
2204.000	122.762	46.744	0.000	-92.837
2206.000	122.685	45.025	0.000	-99.482
2208.000	122.773	43.370	0.000	-105.848
2210.000	122.780	41.587	0.000	-106.722
2212.000	122.657	38.722	0.000	-118.358
2214.000	122.814	37.394	0.000	-123.448
2216.000	122.726	34.034	0.000	-131.191
2218.000	122.688	31.094	0.000	-151.538
2220.000	122.811	29.241	0.000	-172.175
2222.000	122.705	28.262	0.000	156.064
2224.000	122.705	30.106	0.000	127.364
2226.000	122.809	32.923	0.000	113.661
2228.000	122.687	34.189	0.000	101.356
2230.000	122.725	36.619	0.000	88.892
2232.000	122.804	37.966	0.000	86.433
2234.000	122.664	38.694	0.000	75.235
2236.000	122.767	40.673	0.000	69.827
2238.000	122.760	40.565	0.000	66.176
2240.000	122.688	41.244	0.000	59.062
2242.000	122.751	41.648	0.000	53.870
2244.000	122.777	42.154	0.000	54.766
2246.000	122.655	41.787	0.000	47.664
2248.000	122.798	43.098	0.000	49.104
2250.000	122.726	42.433	0.000	49.039
2252.000	122.684	43.422	0.000	43.817
2254.000	122.794	43.940	0.000	45.076
2256.000	122.708	44.081	0.000	42.168
2258.000	122.693	44.753	0.000	36.488
2260.000	122.806	45.549	0.000	36.693
2262.000	122.675	45.144	0.000	32.886
2264.000	122.724	46.124	0.000	26.564
2266.000	122.801	46.557	0.000	29.563
2268.000	122.646	46.269	0.000	20.511
2270.000	122.782	47.443	0.000	19.986
2272.000	122.738	46.962	0.000	16.209
2274.000	122.679	47.285	0.000	10.676
2276.000	122.772	47.769	0.000	4.906
2278.000	122.736	47.565	0.000	4.167
2280.000	122.672	47.178	0.000	-6.307
2282.000	122.796	47.840	0.000	-6.530
2284.000	122.697	46.541	0.000	-9.738
2286.000	122.708	46.722	0.000	-14.266
2288.000	122.776	46.182	0.000	-12.835
2290.000	122.692	45.836	0.000	-12.779
2292.000	122.712	46.020	0.000	-15.335
2294.000	122.787	46.406	0.000	-11.523
2296.000	122.656	46.014	0.000	-14.403
2298.000	122.756	47.065	0.000	-17.310
2300.000	122.758	47.255	0.000	-14.408
2302.000	122.657	47.416	0.000	-23.631
2304.000	122.782	48.244	0.000	-22.171
2306.000	122.715	47.942	0.000	-27.996
2308.000	122.679	48.126	0.000	-32.780
2310.000	122.785	48.856	0.000	-38.229
2312.000	122.692	48.174	0.000	-40.240
2314.000	122.705	48.466	0.000	-52.215
2316.000	122.785	48.193	0.000	-50.812
2318.000	122.665	46.961	0.000	-60.726
2320.000	122.738	46.853	0.000	-62.621
2322.000	122.758	45.846	0.000	-63.132
2324.000	122.664	44.931	0.000	-64.441
2326.000	122.756	44.912	0.000	-62.934
2328.000	122.743	44.489	0.000	-58.234
2330.000	122.651	44.459	0.000	-60.065
2332.000	122.807	45.493	0.000	-55.812
2334.000	122.675	45.048	0.000	-56.424
2336.000	122.711	46.262	0.000	-60.048
2338.000	122.770	46.412	0.000	-59.460
2340.000	122.671	46.696	0.000	-65.829
2342.000	122.728	47.218	0.000	-71.562
2344.000	122.766	47.602	0.000	-74.602
2346.000	122.646	46.929	0.000	-84.008
2348.000	122.782	47.735	0.000	-89.108
2350.000	122.707	46.237	0.000	-92.000
2352.000	122.682	45.963	0.000	-100.470
2354.000	122.772	45.123	0.000	-99.563
2356.000	122.690	44.165	0.000	-100.874
2358.000	122.696	43.855	0.000	-101.782
2360.000	122.780	43.755	0.000	-96.859
2362.000	122.656	43.221	0.000	-97.529
2364.000	122.743	44.247	0.000	-97.852
2366.000	122.749	44.322	0.000	-94.146
2368.000	122.651	44.821	0.000	-102.948
2370.000	122.781	45.481	0.000	-101.548
2372.000	122.696	45.115	0.000	-109.419
2374.000	122.682	45.223	0.000	-115.085
2376.000	122.787	45.466	0.000	-119.883
2378.000	122.660	44.415	0.000	-123.115
2380.000	122.734	44.547	0.000	-130.836
2382.000	122.749	43.769	0.000	-127.838
2384.000	122.660	43.049	0.000	-133.967
2386.000	122.758	43.264	0.000	-132.148
2388.000	122.716	42.828	0.000	-133.191
2390.000	122.676	42.801	0.000	-136.268
2392.000	122.765	43.397	0.000	-138.205
2394.000	122.696	42.914	0.000	-140.250
2396.000	122.690	43.140	0.000	-148.358
2398.000	122.781	43.208	0.000	-148.227
2400.000	122.645	42.286	0.000	-155.809
2402.000	122.755	42.826	0.000	-159.354
2404.000	122.728	41.924	0.000	-161.755
2406.000	122.662	41.595	0.000	-166.915
2408.000	122.773	41.619	0.000	-171.089
2410.000	122.693	40.939	0.000	-170.783
2412.000	122.690	40.671	0.000	179.187
2414.000	122.774	40.456	0.000	-178.059
2416.000	122.659	39.251	0.000	174.317
2418.000	122.739	39.224	0.000	172.611
2420.000	122.735	38.429	0.000	170.665
2422.000	122.666	37.739	0.000	166.565
2424.000	122.755	37.656	0.000	164.432
2426.000	122.715	36.789	0.000	164.115
2428.000	122.665	36.278	0.000	158.064
2430.000	122.795	36.429	0.000	159.963
2432.000	122.649	35.134	0.000	156.056
2434.000	122.739	35.366	0.000	154.460
2436.000	122.742	34.365	0.000	153.942
2438.000	122.655	33.804	0.000	150.670
2440.000	122.768	33.825	0.000	147.742
2442.000	122.701	33.007	0.000	149.503
2444.000	122.681	32.650	0.000	143.754
2446.000	122.776	32.486	0.000	147.180
2448.000	122.658	31.440	0.000	141.439
2450.000	122.736	31.581	0.000	140.896
2452.000	122.734	30.737	0.000	139.566
2454.000	122.667	30.329	0.000	138.916
2456.000	122.753	30.279	0.000	137.253
2458.000	122.711	29.423	0.000	136.640
2460.000	122.673	29.376	0.000	132.610
2462.000	122.783	29.167	0.000	133.481
2464.000	122.653	28.169	0.000	131.314
2466.000	122.741	28.419	0.000	129.696
2468.000	122.727	27.600	0.000	127.974
2470.000	122.671	27.133	0.000	124.799
2472.000	122.755	27.371	0.000	122.213
2474.000	122.699	26.852	0.000	124.771
2476.000	122.699	26.488	0.000	116.642
2478.000	122.757	26.035	0.000	121.968
2480.000	122.669	25.488	0.000	117.948
2482.000	122.734	25.629	0.000	116.761
2484.000	122.730	24.891	0.000	114.402
2486.000	122.670	24.528	0.000	110.645
2488.000	122.762	24.628	0.000	111.128
2490.000	122.689	23.744	0.000	110.678
2492.000	122.703	23.731	0.000	103.328
2494.000	122.762	23.585	0.000	105.512
2496.000	122.654	22.979	0.000	103.413
2498.000	122.759	23.097	0.000	104.798
2500.000	122.704	22.552	0.000	99.653
2502.000	122.685	22.203	0.000	94.243
2504.000	122.765	22.350	0.000	93.326
2506.000	122.674	21.558	0.000	89.912
2508.000	122.726	22.056	0.000	85.797
2510.000	122.744	21.398	0.000	88.952
2512.000	122.662	21.158	0.000	82.119
2514.000	122.762	21.046	0.000	81.842
2516.000	122.699	20.433	0.000	77.852
2518.000	122.688	20.689	0.000	76.175
2520.000	122.776	20.990	0.000	76.274
2522.000	122.650	20.086	0.000	71.595
2524.000	122.760	20.584	0.000	65.244
2526.000	122.707	20.579	0.000	64.226
2528.000	122.699	20.759	0.000	59.699
2530.000	122.748	20.179	0.000	59.054
2532.000	122.693	20.212	0.000	58.911
2534.000	122.713	19.671	0.000	53.245
2536.000	122.751	20.044	0.000	53.064
2538.000	122.664	19.914	0.000	46.812
2540.000	122.766	20.015	0.000	45.749
2542.000	122.693	19.863	0.000	41.437
2544.000	122.704	20.644	0.000	38.329
2546.000	122.757	20.686	0.000	38.196
2548.000	122.664	20.038	0.000	32.460
2550.000	122.752	20.171	0.000	31.404
2552.000	122.716	19.958	0.000	31.953
2554.000	122.683	20.740	0.000	23.642
2556.000	122.772	20.844	0.000	26.115
2558.000	122.670	20.086	0.000	23.321
2560.000	122.738	20.279	0.000	20.616
2562.000	122.732	20.240	0.000	23.229
2564.000	122.675	20.221	0.000	21.452
2566.000	122.765	20.450	0.000	13.643
2568.000	122.687	20.360	0.000	12.064
2570.000	122.718	20.849	0.000	7.979
2572.000	122.754	20.133	0.000	11.977
2574.000	122.666	20.012	0.000	6.028
2576.000	122.765	20.689	0.000	6.262
2578.000	122.696	20.595	0.000	3.401
2580.000	122.707	21.126	0.000	2.111
2582.000	122.757	20.976	0.000	0.752
2584.000	122.672	20.580	0.000	-1.922
2586.000	122.756	21.076	0.000	-3.218
2588.000	122.712	21.158	0.000	-5.485
2590.000	122.696	21.433	0.000	-8.507
2592.000	122.764	21.019	0.000	-8.399
2594.000	122.675	20.594	0.000	-12.872
2596.000	122.744	20.669	0.000	-11.893
2598.000	122.729	20.660	0.000	-7.868
2600.000	122.687	20.626	0.000	-14.349
2602.000	122.766	21.130	0.000	-15.454
2604.000	122.683	20.836	0.000	-15.268
2606.000	122.739	20.842	0.000	-17.626
2608.000	122.732	21.064	0.000	-18.368
2610.000	122.685	20.939	0.000	-21.426
2612.000	122.764	21.060	0.000	-21.504
2614.000	122.698	20.811	0.000	-20.940
2616.000	122.715	21.015	0.000	-21.746
2618.000	122.763	21.304	0.000	-18.393
2620.000	122.663	21.093	0.000	-23.794
2622.000	122.780	21.366	0.000	-21.324
2624.000	122.689	20.942	0.000	-24.517
2626.000	122.723	21.151	0.000	-29.239
2628.000	122.756	21.134	0.000	-24.649
2630.000	122.675	20.878	0.000	-27.070
2632.000	122.766	21.086	0.000	-28.651
2634.000	122.707	20.827	0.000	-29.271
2636.000	122.709	21.373	0.000	-31.517
2638.000	122.766	21.510	0.000	-30.644
2640.000	122.669	21.659	0.000	-32.050
2642.000	122.770	21.903	0.000	-30.121
2644.000	122.704	21.401	0.000	-29.915
2646.000	122.716	21.662	0.000	-32.872
2648.000	122.764	22.152	0.000	-30.826
2650.000	122.681	22.093	0.000	-34.170
2652.000	122.757	22.547	0.000	-33.804
2654.000	122.719	21.992	0.000	-38.277
2656.000	122.703	21.803	0.000	-38.656
2658.000	122.772	21.893	0.000	-38.364
2660.000	122.671	21.526	0.000	-41.649
2662.000	122.773	22.415	0.000	-40.967
2664.000	122.709	21.807	0.000	-38.071
2666.000	122.715	22.007	0.000	-42.086
2668.000	122.760	21.737	0.000	-42.523
2670.000	122.688	21.616	0.000	-43.346
2672.000	122.753	22.053	0.000	-44.281
2674.000	122.726	21.886	0.000	-45.119
2676.000	122.707	21.818	0.000	-47.997
2678.000	122.773	22.070	0.000	-46.823
2680.000	122.674	22.097	0.000	-50.471
2682.000	122.772	22.661	0.000	-51.358
2684.000	122.717	22.148	0.000	-52.250
2686.000	122.705	22.034	0.000	-50.721
2688.000	122.787	22.245	0.000	-49.155
2690.000	122.668	22.085	0.000	-52.015
2692.000	122.783	22.557	0.000	-51.108
2694.000	122.700	22.233	0.000	-54.779
2696.000	122.737	22.378	0.000	-53.097
2698.000	122.746	22.244	0.000	-51.625
2700.000	122.704	22.151	0.000	-53.241
2702.000	122.753	22.032	0.000	-56.754
2704.000	122.727	21.611	0.000	-57.497
2706.000	122.713	22.141	0.000	-58.953
2708.000	122.775	22.223	0.000	-58.182
2710.000	122.678	21.823	0.000	-62.380
2712.000	122.783	22.076	0.000	-58.035
2714.000	122.701	21.673	0.000	-60.331
2716.000	122.738	22.299	0.000	-62.424
2718.000	122.754	22.203	0.000	-59.390
2720.000	122.695	21.489	0.000	-59.558
2722.000	122.776	22.010	0.000	-58.933
2724.000	122.709	21.563	0.000	-61.795
2726.000	122.732	22.037	0.000	-63.940
2728.000	122.765	21.881	0.000	-62.634
2730.000	122.684	21.816	0.000	-68.834
2732.000	122.788	22.078	0.000	-65.946
2734.000	122.689	21.477	0.000	-64.526
2736.000	122.768	21.889	0.000	-67.503
2738.000	122.727	21.722	0.000	-67.245
2740.000	122.723	21.532	0.000	-68.887
2742.000	122.762	21.170	0.000	-69.635
2744.000	122.706	21.106	0.000	-72.916
2746.000	122.753	21.335	0.000	-71.785
2748.000	122.738	20.920	0.000	-68.840
2750.000	122.716	21.091	0.000	-76.433
2752.000	122.774	20.931	0.000	-72.306
2754.000	122.696	20.481	0.000	-71.207
2756.000	122.767	21.025	0.000	-68.595
2758.000	122.729	21.119	0.000	-69.875
2760.000	122.719	20.813	0.000	-70.364
2762.000	122.779	20.901	0.000	-71.991
2764.000	122.688	20.467	0.000	-74.082
2766.000	122.789	21.099	0.000	-72.020
2768.000	122.698	19.895	0.000	-69.535
2770.000	122.763	20.657	0.000	-73.349
2772.000	122.740	20.326	0.000	-71.450
2774.000	122.718	20.343	0.000	-72.829
2776.000	122.777	20.568	0.000	-70.641
2778.000	122.705	20.285	0.000	-73.750
2780.000	122.759	20.496	0.000	-72.038
2782.000	122.747	20.207	0.000	-73.025
2784.000	122.711	20.220	0.000	-79.840
2786.000	122.782	20.064	0.000	-75.146
2788.000	122.692	20.381	0.000	-71.267
2790.000	122.783	20.487	0.000	-73.173
2792.000	122.717	19.660	0.000	-69.641
2794.000	122.746	19.734	0.000	-72.923
2796.000	122.755	19.817	0.000	-70.475
2798.000	122.726	20.192	0.000	-72.882
2800.000	122.758	19.780	0.000	-73.706
2802.000	122.734	18.927	0.000	-75.193
2804.000	122.735	19.901	0.000	-69.534
2806.000	122.769	20.308	0.000	-68.315
2808.000	122.701	20.048	0.000	-70.622
2810.000	122.794	20.021	0.000	-69.650
2812.000	122.697	19.327	0.000	-71.934
2814.000	122.774	19.456	0.000	-68.648
2816.000	122.736	19.069	0.000	-64.998
2818.000	122.726	19.842	0.000	-66.107
2820.000	122.782	19.828	0.000	-68.469
2822.000	122.697	19.552	0.000	-72.868
2824.000	122.793	19.743	0.000	-68.600
2826.000	122.703	19.161	0.000	-68.199
2828.000	122.775	19.825	0.000	-63.953
2830.000	122.735	19.582	0.000	-61.172
2832.000	122.738	20.175	0.000	-63.405
2834.000	122.767	20.242	0.000	-62.398
2836.000	122.725	20.021	0.000	-61.700
2838.000	122.763	20.403	0.000	-61.297
2840.000	122.747	20.011	0.000	-61.989
2842.000	122.728	20.561	0.000	-63.099
2844.000	122.778	20.683	0.000	-60.018
2846.000	122.707	20.862	0.000	-60.257
2848.000	122.788	21.747	0.000	-60.231
2850.000	122.719	21.443	0.000	-60.100
2852.000	122.757	21.749	0.000	-59.561
2854.000	122.759	21.735	0.000	-57.612
2856.000	122.725	21.867	0.000	-59.269
2858.000	122.783	21.870	0.000	-59.815
2860.000	122.707	22.631	0.000	-62.049
2862.000	122.786	22.923	0.000	-62.991
2864.000	122.723	22.703	0.000	-62.920
2866.000	122.767	23.448	0.000	-63.122
2868.000	122.747	23.149	0.000	-60.771
2870.000	122.738	23.046	0.000	-64.853
2872.000	122.771	23.225	0.000	-65.626
2874.000	122.729	23.635	0.000	-66.672
2876.000	122.764	24.306	0.000	-67.734
2878.000	122.748	24.108	0.000	-67.322
2880.000	122.739	24.164	0.000	-70.205
2882.000	122.776	24.265	0.000	-70.271
2884.000	122.727	24.478	0.000	-71.675
2886.000	122.767	25.048	0.000	-73.360
2888.000	122.749	24.688	0.000	-75.408
2890.000	122.740	24.792	0.000	-80.086
2892.000	122.784	24.868	0.000	-81.280
2894.000	122.711	25.390	0.000	-81.967
2896.000	122.801	25.332	0.000	-82.457
2898.000	122.703	25.023	0.000	-87.011
2900.000	122.799	25.290	0.000	-86.999
2902.000	122.721	25.190	0.000	-90.135
2904.000	122.764	25.117	0.000	-92.376
2906.000	122.765	25.075	0.000	-94.901
2908.000	122.723	25.211	0.000	-98.951
2910.000	122.803	25.460	0.000	-101.599
2912.000	122.698	25.116	0.000	-104.770
2914.000	122.805	25.410	0.000	-107.806
2916.000	122.718	24.846	0.000	-111.652
2918.000	122.774	25.023	0.000	-115.345
2920.000	122.755	24.739	0.000	-113.784
2922.000	122.737	24.164	0.000	-121.237
2924.000	122.783	24.177	0.000	-121.903
2926.000	122.725	23.712	0.000	-126.866
2928.000	122.785	23.530	0.000	-129.053
2930.000	122.729	22.962	0.000	-133.268
2932.000	122.771	23.008	0.000	-135.915
2934.000	122.753	22.093	0.000	-134.137
2936.000	122.750	21.570	0.000	-140.790
2938.000	122.774	20.753	0.000	-141.486
2940.000	122.733	19.841	0.000	-147.790
2942.000	122.775	19.773	0.000	-151.533
2944.000	122.745	18.875	0.000	-156.043
2946.000	122.759	17.754	0.000	-160.871
2948.000	122.765	17.361	0.000	-168.299
2950.000	122.740	16.221	0.000	-179.624
2952.000	122.780	15.521	0.000	173.232
2954.000	122.738	14.354	0.000	151.777
2956.000	122.769	13.800	0.000	132.591
2958.000	122.753	12.901	0.000	101.765
2960.000	122.749	14.151	0.000	72.418
2962.000	122.779	14.803	0.000	59.173
2964.000	122.732	16.684	0.000	36.539
2966.000	122.786	17.786	0.000	24.990
2968.000	122.731	18.747	0.000	11.599
2970.000	122.781	19.607	0.000	5.976
2972.000	122.748	20.446	0.000	-4.579
2974.000	122.761	20.652	0.000	-9.767
2976.000	122.765	20.933	0.000	-11.221
2978.000	122.744	20.572	0.000	-17.830
2980.000	122.783	20.528	0.000	-19.529
2982.000	122.732	21.434	0.000	-19.742
2984.000	122.784	22.394	0.000	-15.908
2986.000	122.738	22.136	0.000	-16.781
2988.000	122.766	23.375	0.000	-18.141
2990.000	122.767	23.989	0.000	-20.113
2992.000	122.745	24.947	0.000	-23.711
2994.000	122.781	25.063	0.000	-25.245
2996.000	122.735	25.990	0.000	-30.016
2998.000	122.779	26.119	0.000	-31.981
3000.000	122.747	26.867	0.000	-34.934
3002.000	122.768	27.171	0.000	-38.689
3004.000	122.761	27.272	0.000	-42.019
3006.000	122.754	27.713	0.000	-45.608
3008.000	122.771	27.527	0.000	-47.974
3010.000	122.745	27.849	0.000	-50.605
3012.000	122.780	27.822	0.000	-52.544
3014.000	122.742	27.782	0.000	-54.632
3016.000	122.772	27.783	0.000	-56.769
3018.000	122.757	27.630	0.000	-57.661
3020.000	122.756	27.978	0.000	-60.419
3022.000	122.783	27.527	0.000	-60.855
3024.000	122.735	27.791	0.000	-64.031
3026.000	122.794	27.711	0.000	-63.406
3028.000	122.724	27.550	0.000	-65.221
3030.000	122.800	27.606	0.000	-67.135
3032.000	122.735	27.310	0.000	-67.277
3034.000	122.776	27.310	0.000	-65.945
3036.000	122.755	26.723	0.000	-64.332
3038.000	122.758	26.669	0.000	-60.967
3040.000	122.772	26.739	0.000	-57.751
3042.000	122.750	27.516	0.000	-53.397
3044.000	122.774	28.137	0.000	-49.423
3046.000	122.748	28.615	0.000	-49.143
3048.000	122.777	29.648	0.000	-47.788
3050.000	122.749	30.340	0.000	-49.607
3052.000	122.776	31.366	0.000	-51.520
3054.000	122.752	31.669	0.000	-54.729
3056.000	122.767	32.615	0.000	-58.045
3058.000	122.760	32.885	0.000	-59.081
3060.000	122.769	33.551	0.000	-65.753
3062.000	122.763	33.503	0.000	-66.071
3064.000	122.759	33.988	0.000	-72.376
3066.000	122.770	34.250	0.000	-73.616
3068.000	122.745	34.411	0.000	-77.307
3070.000	122.784	34.782	0.000	-81.178
3072.000	122.741	34.930	0.000	-84.120
3074.000	122.787	35.418	0.000	-89.279
3076.000	122.741	35.222	0.000	-92.169
3078.000	122.776	35.614	0.000	-97.729
3080.000	122.763	35.309	0.000	-100.051
3082.000	122.748	35.548	0.000	-106.526
3084.000	122.796	35.440	0.000	-110.496
3086.000	122.720	35.018	0.000	-115.772
3088.000	122.805	35.113	0.000	-119.259
3090.000	122.727	34.270	0.000	-124.117
3092.000	122.783	34.075	0.000	-127.823
3094.000	122.765	33.014	0.000	-129.579
3096.000	122.742	32.630	0.000	-131.618
3098.000	122.794	31.631	0.000	-130.643
3100.000	122.723	30.811	0.000	-129.638
3102.000	122.797	30.427	0.000	-126.346
3104.000	122.746	30.162	0.000	-122.281
3106.000	122.764	30.166	0.000	-119.121
3108.000	122.781	30.242	0.000	-115.546
3110.000	122.730	30.360	0.000	-115.553
3112.000	122.800	30.594	0.000	-110.919
3114.000	122.737	31.152	0.000	-111.627
3116.000	122.782	31.346	0.000	-109.036
3118.000	122.756	31.711	0.000	-110.601
3120.000	122.762	31.858	0.000	-108.933
3122.000	122.760	32.300	0.000	-109.712
3124.000	122.770	32.751	0.000	-109.396
3126.000	122.746	32.979	0.000	-109.881
3128.000	122.797	33.621	0.000	-111.323
3130.000	122.725	33.601	0.000	-112.554
3132.000	122.795	34.440	0.000	-115.298
3134.000	122.741	34.639	0.000	-116.322
3136.000	122.761	34.823	0.000	-121.055
3138.000	122.795	35.168	0.000	-121.813
3140.000	122.711	35.003	0.000	-127.150
3142.000	122.828	35.552	0.000	-127.563
3144.000	122.697	34.962	0.000	-132.664
3146.000	122.811	35.346	0.000	-133.362
3148.000	122.738	34.875	0.000	-135.721
3150.000	122.766	35.025	0.000	-137.162
3152.000	122.784	34.839	0.000	-138.059
3154.000	122.730	34.988	0.000	-139.383
3156.000	122.789	34.990	0.000	-138.999
3158.000	122.748	35.368	0.000	-141.882
3160.000	122.763	35.240	0.000	-141.929
3162.000	122.780	35.598	0.000	-145.022
3164.000	122.747	35.687	0.000	-147.416
3166.000	122.774	35.720	0.000	-151.062
3168.000	122.761	35.828	0.000	-153.385
3170.000	122.747	35.499	0.000	-157.068
3172.000	122.794	35.660	0.000	-161.080
3174.000	122.733	34.933	0.000	-163.399
3176.000	122.784	34.954	0.000	-166.699
3178.000	122.757	34.149	0.000	-166.673
3180.000	122.740	33.959	0.000	-168.257
3182.000	122.801	33.440	0.000	-168.097
3184.000	122.720	32.979	0.000	-167.050
3186.000	122.801	32.785	0.000	-166.405
3188.000	122.739	32.402	0.000	-163.275
3190.000	122.763	32.579	0.000	-162.898
3192.000	122.771	32.349	0.000	-159.886
3194.000	122.748	32.773	0.000	-158.791
3196.000	122.775	32.902	0.000	-156.904
3198.000	122.762	33.240	0.000	-156.947
3200.000	122.754	33.384	0.000	-156.971
3202.000	122.769	33.646	0.000	-159.130
3204.000	122.757	33.738	0.000	-158.472
3206.000	122.741	33.917	0.000	-160.892
3208.000	122.807	34.238	0.000	-159.713
3210.000	122.704	34.183	0.000	-162.721
3212.000	122.823	34.517	0.000	-162.137
3214.000	122.712	34.329	0.000	-164.114
3216.000	122.781	34.882	0.000	-164.725
3218.000	122.766	34.722	0.000	-165.873
3220.000	122.733	35.201	0.000	-167.538
3222.000	122.802	35.157	0.000	-166.345
3224.000	122.733	35.416	0.000	-169.851
3226.000	122.773	35.326	0.000	-168.958
3228.000	122.761	35.448	0.000	-172.563
3230.000	122.747	35.409	0.000	-171.417
3232.000	122.763	35.677	0.000	-175.231
3234.000	122.779	35.824	0.000	-173.671
3236.000	122.727	36.095	0.000	-175.779
3238.000	122.804	36.213	0.000	-175.809
3240.000	122.720	36.348	0.000	-177.514
3242.000	122.771	36.651	0.000	-179.400
3244.000	122.774	36.946	0.000	178.544
3246.000	122.726	37.267	0.000	175.955
3248.000	122.807	37.353	0.000	173.472
3250.000	122.725	37.396	0.000	169.875
3252.000	122.774	37.386	0.000	168.490
3254.000	122.762	37.535	0.000	163.740
3256.000	122.742	37.389	0.000	162.608
3258.000	122.762	37.626	0.000	157.989
3260.000	122.779	37.398	0.000	156.716
3262.000	122.719	37.221	0.000	153.905
3264.000	122.815	37.236	0.000	150.708
3266.000	122.704	36.613	0.000	149.987
3268.000	122.788	36.978	0.000	146.382
3270.000	122.746	36.214	0.000	146.118
3272.000	122.745	36.504	0.000	143.487
3274.000	122.779	35.840	0.000	142.600
3276.000	122.747	35.588	0.000	141.821
3278.000	122.757	35.498	0.000	142.296
3280.000	122.763	35.410	0.000	140.488
3282.000	122.748	35.174	0.000	144.012
3284.000	122.743	35.388	0.000	141.333
3286.000	122.783	35.238	0.000	144.088
3288.000	122.726	35.593	0.000	142.831
3290.000	122.781	35.465	0.000	144.281
3292.000	122.754	35.816	0.000	143.859
3294.000	122.741	36.096	0.000	141.893
3296.000	122.773	36.207	0.000	139.771
3298.000	122.745	36.765	0.000	139.156
3300.000	122.736	36.548	0.000	135.307
3302.000	122.799	37.059	0.000	134.037
3304.000	122.709	36.816	0.000	130.390
3306.000	122.789	37.162	0.000	127.552
3308.000	122.751	36.863	0.000	125.315
3310.000	122.721	36.926	0.000	122.518
3312.000	122.794	36.800	0.000	120.435
3314.000	122.717	36.677	0.000	117.916
3316.000	122.768	36.694	0.000	115.575
3318.000	122.757	36.298	0.000	113.955
3320.000	122.757	36.678	0.000	113.329
3322.000	122.734	36.171	0.000	111.164
3324.000	122.796	36.443	0.000	111.250
3326.000	122.686	36.135	0.000	107.892
3328.000	122.806	36.404	0.000	107.835
3330.000	122.718	36.246	0.000	104.978
3332.000	122.758	36.526	0.000	103.280
3334.000	122.768	36.480	0.000	100.570
3336.000	122.749	36.703	0.000	98.112
3338.000	122.730	36.449	0.000	94.467
3340.000	122.786	36.648	0.000	91.517
3342.000	122.708	36.307	0.000	88.437
3344.000	122.766	36.506	0.000	83.563
3346.000	122.764	36.134	0.000	81.660
3348.000	122.720	36.231	0.000	75.705
3350.000	122.790	35.532	0.000	73.542
3352.000	122.728	35.406	0.000	68.834
3354.000	122.751	34.855	0.000	66.604
3356.000	122.744	34.338	0.000	61.677
3358.000	122.757	33.779	0.000	60.700
3360.000	122.716	33.215	0.000	56.830
3362.000	122.787	32.625	0.000	56.505
3364.000	122.729	32.106	0.000	56.072
3366.000	122.748	31.501	0.000	53.297
3368.000	122.769	30.834	0.000	55.415
3370.000	122.733	30.711	0.000	52.721
3372.000	122.729	29.664	0.000	53.786
3374.000	122.791	29.793	0.000	53.328
3376.000	122.685	29.113	0.000	51.824
3378.000	122.788	28.851	0.000	53.869
3380.000	122.751	28.583	0.000	52.923
3382.000	122.716	28.022	0.000	53.024
3384.000	122.782	27.702	0.000	53.040
3386.000	122.740	27.283	0.000	52.680
3388.000	122.709	26.612	0.000	54.222
3390.000	122.785	26.584	0.000	52.367
3392.000	122.721	25.824	0.000	54.268
3394.000	122.722	25.563	0.000	54.266
3396.000	122.802	25.267	0.000	57.758
3398.000	122.696	24.976	0.000	55.514
3400.000	122.769	24.632	0.000	59.450
3402.000	122.757	24.132	0.000	58.430
3404.000	122.716	23.346	0.000	60.546
3406.000	122.734	23.336	0.000	61.576
3408.000	122.776	22.753	0.000	66.058
3410.000	122.686	22.528	0.000	68.017
3412.000	122.779	22.403	0.000	68.146
3414.000	122.751	21.998	0.000	70.492
3416.000	122.716	22.063	0.000	73.895
3418.000	122.762	22.397	0.000	77.712
3420.000	122.762	22.431	0.000	78.248
3422.000	122.682	22.207	0.000	81.265
3424.000	122.788	22.357	0.000	81.131
3426.000	122.713	21.564	0.000	81.401
3428.000	122.725	21.180	0.000	83.754
3430.000	122.767	21.108	0.000	85.926
3432.000	122.737	20.889	0.000	91.270
3434.000	122.719	20.258	0.000	99.550
3436.000	122.772	20.512	0.000	102.533
3438.000	122.729	20.765	0.000	110.122
3440.000	122.706	21.360	0.000	112.315
3442.000	122.765	21.776	0.000	119.313
3444.000	122.727	23.376	0.000	117.619
3446.000	122.700	23.618	0.000	119.845
3448.000	122.795	24.904	0.000	121.006
3450.000	122.718	24.978	0.000	118.737
3452.000	122.709	25.612	0.000	116.033
3454.000	122.802	25.997	0.000	115.750
3456.000	122.686	26.056	0.000	113.026
3458.000	122.734	26.477	0.000	114.529
3460.000	122.755	26.688	0.000	111.786
3462.000	122.718	26.832	0.000	112.264
3464.000	122.696	26.942	0.000	108.457
3466.000	122.810	26.931	0.000	107.714
3468.000	122.664	26.776	0.000	107.565
3470.000	122.769	27.150	0.000	107.505
3472.000	122.753	26.908	0.000	109.279
3474.000	122.712	27.255	0.000	110.378
3476.000	122.722	27.661	0.000	113.249
3478.000	122.766	27.723	0.000	113.454
3480.000	122.682	28.051	0.000	115.224
3482.000	122.735	28.753	0.000	113.280
3484.000	122.739	28.899	0.000	113.844
3486.000	122.732	29.890	0.000	114.826
3488.000	122.694	30.070	0.000	109.468
3490.000	122.796	30.731	0.000	110.589
3492.000	122.695	31.109	0.000	105.780
3494.000	122.728	31.272	0.000	104.098
3496.000	122.757	31.401	0.000	99.886
3498.000	122.709	31.557	0.000	99.557
3500.000	122.698	31.645	0.000	96.243
3502.000	122.757	31.943	0.000	94.734
3504.000	122.706	31.870	0.000	92.830
3506.000	122.707	32.385	0.000	90.179
3508.000	122.752	32.138	0.000	88.806
3510.000	122.743	32.635	0.000	87.852
3512.000	122.687	32.493	0.000	83.519
3514.000	122.770	32.552	0.000	82.550
3516.000	122.731	32.894	0.000	81.155
3518.000	122.672	32.724	0.000	76.485
3520.000	122.763	33.045	0.000	79.039
3522.000	122.723	33.266	0.000	73.601
3524.000	122.671	32.869	0.000	73.583
3526.000	122.749	33.190	0.000	70.397
3528.000	122.744	33.195	0.000	68.331
3530.000	122.669	33.072	0.000	65.314
3532.000	122.758	33.118	0.000	65.274
3534.000	122.760	33.461	0.000	61.599
3536.000	122.663	33.074	0.000	59.155
3538.000	122.760	33.544	0.000	58.247
3540.000	122.744	33.438	0.000	53.787
3542.000	122.662	33.240	0.000	53.627
3544.000	122.735	33.570	0.000	51.404
3546.000	122.728	33.625	0.000	47.807
3548.000	122.695	33.293	0.000	45.457
3550.000	122.697	33.578	0.000	42.170
3552.000	122.757	33.190	0.000	38.855
3554.000	122.711	33.236	0.000	36.802
3556.000	122.691	32.751	0.000	33.419
3558.000	122.763	32.498	0.000	31.876
3560.000	122.735	32.492	0.000	30.457
3562.000	122.653	31.903	0.000	26.556
3564.000	122.770	31.891	0.000	28.939
3566.000	122.711	31.581	0.000	23.493
3568.000	122.666	31.047	0.000	26.064
3570.000	122.722	31.116	0.000	21.106
3572.000	122.749	30.381	0.000	22.320
3574.000	122.651	30.015	0.000	22.355
3576.000	122.722	29.529	0.000	23.752
3578.000	122.767	29.463	0.000	21.537
3580.000	122.679	29.154	0.000	22.710
3582.000	122.695	28.987	0.000	23.441
3584.000	122.797	29.102	0.000	25.998
3586.000	122.666	28.805	0.000	26.756
3588.000	122.695	28.839	0.000	28.295
3590.000	122.743	29.135	0.000	29.736
3592.000	122.714	29.333	0.000	29.591
3594.000	122.637	29.523	0.000	32.396
3596.000	122.749	29.877	0.000	30.611
3598.000	122.719	29.836	0.000	31.337
3600.000	122.648	30.090	0.000	31.152
3602.000	122.727	30.273	0.000	29.256
3604.000	122.760	30.500	0.000	28.869
3606.000	122.653	30.473	0.000	27.692
3608.000	122.726	30.847	0.000	29.346
3610.000	122.757	31.234	0.000	25.881
3612.000	122.678	30.752	0.000	27.281
3614.000	122.702	31.850	0.000	25.013
3616.000	122.717	31.543	0.000	22.154
3618.000	122.722	31.998	0.000	21.455
3620.000	122.657	32.117	0.000	16.950
3622.000	122.689	32.220	0.000	13.064
3624.000	122.749	32.320	0.000	13.393
3626.000	122.643	32.627	0.000	8.236
3628.000	122.688	32.240	0.000	6.810
3630.000	122.747	32.520	0.000	4.458
3632.000	122.699	32.378	0.000	0.466
3634.000	122.652	32.081	0.000	-3.779
3636.000	122.766	32.239	0.000	-3.800
3638.000	122.721	31.785	0.000	-8.587
3640.000	122.660	31.714	0.000	-9.105
3642.000	122.715	31.599	0.000	-13.898
3644.000	122.758	31.275	0.000	-12.060
3646.000	122.643	30.819	0.000	-15.895
3648.000	122.677	30.343	0.000	-14.444
3650.000	122.746	30.474	0.000	-16.892
3652.000	122.663	29.950	0.000	-17.466
3654.000	122.654	29.992	0.000	-15.992
3656.000	122.709	30.171	0.000	-17.115
3658.000	122.715	30.082	0.000	-16.380
3660.000	122.658	30.100	0.000	-19.302
3662.000	122.672	29.988	0.000	-20.622
3664.000	122.765	30.000	0.000	-23.145
3666.000	122.683	29.621	0.000	-25.223
3668.000	122.649	29.246	0.000	-25.734
3670.000	122.767	29.244	0.000	-25.598
3672.000	122.707	28.945	0.000	-28.335
3674.000	122.663	28.399	0.000	-27.264
3676.000	122.688	28.531	0.000	-26.525
3678.000	122.755	28.447	0.000	-26.599
3680.000	122.649	27.911	0.000	-24.057
3682.000	122.659	28.306	0.000	-24.205
3684.000	122.695	27.972	0.000	-24.577
3686.000	122.737	28.639	0.000	-19.936
3688.000	122.580	28.351	0.000	-23.900
3690.000	122.703	28.715	0.000	-21.144
3692.000	122.736	29.004	0.000	-23.248
3694.000	122.643	28.809	0.000	-23.372
3696.000	122.632	28.837	0.000	-24.237
3698.000	122.767	29.431	0.000	-25.285
3700.000	122.688	29.283	0.000	-28.695
3702.000	122.648	29.571	0.000	-27.522
3704.000	122.699	29.720	0.000	-30.096
3706.000	122.784	29.958	0.000	-32.704
3708.000	122.623	29.618	0.000	-31.540
3710.000	122.693	30.232	0.000	-32.038
3712.000	122.731	30.087	0.000	-36.663
3714.000	122.703	30.211	0.000	-37.347
3716.000	122.633	30.214	0.000	-38.251
3718.000	122.695	30.599	0.000	-42.208
3720.000	122.696	30.128	0.000	-46.477
3722.000	122.676	30.210	0.000	-44.277
3724.000	122.620	30.688	0.000	-49.510
3726.000	122.674	30.372	0.000	-51.775
3728.000	122.727	30.807	0.000	-50.163
3730.000	122.610	30.712	0.000	-55.210
3732.000	122.632	30.297	0.000	-57.500
3734.000	122.740	30.625	0.000	-60.946
3736.000	122.668	30.253	0.000	-62.028
3738.000	122.622	30.047	0.000	-65.895
3740.000	122.693	30.088	0.000	-69.438
3742.000	122.729	29.677	0.000	-70.961
3744.000	122.681	29.441	0.000	-70.554
3746.000	122.616	29.299	0.000	-73.303
3748.000	122.760	29.057	0.000	-73.553
3750.000	122.715	28.713	0.000	-75.154
3752.000	122.650	28.849	0.000	-76.670
3754.000	122.652	28.130	0.000	-78.264
3756.000	122.773	28.755	0.000	-77.180
3758.000	122.665	28.406	0.000	-81.931
3760.000	122.639	28.424	0.000	-78.686
3762.000	122.671	28.725	0.000	-83.762
3764.000	122.737	28.431	0.000	-83.921
3766.000	122.632	28.388	0.000	-86.185
3768.000	122.614	28.360	0.000	-88.435
3770.000	122.679	28.255	0.000	-92.123
3772.000	122.718	28.080	0.000	-93.229
3774.000	122.576	27.431	0.000	-95.004
3776.000	122.644	27.639	0.000	-96.239
3778.000	122.664	27.131	0.000	-101.393
3780.000	122.697	26.682	0.000	-98.455
3782.000	122.594	26.555	0.000	-101.402
3784.000	122.610	26.194	0.000	-101.448
3786.000	122.732	25.503	0.000	-102.262
3788.000	122.682	25.411	0.000	-99.671
3790.000	122.561	25.467	0.000	-101.399
3792.000	122.685	24.857	0.000	-97.282
3794.000	122.761	25.227	0.000	-97.779
3796.000	122.631	25.059	0.000	-101.473
3798.000	122.607	25.042	0.000	-97.502
3800.000	122.740	25.483	0.000	-97.954
3802.000	122.730	25.033	0.000	-100.026
3804.000	122.639	25.527	0.000	-96.925
3806.000	122.640	25.573	0.000	-101.073
3808.000	122.736	25.293	0.000	-100.908
3810.000	122.742	25.171	0.000	-101.177
3812.000	122.606	25.293	0.000	-102.864
3814.000	122.666	25.492	0.000	-103.222
3816.000	122.737	25.663	0.000	-105.642
3818.000	122.693	25.414	0.000	-105.807
3820.000	122.633	25.565	0.000	-106.823
3822.000	122.624	25.522	0.000	-109.341
3824.000	122.732	25.824	0.000	-109.830
3826.000	122.683	25.580	0.000	-109.954
3828.000	122.590	26.272	0.000	-111.101
3830.000	122.615	25.773	0.000	-114.749
3832.000	122.724	26.218	0.000	-112.638
3834.000	122.643	26.475	0.000	-117.262
3836.000	122.572	26.473	0.000	-118.638
3838.000	122.599	26.371	0.000	-121.258
3840.000	122.708	26.666	0.000	-121.599
3842.000	122.626	26.730	0.000	-124.612
3844.000	122.563	27.207	0.000	-130.415
3846.000	122.558	26.327	0.000	-135.410
3848.000	122.747	27.224	0.000	-134.075
3850.000	122.602	27.226	0.000	-143.419
3852.000	122.516	26.583	0.000	-145.242
3854.000	122.625	26.486	0.000	-150.654
3856.000	122.703	26.518	0.000	-154.698
3858.000	122.591	26.018	0.000	-161.192
3860.000	122.555	25.630	0.000	-162.999
3862.000	122.606	25.441	0.000	-167.256
3864.000	122.707	24.882	0.000	-172.923
3866.000	122.622	23.907	0.000	-176.860
3868.000	122.556	23.379	0.000	-177.446
3870.000	122.616	22.195	0.000	179.403
3872.000	122.713	21.269	0.000	-177.473
3874.000	122.662	21.158	0.000	178.408
3876.000	122.557	19.545	0.000	178.975
3878.000	122.630	19.307	0.000	-178.990
3880.000	122.721	18.957	0.000	-175.066
3882.000	122.707	18.539	0.000	-174.497
3884.000	122.568	18.315	0.000	-173.856
3886.000	122.612	18.508	0.000	-166.885
3888.000	122.793	18.407	0.000	-161.115
3890.000	122.701	18.053	0.000	-160.686
3892.000	122.574	17.070	0.000	-160.405
3894.000	122.672	18.539	0.000	-161.420
3896.000	122.760	19.202	0.000	-166.594
3898.000	122.721	18.718	0.000	-165.820
3900.000	122.645	18.825	0.000	-163.411
3902.000	122.635	18.716	0.000	-165.638
3904.000	122.770	18.504	0.000	-167.075
3906.000	122.763	18.745	0.000	-167.099
3908.000	122.668	19.440	0.000	-172.895
3910.000	122.633	19.181	0.000	-170.326
3912.000	122.774	19.965	0.000	-170.233
3914.000	122.782	20.205	0.000	-174.028
3916.000	122.687	19.667	0.000	-178.968
3918.000	122.681	20.475	0.000	178.169
3920.000	122.716	19.901	0.000	173.673
3922.000	122.800	19.229	0.000	172.547
3924.000	122.764	18.895	0.000	170.928
3926.000	122.657	19.199	0.000	166.951
3928.000	122.692	18.328	0.000	159.605
3930.000	122.839	18.332	0.000	156.293
3932.000	122.769	17.716	0.000	152.457
3934.000	122.707	16.809	0.000	155.566
3936.000	122.651	15.860	0.000	155.188
3938.000	122.827	16.283	0.000	154.343
3940.000	122.831	16.091	0.000	150.573
3942.000	122.714	14.924	0.000	156.964
3944.000	122.652	14.049	0.000	158.990
3946.000	122.808	13.866	0.000	165.886
3948.000	122.850	14.133	0.000	157.103
3950.000	122.743	13.573	0.000	168.370
3952.000	122.689	12.593	0.000	165.991
3954.000	122.773	13.641	0.000	173.913
3956.000	122.819	14.202	0.000	172.023
3958.000	122.820	13.440	0.000	165.622
3960.000	122.755	13.403	0.000	167.971
3962.000	122.674	14.299	0.000	163.302
3964.000	122.844	13.672	0.000	158.755
3966.000	122.877	13.426	0.000	159.452
3968.000	122.767	13.897	0.000	170.469
3970.000	122.705	13.569	0.000	171.865
3972.000	122.794	13.845	0.000	162.608
3974.000	122.883	13.771	0.000	164.651
3976.000	122.859	13.617	0.000	163.500
3978.000	122.727	13.534	0.000	160.373
3980.000	122.751	13.706	0.000	157.602
3982.000	122.875	13.539	0.000	162.232
3984.000	122.915	13.094	0.000	160.081
3986.000	122.795	12.573	0.000	153.324
3988.000	122.739	11.704	0.000	166.923
3990.000	122.844	11.940	0.000	169.589
3992.000	122.916	11.696	0.000	169.193
3994.000	122.886	12.274	0.000	175.960
3996.000	122.801	12.674	0.000	170.377
3998.000	122.757	12.102	0.000	159.830
4000.000	122.925	12.012	0.000	160.647
