1000.000	122.564	12.543	0.000	-56.736
2.000	122.523	13.076	0.000	-116.089
4.000	122.493	12.406	0.000	-41.665
6.000	122.493	13.620	0.000	-38.312
8.000	122.515	14.102	0.000	-60.239
10.000	122.546	13.737	0.000	-54.334
12.000	122.573	13.607	0.000	-76.590
14.000	122.580	13.633	0.000	-63.064
16.000	122.567	13.719	0.000	-96.503
18.000	122.549	13.847	0.000	-102.773
20.000	122.535	13.920	0.000	-121.358
22.000	122.537	14.432	0.000	-170.097
24.000	122.556	13.501	0.000	-5.361
26.000	122.577	13.444	0.000	18.996
28.000	122.586	13.914	0.000	-34.280
30.000	122.577	13.636	0.000	-31.537
32.000	122.549	13.255	0.000	-40.450
34.000	122.522	13.174	0.000	-14.992
36.000	122.516	14.572	0.000	-59.545
38.000	122.539	13.555	0.000	-77.139
40.000	122.587	12.917	0.000	-18.868
42.000	122.634	12.846	0.000	-27.074
44.000	122.652	13.375	0.000	-61.517
46.000	122.627	13.245	0.000	-78.935
48.000	122.565	13.910	0.000	-94.961
50.000	122.495	13.508	0.000	-78.918
52.000	122.462	12.765	0.000	-91.233
54.000	122.490	12.910	0.000	-101.296
56.000	122.572	12.751	0.000	-95.284
58.000	122.672	13.333	0.000	-69.351
60.000	122.731	13.583	0.000	-65.647
62.000	122.716	13.284	0.000	-101.169
64.000	122.627	13.634	0.000	-89.568
66.000	122.501	13.956	0.000	-68.781
68.000	122.410	13.625	0.000	-39.972
70.000	122.416	12.947	0.000	-69.682
72.000	122.522	13.304	0.000	-127.551
74.000	122.679	13.543	0.000	-110.179
76.000	122.799	12.697	0.000	-83.719
78.000	122.814	13.528	0.000	-80.566
80.000	122.711	14.274	0.000	-84.767
82.000	122.532	13.127	0.000	-96.343
84.000	122.373	12.361	0.000	-110.240
86.000	122.340	12.322	0.000	-165.931
88.000	122.463	12.016	0.000	-115.838
90.000	122.674	12.639	0.000	-142.128
92.000	122.855	14.687	0.000	-134.883
94.000	122.903	13.642	0.000	-103.292
96.000	122.789	12.728	0.000	-62.749
98.000	122.562	12.497	0.000	-29.816
100.000	122.343	13.716	0.000	-40.280
102.000	122.280	15.212	0.000	-72.516
104.000	122.423	14.963	0.000	-102.248
106.000	122.685	14.354	0.000	-101.178
108.000	122.911	13.956	0.000	-88.706
110.000	122.973	14.474	0.000	-94.867
112.000	122.835	13.382	0.000	-96.164
114.000	122.564	12.435	0.000	-111.921
116.000	122.309	12.493	0.000	-131.878
118.000	122.248	12.561	0.000	-113.724
120.000	122.429	12.642	0.000	-120.794
122.000	122.730	13.849	0.000	-127.829
124.000	122.966	14.630	0.000	-119.841
126.000	123.005	13.915	0.000	-127.554
128.000	122.826	13.715	0.000	-124.468
130.000	122.524	13.437	0.000	-114.891
132.000	122.280	14.403	0.000	-152.471
134.000	122.269	13.663	0.000	-173.598
136.000	122.499	12.486	0.000	-174.657
138.000	122.805	13.160	0.000	-163.237
140.000	122.999	13.166	0.000	-166.949
142.000	122.976	13.206	0.000	-160.166
144.000	122.754	13.105	0.000	-127.821
146.000	122.464	13.464	0.000	-136.355
148.000	122.294	12.443	0.000	-128.284
150.000	122.365	13.497	0.000	-89.162
152.000	122.615	13.317	0.000	-112.192
154.000	122.865	13.303	0.000	-100.510
156.000	122.968	14.652	0.000	-98.708
158.000	122.877	14.615	0.000	-100.682
160.000	122.657	14.600	0.000	-93.929
162.000	122.451	14.476	0.000	-96.383
164.000	122.392	14.582	0.000	-108.783
166.000	122.509	15.682	0.000	-131.362
168.000	122.703	15.371	0.000	-145.844
170.000	122.844	15.182	0.000	-139.354
172.000	122.863	15.090	0.000	-144.070
174.000	122.769	15.470	0.000	-144.093
176.000	122.633	15.382	0.000	-143.467
178.000	122.541	16.182	0.000	-147.854
180.000	122.533	15.809	0.000	-159.111
182.000	122.594	15.199	0.000	-157.663
184.000	122.678	14.723	0.000	-155.273
186.000	122.745	15.916	0.000	-152.640
188.000	122.779	15.999	0.000	-153.875
190.000	122.775	15.862	0.000	-162.001
192.000	122.730	16.086	0.000	-168.329
194.000	122.651	15.591	0.000	-160.155
196.000	122.566	14.184	0.000	-167.527
198.000	122.530	13.938	0.000	-178.135
200.000	122.588	14.022	0.000	178.024
202.000	122.726	15.973	0.000	172.909
204.000	122.863	16.920	0.000	176.848
206.000	122.900	16.249	0.000	178.160
208.000	122.794	15.257	0.000	-179.741
210.000	122.591	15.413	0.000	-178.047
212.000	122.429	14.621	0.000	-170.202
214.000	122.454	15.230	0.000	168.072
216.000	122.665	15.591	0.000	178.078
218.000	122.911	15.414	0.000	166.095
220.000	123.015	16.317	0.000	163.894
222.000	122.896	16.849	0.000	-179.431
224.000	122.622	15.131	0.000	-179.256
226.000	122.387	14.953	0.000	169.493
228.000	122.392	15.683	0.000	159.609
230.000	122.641	16.438	0.000	157.748
232.000	122.928	17.073	0.000	164.010
234.000	123.047	17.159	0.000	164.723
236.000	122.922	17.134	0.000	167.213
238.000	122.640	16.816	0.000	167.958
240.000	122.415	16.516	0.000	160.933
242.000	122.427	16.718	0.000	150.494
244.000	122.654	17.926	0.000	142.056
246.000	122.897	17.963	0.000	139.744
248.000	122.986	18.228	0.000	135.854
250.000	122.882	18.623	0.000	139.215
252.000	122.677	18.109	0.000	140.062
254.000	122.527	17.914	0.000	138.900
256.000	122.531	17.555	0.000	128.457
258.000	122.656	17.834	0.000	108.346
260.000	122.795	18.307	0.000	106.857
262.000	122.863	18.220	0.000	107.854
264.000	122.850	18.355	0.000	114.641
266.000	122.781	18.384	0.000	111.137
268.000	122.692	17.153	0.000	107.309
270.000	122.616	16.363	0.000	104.182
272.000	122.588	16.615	0.000	94.632
274.000	122.645	16.027	0.000	85.003
276.000	122.778	16.594	0.000	86.853
278.000	122.908	17.429	0.000	90.281
280.000	122.933	17.624	0.000	92.328
282.000	122.805	16.762	0.000	88.185
284.000	122.593	16.031	0.000	78.188
286.000	122.467	15.667	0.000	71.640
288.000	122.565	16.372	0.000	70.993
290.000	122.823	15.495	0.000	76.479
292.000	123.027	15.865	0.000	74.336
294.000	123.011	15.470	0.000	73.115
296.000	122.773	15.346	0.000	81.893
298.000	122.496	14.994	0.000	85.698
300.000	122.431	15.160	0.000	77.706
302.000	122.643	15.315	0.000	74.736
304.000	122.930	15.990	0.000	69.297
306.000	123.053	16.057	0.000	69.549
308.000	122.934	15.529	0.000	82.242
310.000	122.678	15.949	0.000	93.668
312.000	122.504	15.840	0.000	83.394
314.000	122.552	16.344	0.000	71.181
316.000	122.747	16.198	0.000	68.443
318.000	122.913	16.525	0.000	64.937
320.000	122.942	16.640	0.000	66.348
322.000	122.850	15.659	0.000	70.091
324.000	122.723	14.424	0.000	72.200
326.000	122.638	14.979	0.000	59.539
328.000	122.628	15.848	0.000	43.364
330.000	122.690	15.936	0.000	40.677
332.000	122.804	17.421	0.000	45.434
334.000	122.916	18.083	0.000	46.602
336.000	122.943	17.514	0.000	51.257
338.000	122.834	16.166	0.000	55.821
340.000	122.638	14.841	0.000	55.202
342.000	122.521	15.076	0.000	31.454
344.000	122.624	16.123	0.000	25.223
346.000	122.878	15.957	0.000	27.031
348.000	123.058	15.902	0.000	32.345
350.000	122.998	17.181	0.000	38.035
352.000	122.733	16.885	0.000	31.831
354.000	122.493	15.786	0.000	31.050
356.000	122.522	14.835	0.000	24.698
358.000	122.789	15.245	0.000	11.551
360.000	123.027	16.370	0.000	6.902
362.000	123.039	17.393	0.000	9.944
364.000	122.835	16.765	0.000	12.798
366.000	122.609	16.179	0.000	11.058
368.000	122.561	16.303	0.000	15.230
370.000	122.701	14.766	0.000	16.546
372.000	122.875	15.376	0.000	2.177
374.000	122.952	16.634	0.000	-8.182
376.000	122.914	16.024	0.000	-5.648
378.000	122.811	15.587	0.000	-13.936
380.000	122.701	15.840	0.000	-14.363
382.000	122.637	14.936	0.000	-23.272
384.000	122.673	14.718	0.000	-34.743
386.000	122.819	16.234	0.000	-27.930
388.000	122.979	15.777	0.000	-24.932
390.000	123.007	15.718	0.000	-20.979
392.000	122.840	15.368	0.000	-25.882
394.000	122.599	14.703	0.000	-43.364
396.000	122.530	15.050	0.000	-45.762
398.000	122.734	15.088	0.000	-49.162
400.000	123.012	15.844	0.000	-41.299
402.000	123.092	16.117	0.000	-41.437
404.000	122.902	14.983	0.000	-42.403
406.000	122.619	14.898	0.000	-52.397
408.000	122.532	14.858	0.000	-64.889
410.000	122.716	14.748	0.000	-68.987
412.000	122.954	15.275	0.000	-79.486
414.000	123.030	15.201	0.000	-75.682
416.000	122.917	14.573	0.000	-73.034
418.000	122.747	14.517	0.000	-83.457
420.000	122.657	13.871	0.000	-99.112
422.000	122.686	13.190	0.000	-111.265
424.000	122.790	13.955	0.000	-99.204
426.000	122.912	13.968	0.000	-97.429
428.000	122.986	13.262	0.000	-88.222
430.000	122.939	13.106	0.000	-99.480
432.000	122.763	13.125	0.000	-101.947
434.000	122.595	13.511	0.000	-98.379
436.000	122.634	13.426	0.000	-130.184
438.000	122.881	12.274	0.000	-120.465
440.000	123.089	12.399	0.000	-89.811
442.000	123.040	11.915	0.000	-91.761
444.000	122.765	12.318	0.000	-100.579
446.000	122.545	12.305	0.000	-137.961
448.000	122.630	12.164	0.000	-173.980
450.000	122.908	11.552	0.000	144.201
452.000	123.073	10.828	0.000	-52.536
454.000	122.993	12.280	0.000	9.321
456.000	122.784	10.964	0.000	1.594
458.000	122.656	10.003	0.000	-7.226
460.000	122.695	11.436	0.000	-55.116
462.000	122.820	12.469	0.000	-57.508
464.000	122.934	12.494	0.000	-76.515
466.000	122.986	12.579	0.000	-56.664
468.000	122.940	12.559	0.000	-62.631
470.000	122.786	12.119	0.000	-70.055
472.000	122.633	12.058	0.000	-49.631
474.000	122.667	12.198	0.000	-76.532
476.000	122.906	13.111	0.000	-70.029
478.000	123.106	13.538	0.000	-63.829
480.000	123.037	12.989	0.000	-58.434
482.000	122.746	12.742	0.000	-79.995
484.000	122.551	12.331	0.000	-99.323
486.000	122.693	12.805	0.000	-97.252
488.000	122.986	13.409	0.000	-101.966
490.000	123.099	13.920	0.000	-99.227
492.000	122.953	13.401	0.000	-88.567
494.000	122.736	13.625	0.000	-106.009
496.000	122.670	13.355	0.000	-139.908
498.000	122.764	12.770	0.000	-123.385
500.000	122.890	11.957	0.000	-87.433
502.000	122.974	12.342	0.000	-93.738
504.000	122.991	11.654	0.000	-100.277
506.000	122.901	11.206	0.000	-110.914
508.000	122.722	12.460	0.000	-82.615
510.000	122.631	13.046	0.000	-111.171
512.000	122.794	11.794	0.000	-99.682
514.000	123.065	10.844	0.000	-85.653
516.000	123.126	12.095	0.000	-94.005
518.000	122.879	11.918	0.000	-89.042
520.000	122.592	11.898	0.000	-78.704
522.000	122.634	12.511	0.000	-116.973
524.000	122.934	12.399	0.000	-121.418
526.000	123.113	12.342	0.000	-126.060
528.000	123.007	12.380	0.000	-138.042
530.000	122.786	12.308	0.000	-116.946
532.000	122.700	12.285	0.000	-103.794
534.000	122.771	10.677	0.000	-107.893
536.000	122.876	11.790	0.000	-129.393
538.000	122.962	13.036	0.000	-118.041
540.000	123.015	12.837	0.000	-111.076
542.000	122.950	13.849	0.000	-117.528
544.000	122.749	13.185	0.000	-110.881
546.000	122.625	11.833	0.000	-116.256
548.000	122.805	11.955	0.000	-132.855
550.000	123.104	11.751	0.000	-124.457
552.000	123.145	12.236	0.000	-132.671
554.000	122.851	12.322	0.000	-131.206
556.000	122.581	11.959	0.000	-111.735
558.000	122.698	12.232	0.000	-138.555
560.000	123.008	12.297	0.000	-135.463
562.000	123.111	11.430	0.000	-136.895
564.000	122.953	10.816	0.000	-150.931
566.000	122.778	12.748	0.000	-128.995
568.000	122.755	12.301	0.000	-146.559
570.000	122.810	12.045	0.000	-158.486
572.000	122.881	11.721	0.000	-122.610
574.000	122.994	10.686	0.000	-133.543
576.000	123.059	12.655	0.000	-151.533
578.000	122.917	11.996	0.000	-138.585
580.000	122.661	12.194	0.000	-114.019
582.000	122.659	11.357	0.000	-145.067
584.000	122.983	11.864	0.000	-165.790
586.000	123.203	12.908	0.000	-146.728
588.000	123.024	13.016	0.000	-150.085
590.000	122.674	12.330	0.000	-170.020
592.000	122.633	12.028	0.000	146.369
594.000	122.913	12.019	0.000	-168.705
596.000	123.093	12.391	0.000	-150.443
598.000	123.013	11.234	0.000	-129.439
600.000	122.864	10.700	0.000	-162.924
602.000	122.805	11.645	0.000	-176.168
604.000	122.790	11.532	0.000	-162.719
606.000	122.822	10.877	0.000	170.938
608.000	122.975	11.734	0.000	-170.945
610.000	123.113	11.229	0.000	-155.678
612.000	122.991	11.322	0.000	-169.567
614.000	122.685	11.925	0.000	-174.595
616.000	122.637	11.832	0.000	-168.317
618.000	122.967	11.547	0.000	-168.260
620.000	123.205	12.982	0.000	-145.308
622.000	123.041	12.190	0.000	-160.001
624.000	122.717	11.932	0.000	165.918
626.000	122.680	12.104	0.000	-171.004
628.000	122.907	11.169	0.000	-162.636
630.000	123.049	12.143	0.000	174.086
632.000	123.015	11.876	0.000	178.322
634.000	122.930	12.042	0.000	-168.857
636.000	122.839	11.528	0.000	-167.740
638.000	122.754	11.775	0.000	-172.838
640.000	122.817	12.230	0.000	171.848
642.000	123.046	12.569	0.000	-175.006
644.000	123.147	12.244	0.000	176.878
646.000	122.929	12.161	0.000	-171.270
648.000	122.648	11.663	0.000	-168.410
650.000	122.732	12.609	0.000	159.254
652.000	123.054	12.958	0.000	134.027
654.000	123.162	11.659	0.000	111.378
656.000	122.960	11.315	0.000	137.583
658.000	122.743	11.709	0.000	125.162
660.000	122.758	11.565	0.000	124.975
662.000	122.916	12.245	0.000	164.665
664.000	123.042	11.432	0.000	159.716
666.000	123.056	11.663	0.000	128.245
668.000	122.935	11.082	0.000	-158.065
670.000	122.760	11.368	0.000	-146.193
672.000	122.749	10.514	0.000	-166.259
674.000	122.966	10.689	0.000	163.796
676.000	123.139	10.571	0.000	160.286
678.000	123.039	10.474	0.000	162.753
680.000	122.785	11.549	0.000	-114.737
682.000	122.708	12.054	0.000	-128.626
684.000	122.896	9.906	0.000	125.045
686.000	123.098	10.470	0.000	166.004
688.000	123.093	10.977	0.000	-166.832
690.000	122.896	11.780	0.000	173.847
692.000	122.723	11.614	0.000	-126.720
694.000	122.795	11.626	0.000	174.008
696.000	123.033	11.023	0.000	-92.589
698.000	123.135	11.447	0.000	-110.703
700.000	122.977	11.831	0.000	149.637
702.000	122.767	11.751	0.000	150.988
704.000	122.773	11.697	0.000	-143.484
706.000	122.949	11.111	0.000	-132.703
708.000	123.076	10.601	0.000	-123.646
710.000	123.054	10.866	0.000	-73.690
712.000	122.905	12.730	0.000	-103.755
714.000	122.747	10.964	0.000	-131.924
716.000	122.796	11.430	0.000	-129.897
718.000	123.057	11.699	0.000	-164.124
720.000	123.182	11.776	0.000	-160.801
722.000	122.956	11.011	0.000	-131.496
724.000	122.679	11.839	0.000	-118.693
726.000	122.790	12.314	0.000	-146.160
728.000	123.088	12.237	0.000	-156.683
730.000	123.127	12.294	0.000	-172.866
732.000	122.933	12.494	0.000	179.713
734.000	122.813	11.260	0.000	-171.447
736.000	122.839	10.489	0.000	-148.036
738.000	122.911	11.568	0.000	152.519
740.000	123.038	11.725	0.000	145.946
742.000	123.114	12.234	0.000	-151.438
744.000	122.938	11.240	0.000	-157.433
746.000	122.686	11.001	0.000	-177.857
748.000	122.815	10.622	0.000	-163.896
750.000	123.164	10.902	0.000	177.992
752.000	123.175	11.181	0.000	163.998
754.000	122.841	11.591	0.000	-158.518
756.000	122.702	11.752	0.000	-154.204
758.000	122.920	12.138	0.000	-165.233
760.000	123.086	12.690	0.000	150.928
762.000	123.048	11.968	0.000	160.984
764.000	122.953	10.902	0.000	170.711
766.000	122.853	11.099	0.000	165.749
768.000	122.795	12.444	0.000	156.595
770.000	122.944	12.776	0.000	125.022
772.000	123.158	11.998	0.000	158.773
774.000	123.081	10.849	0.000	162.204
776.000	122.772	10.848	0.000	-177.868
778.000	122.728	11.084	0.000	-163.925
780.000	123.018	11.559	0.000	166.999
782.000	123.174	11.916	0.000	175.040
784.000	123.017	11.010	0.000	167.109
786.000	122.805	11.759	0.000	174.107
788.000	122.795	12.553	0.000	-153.960
790.000	122.960	11.253	0.000	-169.576
792.000	123.110	11.217	0.000	162.393
794.000	123.071	12.070	0.000	178.736
796.000	122.866	12.196	0.000	-169.782
798.000	122.767	11.069	0.000	-142.139
800.000	122.926	11.286	0.000	-151.591
802.000	123.110	12.098	0.000	-128.830
804.000	123.088	12.316	0.000	167.632
806.000	122.902	12.056	0.000	163.748
808.000	122.769	11.422	0.000	-170.551
810.000	122.871	11.991	0.000	174.369
812.000	123.115	11.364	0.000	-176.699
814.000	123.156	11.861	0.000	-173.006
816.000	122.887	10.696	0.000	173.984
818.000	122.710	10.921	0.000	137.688
820.000	122.933	11.342	0.000	139.544
822.000	123.159	11.379	0.000	178.062
824.000	123.062	12.165	0.000	172.130
826.000	122.869	11.268	0.000	172.862
828.000	122.841	10.554	0.000	153.666
830.000	122.905	11.545	0.000	152.834
832.000	123.022	10.929	0.000	-175.980
834.000	123.131	11.026	0.000	138.524
836.000	122.999	10.409	0.000	146.743
838.000	122.728	11.473	0.000	178.398
840.000	122.828	11.733	0.000	126.068
842.000	123.178	11.114	0.000	105.610
844.000	123.165	12.114	0.000	128.420
846.000	122.834	11.095	0.000	115.419
848.000	122.761	10.212	0.000	119.461
850.000	122.983	10.084	0.000	118.512
852.000	123.092	11.024	0.000	168.031
854.000	123.047	12.220	0.000	173.883
856.000	122.947	11.451	0.000	-178.731
858.000	122.819	11.018	0.000	152.179
860.000	122.861	11.797	0.000	92.701
862.000	123.105	10.992	0.000	139.915
864.000	123.158	11.037	0.000	129.659
866.000	122.893	11.201	0.000	111.161
868.000	122.742	12.086	0.000	140.521
870.000	122.948	11.862	0.000	166.596
872.000	123.151	11.506	0.000	149.134
874.000	123.086	12.669	0.000	138.270
876.000	122.865	13.531	0.000	161.768
878.000	122.784	13.141	0.000	160.078
880.000	122.971	12.540	0.000	146.401
882.000	123.154	11.508	0.000	114.735
884.000	123.056	10.776	0.000	114.335
886.000	122.838	11.255	0.000	133.396
888.000	122.835	11.237	0.000	171.803
890.000	122.993	11.760	0.000	-178.324
892.000	123.099	11.513	0.000	156.140
894.000	123.070	9.827	0.000	150.870
896.000	122.880	10.055	0.000	149.636
898.000	122.762	9.279	0.000	154.773
900.000	123.005	11.097	0.000	175.002
902.000	123.230	11.289	0.000	121.974
904.000	123.010	11.227	0.000	158.719
906.000	122.729	11.124	0.000	155.579
908.000	122.899	10.558	0.000	91.847
910.000	123.126	9.222	0.000	166.666
912.000	123.069	10.420	0.000	89.101
914.000	122.948	10.154	0.000	118.098
916.000	122.877	10.682	0.000	136.306
918.000	122.860	11.648	0.000	150.458
920.000	123.045	11.843	0.000	111.128
922.000	123.185	10.828	0.000	94.337
924.000	122.949	10.795	0.000	102.066
926.000	122.725	11.811	0.000	104.398
928.000	122.956	10.801	0.000	105.831
930.000	123.188	10.691	0.000	127.762
932.000	123.060	10.981	0.000	109.092
934.000	122.843	9.310	0.000	63.513
936.000	122.837	10.186	0.000	65.495
938.000	123.006	11.095	0.000	145.381
940.000	123.139	11.387	0.000	146.301
942.000	123.036	11.304	0.000	141.084
944.000	122.826	10.221	0.000	168.073
946.000	122.858	10.860	0.000	139.072
948.000	123.060	11.326	0.000	88.166
950.000	123.122	11.121	0.000	84.581
952.000	122.996	10.587	0.000	70.438
954.000	122.820	10.265	0.000	177.184
956.000	122.852	10.195	0.000	117.735
958.000	123.131	10.616	0.000	73.058
960.000	123.177	10.315	0.000	56.950
962.000	122.851	10.519	0.000	-73.406
964.000	122.769	10.927	0.000	-107.659
966.000	123.064	11.533	0.000	-112.335
968.000	123.137	11.904	0.000	166.493
970.000	122.978	11.279	0.000	124.429
972.000	122.902	10.289	0.000	93.000
974.000	122.873	8.871	0.000	-131.551
976.000	122.974	10.263	0.000	-116.726
978.000	123.175	10.414	0.000	-148.014
980.000	123.043	11.264	0.000	176.233
982.000	122.740	10.489	0.000	-166.950
984.000	122.901	10.210	0.000	-161.024
986.000	123.192	11.479	0.000	159.469
988.000	123.083	10.836	0.000	150.465
990.000	122.852	10.439	0.000	143.526
992.000	122.853	11.003	0.000	149.843
994.000	123.005	11.461	0.000	158.699
996.000	123.131	11.583	0.000	146.993
998.000	123.040	10.544	0.000	148.731
1000.000	122.825	10.093	0.000	165.415
1002.000	122.877	11.853	0.000	160.134
1004.000	123.091	11.416	0.000	131.677
1006.000	123.112	11.486	0.000	118.867
1008.000	122.959	11.353	0.000	118.790
1010.000	122.815	11.394	0.000	96.136
1012.000	122.915	11.192	0.000	38.073
1014.000	123.182	10.359	0.000	124.166
1016.000	123.107	10.510	0.000	120.136
1018.000	122.771	10.781	0.000	87.242
1020.000	122.868	10.241	0.000	131.757
1022.000	123.145	10.820	0.000	120.154
1024.000	123.072	10.542	0.000	164.899
1026.000	122.933	10.897	0.000	116.487
1028.000	122.898	10.231	0.000	105.418
1030.000	122.895	9.910	0.000	102.105
1032.000	123.096	11.748	0.000	132.054
1034.000	123.163	12.257	0.000	167.426
1036.000	122.837	11.753	0.000	125.841
1038.000	122.789	10.250	0.000	114.572
1040.000	123.129	10.606	0.000	172.131
1042.000	123.148	10.702	0.000	109.418
1044.000	122.911	11.512	0.000	156.260
1046.000	122.844	11.000	0.000	139.173
1048.000	122.954	10.321	0.000	68.438
1050.000	123.119	10.061	0.000	67.886
1052.000	123.085	10.577	0.000	89.704
1054.000	122.846	10.000	0.000	58.029
1056.000	122.862	9.790	0.000	88.090
1058.000	123.077	10.822	0.000	100.215
1060.000	123.106	11.277	0.000	-170.487
1062.000	122.981	11.156	0.000	-174.349
1064.000	122.827	10.733	0.000	81.074
1066.000	122.904	11.064	0.000	81.375
1068.000	123.196	11.100	0.000	73.581
1070.000	123.092	10.802	0.000	118.272
1072.000	122.753	10.512	0.000	112.319
1074.000	122.921	11.115	0.000	141.736
1076.000	123.149	9.829	0.000	149.369
1078.000	123.031	8.502	0.000	99.053
1080.000	122.945	10.165	0.000	86.308
1082.000	122.886	11.426	0.000	80.194
1084.000	122.917	10.744	0.000	62.724
1086.000	123.169	10.995	0.000	121.492
1088.000	123.082	10.507	0.000	169.658
1090.000	122.756	10.916	0.000	148.598
1092.000	122.922	10.081	0.000	-133.158
1094.000	123.171	10.507	0.000	-155.580
1096.000	123.053	10.245	0.000	-121.138
1098.000	122.877	11.254	0.000	95.864
1100.000	122.860	11.612	0.000	99.250
1102.000	123.043	11.154	0.000	100.550
1104.000	123.155	11.262	0.000	-168.406
1106.000	122.937	11.366	0.000	162.096
1108.000	122.823	11.103	0.000	-177.503
1110.000	123.001	11.133	0.000	178.146
1112.000	123.094	10.919	0.000	144.245
1114.000	123.056	10.703	0.000	147.517
1116.000	122.878	10.498	0.000	159.637
1118.000	122.820	11.100	0.000	172.559
1120.000	123.147	10.184	0.000	138.711
1122.000	123.163	10.568	0.000	117.639
1124.000	122.795	11.429	0.000	108.353
1126.000	122.877	10.031	0.000	92.865
1128.000	123.112	10.435	0.000	81.040
1130.000	123.050	10.121	0.000	122.754
1132.000	122.978	10.901	0.000	129.957
1134.000	122.871	10.612	0.000	72.206
1136.000	122.909	11.781	0.000	78.208
1138.000	123.169	11.251	0.000	84.154
1140.000	123.063	10.446	0.000	118.580
1142.000	122.781	10.263	0.000	51.942
1144.000	122.929	10.666	0.000	61.930
1146.000	123.137	11.164	0.000	84.130
1148.000	123.068	10.479	0.000	99.469
1150.000	122.865	9.728	0.000	61.180
1152.000	122.853	10.782	0.000	56.412
1154.000	123.101	11.267	0.000	61.498
1156.000	123.113	11.373	0.000	26.444
1158.000	122.886	11.221	0.000	27.047
1160.000	122.878	11.397	0.000	17.744
1162.000	123.001	11.942	0.000	40.870
1164.000	123.104	11.691	0.000	15.807
1166.000	123.038	10.367	0.000	-29.514
1168.000	122.789	11.218	0.000	-73.721
1170.000	122.935	11.207	0.000	-56.485
1172.000	123.213	10.346	0.000	-16.894
1174.000	122.994	11.127	0.000	33.344
1176.000	122.795	10.721	0.000	44.949
1178.000	122.980	10.035	0.000	-40.137
1180.000	123.093	10.833	0.000	-25.291
1182.000	123.041	11.379	0.000	-48.120
1184.000	122.897	10.524	0.000	-69.282
1186.000	122.862	9.995	0.000	-36.248
1188.000	123.070	10.608	0.000	-38.008
1190.000	123.126	11.258	0.000	-69.681
1192.000	122.897	10.567	0.000	-62.068
1194.000	122.819	9.131	0.000	-63.631
1196.000	123.063	10.245	0.000	89.851
1198.000	123.154	10.671	0.000	-164.792
1200.000	122.895	10.150	0.000	-82.256
1202.000	122.824	10.755	0.000	-80.151
1204.000	123.058	10.825	0.000	-139.957
1206.000	123.099	9.929	0.000	-99.300
1208.000	122.956	10.602	0.000	161.153
1210.000	122.861	9.862	0.000	57.035
1212.000	122.946	10.530	0.000	48.970
1214.000	123.129	11.360	0.000	43.605
1216.000	123.033	11.167	0.000	2.404
1218.000	122.803	11.366	0.000	-37.809
1220.000	122.934	11.302	0.000	-66.137
1222.000	123.156	11.445	0.000	-99.935
1224.000	123.029	11.375	0.000	178.137
1226.000	122.801	10.053	0.000	-139.363
1228.000	122.946	9.106	0.000	-97.558
1230.000	123.132	10.067	0.000	-107.604
1232.000	123.003	11.072	0.000	-138.669
1234.000	122.881	10.938	0.000	-114.836
1236.000	122.906	11.140	0.000	-127.544
1238.000	123.043	12.638	0.000	-131.280
1240.000	123.128	11.792	0.000	-116.973
1242.000	122.862	10.974	0.000	-108.931
1244.000	122.822	12.179	0.000	-133.155
1246.000	123.152	12.099	0.000	-123.819
1248.000	123.073	11.867	0.000	-101.150
1250.000	122.839	10.662	0.000	-104.541
1252.000	122.904	12.404	0.000	-134.803
1254.000	123.051	12.540	0.000	-151.604
1256.000	123.091	12.069	0.000	-149.033
1258.000	122.897	11.972	0.000	-137.893
1260.000	122.847	12.383	0.000	-163.774
1262.000	123.063	13.347	0.000	-158.734
1264.000	123.084	14.483	0.000	-154.688
1266.000	122.929	14.090	0.000	-166.528
1268.000	122.822	12.252	0.000	-172.259
1270.000	123.027	13.368	0.000	-171.405
1272.000	123.175	14.621	0.000	-176.182
1274.000	122.852	13.825	0.000	176.348
1276.000	122.840	14.697	0.000	165.794
1278.000	123.107	15.552	0.000	169.444
1280.000	123.028	15.827	0.000	170.130
1282.000	122.943	16.128	0.000	163.087
1284.000	122.868	15.798	0.000	157.052
1286.000	122.965	16.702	0.000	152.042
1288.000	123.167	16.971	0.000	149.229
1290.000	122.912	16.159	0.000	149.375
1292.000	122.799	15.952	0.000	133.445
1294.000	123.072	18.192	0.000	126.813
1296.000	123.094	18.490	0.000	127.724
1298.000	122.907	17.596	0.000	116.938
1300.000	122.833	17.626	0.000	103.800
1302.000	123.044	18.535	0.000	98.133
1304.000	123.104	18.267	0.000	93.722
1306.000	122.885	18.161	0.000	79.779
1308.000	122.877	18.296	0.000	70.252
1310.000	123.003	17.372	0.000	64.604
1312.000	123.092	16.248	0.000	72.663
1314.000	122.954	14.278	0.000	85.692
1316.000	122.781	14.845	0.000	110.612
1318.000	123.068	18.618	0.000	116.588
1320.000	123.130	20.455	0.000	116.253
1322.000	122.836	21.565	0.000	102.050
1324.000	122.879	24.359	0.000	79.739
1326.000	123.058	26.142	0.000	69.235
1328.000	123.051	25.631	0.000	56.520
1330.000	122.905	25.321	0.000	38.176
1332.000	122.857	24.798	0.000	28.475
1334.000	123.031	24.348	0.000	21.995
1336.000	123.094	24.833	0.000	21.082
1338.000	122.883	24.018	0.000	14.168
1340.000	122.822	24.114	0.000	-9.988
1342.000	123.103	25.061	0.000	-17.366
1344.000	123.073	22.180	0.000	-19.181
1346.000	122.811	18.380	0.000	-27.767
1348.000	122.919	17.334	0.000	-12.540
1350.000	123.068	18.431	0.000	13.364
1352.000	123.022	19.905	0.000	17.442
1354.000	122.869	21.250	0.000	14.869
1356.000	122.878	22.801	0.000	8.360
1358.000	123.089	24.689	0.000	5.507
1360.000	123.030	25.825	0.000	4.881
1362.000	122.832	26.535	0.000	-6.425
1364.000	122.894	28.538	0.000	-23.272
1366.000	123.119	30.558	0.000	-29.132
1368.000	123.011	29.829	0.000	-35.549
1370.000	122.769	29.266	0.000	-60.685
1372.000	123.006	30.616	0.000	-70.521
1374.000	123.080	29.764	0.000	-73.370
1376.000	122.928	28.999	0.000	-84.663
1378.000	122.886	29.029	0.000	-93.415
1380.000	122.910	29.023	0.000	-105.791
1382.000	123.124	29.567	0.000	-117.099
1384.000	122.960	28.063	0.000	-121.541
1386.000	122.769	25.967	0.000	-138.161
1388.000	123.057	26.397	0.000	-146.114
1390.000	123.072	25.227	0.000	-137.458
1392.000	122.881	23.332	0.000	-140.895
1394.000	122.848	23.505	0.000	-147.089
1396.000	123.040	24.383	0.000	-147.592
1398.000	123.063	23.848	0.000	-151.818
1400.000	122.846	22.584	0.000	-156.000
1402.000	122.895	22.078	0.000	-163.872
1404.000	123.025	21.797	0.000	-161.995
1406.000	123.052	21.664	0.000	-160.712
1408.000	122.852	21.021	0.000	-164.805
1410.000	122.847	21.149	0.000	-170.360
1412.000	123.146	22.011	0.000	-167.564
1414.000	122.967	20.965	0.000	-166.100
1416.000	122.798	20.507	0.000	-179.186
1418.000	122.986	21.779	0.000	-177.995
1420.000	123.051	21.722	0.000	-176.496
1422.000	122.949	21.297	0.000	178.142
1424.000	122.834	21.598	0.000	171.908
1426.000	122.962	22.170	0.000	159.180
1428.000	123.086	22.694	0.000	156.637
1430.000	122.915	21.442	0.000	155.660
1432.000	122.798	21.077	0.000	135.834
1434.000	123.053	22.496	0.000	132.183
1436.000	123.069	21.348	0.000	134.052
1438.000	122.808	19.692	0.000	122.741
1440.000	122.909	19.919	0.000	115.650
1442.000	123.049	20.138	0.000	116.369
1444.000	122.994	19.084	0.000	116.012
1446.000	122.843	17.489	0.000	110.089
1448.000	122.900	17.228	0.000	98.907
1450.000	123.083	18.036	0.000	99.485
1452.000	122.959	17.120	0.000	95.556
1454.000	122.811	15.294	0.000	82.789
1456.000	122.952	16.647	0.000	86.997
1458.000	123.115	16.377	0.000	86.891
1460.000	122.864	15.476	0.000	84.166
1462.000	122.827	15.827	0.000	73.250
1464.000	123.075	15.293	0.000	71.281
1466.000	122.973	13.246	0.000	73.693
1468.000	122.894	12.690	0.000	60.633
1470.000	122.855	12.802	0.000	72.279
1472.000	123.040	13.634	0.000	71.609
1474.000	123.040	12.963	0.000	75.933
1476.000	122.764	11.583	0.000	62.195
1478.000	122.961	13.214	0.000	51.301
1480.000	123.076	12.860	0.000	60.089
1482.000	122.904	11.381	0.000	73.130
1484.000	122.817	11.579	0.000	65.890
1486.000	123.010	11.902	0.000	61.262
1488.000	123.040	12.183	0.000	59.275
1490.000	122.847	11.649	0.000	49.175
1492.000	122.879	12.861	0.000	52.872
1494.000	123.006	12.443	0.000	64.172
1496.000	123.032	11.103	0.000	57.065
1498.000	122.801	9.430	0.000	51.514
1500.000	122.899	9.613	0.000	23.318
1502.000	123.110	10.413	0.000	16.795
1504.000	122.888	10.049	0.000	14.189
1506.000	122.817	12.113	0.000	19.800
1508.000	123.007	12.399	0.000	30.541
1510.000	123.018	11.242	0.000	29.585
1512.000	122.862	9.387	0.000	6.351
1514.000	122.862	9.623	0.000	17.655
1516.000	123.006	10.963	0.000	16.739
1518.000	123.027	11.236	0.000	38.092
1520.000	122.787	10.580	0.000	33.872
1522.000	122.913	10.065	0.000	15.538
1524.000	123.102	10.434	0.000	23.235
1526.000	122.860	10.963	0.000	15.021
1528.000	122.842	10.801	0.000	9.559
1530.000	122.988	11.273	0.000	-3.958
1532.000	123.020	10.948	0.000	0.343
1534.000	122.841	10.115	0.000	-8.178
1536.000	122.867	10.656	0.000	-30.236
1538.000	123.035	10.842	0.000	-37.245
1540.000	122.965	9.382	0.000	-44.864
1542.000	122.807	10.109	0.000	-44.635
1544.000	122.916	11.327	0.000	-53.334
1546.000	123.104	12.358	0.000	-42.307
1548.000	122.819	10.643	0.000	-45.275
1550.000	122.856	10.438	0.000	-40.225
1552.000	123.029	10.551	0.000	-31.088
1554.000	122.952	11.721	0.000	-48.226
1556.000	122.854	10.952	0.000	-73.084
1558.000	122.863	9.984	0.000	-78.905
1560.000	123.063	8.849	0.000	-61.542
1562.000	122.916	10.807	0.000	-59.973
1564.000	122.784	10.745	0.000	-66.449
1566.000	122.998	10.436	0.000	-90.809
1568.000	123.027	9.282	0.000	-135.093
1570.000	122.797	10.413	0.000	-115.788
1572.000	122.891	10.314	0.000	-110.282
1574.000	123.030	11.312	0.000	-107.127
1576.000	122.919	11.874	0.000	-84.177
1578.000	122.820	10.835	0.000	-77.549
1580.000	122.929	11.044	0.000	-74.830
1582.000	123.041	10.869	0.000	-96.895
1584.000	122.844	10.500	0.000	-110.967
1586.000	122.824	11.120	0.000	-116.557
1588.000	123.040	11.386	0.000	-112.128
1590.000	122.959	11.151	0.000	-100.369
1592.000	122.763	11.202	0.000	-130.093
1594.000	122.979	11.407	0.000	-126.844
1596.000	122.991	11.886	0.000	-143.253
1598.000	122.866	10.883	0.000	-134.824
1600.000	122.838	10.547	0.000	-131.280
1602.000	122.975	11.272	0.000	-144.396
1604.000	123.012	12.692	0.000	-146.633
1606.000	122.753	13.455	0.000	-154.209
1608.000	122.942	12.554	0.000	-159.756
1610.000	123.029	10.825	0.000	-150.395
1612.000	122.843	9.438	0.000	-158.823
1614.000	122.824	11.488	0.000	-168.410
1616.000	123.013	12.848	0.000	-157.045
1618.000	122.941	11.901	0.000	-149.312
1620.000	122.810	11.513	0.000	-136.926
1622.000	122.901	11.398	0.000	-162.587
1624.000	123.013	11.901	0.000	-161.152
1626.000	122.883	12.374	0.000	-158.806
1628.000	122.779	12.940	0.000	-166.334
1630.000	123.034	11.964	0.000	-159.790
1632.000	122.946	9.635	0.000	-164.194
1634.000	122.774	9.469	0.000	178.037
1636.000	122.937	10.991	0.000	178.459
1638.000	122.996	11.689	0.000	169.682
1640.000	122.846	12.255	0.000	178.526
1642.000	122.836	12.527	0.000	168.582
1644.000	122.964	12.370	0.000	168.670
1646.000	122.986	11.504	0.000	177.200
1648.000	122.749	11.603	0.000	166.707
1650.000	122.939	11.540	0.000	173.523
1652.000	123.020	12.186	0.000	176.129
1654.000	122.805	11.423	0.000	151.096
1656.000	122.847	11.500	0.000	153.934
1658.000	122.992	11.329	0.000	164.278
1660.000	122.921	10.895	0.000	165.869
1662.000	122.785	10.294	0.000	146.400
1664.000	122.932	10.758	0.000	155.126
1666.000	122.983	11.548	0.000	162.479
1668.000	122.839	11.610	0.000	161.997
1670.000	122.800	11.877	0.000	137.619
1672.000	123.056	11.434	0.000	148.814
1674.000	122.862	11.003	0.000	163.258
1676.000	122.795	10.783	0.000	139.866
1678.000	122.964	12.267	0.000	133.211
1680.000	122.944	11.685	0.000	142.401
1682.000	122.814	10.717	0.000	144.990
1684.000	122.854	12.166	0.000	120.086
1686.000	122.999	11.466	0.000	116.784
1688.000	122.877	9.739	0.000	145.824
1690.000	122.764	10.492	0.000	136.135
1692.000	123.005	11.378	0.000	120.786
1694.000	122.928	11.936	0.000	98.280
1696.000	122.769	11.815	0.000	100.776
1698.000	122.922	11.243	0.000	122.173
1700.000	122.963	10.179	0.000	128.748
1702.000	122.836	10.573	0.000	100.533
1704.000	122.813	11.288	0.000	107.759
1706.000	122.988	10.026	0.000	106.162
1708.000	122.895	10.330	0.000	103.647
1710.000	122.774	9.651	0.000	111.319
1712.000	122.926	10.189	0.000	105.097
1714.000	122.996	11.092	0.000	93.555
1716.000	122.738	11.706	0.000	86.513
1718.000	122.919	11.647	0.000	105.918
1720.000	122.944	11.044	0.000	117.648
1722.000	122.861	11.706	0.000	93.904
1724.000	122.790	11.798	0.000	82.494
1726.000	122.964	11.232	0.000	93.047
1728.000	122.927	11.497	0.000	96.047
1730.000	122.752	11.312	0.000	81.350
1732.000	122.916	10.966	0.000	68.494
1734.000	122.978	10.502	0.000	85.002
1736.000	122.765	11.382	0.000	97.271
1738.000	122.869	10.718	0.000	69.318
1740.000	122.964	10.850	0.000	50.917
1742.000	122.848	11.997	0.000	59.565
1744.000	122.790	12.389	0.000	44.710
1746.000	122.943	11.289	0.000	57.244
1748.000	122.929	10.409	0.000	68.711
1750.000	122.754	11.118	0.000	20.992
1752.000	122.895	12.140	0.000	23.094
1754.000	122.981	11.863	0.000	20.654
1756.000	122.760	10.500	0.000	6.590
1758.000	122.861	10.479	0.000	23.055
1760.000	122.964	9.774	0.000	13.789
1762.000	122.831	10.313	0.000	-10.103
1764.000	122.800	10.573	0.000	3.841
1766.000	122.921	11.159	0.000	20.709
1768.000	122.944	11.671	0.000	29.618
1770.000	122.724	9.993	0.000	17.444
1772.000	122.925	10.943	0.000	18.958
1774.000	122.942	11.535	0.000	11.898
1776.000	122.769	11.906	0.000	-14.922
1778.000	122.846	12.129	0.000	4.126
1780.000	122.966	11.851	0.000	3.292
1782.000	122.812	11.093	0.000	-0.304
1784.000	122.799	12.001	0.000	-8.996
1786.000	122.929	12.786	0.000	-19.962
1788.000	122.906	12.250	0.000	-17.377
1790.000	122.732	11.297	0.000	-10.911
1792.000	122.926	13.975	0.000	-20.409
1794.000	122.931	14.284	0.000	-13.411
1796.000	122.741	14.097	0.000	-29.325
1798.000	122.882	15.410	0.000	-30.829
1800.000	122.934	16.608	0.000	-25.140
1802.000	122.799	17.538	0.000	-29.718
1804.000	122.803	18.378	0.000	-28.640
1806.000	122.943	20.947	0.000	-29.927
1808.000	122.867	22.257	0.000	-25.731
1810.000	122.732	24.508	0.000	-42.104
1812.000	122.963	27.792	0.000	-39.659
1814.000	122.870	28.648	0.000	-46.891
1816.000	122.751	31.247	0.000	-61.135
1818.000	122.896	33.659	0.000	-68.700
1820.000	122.915	35.296	0.000	-80.515
1822.000	122.767	36.422	0.000	-96.782
1824.000	122.832	38.150	0.000	-112.441
1826.000	122.943	39.391	0.000	-120.636
1828.000	122.804	39.668	0.000	-130.830
1830.000	122.770	41.392	0.000	-147.273
1832.000	122.970	43.655	0.000	-151.556
1834.000	122.816	43.985	0.000	-162.346
1836.000	122.760	46.631	0.000	175.510
1838.000	122.936	48.469	0.000	166.987
1840.000	122.848	49.331	0.000	144.980
1842.000	122.774	50.597	0.000	123.022
1844.000	122.852	51.629	0.000	96.499
1846.000	122.943	52.305	0.000	79.407
1848.000	122.726	50.831	0.000	53.570
1850.000	122.860	51.386	0.000	22.848
1852.000	122.934	50.370	0.000	10.731
1854.000	122.760	47.671	0.000	-20.104
1856.000	122.806	46.369	0.000	-46.288
1858.000	122.940	43.757	0.000	-68.030
1860.000	122.791	39.819	0.000	-101.617
1862.000	122.784	36.860	0.000	-164.457
1864.000	122.900	38.628	0.000	130.562
1866.000	122.871	40.773	0.000	95.095
1868.000	122.712	43.110	0.000	58.735
1870.000	122.932	45.657	0.000	41.264
1872.000	122.863	45.904	0.000	30.200
1874.000	122.733	46.691	0.000	6.757
1876.000	122.879	48.549	0.000	-1.786
1878.000	122.887	48.720	0.000	-12.466
1880.000	122.754	49.903	0.000	-29.135
1882.000	122.823	51.056	0.000	-44.540
1884.000	122.920	52.796	0.000	-58.385
1886.000	122.768	52.434	0.000	-72.779
1888.000	122.784	53.992	0.000	-102.892
1890.000	122.954	54.368	0.000	-109.921
1892.000	122.755	53.069	0.000	-135.732
1894.000	122.786	53.561	0.000	-156.491
1896.000	122.909	53.390	0.000	-172.897
1898.000	122.813	52.497	0.000	168.632
1900.000	122.752	51.863	0.000	142.565
1902.000	122.889	51.629	0.000	123.347
1904.000	122.858	50.375	0.000	106.018
1906.000	122.713	48.660	0.000	80.323
1908.000	122.899	48.883	0.000	58.502
1910.000	122.867	47.605	0.000	47.183
1912.000	122.718	46.811	0.000	15.836
1914.000	122.869	47.721	0.000	0.119
1916.000	122.868	47.531	0.000	-19.349
1918.000	122.748	48.187	0.000	-43.154
1920.000	122.812	49.224	0.000	-66.085
1922.000	122.905	50.406	0.000	-83.388
1924.000	122.747	49.958	0.000	-101.282
1926.000	122.791	51.424	0.000	-128.415
1928.000	122.926	51.960	0.000	-133.775
1930.000	122.737	51.307	0.000	-156.778
1932.000	122.792	52.637	0.000	-172.113
1934.000	122.894	52.903	0.000	174.897
1936.000	122.780	52.919	0.000	159.355
1938.000	122.760	53.250	0.000	138.090
1940.000	122.884	53.936	0.000	124.695
1942.000	122.818	53.031	0.000	110.646
1944.000	122.715	52.389	0.000	88.407
1946.000	122.914	52.788	0.000	76.197
1948.000	122.802	51.232	0.000	68.477
1950.000	122.733	50.535	0.000	46.710
1952.000	122.877	50.495	0.000	42.226
1954.000	122.823	48.992	0.000	29.676
1956.000	122.736	48.382	0.000	17.620
1958.000	122.835	47.833	0.000	3.741
1960.000	122.874	47.318	0.000	-1.820
1962.000	122.699	45.081	0.000	-17.417
1964.000	122.858	45.086	0.000	-30.175
1966.000	122.856	43.083	0.000	-32.032
1968.000	122.722	40.793	0.000	-48.844
1970.000	122.822	39.754	0.000	-56.475
1972.000	122.869	37.642	0.000	-64.732
1974.000	122.725	34.397	0.000	-80.693
1976.000	122.806	30.720	0.000	-113.611
1978.000	122.869	29.138	0.000	174.305
1980.000	122.745	33.287	0.000	111.603
1982.000	122.770	39.143	0.000	84.396
1984.000	122.911	42.030	0.000	77.178
1986.000	122.710	44.072	0.000	54.171
1988.000	122.798	47.213	0.000	39.746
1990.000	122.862	48.389	0.000	29.714
1992.000	122.754	49.636	0.000	11.728
1994.000	122.757	51.014	0.000	-3.098
1996.000	122.877	52.716	0.000	-15.938
1998.000	122.765	52.838	0.000	-25.221
2000.000	122.728	54.325	0.000	-49.586
2002.000	122.911	55.537	0.000	-53.124
2004.000	122.732	54.885	0.000	-72.914
2006.000	122.760	56.086	0.000	-88.480
2008.000	122.864	56.299	0.000	-100.383
2010.000	122.771	56.120	0.000	-113.202
2012.000	122.732	56.242	0.000	-131.606
2014.000	122.866	56.849	0.000	-140.940
2016.000	122.784	56.189	0.000	-151.894
2018.000	122.704	56.105	0.000	-169.803
2020.000	122.897	57.142	0.000	-178.069
2022.000	122.756	55.969	0.000	173.394
2024.000	122.734	56.533	0.000	153.873
2026.000	122.859	56.606	0.000	149.516
2028.000	122.775	56.177	0.000	134.587
2030.000	122.724	56.169	0.000	121.882
2032.000	122.847	56.753	0.000	107.802
2034.000	122.799	56.264	0.000	100.788
2036.000	122.693	55.672	0.000	78.805
2038.000	122.882	56.430	0.000	71.118
2040.000	122.762	54.791	0.000	60.516
2042.000	122.723	54.717	0.000	42.005
2044.000	122.849	54.409	0.000	35.306
2046.000	122.778	53.518	0.000	23.947
2048.000	122.719	52.939	0.000	10.435
2050.000	122.834	53.220	0.000	0.173
2052.000	122.801	52.384	0.000	-6.960
2054.000	122.689	51.782	0.000	-25.331
2056.000	122.871	52.365	0.000	-35.321
2058.000	122.765	51.055	0.000	-44.386
2060.000	122.717	50.532	0.000	-67.217
2062.000	122.841	50.296	0.000	-74.753
2064.000	122.775	48.404	0.000	-91.008
2066.000	122.715	47.126	0.000	-106.004
2068.000	122.824	45.595	0.000	-120.644
2070.000	122.802	43.665	0.000	-125.114
2072.000	122.679	40.057	0.000	-136.000
2074.000	122.870	38.989	0.000	-129.944
2076.000	122.754	37.024	0.000	-118.220
2078.000	122.718	38.354	0.000	-116.333
2080.000	122.832	39.817	0.000	-117.725
2082.000	122.772	40.530	0.000	-126.198
2084.000	122.708	41.329	0.000	-142.453
2086.000	122.830	42.287	0.000	-154.645
2088.000	122.780	42.004	0.000	-167.069
2090.000	122.684	41.701	0.000	170.492
2092.000	122.867	42.309	0.000	157.413
2094.000	122.738	40.591	0.000	143.677
2096.000	122.721	40.073	0.000	119.922
2098.000	122.835	39.290	0.000	111.893
2100.000	122.746	37.868	0.000	94.374
2102.000	122.714	37.011	0.000	78.749
2104.000	122.837	36.847	0.000	62.836
2106.000	122.747	35.505	0.000	51.673
2108.000	122.706	34.562	0.000	24.868
2110.000	122.858	34.403	0.000	14.804
2112.000	122.712	32.010	0.000	-5.258
2114.000	122.734	31.461	0.000	-28.082
2116.000	122.833	30.088	0.000	-42.734
2118.000	122.719	28.831	0.000	-64.429
2120.000	122.732	27.694	0.000	-90.760
2122.000	122.831	26.972	0.000	-109.120
2124.000	122.717	24.835	0.000	-130.318
2126.000	122.733	23.926	0.000	-161.236
2128.000	122.842	23.429	0.000	-178.628
2130.000	122.690	21.546	0.000	160.169
2132.000	122.760	21.952	0.000	138.685
2134.000	122.814	20.837	0.000	132.870
2136.000	122.708	21.519	0.000	116.289
2138.000	122.739	22.589	0.000	100.715
2140.000	122.839	24.616	0.000	86.584
2142.000	122.674	24.921	0.000	65.806
2144.000	122.782	26.965	0.000	43.986
2146.000	122.805	26.762	0.000	31.630
2148.000	122.681	26.922	0.000	1.218
2150.000	122.784	27.621	0.000	-16.421
2152.000	122.794	27.160	0.000	-34.365
2154.000	122.686	26.861	0.000	-59.640
2156.000	122.781	26.808	0.000	-85.362
2158.000	122.801	25.805	0.000	-107.407
2160.000	122.662	24.147	0.000	-146.555
2162.000	122.823	24.302	0.000	171.914
2164.000	122.759	23.293	0.000	131.417
2166.000	122.687	24.160	0.000	71.134
2168.000	122.820	25.722	0.000	40.159
2170.000	122.739	26.253	0.000	3.496
2172.000	122.702	27.348	0.000	-27.049
2174.000	122.812	28.216	0.000	-55.596
2176.000	122.739	27.671	0.000	-74.019
2178.000	122.698	27.181	0.000	-106.010
2180.000	122.830	27.199	0.000	-117.763
2182.000	122.703	25.048	0.000	-143.489
2184.000	122.728	24.309	0.000	-168.833
2186.000	122.807	21.423	0.000	169.642
2188.000	122.708	18.671	0.000	136.691
2190.000	122.721	17.236	0.000	87.777
2192.000	122.822	17.304	0.000	37.745
2194.000	122.679	18.485	0.000	-7.776
2196.000	122.748	20.265	0.000	-42.636
2198.000	122.812	21.168	0.000	-57.893
2200.000	122.655	21.210	0.000	-84.405
2202.000	122.794	22.263	0.000	-99.187
2204.000	122.762	21.729	0.000	-116.612
2206.000	122.686	20.823	0.000	-130.126
2208.000	122.773	20.140	0.000	-141.382
2210.000	122.780	19.033	0.000	-144.464
2212.000	122.658	17.526	0.000	-157.910
2214.000	122.815	17.588	0.000	-158.556
2216.000	122.726	16.712	0.000	-157.668
2218.000	122.689	16.110	0.000	-157.308
2220.000	122.812	16.008	0.000	-153.348
2222.000	122.705	15.942	0.000	-152.137
2224.000	122.705	16.367	0.000	-151.339
2226.000	122.809	17.470	0.000	-148.765
2228.000	122.688	17.068	0.000	-154.927
2230.000	122.725	18.058	0.000	-162.057
2232.000	122.804	18.476	0.000	-165.830
2234.000	122.664	18.208	0.000	178.946
2236.000	122.767	18.509	0.000	173.158
2238.000	122.760	16.827	0.000	171.218
2240.000	122.689	16.232	0.000	158.759
2242.000	122.751	15.494	0.000	165.692
2244.000	122.777	16.229	0.000	172.134
2246.000	122.655	16.374	0.000	165.078
2248.000	122.799	17.322	0.000	155.288
2250.000	122.726	16.752	0.000	149.812
2252.000	122.685	16.670	0.000	139.015
2254.000	122.795	16.390	0.000	127.948
2256.000	122.708	16.016	0.000	110.622
2258.000	122.694	15.249	0.000	93.796
2260.000	122.806	14.996	0.000	78.268
2262.000	122.675	14.149	0.000	63.662
2264.000	122.724	12.737	0.000	37.623
2266.000	122.801	11.898	0.000	23.648
2268.000	122.646	11.317	0.000	-21.987
2270.000	122.782	10.259	0.000	-34.579
2272.000	122.738	12.073	0.000	-67.855
2274.000	122.679	13.168	0.000	-84.991
2276.000	122.773	12.854	0.000	-104.616
2278.000	122.736	13.020	0.000	-127.079
2280.000	122.672	13.585	0.000	-136.242
2282.000	122.796	14.437	0.000	-129.953
2284.000	122.697	13.303	0.000	-135.983
2286.000	122.708	15.480	0.000	-143.136
2288.000	122.776	16.043	0.000	-148.508
2290.000	122.692	14.918	0.000	-156.270
2292.000	122.712	15.217	0.000	-166.220
2294.000	122.787	15.658	0.000	-166.053
2296.000	122.656	15.519	0.000	-165.906
2298.000	122.756	15.974	0.000	-174.191
2300.000	122.758	15.813	0.000	-178.498
2302.000	122.657	15.691	0.000	167.203
2304.000	122.782	16.028	0.000	170.064
2306.000	122.715	15.513	0.000	164.168
2308.000	122.679	15.617	0.000	157.635
2310.000	122.786	15.944	0.000	146.326
2312.000	122.692	14.085	0.000	147.146
2314.000	122.705	13.726	0.000	147.431
2316.000	122.785	14.043	0.000	148.134
2318.000	122.665	13.563	0.000	158.697
2320.000	122.738	13.897	0.000	168.654
2322.000	122.758	13.386	0.000	169.940
2324.000	122.664	13.937	0.000	172.376
2326.000	122.756	14.804	0.000	167.853
2328.000	122.743	15.411	0.000	162.815
2330.000	122.651	15.522	0.000	156.860
2332.000	122.807	16.281	0.000	161.712
2334.000	122.675	15.540	0.000	160.895
2336.000	122.711	16.249	0.000	154.093
2338.000	122.770	16.694	0.000	147.569
2340.000	122.671	16.357	0.000	139.885
2342.000	122.727	16.775	0.000	135.101
2344.000	122.765	17.499	0.000	133.875
2346.000	122.647	16.294	0.000	131.261
2348.000	122.782	17.066	0.000	127.669
2350.000	122.707	16.719	0.000	128.811
2352.000	122.683	17.090	0.000	121.061
2354.000	122.772	17.195	0.000	123.428
2356.000	122.690	16.674	0.000	120.317
2358.000	122.697	16.794	0.000	112.139
2360.000	122.779	17.169	0.000	112.364
2362.000	122.656	17.336	0.000	112.672
2364.000	122.743	17.724	0.000	102.152
2366.000	122.748	17.757	0.000	102.075
2368.000	122.651	17.755	0.000	97.694
2370.000	122.781	17.521	0.000	95.539
2372.000	122.696	16.534	0.000	86.632
2374.000	122.683	16.154	0.000	74.517
2376.000	122.786	17.008	0.000	73.675
2378.000	122.659	16.901	0.000	71.153
2380.000	122.734	17.069	0.000	60.891
2382.000	122.749	16.934	0.000	65.118
2384.000	122.660	15.668	0.000	58.281
2386.000	122.759	15.300	0.000	59.704
2388.000	122.716	15.840	0.000	59.043
2390.000	122.676	15.846	0.000	53.613
2392.000	122.765	15.752	0.000	47.328
2394.000	122.695	15.354	0.000	54.273
2396.000	122.690	15.311	0.000	47.878
2398.000	122.781	15.206	0.000	42.274
2400.000	122.645	14.571	0.000	36.682
2402.000	122.754	14.536	0.000	29.596
2404.000	122.728	13.631	0.000	24.052
2406.000	122.662	13.390	0.000	21.903
2408.000	122.773	12.818	0.000	24.180
2410.000	122.693	14.227	0.000	26.634
2412.000	122.690	13.360	0.000	16.766
2414.000	122.773	12.389	0.000	24.895
2416.000	122.659	12.627	0.000	22.825
2418.000	122.738	12.471	0.000	18.955
2420.000	122.735	12.582	0.000	27.989
2422.000	122.666	12.086	0.000	14.589
2424.000	122.755	11.990	0.000	15.016
2426.000	122.714	12.113	0.000	9.908
2428.000	122.665	11.615	0.000	5.225
2430.000	122.795	10.569	0.000	-9.593
2432.000	122.648	12.142	0.000	-4.918
2434.000	122.739	12.887	0.000	0.655
2436.000	122.741	11.380	0.000	-1.515
2438.000	122.654	11.054	0.000	-6.106
2440.000	122.768	11.265	0.000	8.247
2442.000	122.700	11.993	0.000	6.319
2444.000	122.681	10.523	0.000	-0.113
2446.000	122.775	10.322	0.000	4.450
2448.000	122.658	12.057	0.000	-5.926
2450.000	122.735	12.292	0.000	-7.802
2452.000	122.734	10.859	0.000	-6.684
2454.000	122.667	10.520	0.000	-15.857
2456.000	122.752	10.663	0.000	-34.769
2458.000	122.710	11.585	0.000	-27.491
2460.000	122.673	10.875	0.000	-22.586
2462.000	122.782	11.202	0.000	-16.823
2464.000	122.652	10.804	0.000	-29.544
2466.000	122.741	9.982	0.000	-27.385
2468.000	122.726	10.139	0.000	-38.525
2470.000	122.671	9.725	0.000	-53.045
2472.000	122.755	9.157	0.000	-46.460
2474.000	122.698	9.114	0.000	5.767
2476.000	122.699	10.976	0.000	14.271
2478.000	122.757	11.103	0.000	-4.385
2480.000	122.668	9.538	0.000	-41.119
2482.000	122.734	9.139	0.000	-47.130
2484.000	122.729	10.639	0.000	7.603
2486.000	122.669	9.953	0.000	19.955
2488.000	122.761	10.042	0.000	-19.175
2490.000	122.689	10.912	0.000	-22.364
2492.000	122.702	11.184	0.000	-36.401
2494.000	122.761	10.583	0.000	-57.595
2496.000	122.654	10.718	0.000	-66.032
2498.000	122.759	11.324	0.000	-51.889
2500.000	122.703	10.518	0.000	-23.211
2502.000	122.684	7.918	0.000	-31.805
2504.000	122.765	10.119	0.000	-52.179
2506.000	122.672	10.718	0.000	-38.977
2508.000	122.725	9.412	0.000	-28.008
2510.000	122.743	9.685	0.000	-40.019
2512.000	122.661	9.705	0.000	-35.357
2514.000	122.761	10.932	0.000	-42.429
2516.000	122.698	10.832	0.000	-66.197
2518.000	122.687	9.980	0.000	-52.893
2520.000	122.774	8.788	0.000	-106.852
2522.000	122.649	9.912	0.000	-101.983
2524.000	122.759	10.750	0.000	-60.234
2526.000	122.705	10.137	0.000	-84.261
2528.000	122.699	10.518	0.000	-107.067
2530.000	122.748	9.826	0.000	-85.268
2532.000	122.692	10.013	0.000	-97.301
2534.000	122.713	10.368	0.000	-93.922
2536.000	122.750	9.839	0.000	-69.971
2538.000	122.663	10.428	0.000	-79.423
2540.000	122.765	9.520	0.000	-82.990
2542.000	122.692	10.415	0.000	-105.692
2544.000	122.703	10.162	0.000	-92.501
2546.000	122.756	9.965	0.000	-53.374
2548.000	122.664	8.987	0.000	4.251
2550.000	122.751	9.756	0.000	-122.865
2552.000	122.715	10.413	0.000	-88.529
2554.000	122.683	11.070	0.000	-87.827
2556.000	122.771	8.883	0.000	-66.627
2558.000	122.669	8.178	0.000	-141.559
2560.000	122.737	9.116	0.000	-110.767
2562.000	122.731	10.057	0.000	-92.769
2564.000	122.674	9.830	0.000	-72.267
2566.000	122.763	10.050	0.000	-70.615
2568.000	122.687	9.750	0.000	-80.263
2570.000	122.718	9.368	0.000	-85.362
2572.000	122.753	9.257	0.000	-56.164
2574.000	122.665	10.832	0.000	-101.394
2576.000	122.764	10.543	0.000	-122.728
2578.000	122.694	10.045	0.000	-128.366
2580.000	122.706	9.123	0.000	-118.525
2582.000	122.756	9.083	0.000	-90.961
2584.000	122.671	9.383	0.000	-85.436
2586.000	122.755	9.083	0.000	-117.890
2588.000	122.711	9.203	0.000	-96.532
2590.000	122.695	9.802	0.000	-107.573
2592.000	122.762	10.194	0.000	-105.934
2594.000	122.674	10.550	0.000	-113.195
2596.000	122.744	10.280	0.000	-102.169
2598.000	122.728	10.748	0.000	-118.175
2600.000	122.686	10.510	0.000	-98.655
2602.000	122.765	10.052	0.000	-91.670
2604.000	122.682	9.495	0.000	-101.929
2606.000	122.738	9.788	0.000	-139.538
2608.000	122.731	10.014	0.000	-137.202
2610.000	122.685	10.688	0.000	-116.915
2612.000	122.763	10.576	0.000	-106.156
2614.000	122.696	11.020	0.000	-130.863
2616.000	122.715	10.611	0.000	-140.386
2618.000	122.762	10.187	0.000	-139.049
2620.000	122.662	8.731	0.000	-124.396
2622.000	122.778	10.075	0.000	-106.493
2624.000	122.688	10.902	0.000	-146.926
2626.000	122.722	11.650	0.000	-156.197
2628.000	122.754	11.475	0.000	-151.987
2630.000	122.675	10.460	0.000	-165.635
2632.000	122.765	9.718	0.000	-171.942
2634.000	122.705	9.429	0.000	-170.228
2636.000	122.708	11.390	0.000	-171.452
2638.000	122.765	11.890	0.000	-171.692
2640.000	122.668	10.865	0.000	174.281
2642.000	122.768	9.948	0.000	-172.288
2644.000	122.703	9.687	0.000	-159.453
2646.000	122.715	9.588	0.000	-167.700
2648.000	122.762	10.066	0.000	174.143
2650.000	122.680	9.254	0.000	170.666
2652.000	122.756	10.106	0.000	170.089
2654.000	122.717	10.783	0.000	167.232
2656.000	122.701	9.890	0.000	177.051
2658.000	122.771	10.504	0.000	-171.556
2660.000	122.670	9.757	0.000	-174.212
2662.000	122.771	11.042	0.000	156.896
2664.000	122.707	11.858	0.000	148.224
2666.000	122.714	11.166	0.000	142.221
2668.000	122.759	9.589	0.000	159.756
2670.000	122.686	9.108	0.000	151.621
2672.000	122.752	10.267	0.000	156.940
2674.000	122.724	10.868	0.000	161.990
2676.000	122.705	10.686	0.000	155.851
2678.000	122.771	10.076	0.000	131.705
2680.000	122.673	10.032	0.000	146.169
2682.000	122.771	9.482	0.000	152.175
2684.000	122.715	9.839	0.000	153.626
2686.000	122.703	10.366	0.000	144.020
2688.000	122.786	9.715	0.000	126.979
2690.000	122.666	10.761	0.000	125.059
2692.000	122.781	11.079	0.000	134.533
2694.000	122.699	11.262	0.000	138.642
2696.000	122.736	10.462	0.000	132.260
2698.000	122.745	9.182	0.000	142.373
2700.000	122.702	9.533	0.000	153.955
2702.000	122.752	8.752	0.000	150.920
2704.000	122.726	9.647	0.000	114.791
2706.000	122.711	10.347	0.000	127.939
2708.000	122.774	9.299	0.000	163.351
2710.000	122.677	9.544	0.000	153.391
2712.000	122.782	8.975	0.000	128.983
2714.000	122.699	9.713	0.000	126.550
2716.000	122.737	9.816	0.000	96.630
2718.000	122.752	9.342	0.000	114.098
2720.000	122.693	10.549	0.000	90.422
2722.000	122.774	10.340	0.000	94.508
2724.000	122.708	10.061	0.000	90.909
2726.000	122.731	10.188	0.000	108.967
2728.000	122.763	9.931	0.000	151.234
2730.000	122.683	10.091	0.000	166.775
2732.000	122.787	9.156	0.000	126.740
2734.000	122.687	9.782	0.000	116.565
2736.000	122.767	9.801	0.000	86.821
2738.000	122.725	8.795	0.000	79.783
2740.000	122.722	8.384	0.000	48.376
2742.000	122.761	9.169	0.000	97.679
2744.000	122.705	8.639	0.000	90.244
2746.000	122.752	8.553	0.000	67.784
2748.000	122.737	10.268	0.000	117.437
2750.000	122.715	10.050	0.000	114.303
2752.000	122.772	8.471	0.000	118.596
2754.000	122.694	8.255	0.000	102.215
2756.000	122.766	8.939	0.000	57.861
2758.000	122.727	10.485	0.000	49.834
2760.000	122.717	10.265	0.000	84.483
2762.000	122.777	9.914	0.000	73.320
2764.000	122.687	7.859	0.000	42.429
2766.000	122.787	8.551	0.000	53.523
2768.000	122.696	10.162	0.000	93.292
2770.000	122.761	10.686	0.000	77.139
2772.000	122.738	9.010	0.000	71.625
2774.000	122.716	8.226	0.000	87.988
2776.000	122.775	9.173	0.000	34.035
2778.000	122.703	9.701	0.000	-19.627
2780.000	122.758	10.452	0.000	-12.337
2782.000	122.745	9.825	0.000	-10.653
2784.000	122.710	9.496	0.000	-26.090
2786.000	122.781	9.497	0.000	5.902
2788.000	122.690	9.640	0.000	25.683
2790.000	122.781	10.844	0.000	53.888
2792.000	122.715	10.098	0.000	27.424
2794.000	122.744	9.219	0.000	-20.133
2796.000	122.753	9.229	0.000	-34.439
2798.000	122.725	8.824	0.000	-47.073
2800.000	122.756	8.154	0.000	-1.205
2802.000	122.732	9.157	0.000	34.931
2804.000	122.734	9.998	0.000	-11.659
2806.000	122.767	9.271	0.000	-77.278
2808.000	122.699	8.468	0.000	-21.687
2810.000	122.792	8.810	0.000	-37.249
2812.000	122.695	9.879	0.000	-1.442
2814.000	122.772	9.201	0.000	133.564
2816.000	122.734	9.038	0.000	-136.555
2818.000	122.724	8.554	0.000	-132.155
2820.000	122.780	9.256	0.000	-90.511
2822.000	122.696	9.950	0.000	-78.127
2824.000	122.791	9.169	0.000	153.269
2826.000	122.701	9.695	0.000	135.013
2828.000	122.773	9.724	0.000	170.772
2830.000	122.733	9.292	0.000	179.775
2832.000	122.737	10.019	0.000	-179.259
2834.000	122.765	8.970	0.000	-161.057
2836.000	122.722	9.183	0.000	139.176
2838.000	122.761	9.043	0.000	121.570
2840.000	122.744	8.720	0.000	153.079
2842.000	122.726	9.048	0.000	124.463
2844.000	122.776	9.018	0.000	127.390
2846.000	122.705	7.940	0.000	143.284
2848.000	122.786	8.127	0.000	-165.790
2850.000	122.716	8.608	0.000	-170.271
2852.000	122.755	8.202	0.000	77.930
2854.000	122.757	9.438	0.000	89.437
2856.000	122.723	10.119	0.000	155.176
2858.000	122.781	8.988	0.000	-178.340
2860.000	122.704	8.783	0.000	173.814
2862.000	122.783	9.000	0.000	113.131
2864.000	122.720	9.040	0.000	120.395
2866.000	122.766	8.472	0.000	148.275
2868.000	122.744	8.004	0.000	166.433
2870.000	122.735	9.204	0.000	133.900
2872.000	122.769	8.674	0.000	173.540
2874.000	122.727	8.659	0.000	138.835
2876.000	122.762	8.533	0.000	106.862
2878.000	122.745	9.040	0.000	86.523
2880.000	122.736	9.172	0.000	118.848
2882.000	122.774	9.273	0.000	29.863
2884.000	122.724	10.718	0.000	35.261
2886.000	122.764	9.912	0.000	74.078
2888.000	122.746	10.048	0.000	79.330
2890.000	122.738	9.811	0.000	81.906
2892.000	122.782	8.259	0.000	67.247
2894.000	122.708	9.300	0.000	40.497
2896.000	122.797	10.769	0.000	16.725
2898.000	122.700	10.382	0.000	18.676
2900.000	122.797	9.548	0.000	26.796
2902.000	122.719	9.471	0.000	21.012
2904.000	122.761	10.675	0.000	23.127
2906.000	122.761	10.152	0.000	12.427
2908.000	122.721	10.704	0.000	5.785
2910.000	122.801	11.123	0.000	15.224
2912.000	122.695	11.902	0.000	-9.337
2914.000	122.801	11.633	0.000	-18.193
2916.000	122.715	12.576	0.000	-23.188
2918.000	122.771	14.003	0.000	-27.190
2920.000	122.753	14.818	0.000	-35.162
2922.000	122.734	15.422	0.000	-48.391
2924.000	122.780	16.248	0.000	-51.707
2926.000	122.723	16.318	0.000	-61.035
2928.000	122.783	17.047	0.000	-70.693
2930.000	122.726	17.253	0.000	-81.360
2932.000	122.767	18.591	0.000	-89.073
2934.000	122.749	19.116	0.000	-96.474
2936.000	122.748	19.933	0.000	-110.078
2938.000	122.772	20.685	0.000	-114.991
2940.000	122.730	20.955	0.000	-128.801
2942.000	122.771	21.612	0.000	-140.185
2944.000	122.742	21.674	0.000	-151.789
2946.000	122.757	22.035	0.000	-158.295
2948.000	122.762	22.334	0.000	-165.726
2950.000	122.736	22.435	0.000	-179.037
2952.000	122.776	22.628	0.000	172.626
2954.000	122.736	22.449	0.000	161.994
2956.000	122.767	22.452	0.000	156.243
2958.000	122.750	22.036	0.000	147.279
2960.000	122.745	22.216	0.000	138.411
2962.000	122.775	22.051	0.000	130.825
2964.000	122.730	21.820	0.000	122.850
2966.000	122.784	21.671	0.000	119.916
2968.000	122.728	21.624	0.000	107.184
2970.000	122.776	21.958	0.000	104.704
2972.000	122.744	21.477	0.000	92.583
2974.000	122.759	20.928	0.000	86.995
2976.000	122.762	20.554	0.000	80.710
2978.000	122.739	20.728	0.000	70.707
2980.000	122.779	20.718	0.000	65.408
2982.000	122.728	20.655	0.000	55.584
2984.000	122.783	19.886	0.000	49.186
2986.000	122.735	18.079	0.000	38.182
2988.000	122.761	18.116	0.000	26.374
2990.000	122.762	17.419	0.000	22.561
2992.000	122.743	17.020	0.000	18.761
2994.000	122.779	16.162	0.000	10.469
2996.000	122.732	14.345	0.000	6.410
2998.000	122.774	12.354	0.000	11.518
3000.000	122.742	11.855	0.000	24.597
3002.000	122.766	11.190	0.000	29.392
3004.000	122.759	11.464	0.000	36.139
3006.000	122.751	13.776	0.000	50.450
3008.000	122.766	13.854	0.000	58.379
3010.000	122.740	15.155	0.000	53.489
3012.000	122.777	16.434	0.000	48.701
3014.000	122.739	17.110	0.000	46.831
3016.000	122.769	17.766	0.000	43.202
3018.000	122.751	18.769	0.000	39.012
3020.000	122.752	19.360	0.000	25.973
3022.000	122.779	19.884	0.000	20.061
3024.000	122.733	20.467	0.000	12.207
3026.000	122.790	20.793	0.000	7.576
3028.000	122.719	20.906	0.000	1.764
3030.000	122.794	21.141	0.000	-5.137
3032.000	122.732	21.084	0.000	-13.721
3034.000	122.775	21.351	0.000	-19.261
3036.000	122.752	21.487	0.000	-26.230
3038.000	122.753	22.049	0.000	-29.216
3040.000	122.766	22.633	0.000	-34.580
3042.000	122.746	22.701	0.000	-38.870
3044.000	122.773	23.157	0.000	-44.265
3046.000	122.744	23.119	0.000	-53.147
3048.000	122.771	23.578	0.000	-57.653
3050.000	122.743	23.850	0.000	-66.815
3052.000	122.772	24.279	0.000	-69.995
3054.000	122.750	23.957	0.000	-77.934
3056.000	122.765	24.516	0.000	-87.721
3058.000	122.754	24.497	0.000	-91.551
3060.000	122.762	24.779	0.000	-99.886
3062.000	122.758	23.881	0.000	-104.720
3064.000	122.756	23.828	0.000	-115.677
3066.000	122.768	23.554	0.000	-117.530
3068.000	122.740	23.243	0.000	-121.092
3070.000	122.777	23.006	0.000	-123.265
3072.000	122.736	22.892	0.000	-122.988
3074.000	122.784	22.887	0.000	-124.198
3076.000	122.740	22.895	0.000	-126.541
3078.000	122.772	22.851	0.000	-132.248
3080.000	122.756	22.997	0.000	-130.957
3082.000	122.741	23.680	0.000	-135.702
3084.000	122.793	24.262	0.000	-138.276
3086.000	122.718	24.487	0.000	-142.023
3088.000	122.802	24.785	0.000	-146.749
3090.000	122.721	24.871	0.000	-152.193
3092.000	122.775	25.555	0.000	-156.140
3094.000	122.760	25.220	0.000	-161.047
3096.000	122.740	25.778	0.000	-166.419
3098.000	122.793	25.786	0.000	-169.421
3100.000	122.718	26.195	0.000	-173.028
3102.000	122.790	26.620	0.000	-176.426
3104.000	122.739	26.811	0.000	179.564
3106.000	122.761	27.460	0.000	175.145
3108.000	122.779	27.935	0.000	172.092
3110.000	122.728	28.249	0.000	164.182
3112.000	122.793	28.722	0.000	160.656
3114.000	122.730	29.108	0.000	151.260
3116.000	122.776	29.285	0.000	146.467
3118.000	122.753	29.644	0.000	137.260
3120.000	122.761	29.586	0.000	131.276
3122.000	122.756	29.877	0.000	123.640
3124.000	122.763	29.986	0.000	116.354
3126.000	122.738	29.842	0.000	108.708
3128.000	122.792	29.954	0.000	102.557
3130.000	122.723	29.439	0.000	96.471
3132.000	122.794	29.766	0.000	88.392
3134.000	122.736	29.370	0.000	82.870
3136.000	122.752	29.025	0.000	74.353
3138.000	122.788	29.093	0.000	70.118
3140.000	122.708	28.545	0.000	62.488
3142.000	122.827	28.714	0.000	58.058
3144.000	122.695	27.656	0.000	49.932
3146.000	122.804	27.669	0.000	46.640
3148.000	122.729	26.963	0.000	39.953
3150.000	122.759	26.672	0.000	36.069
3152.000	122.781	26.025	0.000	33.703
3154.000	122.729	25.793	0.000	30.315
3156.000	122.786	25.366	0.000	28.452
3158.000	122.741	25.206	0.000	23.050
3160.000	122.754	24.816	0.000	22.172
3162.000	122.772	24.836	0.000	16.677
3164.000	122.745	25.055	0.000	14.732
3166.000	122.773	25.102	0.000	10.243
3168.000	122.758	25.190	0.000	5.839
3170.000	122.738	24.769	0.000	0.204
3172.000	122.784	24.878	0.000	-3.044
3174.000	122.725	24.276	0.000	-6.312
3176.000	122.781	24.326	0.000	-9.856
3178.000	122.756	23.421	0.000	-11.127
3180.000	122.736	23.054	0.000	-17.230
3182.000	122.793	22.890	0.000	-21.358
3184.000	122.710	22.831	0.000	-19.936
3186.000	122.793	22.316	0.000	-22.358
3188.000	122.736	22.215	0.000	-22.824
3190.000	122.762	22.591	0.000	-24.240
3192.000	122.768	22.296	0.000	-25.177
3194.000	122.740	22.656	0.000	-29.638
3196.000	122.764	22.528	0.000	-30.730
3198.000	122.753	22.616	0.000	-34.366
3200.000	122.749	22.794	0.000	-34.313
3202.000	122.769	23.409	0.000	-35.832
3204.000	122.755	23.547	0.000	-40.328
3206.000	122.735	23.657	0.000	-45.166
3208.000	122.796	24.219	0.000	-47.199
3210.000	122.694	24.563	0.000	-53.443
3212.000	122.818	24.646	0.000	-56.723
3214.000	122.711	24.486	0.000	-64.922
3216.000	122.780	24.944	0.000	-71.254
3218.000	122.761	24.597	0.000	-73.256
3220.000	122.723	24.831	0.000	-78.298
3222.000	122.791	24.336	0.000	-81.844
3224.000	122.725	24.100	0.000	-90.261
3226.000	122.769	23.793	0.000	-87.165
3228.000	122.761	24.024	0.000	-90.619
3230.000	122.745	23.944	0.000	-90.224
3232.000	122.755	24.279	0.000	-94.709
3234.000	122.768	24.754	0.000	-95.407
3236.000	122.716	25.597	0.000	-101.768
3238.000	122.798	25.911	0.000	-105.976
3240.000	122.719	26.478	0.000	-110.893
3242.000	122.770	27.257	0.000	-118.561
3244.000	122.769	27.402	0.000	-124.366
3246.000	122.716	27.419	0.000	-132.760
3248.000	122.794	27.516	0.000	-140.180
3250.000	122.715	27.527	0.000	-148.761
3252.000	122.770	27.395	0.000	-155.925
3254.000	122.762	27.406	0.000	-165.199
3256.000	122.740	26.754	0.000	-169.846
3258.000	122.756	26.359	0.000	-178.047
3260.000	122.767	26.198	0.000	176.481
3262.000	122.707	25.662	0.000	168.912
3264.000	122.806	25.420	0.000	161.918
3266.000	122.701	24.425	0.000	159.693
3268.000	122.788	24.261	0.000	158.641
3270.000	122.744	23.289	0.000	159.361
3272.000	122.737	23.267	0.000	157.947
3274.000	122.767	23.053	0.000	157.991
3276.000	122.735	23.298	0.000	158.550
3278.000	122.749	23.490	0.000	157.672
3280.000	122.761	23.706	0.000	154.626
3282.000	122.748	24.441	0.000	154.455
3284.000	122.741	25.026	0.000	146.228
3286.000	122.775	25.336	0.000	143.557
3288.000	122.713	26.498	0.000	134.068
3290.000	122.768	26.437	0.000	127.548
3292.000	122.745	26.695	0.000	120.771
3294.000	122.738	26.838	0.000	112.006
3296.000	122.773	26.797	0.000	103.754
3298.000	122.744	26.847	0.000	97.619
3300.000	122.729	26.370	0.000	89.183
3302.000	122.786	26.378	0.000	84.164
3304.000	122.695	25.710	0.000	79.447
3306.000	122.779	25.835	0.000	74.673
3308.000	122.747	25.442	0.000	69.020
3310.000	122.721	25.348	0.000	62.538
3312.000	122.794	25.019	0.000	56.970
3314.000	122.711	24.995	0.000	50.997
3316.000	122.756	25.115	0.000	44.598
3318.000	122.743	24.639	0.000	40.267
3320.000	122.744	25.110	0.000	35.920
3322.000	122.728	24.646	0.000	29.518
3324.000	122.794	25.055	0.000	22.415
3326.000	122.688	24.888	0.000	12.310
3328.000	122.804	24.471	0.000	6.863
3330.000	122.709	23.808	0.000	0.284
3332.000	122.744	24.142	0.000	-6.502
3334.000	122.753	23.879	0.000	-12.569
3336.000	122.738	23.634	0.000	-16.756
3338.000	122.726	22.958	0.000	-22.524
3340.000	122.786	22.865	0.000	-31.961
3342.000	122.708	22.028	0.000	-39.710
3344.000	122.762	22.234	0.000	-44.742
3346.000	122.752	21.752	0.000	-46.526
3348.000	122.705	21.379	0.000	-54.104
3350.000	122.775	20.575	0.000	-58.098
3352.000	122.718	20.647	0.000	-65.241
3354.000	122.748	20.464	0.000	-71.125
3356.000	122.745	19.816	0.000	-78.129
3358.000	122.757	19.203	0.000	-78.251
3360.000	122.711	19.177	0.000	-79.939
3362.000	122.775	19.018	0.000	-84.052
3364.000	122.712	18.616	0.000	-86.295
3366.000	122.733	18.582	0.000	-95.129
3368.000	122.759	18.335	0.000	-94.175
3370.000	122.730	18.319	0.000	-103.634
3372.000	122.730	18.681	0.000	-106.075
3374.000	122.791	19.097	0.000	-108.661
3376.000	122.681	18.961	0.000	-115.291
3378.000	122.776	18.940	0.000	-120.726
3380.000	122.734	19.110	0.000	-123.825
3382.000	122.699	19.290	0.000	-130.362
3384.000	122.769	19.508	0.000	-140.585
3386.000	122.735	19.455	0.000	-149.978
3388.000	122.710	19.088	0.000	-153.271
3390.000	122.787	19.856	0.000	-159.724
3392.000	122.719	19.266	0.000	-167.410
3394.000	122.712	19.043	0.000	179.391
3396.000	122.786	19.062	0.000	178.736
3398.000	122.679	19.284	0.000	166.893
3400.000	122.753	19.141	0.000	162.933
3402.000	122.748	18.953	0.000	148.185
3404.000	122.714	18.108	0.000	139.209
3406.000	122.737	18.022	0.000	131.418
3408.000	122.777	18.255	0.000	123.684
3410.000	122.682	17.351	0.000	113.463
3412.000	122.766	17.182	0.000	103.105
3414.000	122.734	16.803	0.000	90.798
3416.000	122.697	16.630	0.000	88.132
3418.000	122.748	16.478	0.000	77.859
3420.000	122.754	15.425	0.000	60.704
3422.000	122.682	14.399	0.000	53.033
3424.000	122.790	13.848	0.000	45.295
3426.000	122.714	14.725	0.000	36.275
3428.000	122.719	14.757	0.000	30.636
3430.000	122.753	14.112	0.000	22.286
3432.000	122.719	14.023	0.000	3.094
3434.000	122.700	13.766	0.000	-11.287
3436.000	122.757	12.895	0.000	-23.547
3438.000	122.721	12.775	0.000	-39.139
3440.000	122.705	14.347	0.000	-54.963
3442.000	122.767	14.943	0.000	-63.584
3444.000	122.729	15.498	0.000	-68.531
3446.000	122.695	15.865	0.000	-84.838
3448.000	122.784	16.315	0.000	-94.589
3450.000	122.700	16.046	0.000	-103.815
3452.000	122.689	15.833	0.000	-112.994
3454.000	122.784	16.741	0.000	-117.939
3456.000	122.675	17.367	0.000	-133.620
3458.000	122.730	17.269	0.000	-137.258
3460.000	122.756	17.208	0.000	-145.373
3462.000	122.721	17.182	0.000	-147.999
3464.000	122.696	16.555	0.000	-154.713
3466.000	122.803	16.896	0.000	-167.309
3468.000	122.649	16.475	0.000	-175.030
3470.000	122.749	17.224	0.000	-179.576
3472.000	122.732	17.405	0.000	174.851
3474.000	122.695	17.534	0.000	172.171
3476.000	122.712	17.090	0.000	170.643
3478.000	122.763	17.145	0.000	167.828
3480.000	122.684	17.102	0.000	164.132
3482.000	122.739	16.882	0.000	159.968
3484.000	122.739	16.081	0.000	159.254
3486.000	122.725	17.154	0.000	156.350
3488.000	122.680	17.793	0.000	146.954
3490.000	122.776	17.974	0.000	144.913
3492.000	122.673	18.072	0.000	140.865
3494.000	122.709	18.571	0.000	136.236
3496.000	122.745	18.976	0.000	131.668
3498.000	122.705	19.021	0.000	126.694
3500.000	122.699	19.287	0.000	119.739
3502.000	122.760	19.577	0.000	116.168
3504.000	122.708	19.336	0.000	109.401
3506.000	122.703	19.606	0.000	103.190
3508.000	122.741	19.492	0.000	100.698
3510.000	122.726	20.242	0.000	95.351
3512.000	122.665	20.133	0.000	89.156
3514.000	122.748	20.290	0.000	88.564
3516.000	122.713	20.209	0.000	82.273
3518.000	122.661	19.941	0.000	74.308
3520.000	122.759	20.688	0.000	75.325
3522.000	122.725	21.537	0.000	67.700
3524.000	122.675	20.965	0.000	67.401
3526.000	122.751	21.914	0.000	60.566
3528.000	122.740	22.145	0.000	57.357
3530.000	122.659	22.555	0.000	53.717
3532.000	122.740	22.652	0.000	48.886
3534.000	122.738	23.099	0.000	42.261
3536.000	122.640	23.001	0.000	38.716
3538.000	122.741	23.627	0.000	34.076
3540.000	122.730	23.633	0.000	24.681
3542.000	122.656	23.489	0.000	19.402
3544.000	122.735	24.134	0.000	14.623
3546.000	122.732	24.360	0.000	9.787
3548.000	122.698	24.121	0.000	4.739
3550.000	122.698	24.492	0.000	-1.954
3552.000	122.751	24.496	0.000	-9.033
3554.000	122.698	24.894	0.000	-13.306
3556.000	122.671	24.811	0.000	-21.235
3558.000	122.739	24.547	0.000	-24.581
3560.000	122.711	24.535	0.000	-30.270
3562.000	122.633	24.457	0.000	-36.997
3564.000	122.756	24.560	0.000	-38.818
3566.000	122.705	24.506	0.000	-45.287
3568.000	122.665	24.300	0.000	-45.977
3570.000	122.726	24.483	0.000	-52.187
3572.000	122.754	23.970	0.000	-53.103
3574.000	122.653	23.994	0.000	-58.388
3576.000	122.719	24.241	0.000	-62.672
3578.000	122.757	24.433	0.000	-67.546
3580.000	122.662	24.266	0.000	-67.906
3582.000	122.672	24.254	0.000	-72.586
3584.000	122.772	24.351	0.000	-76.139
3586.000	122.642	24.498	0.000	-79.608
3588.000	122.675	24.687	0.000	-80.903
3590.000	122.730	24.731	0.000	-84.306
3592.000	122.708	25.127	0.000	-89.288
3594.000	122.637	25.235	0.000	-90.666
3596.000	122.753	25.716	0.000	-93.434
3598.000	122.724	25.796	0.000	-95.813
3600.000	122.651	26.096	0.000	-100.053
3602.000	122.726	26.493	0.000	-104.239
3604.000	122.752	27.163	0.000	-107.167
3606.000	122.638	27.489	0.000	-111.839
3608.000	122.705	27.927	0.000	-115.319
3610.000	122.733	28.739	0.000	-122.824
3612.000	122.652	28.589	0.000	-125.416
3614.000	122.678	29.723	0.000	-133.402
3616.000	122.697	29.417	0.000	-140.129
3618.000	122.709	29.898	0.000	-144.351
3620.000	122.650	29.994	0.000	-151.775
3622.000	122.689	30.206	0.000	-160.417
3624.000	122.753	30.194	0.000	-164.794
3626.000	122.649	30.447	0.000	-174.150
3628.000	122.692	29.888	0.000	-179.488
3630.000	122.748	30.215	0.000	174.835
3632.000	122.695	30.038	0.000	168.534
3634.000	122.641	29.712	0.000	162.918
3636.000	122.748	29.856	0.000	159.307
3638.000	122.698	29.511	0.000	150.642
3640.000	122.634	29.264	0.000	147.711
3642.000	122.688	29.112	0.000	142.293
3644.000	122.733	28.647	0.000	141.367
3646.000	122.623	28.345	0.000	134.632
3648.000	122.662	28.162	0.000	133.709
3650.000	122.737	28.410	0.000	128.857
3652.000	122.660	27.972	0.000	125.785
3654.000	122.656	28.042	0.000	123.633
3656.000	122.715	28.152	0.000	120.127
3658.000	122.721	27.854	0.000	116.808
3660.000	122.662	28.008	0.000	112.150
3662.000	122.673	27.834	0.000	107.044
3664.000	122.761	28.226	0.000	105.299
3666.000	122.673	28.103	0.000	102.805
3668.000	122.633	28.136	0.000	97.710
3670.000	122.745	28.308	0.000	95.223
3672.000	122.682	28.277	0.000	90.726
3674.000	122.635	28.197	0.000	89.079
3676.000	122.661	28.660	0.000	85.363
3678.000	122.730	28.622	0.000	79.239
3680.000	122.627	28.486	0.000	76.297
3682.000	122.643	29.304	0.000	73.527
3684.000	122.686	28.746	0.000	68.319
3686.000	122.733	29.344	0.000	68.654
3688.000	122.581	29.085	0.000	59.373
3690.000	122.708	29.558	0.000	58.845
3692.000	122.743	29.859	0.000	51.192
3694.000	122.650	29.674	0.000	46.802
3696.000	122.637	29.618	0.000	42.215
3698.000	122.769	30.119	0.000	37.908
3700.000	122.685	29.868	0.000	29.410
3702.000	122.639	30.153	0.000	26.363
3704.000	122.684	30.391	0.000	19.370
3706.000	122.765	30.310	0.000	12.993
3708.000	122.599	29.697	0.000	9.368
3710.000	122.666	30.181	0.000	3.447
3712.000	122.702	29.685	0.000	-3.116
3714.000	122.675	29.566	0.000	-6.123
3716.000	122.605	29.287	0.000	-10.960
3718.000	122.670	29.723	0.000	-16.710
3720.000	122.676	29.201	0.000	-24.306
3722.000	122.660	29.142	0.000	-24.676
3724.000	122.610	29.322	0.000	-32.536
3726.000	122.668	28.794	0.000	-36.701
3728.000	122.726	28.904	0.000	-38.071
3730.000	122.613	28.499	0.000	-46.524
3732.000	122.638	28.308	0.000	-49.142
3734.000	122.746	28.553	0.000	-54.380
3736.000	122.675	28.179	0.000	-58.661
3738.000	122.627	27.998	0.000	-62.358
3740.000	122.696	27.983	0.000	-66.909
3742.000	122.728	27.662	0.000	-71.962
3744.000	122.676	27.670	0.000	-74.762
3746.000	122.607	27.582	0.000	-80.623
3748.000	122.746	27.347	0.000	-83.545
3750.000	122.697	27.138	0.000	-86.801
3752.000	122.628	27.196	0.000	-90.366
3754.000	122.626	26.773	0.000	-94.555
3756.000	122.745	27.518	0.000	-95.496
3758.000	122.636	27.036	0.000	-102.707
3760.000	122.609	26.829	0.000	-102.122
3762.000	122.642	26.949	0.000	-109.207
3764.000	122.710	26.747	0.000	-110.706
3766.000	122.607	27.006	0.000	-115.189
3768.000	122.593	27.303	0.000	-118.991
3770.000	122.661	27.539	0.000	-125.172
3772.000	122.704	27.756	0.000	-129.287
3774.000	122.566	27.559	0.000	-136.252
3776.000	122.639	28.275	0.000	-140.662
3778.000	122.662	28.123	0.000	-149.326
3780.000	122.698	28.399	0.000	-151.208
3782.000	122.598	28.441	0.000	-159.386
3784.000	122.616	28.264	0.000	-166.390
3786.000	122.739	28.099	0.000	-174.379
3788.000	122.689	28.141	0.000	179.923
3790.000	122.568	27.474	0.000	168.709
3792.000	122.690	26.514	0.000	165.400
3794.000	122.765	26.473	0.000	158.737
3796.000	122.634	25.793	0.000	149.429
3798.000	122.606	25.161	0.000	146.167
3800.000	122.736	25.255	0.000	141.360
3802.000	122.723	24.091	0.000	135.268
3804.000	122.629	23.614	0.000	137.289
3806.000	122.626	23.295	0.000	134.764
3808.000	122.719	22.848	0.000	131.515
3810.000	122.723	22.392	0.000	129.455
3812.000	122.584	22.007	0.000	127.545
3814.000	122.640	21.821	0.000	124.965
3816.000	122.711	21.156	0.000	123.918
3818.000	122.664	21.100	0.000	123.925
3820.000	122.603	21.731	0.000	119.298
3822.000	122.593	21.530	0.000	115.500
3824.000	122.701	21.488	0.000	114.716
3826.000	122.652	21.028	0.000	112.434
3828.000	122.560	21.979	0.000	106.970
3830.000	122.586	21.402	0.000	101.442
3832.000	122.696	21.743	0.000	99.243
3834.000	122.617	21.839	0.000	94.710
3836.000	122.548	21.724	0.000	89.348
3838.000	122.576	21.366	0.000	80.920
3840.000	122.689	21.442	0.000	79.283
3842.000	122.608	21.368	0.000	75.354
3844.000	122.547	21.618	0.000	66.615
3846.000	122.545	21.232	0.000	59.204
3848.000	122.737	21.846	0.000	63.973
3850.000	122.594	21.428	0.000	53.203
3852.000	122.510	20.857	0.000	46.205
3854.000	122.621	21.224	0.000	40.857
3856.000	122.701	21.207	0.000	34.324
3858.000	122.591	20.559	0.000	23.428
3860.000	122.557	19.814	0.000	24.063
3862.000	122.609	20.179	0.000	14.455
3864.000	122.711	19.691	0.000	6.020
3866.000	122.627	18.804	0.000	-1.086
3868.000	122.562	18.302	0.000	-10.052
3870.000	122.623	17.367	0.000	-20.266
3872.000	122.720	16.897	0.000	-16.684
3874.000	122.670	16.409	0.000	-24.327
3876.000	122.565	15.153	0.000	-30.363
3878.000	122.638	14.829	0.000	-32.018
3880.000	122.728	14.818	0.000	-35.833
3882.000	122.715	14.913	0.000	-44.585
3884.000	122.577	13.744	0.000	-54.087
3886.000	122.620	12.424	0.000	-46.403
3888.000	122.800	12.041	0.000	-53.351
3890.000	122.708	11.366	0.000	-65.273
3892.000	122.581	10.701	0.000	-68.976
3894.000	122.677	10.695	0.000	-55.123
3896.000	122.765	10.652	0.000	-71.760
3898.000	122.727	10.401	0.000	-83.015
3900.000	122.650	9.700	0.000	-53.673
3902.000	122.638	9.874	0.000	-25.728
3904.000	122.774	10.044	0.000	-22.767
3906.000	122.765	9.793	0.000	-21.253
3908.000	122.670	9.635	0.000	-40.959
3910.000	122.635	9.171	0.000	-30.805
3912.000	122.775	8.805	0.000	-25.894
3914.000	122.783	10.266	0.000	-34.548
3916.000	122.687	11.084	0.000	-36.161
3918.000	122.681	10.736	0.000	-52.284
3920.000	122.716	10.250	0.000	-43.244
3922.000	122.800	10.907	0.000	-45.370
3924.000	122.764	10.312	0.000	-61.833
3926.000	122.657	10.541	0.000	-79.078
3928.000	122.690	11.019	0.000	-88.717
3930.000	122.838	10.546	0.000	-84.709
3932.000	122.769	10.975	0.000	-94.316
3934.000	122.707	10.915	0.000	-92.517
3936.000	122.650	8.928	0.000	-106.266
3938.000	122.826	9.474	0.000	-90.650
3940.000	122.831	10.430	0.000	-111.426
3942.000	122.714	10.747	0.000	-112.426
3944.000	122.652	9.988	0.000	-112.087
3946.000	122.808	8.856	0.000	-100.238
3948.000	122.851	9.645	0.000	-66.219
3950.000	122.744	9.531	0.000	-51.210
3952.000	122.690	10.128	0.000	-85.147
3954.000	122.774	10.890	0.000	-105.388
3956.000	122.821	10.058	0.000	-96.371
3958.000	122.822	10.249	0.000	-68.262
3960.000	122.759	10.642	0.000	-101.046
3962.000	122.678	9.649	0.000	-127.040
3964.000	122.848	9.361	0.000	-100.815
3966.000	122.881	9.313	0.000	-118.366
3968.000	122.772	9.668	0.000	-91.936
3970.000	122.711	9.351	0.000	-92.013
3972.000	122.800	10.073	0.000	-112.982
3974.000	122.889	10.006	0.000	-109.876
3976.000	122.866	10.217	0.000	-110.092
3978.000	122.735	10.107	0.000	-130.997
3980.000	122.758	10.050	0.000	-143.316
3982.000	122.883	9.528	0.000	-132.561
3984.000	122.923	8.898	0.000	-127.955
3986.000	122.803	8.936	0.000	-129.761
3988.000	122.747	9.878	0.000	-103.093
3990.000	122.852	9.796	0.000	-130.334
3992.000	122.923	9.662	0.000	-137.601
3994.000	122.893	8.933	0.000	-153.705
3996.000	122.808	9.370	0.000	-144.488
3998.000	122.763	10.154	0.000	-141.814
4000.000	122.930	9.989	0.000	-137.117
