1000.000	122.539	14.332	0.000	-156.419
2.000	122.499	15.516	0.000	-163.322
4.000	122.470	15.441	0.000	-170.423
6.000	122.467	13.993	0.000	-167.260
8.000	122.491	13.718	0.000	-162.148
10.000	122.523	13.611	0.000	175.548
12.000	122.549	13.814	0.000	177.381
14.000	122.557	13.951	0.000	175.761
16.000	122.544	13.862	0.000	-177.480
18.000	122.524	14.303	0.000	177.326
20.000	122.511	15.246	0.000	171.436
22.000	122.512	15.851	0.000	164.530
24.000	122.531	15.843	0.000	160.181
26.000	122.553	15.446	0.000	158.211
28.000	122.562	14.912	0.000	156.330
30.000	122.552	15.625	0.000	155.838
32.000	122.526	15.109	0.000	132.707
34.000	122.497	14.813	0.000	130.575
36.000	122.491	15.274	0.000	124.979
38.000	122.515	15.332	0.000	96.432
40.000	122.561	15.627	0.000	96.087
42.000	122.609	14.356	0.000	127.300
44.000	122.628	14.356	0.000	142.134
46.000	122.602	14.547	0.000	109.807
48.000	122.541	13.906	0.000	99.732
50.000	122.472	13.498	0.000	107.969
52.000	122.437	14.672	0.000	112.023
54.000	122.465	13.849	0.000	105.830
56.000	122.547	13.447	0.000	81.813
58.000	122.645	12.776	0.000	87.407
60.000	122.706	13.732	0.000	102.844
62.000	122.691	14.515	0.000	96.714
64.000	122.601	15.330	0.000	90.026
66.000	122.477	13.728	0.000	64.038
68.000	122.385	13.112	0.000	62.285
70.000	122.390	14.142	0.000	79.733
72.000	122.498	14.131	0.000	75.073
74.000	122.652	13.419	0.000	66.512
76.000	122.773	13.392	0.000	76.715
78.000	122.789	13.360	0.000	86.222
80.000	122.685	13.028	0.000	70.859
82.000	122.507	12.196	0.000	85.679
84.000	122.348	13.644	0.000	79.006
86.000	122.314	14.330	0.000	82.458
88.000	122.438	14.187	0.000	77.732
90.000	122.648	13.746	0.000	64.295
92.000	122.829	13.862	0.000	58.573
94.000	122.879	13.318	0.000	55.099
96.000	122.763	13.545	0.000	91.521
98.000	122.536	14.139	0.000	90.971
100.000	122.318	13.139	0.000	67.736
102.000	122.253	12.572	0.000	73.845
104.000	122.397	12.156	0.000	80.228
106.000	122.659	13.293	0.000	71.068
108.000	122.884	14.015	0.000	63.262
110.000	122.947	13.824	0.000	83.574
112.000	122.810	13.654	0.000	75.083
114.000	122.537	13.790	0.000	92.227
116.000	122.284	15.025	0.000	86.175
118.000	122.221	14.756	0.000	68.028
120.000	122.403	13.889	0.000	40.809
122.000	122.705	14.301	0.000	36.686
124.000	122.939	13.649	0.000	28.040
126.000	122.979	12.461	0.000	32.092
128.000	122.800	13.827	0.000	38.387
130.000	122.497	14.710	0.000	50.779
132.000	122.254	12.876	0.000	28.328
134.000	122.242	13.667	0.000	15.184
136.000	122.473	14.537	0.000	17.437
138.000	122.780	14.096	0.000	15.549
140.000	122.972	12.949	0.000	29.732
142.000	122.950	13.175	0.000	20.092
144.000	122.728	13.306	0.000	43.523
146.000	122.436	13.678	0.000	43.858
148.000	122.268	13.493	0.000	53.016
150.000	122.338	12.606	0.000	35.866
152.000	122.589	12.626	0.000	15.338
154.000	122.839	14.621	0.000	31.036
156.000	122.941	14.400	0.000	36.075
158.000	122.851	13.482	0.000	51.998
160.000	122.631	13.324	0.000	49.738
162.000	122.423	14.221	0.000	50.440
164.000	122.366	13.933	0.000	33.374
166.000	122.482	14.348	0.000	6.232
168.000	122.677	13.789	0.000	12.721
170.000	122.818	14.976	0.000	8.967
172.000	122.835	15.975	0.000	6.919
174.000	122.742	15.248	0.000	18.946
176.000	122.606	15.040	0.000	17.814
178.000	122.513	15.552	0.000	-2.449
180.000	122.507	14.441	0.000	-19.993
182.000	122.567	14.484	0.000	-48.771
184.000	122.652	15.055	0.000	-36.131
186.000	122.718	14.660	0.000	-23.048
188.000	122.751	14.563	0.000	-13.851
190.000	122.748	14.760	0.000	-12.190
192.000	122.703	13.275	0.000	-13.757
194.000	122.624	12.390	0.000	-25.215
196.000	122.540	12.356	0.000	-42.514
198.000	122.503	11.189	0.000	-91.009
200.000	122.561	12.438	0.000	-25.770
202.000	122.698	13.535	0.000	-16.897
204.000	122.835	13.202	0.000	-4.423
206.000	122.874	13.075	0.000	-12.482
208.000	122.766	13.636	0.000	-12.986
210.000	122.564	14.053	0.000	-17.185
212.000	122.403	12.081	0.000	-28.606
214.000	122.426	13.585	0.000	0.459
216.000	122.638	14.485	0.000	13.780
218.000	122.883	15.321	0.000	-3.170
220.000	122.987	15.264	0.000	-5.178
222.000	122.869	12.616	0.000	-13.613
224.000	122.594	13.281	0.000	-5.497
226.000	122.360	14.000	0.000	-15.711
228.000	122.365	14.005	0.000	-26.524
230.000	122.613	12.428	0.000	-32.992
232.000	122.901	14.556	0.000	-26.628
234.000	123.019	16.184	0.000	-24.954
236.000	122.895	16.363	0.000	-17.341
238.000	122.613	15.412	0.000	-22.142
240.000	122.387	13.958	0.000	-22.033
242.000	122.400	14.279	0.000	-35.138
244.000	122.626	15.185	0.000	-49.710
246.000	122.870	15.734	0.000	-57.637
248.000	122.959	16.248	0.000	-54.905
250.000	122.854	16.294	0.000	-56.543
252.000	122.650	14.819	0.000	-48.849
254.000	122.499	14.743	0.000	-48.844
256.000	122.504	15.404	0.000	-56.846
258.000	122.629	15.301	0.000	-69.374
260.000	122.767	17.116	0.000	-75.911
262.000	122.836	16.712	0.000	-83.222
264.000	122.821	16.569	0.000	-87.762
266.000	122.753	16.633	0.000	-81.906
268.000	122.664	15.194	0.000	-81.634
270.000	122.588	13.597	0.000	-80.096
272.000	122.561	13.558	0.000	-94.564
274.000	122.618	14.855	0.000	-109.948
276.000	122.750	14.181	0.000	-111.960
278.000	122.880	14.240	0.000	-107.946
280.000	122.905	14.438	0.000	-112.098
282.000	122.778	14.268	0.000	-112.255
284.000	122.565	13.843	0.000	-95.839
286.000	122.440	13.947	0.000	-98.813
288.000	122.537	14.092	0.000	-118.317
290.000	122.795	14.932	0.000	-112.620
292.000	123.000	15.589	0.000	-105.935
294.000	122.983	14.814	0.000	-108.667
296.000	122.746	14.590	0.000	-110.711
298.000	122.469	14.485	0.000	-119.114
300.000	122.404	13.598	0.000	-117.095
302.000	122.615	13.486	0.000	-98.836
304.000	122.902	13.699	0.000	-112.799
306.000	123.026	13.555	0.000	-114.592
308.000	122.906	14.036	0.000	-123.790
310.000	122.650	13.865	0.000	-101.872
312.000	122.476	13.766	0.000	-111.255
314.000	122.524	13.596	0.000	-115.289
316.000	122.721	14.183	0.000	-116.094
318.000	122.885	13.920	0.000	-122.165
320.000	122.914	15.492	0.000	-119.702
322.000	122.822	15.082	0.000	-121.323
324.000	122.695	13.400	0.000	-115.839
326.000	122.611	13.552	0.000	-86.894
328.000	122.600	13.029	0.000	-117.494
330.000	122.663	12.939	0.000	-161.422
332.000	122.776	13.737	0.000	-147.131
334.000	122.888	12.846	0.000	-136.000
336.000	122.915	14.008	0.000	-131.123
338.000	122.806	13.633	0.000	-130.224
340.000	122.611	13.933	0.000	-140.854
342.000	122.494	13.883	0.000	-130.080
344.000	122.596	12.834	0.000	-130.424
346.000	122.850	14.186	0.000	-144.081
348.000	123.029	14.409	0.000	-133.445
350.000	122.971	14.192	0.000	-128.635
352.000	122.705	12.644	0.000	-148.896
354.000	122.466	12.798	0.000	-156.564
356.000	122.495	13.998	0.000	-145.409
358.000	122.762	13.632	0.000	-141.754
360.000	123.000	13.632	0.000	-154.453
362.000	123.011	13.691	0.000	-150.260
364.000	122.808	14.062	0.000	-138.389
366.000	122.581	13.984	0.000	-131.606
368.000	122.534	12.700	0.000	-151.362
370.000	122.674	12.521	0.000	-175.477
372.000	122.848	12.490	0.000	-177.145
374.000	122.925	13.907	0.000	177.813
376.000	122.886	12.965	0.000	164.724
378.000	122.784	12.995	0.000	-179.881
380.000	122.673	12.951	0.000	-169.896
382.000	122.610	12.773	0.000	-165.386
384.000	122.646	13.051	0.000	162.497
386.000	122.791	12.811	0.000	165.525
388.000	122.951	12.263	0.000	169.049
390.000	122.979	13.105	0.000	158.395
392.000	122.813	12.990	0.000	122.175
394.000	122.572	11.797	0.000	150.485
396.000	122.503	11.842	0.000	170.877
398.000	122.707	12.278	0.000	161.722
400.000	122.984	12.898	0.000	137.439
402.000	123.065	13.275	0.000	161.826
404.000	122.874	13.072	0.000	142.791
406.000	122.592	12.274	0.000	104.255
408.000	122.505	11.432	0.000	-169.078
410.000	122.689	10.118	0.000	-75.163
412.000	122.927	11.323	0.000	-121.786
414.000	123.003	11.859	0.000	-131.632
416.000	122.890	11.959	0.000	-84.218
418.000	122.719	13.118	0.000	-84.418
420.000	122.630	12.645	0.000	-101.649
422.000	122.659	11.325	0.000	-115.502
424.000	122.763	13.007	0.000	-104.395
426.000	122.884	13.782	0.000	-128.781
428.000	122.958	12.097	0.000	-112.910
430.000	122.911	12.789	0.000	-123.345
432.000	122.736	12.669	0.000	-124.427
434.000	122.569	13.020	0.000	-118.357
436.000	122.607	13.423	0.000	-121.595
438.000	122.854	12.895	0.000	-137.103
440.000	123.062	14.116	0.000	-135.591
442.000	123.013	13.041	0.000	-123.927
444.000	122.738	13.035	0.000	-128.676
446.000	122.518	13.731	0.000	-138.952
448.000	122.603	12.597	0.000	-138.541
450.000	122.881	13.094	0.000	-151.314
452.000	123.046	13.532	0.000	-161.532
454.000	122.966	13.915	0.000	-158.934
456.000	122.757	13.193	0.000	-154.003
458.000	122.629	12.020	0.000	-138.178
460.000	122.668	11.984	0.000	173.661
462.000	122.794	12.710	0.000	171.901
464.000	122.907	13.044	0.000	179.625
466.000	122.959	12.333	0.000	-168.977
468.000	122.913	13.213	0.000	-178.636
470.000	122.760	13.331	0.000	178.983
472.000	122.606	12.356	0.000	-175.316
474.000	122.641	12.674	0.000	170.445
476.000	122.879	12.742	0.000	170.372
478.000	123.078	12.286	0.000	152.822
480.000	123.010	12.397	0.000	-176.498
482.000	122.719	13.790	0.000	-170.087
484.000	122.525	13.147	0.000	167.787
486.000	122.667	13.386	0.000	163.686
488.000	122.959	14.247	0.000	177.150
490.000	123.072	13.697	0.000	175.171
492.000	122.926	13.255	0.000	170.021
494.000	122.709	11.793	0.000	175.778
496.000	122.643	12.234	0.000	174.206
498.000	122.738	12.605	0.000	173.587
500.000	122.864	12.122	0.000	156.162
502.000	122.947	11.080	0.000	-175.616
504.000	122.964	10.671	0.000	-176.795
506.000	122.874	11.820	0.000	166.950
508.000	122.696	11.752	0.000	152.033
510.000	122.606	11.992	0.000	158.591
512.000	122.768	12.655	0.000	141.553
514.000	123.038	11.887	0.000	143.832
516.000	123.099	11.160	0.000	160.881
518.000	122.852	10.819	0.000	158.249
520.000	122.567	11.137	0.000	170.784
522.000	122.608	12.726	0.000	161.672
524.000	122.908	12.342	0.000	152.779
526.000	123.087	11.037	0.000	159.329
528.000	122.980	12.159	0.000	154.678
530.000	122.760	11.471	0.000	174.559
532.000	122.674	11.996	0.000	170.262
534.000	122.746	11.745	0.000	172.426
536.000	122.850	11.403	0.000	157.793
538.000	122.936	11.598	0.000	170.605
540.000	122.989	11.505	0.000	176.932
542.000	122.924	11.845	0.000	144.063
544.000	122.723	12.465	0.000	136.510
546.000	122.600	12.246	0.000	126.463
548.000	122.779	13.197	0.000	170.160
550.000	123.079	13.514	0.000	165.254
552.000	123.119	12.305	0.000	158.173
554.000	122.826	12.314	0.000	140.274
556.000	122.556	12.446	0.000	148.627
558.000	122.673	12.522	0.000	159.689
560.000	122.982	12.152	0.000	167.050
562.000	123.085	12.405	0.000	174.285
564.000	122.927	12.530	0.000	176.810
566.000	122.753	11.020	0.000	164.627
568.000	122.730	11.905	0.000	149.923
570.000	122.784	12.713	0.000	156.301
572.000	122.856	12.798	0.000	152.288
574.000	122.969	11.030	0.000	161.408
576.000	123.033	10.285	0.000	157.194
578.000	122.891	10.719	0.000	169.991
580.000	122.636	12.894	0.000	160.263
582.000	122.634	12.593	0.000	152.316
584.000	122.958	12.792	0.000	142.817
586.000	123.177	13.695	0.000	139.543
588.000	122.999	13.086	0.000	141.149
590.000	122.649	11.633	0.000	145.331
592.000	122.609	12.339	0.000	141.107
594.000	122.888	11.871	0.000	147.346
596.000	123.067	12.588	0.000	146.788
598.000	122.988	12.742	0.000	136.032
600.000	122.839	12.588	0.000	143.695
602.000	122.780	12.762	0.000	150.755
604.000	122.766	11.953	0.000	157.146
606.000	122.797	11.836	0.000	129.291
608.000	122.950	12.639	0.000	110.518
610.000	123.088	12.863	0.000	124.693
612.000	122.966	11.512	0.000	169.582
614.000	122.660	11.671	0.000	154.874
616.000	122.612	11.648	0.000	152.216
618.000	122.943	12.395	0.000	162.810
620.000	123.180	12.117	0.000	139.773
622.000	123.016	11.340	0.000	134.694
624.000	122.692	11.303	0.000	140.933
626.000	122.656	10.543	0.000	174.315
628.000	122.883	10.991	0.000	114.323
630.000	123.024	11.955	0.000	144.120
632.000	122.990	11.747	0.000	141.325
634.000	122.906	11.711	0.000	140.189
636.000	122.815	11.629	0.000	118.349
638.000	122.730	11.676	0.000	119.363
640.000	122.793	12.116	0.000	132.455
642.000	123.021	12.463	0.000	123.425
644.000	123.123	12.404	0.000	159.017
646.000	122.904	11.660	0.000	164.575
648.000	122.624	10.687	0.000	-179.503
650.000	122.709	10.098	0.000	141.150
652.000	123.030	11.780	0.000	128.871
654.000	123.137	11.661	0.000	140.849
656.000	122.935	11.024	0.000	134.622
658.000	122.719	11.646	0.000	115.865
660.000	122.735	12.461	0.000	133.053
662.000	122.893	13.108	0.000	140.532
664.000	123.017	12.501	0.000	144.590
666.000	123.032	11.944	0.000	155.169
668.000	122.912	11.992	0.000	149.601
670.000	122.736	10.541	0.000	139.339
672.000	122.726	10.685	0.000	150.742
674.000	122.943	10.849	0.000	174.271
676.000	123.116	11.397	0.000	162.025
678.000	123.015	12.440	0.000	150.705
680.000	122.761	12.651	0.000	147.880
682.000	122.685	11.039	0.000	109.241
684.000	122.874	12.649	0.000	123.782
686.000	123.074	13.886	0.000	147.707
688.000	123.069	13.465	0.000	163.256
690.000	122.873	12.550	0.000	154.722
692.000	122.701	12.353	0.000	123.556
694.000	122.772	11.568	0.000	117.074
696.000	123.009	12.149	0.000	109.961
698.000	123.111	11.496	0.000	130.320
700.000	122.954	11.924	0.000	140.871
702.000	122.744	12.597	0.000	111.856
704.000	122.750	12.892	0.000	116.758
706.000	122.926	11.133	0.000	118.380
708.000	123.053	12.409	0.000	125.265
710.000	123.031	12.995	0.000	127.309
712.000	122.881	12.417	0.000	121.232
714.000	122.725	12.036	0.000	116.398
716.000	122.774	11.449	0.000	112.833
718.000	123.034	11.174	0.000	103.218
720.000	123.158	11.286	0.000	113.401
722.000	122.933	11.285	0.000	139.122
724.000	122.657	11.952	0.000	121.244
726.000	122.768	12.332	0.000	119.326
728.000	123.065	12.167	0.000	97.261
730.000	123.104	12.355	0.000	87.082
732.000	122.910	11.947	0.000	79.386
734.000	122.790	11.592	0.000	95.771
736.000	122.817	11.721	0.000	116.597
738.000	122.889	11.592	0.000	109.468
740.000	123.016	12.686	0.000	95.588
742.000	123.091	11.790	0.000	96.030
744.000	122.916	12.269	0.000	127.105
746.000	122.665	11.799	0.000	98.095
748.000	122.793	11.472	0.000	104.040
750.000	123.142	10.958	0.000	99.897
752.000	123.152	10.827	0.000	98.579
754.000	122.819	11.070	0.000	95.632
756.000	122.681	11.450	0.000	80.434
758.000	122.899	12.058	0.000	85.525
760.000	123.064	11.360	0.000	100.131
762.000	123.025	10.993	0.000	97.238
764.000	122.932	10.821	0.000	88.133
766.000	122.832	11.733	0.000	95.937
768.000	122.774	12.248	0.000	93.557
770.000	122.922	12.460	0.000	72.206
772.000	123.136	12.250	0.000	61.910
774.000	123.058	10.002	0.000	88.329
776.000	122.750	11.222	0.000	103.266
778.000	122.707	11.897	0.000	71.112
780.000	122.998	11.514	0.000	33.774
782.000	123.151	11.101	0.000	81.276
784.000	122.995	10.982	0.000	112.829
786.000	122.784	11.863	0.000	133.355
788.000	122.775	12.356	0.000	52.391
790.000	122.939	12.458	0.000	71.694
792.000	123.088	11.852	0.000	94.003
794.000	123.050	11.437	0.000	60.968
796.000	122.845	11.039	0.000	40.597
798.000	122.746	11.836	0.000	107.621
800.000	122.905	11.837	0.000	108.540
802.000	123.089	12.053	0.000	67.343
804.000	123.066	11.698	0.000	69.654
806.000	122.881	11.801	0.000	71.823
808.000	122.748	10.272	0.000	31.751
810.000	122.851	11.167	0.000	30.788
812.000	123.093	11.916	0.000	54.470
814.000	123.134	12.002	0.000	83.281
816.000	122.866	11.875	0.000	41.944
818.000	122.691	11.975	0.000	73.226
820.000	122.913	11.435	0.000	66.129
822.000	123.138	10.797	0.000	45.009
824.000	123.041	10.830	0.000	26.221
826.000	122.849	10.868	0.000	41.279
828.000	122.820	11.920	0.000	48.248
830.000	122.885	11.875	0.000	49.334
832.000	123.001	11.431	0.000	21.804
834.000	123.110	11.394	0.000	76.186
836.000	122.979	11.321	0.000	50.997
838.000	122.708	10.056	0.000	132.323
840.000	122.809	10.299	0.000	103.039
842.000	123.157	11.458	0.000	64.330
844.000	123.144	10.957	0.000	42.778
846.000	122.814	11.386	0.000	118.806
848.000	122.742	11.109	0.000	-151.316
850.000	122.963	9.977	0.000	51.776
852.000	123.072	10.747	0.000	17.445
854.000	123.027	11.763	0.000	12.743
856.000	122.927	11.771	0.000	11.441
858.000	122.800	10.926	0.000	41.992
860.000	122.842	11.096	0.000	102.734
862.000	123.085	10.979	0.000	106.336
864.000	123.137	10.921	0.000	46.221
866.000	122.873	11.291	0.000	123.753
868.000	122.724	10.391	0.000	112.575
870.000	122.930	9.438	0.000	-115.532
872.000	123.131	10.198	0.000	-102.524
874.000	123.065	10.833	0.000	-4.520
876.000	122.846	12.083	0.000	38.288
878.000	122.766	11.845	0.000	162.909
880.000	122.951	11.727	0.000	168.874
882.000	123.134	10.253	0.000	75.782
884.000	123.036	10.071	0.000	31.602
886.000	122.819	11.363	0.000	46.972
888.000	122.816	10.346	0.000	48.217
890.000	122.975	10.374	0.000	-2.456
892.000	123.080	11.083	0.000	16.526
894.000	123.050	10.421	0.000	92.544
896.000	122.861	9.967	0.000	166.869
898.000	122.745	10.141	0.000	177.503
900.000	122.987	10.061	0.000	113.437
902.000	123.210	10.103	0.000	112.748
904.000	122.991	9.920	0.000	95.761
906.000	122.711	10.465	0.000	85.490
908.000	122.881	11.566	0.000	137.726
910.000	123.107	11.840	0.000	165.478
912.000	123.050	10.849	0.000	166.592
914.000	122.930	10.692	0.000	132.299
916.000	122.859	10.660	0.000	132.714
918.000	122.842	10.250	0.000	101.406
920.000	123.027	10.893	0.000	19.145
922.000	123.165	11.750	0.000	53.943
924.000	122.931	10.399	0.000	89.556
926.000	122.708	9.994	0.000	97.319
928.000	122.939	11.432	0.000	114.755
930.000	123.169	11.806	0.000	115.321
932.000	123.041	12.630	0.000	116.733
934.000	122.826	11.196	0.000	123.392
936.000	122.820	10.994	0.000	151.454
938.000	122.988	11.024	0.000	82.066
940.000	123.120	11.346	0.000	70.743
942.000	123.019	11.526	0.000	163.222
944.000	122.809	10.502	0.000	54.088
946.000	122.841	11.359	0.000	102.679
948.000	123.043	10.951	0.000	96.149
950.000	123.104	11.075	0.000	105.612
952.000	122.978	11.609	0.000	139.002
954.000	122.803	12.345	0.000	107.468
956.000	122.836	11.301	0.000	72.871
958.000	123.113	10.634	0.000	51.103
960.000	123.159	10.168	0.000	57.268
962.000	122.835	10.682	0.000	108.445
964.000	122.753	11.249	0.000	144.546
966.000	123.046	11.564	0.000	101.460
968.000	123.119	11.839	0.000	100.224
970.000	122.961	10.760	0.000	99.015
972.000	122.885	11.390	0.000	71.705
974.000	122.857	11.403	0.000	56.130
976.000	122.958	11.334	0.000	49.747
978.000	123.157	10.327	0.000	82.589
980.000	123.025	9.574	0.000	117.414
982.000	122.724	10.201	0.000	111.274
984.000	122.886	10.359	0.000	63.677
986.000	123.175	11.414	0.000	49.722
988.000	123.065	11.031	0.000	56.042
990.000	122.836	11.051	0.000	47.123
992.000	122.838	11.080	0.000	41.062
994.000	122.988	10.995	0.000	67.228
996.000	123.114	12.370	0.000	59.666
998.000	123.023	10.846	0.000	52.527
1000.000	122.809	10.572	0.000	65.408
1002.000	122.861	11.415	0.000	73.737
1004.000	123.075	11.185	0.000	70.850
1006.000	123.095	11.757	0.000	68.310
1008.000	122.942	10.457	0.000	87.116
1010.000	122.800	10.278	0.000	80.183
1012.000	122.900	11.421	0.000	57.128
1014.000	123.165	12.475	0.000	55.470
1016.000	123.090	11.932	0.000	44.264
1018.000	122.756	10.927	0.000	11.283
1020.000	122.853	11.010	0.000	20.890
1022.000	123.128	12.717	0.000	40.005
1024.000	123.056	12.581	0.000	43.632
1026.000	122.918	12.618	0.000	27.435
1028.000	122.883	11.746	0.000	42.691
1030.000	122.880	12.511	0.000	31.661
1032.000	123.080	11.920	0.000	29.890
1034.000	123.146	11.299	0.000	20.748
1036.000	122.822	10.738	0.000	30.681
1038.000	122.775	10.845	0.000	42.821
1040.000	123.114	11.739	0.000	22.601
1042.000	123.132	10.656	0.000	29.498
1044.000	122.896	11.336	0.000	14.121
1046.000	122.830	13.168	0.000	12.986
1048.000	122.940	12.970	0.000	14.704
1050.000	123.104	12.412	0.000	1.396
1052.000	123.069	11.878	0.000	6.199
1054.000	122.831	11.135	0.000	9.598
1056.000	122.848	12.172	0.000	0.696
1058.000	123.062	12.312	0.000	3.217
1060.000	123.090	11.000	0.000	-0.890
1062.000	122.966	11.522	0.000	-8.188
1064.000	122.813	12.398	0.000	-23.492
1066.000	122.891	11.672	0.000	-30.165
1068.000	123.180	12.065	0.000	-22.919
1070.000	123.077	11.807	0.000	-0.973
1072.000	122.740	11.476	0.000	25.574
1074.000	122.908	11.210	0.000	20.716
1076.000	123.134	10.455	0.000	10.554
1078.000	123.016	10.498	0.000	13.022
1080.000	122.931	11.864	0.000	-11.633
1082.000	122.873	12.049	0.000	18.442
1084.000	122.903	11.308	0.000	17.773
1086.000	123.154	11.373	0.000	-1.063
1088.000	123.067	13.122	0.000	2.038
1090.000	122.743	12.277	0.000	-12.211
1092.000	122.909	13.100	0.000	-15.060
1094.000	123.156	12.759	0.000	-16.398
1096.000	123.038	11.703	0.000	-16.264
1098.000	122.864	11.545	0.000	-44.962
1100.000	122.848	11.491	0.000	-41.291
1102.000	123.029	11.796	0.000	-19.353
1104.000	123.140	12.191	0.000	-30.439
1106.000	122.923	11.517	0.000	-30.291
1108.000	122.810	11.250	0.000	-21.048
1110.000	122.988	12.380	0.000	-28.663
1112.000	123.080	13.195	0.000	-35.265
1114.000	123.042	12.951	0.000	-35.914
1116.000	122.865	13.307	0.000	-38.549
1118.000	122.808	12.753	0.000	-64.295
1120.000	123.133	13.414	0.000	-58.403
1122.000	123.149	13.040	0.000	-50.064
1124.000	122.783	11.932	0.000	-50.601
1126.000	122.865	12.399	0.000	-57.374
1128.000	123.098	12.300	0.000	-67.844
1130.000	123.037	12.764	0.000	-75.453
1132.000	122.965	12.698	0.000	-71.556
1134.000	122.859	12.702	0.000	-72.694
1136.000	122.896	12.776	0.000	-68.785
1138.000	123.156	11.520	0.000	-66.778
1140.000	123.049	12.247	0.000	-62.534
1142.000	122.770	10.988	0.000	-72.904
1144.000	122.918	11.162	0.000	-94.509
1146.000	123.123	11.122	0.000	-81.742
1148.000	123.054	10.277	0.000	-85.144
1150.000	122.853	10.733	0.000	-91.236
1152.000	122.842	12.561	0.000	-93.966
1154.000	123.088	11.806	0.000	-91.055
1156.000	123.100	11.227	0.000	-83.246
1158.000	122.875	11.817	0.000	-74.183
1160.000	122.867	11.468	0.000	-67.474
1162.000	122.989	10.627	0.000	-88.492
1164.000	123.091	10.161	0.000	-78.548
1166.000	123.026	11.319	0.000	-71.628
1168.000	122.778	11.688	0.000	-47.773
1170.000	122.924	11.815	0.000	-44.477
1172.000	123.200	11.931	0.000	-61.313
1174.000	122.982	12.542	0.000	-69.870
1176.000	122.785	12.227	0.000	-57.363
1178.000	122.968	11.465	0.000	-47.352
1180.000	123.081	11.599	0.000	-23.301
1182.000	123.029	11.632	0.000	-33.581
1184.000	122.886	11.795	0.000	-56.399
1186.000	122.851	11.292	0.000	-44.156
1188.000	123.058	10.335	0.000	-34.256
1190.000	123.113	10.854	0.000	-67.771
1192.000	122.886	11.093	0.000	-60.436
1194.000	122.809	12.244	0.000	-73.671
1196.000	123.052	12.108	0.000	-68.632
1198.000	123.141	12.092	0.000	-65.101
1200.000	122.885	12.194	0.000	-64.624
1202.000	122.815	12.089	0.000	-69.347
1204.000	123.046	11.475	0.000	-85.053
1206.000	123.087	10.420	0.000	-74.109
1208.000	122.945	11.625	0.000	-80.067
1210.000	122.851	11.904	0.000	-67.452
1212.000	122.936	11.757	0.000	-63.315
1214.000	123.118	12.471	0.000	-63.694
1216.000	123.022	12.718	0.000	-48.728
1218.000	122.793	11.858	0.000	-58.808
1220.000	122.924	10.685	0.000	-79.104
1222.000	123.144	12.233	0.000	-74.856
1224.000	123.017	12.827	0.000	-71.148
1226.000	122.792	10.911	0.000	-80.684
1228.000	122.936	12.574	0.000	-85.291
1230.000	123.120	12.726	0.000	-81.811
1232.000	122.993	10.974	0.000	-87.389
1234.000	122.871	12.509	0.000	-78.345
1236.000	122.896	12.599	0.000	-92.646
1238.000	123.033	14.885	0.000	-96.126
1240.000	123.116	14.926	0.000	-88.761
1242.000	122.852	14.154	0.000	-80.795
1244.000	122.813	13.367	0.000	-94.206
1246.000	123.141	14.106	0.000	-98.819
1248.000	123.062	14.204	0.000	-96.211
1250.000	122.830	13.945	0.000	-103.854
1252.000	122.895	13.918	0.000	-111.477
1254.000	123.041	14.061	0.000	-106.694
1256.000	123.080	14.226	0.000	-98.975
1258.000	122.888	14.594	0.000	-105.771
1260.000	122.838	15.418	0.000	-112.884
1262.000	123.053	15.416	0.000	-118.870
1264.000	123.074	15.227	0.000	-114.858
1266.000	122.919	15.154	0.000	-114.750
1268.000	122.814	15.446	0.000	-132.250
1270.000	123.018	15.997	0.000	-132.055
1272.000	123.164	16.329	0.000	-125.294
1274.000	122.843	14.747	0.000	-130.660
1276.000	122.832	15.381	0.000	-145.637
1278.000	123.097	16.192	0.000	-150.717
1280.000	123.019	15.545	0.000	-148.502
1282.000	122.935	16.024	0.000	-154.197
1284.000	122.859	15.558	0.000	-160.823
1286.000	122.957	16.462	0.000	-169.290
1288.000	123.157	18.651	0.000	-171.801
1290.000	122.903	17.940	0.000	-168.979
1292.000	122.792	18.307	0.000	165.274
1294.000	123.063	19.504	0.000	161.677
1296.000	123.084	18.554	0.000	166.412
1298.000	122.899	18.544	0.000	159.033
1300.000	122.825	19.662	0.000	131.941
1302.000	123.035	20.933	0.000	120.314
1304.000	123.094	20.881	0.000	111.908
1306.000	122.877	20.522	0.000	96.226
1308.000	122.869	20.772	0.000	77.258
1310.000	122.994	21.644	0.000	56.908
1312.000	123.083	22.015	0.000	43.755
1314.000	122.945	21.495	0.000	27.273
1316.000	122.774	21.806	0.000	0.792
1318.000	123.059	23.373	0.000	-19.086
1320.000	123.121	23.135	0.000	-28.452
1322.000	122.829	21.441	0.000	-50.535
1324.000	122.871	22.162	0.000	-73.249
1326.000	123.049	22.949	0.000	-85.234
1328.000	123.043	23.061	0.000	-101.099
1330.000	122.897	23.523	0.000	-126.146
1332.000	122.849	23.623	0.000	-152.709
1334.000	123.024	24.615	0.000	177.584
1336.000	123.086	25.029	0.000	157.572
1338.000	122.875	23.292	0.000	136.248
1340.000	122.816	22.954	0.000	100.360
1342.000	123.095	23.838	0.000	84.655
1344.000	123.065	23.783	0.000	77.779
1346.000	122.804	24.133	0.000	54.510
1348.000	122.912	25.563	0.000	35.441
1350.000	123.060	26.983	0.000	20.845
1352.000	123.015	27.270	0.000	5.473
1354.000	122.862	27.554	0.000	-12.949
1356.000	122.871	28.432	0.000	-33.130
1358.000	123.081	29.058	0.000	-45.034
1360.000	123.022	28.728	0.000	-54.757
1362.000	122.826	27.929	0.000	-71.539
1364.000	122.888	28.369	0.000	-90.357
1366.000	123.111	29.021	0.000	-95.193
1368.000	123.003	27.280	0.000	-99.611
1370.000	122.764	25.400	0.000	-122.098
1372.000	122.999	26.165	0.000	-128.277
1374.000	123.073	24.703	0.000	-121.348
1376.000	122.921	23.257	0.000	-119.483
1378.000	122.879	23.378	0.000	-111.081
1380.000	122.903	24.992	0.000	-108.154
1382.000	123.117	27.814	0.000	-108.820
1384.000	122.953	28.174	0.000	-111.433
1386.000	122.763	29.129	0.000	-134.328
1388.000	123.050	31.410	0.000	-145.652
1390.000	123.065	31.378	0.000	-149.931
1392.000	122.875	30.213	0.000	-167.228
1394.000	122.841	30.354	0.000	177.426
1396.000	123.033	30.553	0.000	171.505
1398.000	123.057	29.482	0.000	166.327
1400.000	122.839	28.306	0.000	159.742
1402.000	122.889	28.282	0.000	150.170
1404.000	123.019	28.790	0.000	143.266
1406.000	123.045	28.286	0.000	140.727
1408.000	122.845	26.559	0.000	133.163
1410.000	122.842	26.151	0.000	119.711
1412.000	123.139	26.498	0.000	117.935
1414.000	122.960	24.584	0.000	120.032
1416.000	122.793	22.593	0.000	115.621
1418.000	122.980	22.800	0.000	121.397
1420.000	123.044	22.833	0.000	132.869
1422.000	122.943	23.820	0.000	132.536
1424.000	122.828	25.103	0.000	126.639
1426.000	122.957	26.288	0.000	117.254
1428.000	123.080	27.558	0.000	110.472
1430.000	122.909	26.961	0.000	103.428
1432.000	122.793	26.404	0.000	82.898
1434.000	123.047	27.723	0.000	76.391
1436.000	123.063	26.554	0.000	76.402
1438.000	122.803	24.909	0.000	60.041
1440.000	122.903	25.590	0.000	49.042
1442.000	123.042	24.837	0.000	44.810
1444.000	122.989	23.558	0.000	36.843
1446.000	122.838	22.354	0.000	30.294
1448.000	122.895	22.033	0.000	24.099
1450.000	123.078	21.817	0.000	21.579
1452.000	122.953	20.161	0.000	20.339
1454.000	122.806	18.980	0.000	12.883
1456.000	122.947	19.231	0.000	2.952
1458.000	123.109	18.946	0.000	3.893
1460.000	122.859	17.105	0.000	2.260
1462.000	122.823	16.908	0.000	-8.684
1464.000	123.069	16.195	0.000	-15.360
1466.000	122.968	15.792	0.000	-21.550
1468.000	122.889	14.465	0.000	-28.905
1470.000	122.850	13.580	0.000	-25.644
1472.000	123.036	14.130	0.000	-28.587
1474.000	123.035	13.648	0.000	-32.776
1476.000	122.760	11.429	0.000	-39.724
1478.000	122.956	12.402	0.000	-51.540
1480.000	123.071	12.331	0.000	-59.675
1482.000	122.899	11.229	0.000	-71.113
1484.000	122.812	9.726	0.000	-36.692
1486.000	123.005	9.355	0.000	-49.038
1488.000	123.035	9.808	0.000	-91.158
1490.000	122.842	10.412	0.000	-62.242
1492.000	122.874	10.191	0.000	-83.169
1494.000	123.001	9.674	0.000	-78.040
1496.000	123.027	9.353	0.000	-60.381
1498.000	122.797	8.386	0.000	169.215
1500.000	122.895	8.905	0.000	144.430
1502.000	123.105	9.970	0.000	-101.620
1504.000	122.883	11.208	0.000	-50.434
1506.000	122.814	10.611	0.000	-23.094
1508.000	123.002	10.172	0.000	-86.068
1510.000	123.014	10.930	0.000	-100.065
1512.000	122.858	11.813	0.000	-88.650
1514.000	122.858	11.317	0.000	-124.595
1516.000	123.002	10.814	0.000	-177.458
1518.000	123.022	9.869	0.000	157.975
1520.000	122.783	10.004	0.000	60.131
1522.000	122.910	10.916	0.000	172.150
1524.000	123.097	9.772	0.000	-157.929
1526.000	122.856	9.459	0.000	-151.525
1528.000	122.838	9.743	0.000	135.261
1530.000	122.984	9.636	0.000	-179.578
1532.000	123.016	10.773	0.000	-168.668
1534.000	122.836	10.143	0.000	171.955
1536.000	122.863	9.755	0.000	169.427
1538.000	123.031	10.893	0.000	156.876
1540.000	122.960	11.853	0.000	124.109
1542.000	122.803	10.178	0.000	126.609
1544.000	122.912	9.128	0.000	164.319
1546.000	123.099	10.280	0.000	-175.929
1548.000	122.816	9.972	0.000	159.815
1550.000	122.852	10.077	0.000	142.265
1552.000	123.025	10.933	0.000	141.385
1554.000	122.949	10.584	0.000	152.007
1556.000	122.851	11.186	0.000	176.478
1558.000	122.859	11.498	0.000	161.368
1560.000	123.060	11.866	0.000	143.724
1562.000	122.912	9.830	0.000	151.692
1564.000	122.781	9.446	0.000	102.917
1566.000	122.994	10.252	0.000	122.874
1568.000	123.023	10.149	0.000	155.841
1570.000	122.794	9.700	0.000	114.299
1572.000	122.888	9.771	0.000	115.919
1574.000	123.026	9.748	0.000	119.265
1576.000	122.916	11.128	0.000	123.683
1578.000	122.817	11.453	0.000	112.268
1580.000	122.926	11.681	0.000	96.631
1582.000	123.038	11.735	0.000	113.692
1584.000	122.840	11.873	0.000	129.119
1586.000	122.821	11.512	0.000	116.980
1588.000	123.037	11.379	0.000	114.036
1590.000	122.956	10.862	0.000	107.159
1592.000	122.760	11.466	0.000	80.461
1594.000	122.976	11.439	0.000	97.773
1596.000	122.988	11.760	0.000	89.795
1598.000	122.863	12.395	0.000	81.560
1600.000	122.835	10.755	0.000	74.285
1602.000	122.973	10.290	0.000	83.037
1604.000	123.008	9.102	0.000	85.855
1606.000	122.750	10.396	0.000	97.095
1608.000	122.939	10.921	0.000	96.074
1610.000	123.026	11.110	0.000	87.717
1612.000	122.841	11.653	0.000	67.941
1614.000	122.821	12.159	0.000	59.022
1616.000	123.010	10.673	0.000	52.449
1618.000	122.939	9.900	0.000	39.640
1620.000	122.807	10.632	0.000	40.094
1622.000	122.898	11.013	0.000	54.022
1624.000	123.011	11.787	0.000	67.321
1626.000	122.880	11.362	0.000	62.437
1628.000	122.777	12.306	0.000	36.573
1630.000	123.031	12.400	0.000	30.201
1632.000	122.944	12.142	0.000	25.204
1634.000	122.772	11.619	0.000	33.610
1636.000	122.934	10.657	0.000	33.626
1638.000	122.994	11.509	0.000	32.517
1640.000	122.844	12.409	0.000	25.250
1642.000	122.833	11.840	0.000	23.607
1644.000	122.962	11.208	0.000	9.663
1646.000	122.983	11.713	0.000	8.151
1648.000	122.747	11.630	0.000	-7.755
1650.000	122.937	12.952	0.000	5.647
1652.000	123.017	12.470	0.000	8.382
1654.000	122.803	12.139	0.000	-22.212
1656.000	122.845	12.859	0.000	-14.332
1658.000	122.989	12.059	0.000	-20.623
1660.000	122.919	12.388	0.000	-25.441
1662.000	122.783	12.100	0.000	-28.122
1664.000	122.930	12.359	0.000	-36.228
1666.000	122.980	12.254	0.000	-26.501
1668.000	122.836	11.610	0.000	-34.562
1670.000	122.799	10.905	0.000	-44.264
1672.000	123.054	12.319	0.000	-37.306
1674.000	122.859	11.663	0.000	-24.135
1676.000	122.793	12.696	0.000	-42.518
1678.000	122.962	13.155	0.000	-46.238
1680.000	122.943	12.531	0.000	-53.604
1682.000	122.812	12.208	0.000	-60.223
1684.000	122.852	12.524	0.000	-68.907
1686.000	122.998	13.772	0.000	-75.586
1688.000	122.874	12.860	0.000	-61.007
1690.000	122.763	11.898	0.000	-63.350
1692.000	123.003	13.211	0.000	-64.738
1694.000	122.926	12.956	0.000	-68.844
1696.000	122.767	13.286	0.000	-70.663
1698.000	122.920	13.543	0.000	-84.502
1700.000	122.961	13.462	0.000	-83.177
1702.000	122.834	12.909	0.000	-89.155
1704.000	122.811	12.591	0.000	-96.015
1706.000	122.987	12.862	0.000	-84.030
1708.000	122.893	12.441	0.000	-85.575
1710.000	122.772	12.797	0.000	-94.231
1712.000	122.925	13.716	0.000	-95.496
1714.000	122.995	13.753	0.000	-103.404
1716.000	122.736	13.069	0.000	-105.392
1718.000	122.917	12.705	0.000	-112.560
1720.000	122.943	12.009	0.000	-99.097
1722.000	122.859	12.144	0.000	-104.670
1724.000	122.788	12.252	0.000	-110.241
1726.000	122.963	13.304	0.000	-110.796
1728.000	122.926	12.927	0.000	-116.446
1730.000	122.751	12.504	0.000	-118.365
1732.000	122.915	12.678	0.000	-116.582
1734.000	122.977	12.449	0.000	-121.293
1736.000	122.763	12.389	0.000	-137.712
1738.000	122.867	12.037	0.000	-133.099
1740.000	122.963	12.450	0.000	-129.686
1742.000	122.847	13.106	0.000	-141.940
1744.000	122.788	11.845	0.000	-142.402
1746.000	122.942	11.604	0.000	-131.780
1748.000	122.928	11.971	0.000	-129.770
1750.000	122.752	11.851	0.000	-140.153
1752.000	122.894	11.036	0.000	-149.411
1754.000	122.979	11.152	0.000	-152.536
1756.000	122.759	10.696	0.000	-151.893
1758.000	122.860	9.849	0.000	-143.167
1760.000	122.963	11.187	0.000	-146.566
1762.000	122.830	11.211	0.000	-163.620
1764.000	122.798	10.763	0.000	-153.648
1766.000	122.921	10.618	0.000	-159.019
1768.000	122.943	10.421	0.000	169.834
1770.000	122.722	9.936	0.000	92.669
1772.000	122.924	9.585	0.000	100.225
1774.000	122.940	9.406	0.000	117.180
1776.000	122.768	10.092	0.000	78.882
1778.000	122.844	10.646	0.000	41.667
1780.000	122.965	11.325	0.000	35.377
1782.000	122.811	11.710	0.000	22.527
1784.000	122.798	13.829	0.000	23.622
1786.000	122.928	15.911	0.000	17.242
1788.000	122.905	16.161	0.000	22.382
1790.000	122.731	16.715	0.000	7.967
1792.000	122.925	19.287	0.000	11.434
1794.000	122.930	19.858	0.000	12.699
1796.000	122.741	20.759	0.000	1.927
1798.000	122.881	23.219	0.000	3.431
1800.000	122.933	24.047	0.000	4.472
1802.000	122.798	25.645	0.000	-4.378
1804.000	122.802	27.102	0.000	-6.628
1806.000	122.942	29.495	0.000	-10.131
1808.000	122.866	30.412	0.000	-7.328
1810.000	122.732	32.277	0.000	-22.971
1812.000	122.962	35.086	0.000	-21.850
1814.000	122.869	35.443	0.000	-26.364
1816.000	122.750	37.528	0.000	-40.948
1818.000	122.895	39.511	0.000	-47.332
1820.000	122.915	40.660	0.000	-55.702
1822.000	122.766	41.370	0.000	-68.029
1824.000	122.831	42.958	0.000	-80.040
1826.000	122.943	44.199	0.000	-84.949
1828.000	122.803	44.585	0.000	-94.345
1830.000	122.770	46.241	0.000	-111.950
1832.000	122.969	48.047	0.000	-118.151
1834.000	122.815	47.592	0.000	-129.633
1836.000	122.760	48.944	0.000	-152.504
1838.000	122.935	49.755	0.000	-159.943
1840.000	122.847	49.159	0.000	-178.511
1842.000	122.773	48.889	0.000	163.405
1844.000	122.852	47.914	0.000	143.315
1846.000	122.942	46.595	0.000	132.014
1848.000	122.725	42.234	0.000	122.361
1850.000	122.859	37.126	0.000	122.579
1852.000	122.933	36.614	0.000	-169.077
1854.000	122.760	42.360	0.000	-158.978
1856.000	122.805	46.886	0.000	-165.353
1858.000	122.939	49.340	0.000	-174.886
1860.000	122.790	50.888	0.000	169.872
1862.000	122.783	52.553	0.000	151.296
1864.000	122.900	54.273	0.000	137.231
1866.000	122.870	54.365	0.000	125.330
1868.000	122.712	54.244	0.000	101.398
1870.000	122.931	55.178	0.000	87.972
1872.000	122.862	54.034	0.000	80.522
1874.000	122.733	52.898	0.000	60.613
1876.000	122.878	53.283	0.000	54.066
1878.000	122.887	51.926	0.000	48.799
1880.000	122.753	51.302	0.000	38.177
1882.000	122.823	50.864	0.000	31.576
1884.000	122.919	51.173	0.000	27.101
1886.000	122.767	49.872	0.000	24.297
1888.000	122.784	50.288	0.000	9.576
1890.000	122.953	50.229	0.000	13.550
1892.000	122.755	48.549	0.000	3.584
1894.000	122.785	48.908	0.000	-2.505
1896.000	122.908	48.807	0.000	-3.884
1898.000	122.812	48.077	0.000	-7.245
1900.000	122.752	47.847	0.000	-15.001
1902.000	122.889	48.209	0.000	-16.558
1904.000	122.857	47.770	0.000	-15.952
1906.000	122.712	47.395	0.000	-22.517
1908.000	122.899	49.034	0.000	-24.176
1910.000	122.866	48.715	0.000	-21.354
1912.000	122.718	49.190	0.000	-34.814
1914.000	122.868	50.661	0.000	-36.960
1916.000	122.868	50.636	0.000	-43.822
1918.000	122.747	51.046	0.000	-55.713
1920.000	122.812	51.567	0.000	-67.810
1922.000	122.905	52.088	0.000	-75.985
1924.000	122.746	50.911	0.000	-85.270
1926.000	122.790	51.312	0.000	-103.751
1928.000	122.926	51.132	0.000	-103.494
1930.000	122.737	49.236	0.000	-119.173
1932.000	122.792	49.284	0.000	-129.665
1934.000	122.894	47.976	0.000	-136.201
1936.000	122.780	46.129	0.000	-144.895
1938.000	122.759	43.652	0.000	-154.639
1940.000	122.883	41.285	0.000	-149.846
1942.000	122.818	38.563	0.000	-121.811
1944.000	122.715	41.432	0.000	-99.750
1946.000	122.914	45.754	0.000	-95.103
1948.000	122.801	46.915	0.000	-101.895
1950.000	122.733	48.998	0.000	-124.779
1952.000	122.877	50.166	0.000	-131.427
1954.000	122.823	49.667	0.000	-147.185
1956.000	122.735	49.594	0.000	-161.061
1958.000	122.835	49.324	0.000	-175.715
1960.000	122.873	48.801	0.000	179.150
1962.000	122.699	46.518	0.000	167.165
1964.000	122.858	46.308	0.000	160.757
1966.000	122.855	44.516	0.000	165.414
1968.000	122.721	43.137	0.000	163.228
1970.000	122.821	43.321	0.000	169.157
1972.000	122.869	43.500	0.000	174.596
1974.000	122.724	43.919	0.000	173.391
1976.000	122.806	45.314	0.000	170.158
1978.000	122.868	46.135	0.000	169.658
1980.000	122.744	45.816	0.000	162.907
1982.000	122.769	46.854	0.000	152.753
1984.000	122.910	47.006	0.000	155.856
1986.000	122.710	45.909	0.000	149.590
1988.000	122.798	47.264	0.000	150.101
1990.000	122.862	47.742	0.000	154.902
1992.000	122.753	48.869	0.000	149.912
1994.000	122.757	50.449	0.000	143.931
1996.000	122.876	52.369	0.000	137.649
1998.000	122.764	52.636	0.000	132.519
2000.000	122.728	54.310	0.000	112.734
2002.000	122.910	55.581	0.000	112.181
2004.000	122.732	54.967	0.000	95.477
2006.000	122.759	56.161	0.000	82.596
2008.000	122.863	56.367	0.000	73.276
2010.000	122.770	56.164	0.000	62.843
2012.000	122.732	56.242	0.000	47.068
2014.000	122.866	56.784	0.000	39.956
2016.000	122.783	56.049	0.000	31.328
2018.000	122.704	55.892	0.000	15.869
2020.000	122.896	56.856	0.000	9.847
2022.000	122.756	55.603	0.000	3.360
2024.000	122.733	56.066	0.000	-13.669
2026.000	122.858	56.042	0.000	-16.190
2028.000	122.775	55.459	0.000	-28.701
2030.000	122.723	55.315	0.000	-39.184
2032.000	122.847	55.745	0.000	-50.971
2034.000	122.798	55.119	0.000	-56.030
2036.000	122.694	54.337	0.000	-75.560
2038.000	122.882	54.919	0.000	-81.385
2040.000	122.761	53.076	0.000	-89.721
2042.000	122.723	52.723	0.000	-106.012
2044.000	122.848	52.162	0.000	-110.755
2046.000	122.778	50.885	0.000	-120.162
2048.000	122.719	49.808	0.000	-131.467
2050.000	122.833	49.495	0.000	-139.690
2052.000	122.800	47.980	0.000	-143.932
2054.000	122.688	46.235	0.000	-157.792
2056.000	122.870	45.613	0.000	-162.800
2058.000	122.764	43.058	0.000	-163.525
2060.000	122.717	40.225	0.000	-170.403
2062.000	122.840	38.446	0.000	-154.047
2064.000	122.774	37.969	0.000	-128.570
2066.000	122.715	40.752	0.000	-117.398
2068.000	122.823	44.054	0.000	-121.753
2070.000	122.802	45.620	0.000	-124.585
2072.000	122.679	46.894	0.000	-145.997
2074.000	122.868	48.701	0.000	-152.045
2076.000	122.754	47.938	0.000	-165.011
2078.000	122.718	48.644	0.000	177.582
2080.000	122.831	48.815	0.000	168.659
2082.000	122.771	48.414	0.000	158.299
2084.000	122.707	48.230	0.000	143.763
2086.000	122.830	48.699	0.000	135.338
2088.000	122.779	48.187	0.000	127.419
2090.000	122.684	47.955	0.000	110.540
2092.000	122.866	48.918	0.000	102.992
2094.000	122.738	47.719	0.000	93.811
2096.000	122.721	48.108	0.000	75.050
2098.000	122.834	47.945	0.000	69.189
2100.000	122.746	47.143	0.000	54.275
2102.000	122.714	46.755	0.000	41.392
2104.000	122.836	46.738	0.000	29.494
2106.000	122.746	45.674	0.000	23.155
2108.000	122.706	45.106	0.000	4.350
2110.000	122.857	45.368	0.000	1.802
2112.000	122.712	43.614	0.000	-9.183
2114.000	122.734	43.912	0.000	-20.780
2116.000	122.833	43.388	0.000	-26.441
2118.000	122.719	42.717	0.000	-35.874
2120.000	122.732	42.466	0.000	-48.022
2122.000	122.830	42.620	0.000	-52.776
2124.000	122.717	41.394	0.000	-61.062
2126.000	122.733	41.576	0.000	-73.976
2128.000	122.841	41.796	0.000	-76.069
2130.000	122.690	40.657	0.000	-86.703
2132.000	122.760	41.614	0.000	-97.100
2134.000	122.813	41.028	0.000	-101.820
2136.000	122.708	40.804	0.000	-115.220
2138.000	122.738	40.590	0.000	-127.162
2140.000	122.838	40.880	0.000	-135.221
2142.000	122.674	39.023	0.000	-145.817
2144.000	122.781	39.237	0.000	-159.468
2146.000	122.805	37.837	0.000	-158.800
2148.000	122.681	36.250	0.000	-169.632
2150.000	122.783	36.327	0.000	-169.512
2152.000	122.794	36.045	0.000	-168.502
2154.000	122.685	36.507	0.000	-173.904
2156.000	122.780	38.066	0.000	178.940
2158.000	122.801	38.877	0.000	172.763
2160.000	122.662	39.335	0.000	152.507
2162.000	122.822	41.005	0.000	136.738
2164.000	122.758	40.550	0.000	122.220
2166.000	122.686	40.652	0.000	92.006
2168.000	122.819	40.764	0.000	76.633
2170.000	122.738	39.285	0.000	51.468
2172.000	122.702	38.395	0.000	26.959
2174.000	122.811	37.493	0.000	1.325
2176.000	122.738	35.917	0.000	-15.840
2178.000	122.698	34.059	0.000	-49.415
2180.000	122.828	33.329	0.000	-64.431
2182.000	122.702	30.372	0.000	-88.458
2184.000	122.727	29.017	0.000	-108.684
2186.000	122.806	26.677	0.000	-121.841
2188.000	122.708	24.465	0.000	-134.305
2190.000	122.721	22.832	0.000	-141.522
2192.000	122.821	21.943	0.000	-137.828
2194.000	122.679	20.337	0.000	-140.373
2196.000	122.748	20.736	0.000	-142.140
2198.000	122.811	20.579	0.000	-135.867
2200.000	122.655	20.332	0.000	-141.729
2202.000	122.793	21.544	0.000	-143.371
2204.000	122.762	21.169	0.000	-143.597
2206.000	122.685	21.900	0.000	-145.317
2208.000	122.773	23.497	0.000	-152.356
2210.000	122.780	23.549	0.000	-152.198
2212.000	122.657	23.142	0.000	-162.146
2214.000	122.814	23.896	0.000	-167.698
2216.000	122.726	22.938	0.000	-171.868
2218.000	122.688	23.051	0.000	179.251
2220.000	122.811	22.917	0.000	175.313
2222.000	122.704	22.120	0.000	167.212
2224.000	122.705	22.489	0.000	165.372
2226.000	122.809	22.541	0.000	165.315
2228.000	122.687	21.254	0.000	165.454
2230.000	122.725	21.113	0.000	159.611
2232.000	122.803	21.097	0.000	153.750
2234.000	122.664	19.734	0.000	146.851
2236.000	122.766	18.800	0.000	146.836
2238.000	122.759	17.358	0.000	156.567
2240.000	122.688	16.123	0.000	156.918
2242.000	122.751	16.539	0.000	168.160
2244.000	122.776	16.817	0.000	-174.326
2246.000	122.655	17.325	0.000	-177.699
2248.000	122.798	18.422	0.000	-174.845
2250.000	122.726	18.341	0.000	-174.628
2252.000	122.684	20.240	0.000	-174.679
2254.000	122.794	20.801	0.000	-173.349
2256.000	122.708	21.066	0.000	-173.695
2258.000	122.693	21.658	0.000	-175.550
2260.000	122.805	22.022	0.000	-178.890
2262.000	122.675	21.784	0.000	175.830
2264.000	122.724	22.830	0.000	171.528
2266.000	122.800	23.263	0.000	176.803
2268.000	122.647	23.483	0.000	169.057
2270.000	122.782	24.563	0.000	171.158
2272.000	122.738	24.107	0.000	170.326
2274.000	122.679	24.650	0.000	164.548
2276.000	122.772	25.361	0.000	156.317
2278.000	122.735	25.426	0.000	154.944
2280.000	122.671	25.438	0.000	146.107
2282.000	122.795	26.239	0.000	146.916
2284.000	122.696	25.455	0.000	141.065
2286.000	122.708	26.068	0.000	135.740
2288.000	122.775	25.983	0.000	134.815
2290.000	122.691	25.893	0.000	128.632
2292.000	122.712	26.202	0.000	123.171
2294.000	122.786	26.328	0.000	123.895
2296.000	122.656	25.501	0.000	116.806
2298.000	122.756	26.043	0.000	113.861
2300.000	122.757	26.031	0.000	116.245
2302.000	122.657	25.877	0.000	107.681
2304.000	122.781	26.511	0.000	107.870
2306.000	122.715	26.119	0.000	103.846
2308.000	122.679	26.090	0.000	96.286
2310.000	122.785	26.850	0.000	91.987
2312.000	122.691	26.040	0.000	91.330
2314.000	122.705	26.044	0.000	80.998
2316.000	122.784	25.903	0.000	83.720
2318.000	122.665	25.087	0.000	76.477
2320.000	122.738	25.307	0.000	73.730
2322.000	122.757	24.630	0.000	71.389
2324.000	122.664	23.964	0.000	66.669
2326.000	122.756	23.931	0.000	65.943
2328.000	122.742	23.329	0.000	67.458
2330.000	122.651	22.632	0.000	65.110
2332.000	122.806	23.551	0.000	66.395
2334.000	122.674	23.031	0.000	65.249
2336.000	122.711	23.602	0.000	62.862
2338.000	122.770	23.422	0.000	66.915
2340.000	122.670	23.539	0.000	63.350
2342.000	122.727	24.100	0.000	59.080
2344.000	122.765	24.945	0.000	58.204
2346.000	122.646	24.343	0.000	52.975
2348.000	122.781	25.520	0.000	50.829
2350.000	122.706	25.066	0.000	46.280
2352.000	122.682	25.185	0.000	35.238
2354.000	122.772	24.817	0.000	33.242
2356.000	122.689	24.298	0.000	29.646
2358.000	122.696	24.038	0.000	22.013
2360.000	122.779	24.142	0.000	21.458
2362.000	122.656	22.936	0.000	17.587
2364.000	122.742	23.255	0.000	14.597
2366.000	122.748	22.956	0.000	16.601
2368.000	122.651	22.688	0.000	8.662
2370.000	122.781	22.821	0.000	13.575
2372.000	122.696	22.523	0.000	7.321
2374.000	122.682	22.932	0.000	3.149
2376.000	122.786	23.378	0.000	-1.724
2378.000	122.659	22.917	0.000	-6.197
2380.000	122.734	23.325	0.000	-12.586
2382.000	122.749	23.234	0.000	-9.913
2384.000	122.660	22.772	0.000	-22.201
2386.000	122.758	22.772	0.000	-25.256
2388.000	122.716	22.277	0.000	-31.701
2390.000	122.676	21.524	0.000	-39.418
2392.000	122.764	21.581	0.000	-42.007
2394.000	122.695	21.027	0.000	-46.836
2396.000	122.690	20.768	0.000	-57.506
2398.000	122.780	20.463	0.000	-58.210
2400.000	122.645	19.466	0.000	-67.222
2402.000	122.754	19.565	0.000	-72.195
2404.000	122.727	18.356	0.000	-77.946
2406.000	122.662	17.972	0.000	-81.638
2408.000	122.773	16.944	0.000	-87.802
2410.000	122.692	16.110	0.000	-87.863
2412.000	122.690	16.118	0.000	-93.991
2414.000	122.773	15.635	0.000	-95.946
2416.000	122.658	14.231	0.000	-110.303
2418.000	122.738	13.239	0.000	-118.465
2420.000	122.735	11.474	0.000	-119.823
2422.000	122.666	10.725	0.000	-113.936
2424.000	122.755	11.100	0.000	-128.744
2426.000	122.714	10.485	0.000	-129.893
2428.000	122.664	10.042	0.000	-141.602
2430.000	122.795	10.084	0.000	-111.613
2432.000	122.649	9.387	0.000	-116.261
2434.000	122.739	9.937	0.000	-124.812
2436.000	122.741	9.760	0.000	-89.951
2438.000	122.654	8.904	0.000	-75.338
2440.000	122.767	9.373	0.000	-97.298
2442.000	122.700	9.152	0.000	-40.691
2444.000	122.681	10.086	0.000	-5.508
2446.000	122.775	8.408	0.000	30.852
2448.000	122.658	8.690	0.000	37.147
2450.000	122.735	9.045	0.000	21.940
2452.000	122.734	8.905	0.000	-43.411
2454.000	122.667	9.179	0.000	-19.729
2456.000	122.752	9.282	0.000	-1.818
2458.000	122.710	9.296	0.000	26.357
2460.000	122.673	9.910	0.000	25.102
2462.000	122.782	10.326	0.000	-12.259
2464.000	122.652	10.597	0.000	-15.621
2466.000	122.741	10.594	0.000	-45.374
2468.000	122.727	10.488	0.000	-41.297
2470.000	122.671	10.286	0.000	-37.712
2472.000	122.755	9.645	0.000	-20.849
2474.000	122.698	10.365	0.000	-37.236
2476.000	122.699	10.055	0.000	-44.065
2478.000	122.756	10.048	0.000	-38.651
2480.000	122.669	9.064	0.000	-43.064
2482.000	122.734	9.784	0.000	-51.335
2484.000	122.729	10.588	0.000	-60.556
2486.000	122.670	11.312	0.000	-52.042
2488.000	122.762	10.979	0.000	-75.862
2490.000	122.688	10.180	0.000	-88.336
2492.000	122.702	10.049	0.000	-72.647
2494.000	122.761	9.311	0.000	-61.193
2496.000	122.654	10.261	0.000	-56.156
2498.000	122.759	9.831	0.000	-86.285
2500.000	122.704	9.651	0.000	-65.515
2502.000	122.684	9.818	0.000	-66.098
2504.000	122.765	9.273	0.000	-74.448
2506.000	122.673	9.592	0.000	-66.644
2508.000	122.726	9.413	0.000	-70.310
2510.000	122.743	9.947	0.000	-66.225
2512.000	122.662	10.397	0.000	-102.050
2514.000	122.762	9.603	0.000	-108.011
2516.000	122.698	9.330	0.000	-103.010
2518.000	122.688	8.952	0.000	-126.082
2520.000	122.775	8.444	0.000	-105.145
2522.000	122.649	8.982	0.000	-83.058
2524.000	122.759	10.994	0.000	-97.636
2526.000	122.706	10.600	0.000	-96.391
2528.000	122.699	9.923	0.000	-112.703
2530.000	122.747	9.812	0.000	-99.420
2532.000	122.693	9.781	0.000	-107.247
2534.000	122.713	9.616	0.000	-138.525
2536.000	122.750	9.058	0.000	-107.592
2538.000	122.664	9.177	0.000	-80.273
2540.000	122.766	9.166	0.000	-106.499
2542.000	122.692	7.710	0.000	-141.153
2544.000	122.704	8.195	0.000	-124.581
2546.000	122.757	9.557	0.000	-136.311
2548.000	122.664	10.194	0.000	47.986
2550.000	122.751	9.503	0.000	-129.892
2552.000	122.716	9.893	0.000	-87.462
2554.000	122.683	9.711	0.000	84.629
2556.000	122.771	8.121	0.000	-148.360
2558.000	122.670	8.547	0.000	-123.285
2560.000	122.738	8.590	0.000	-160.660
2562.000	122.731	8.977	0.000	-142.558
2564.000	122.675	8.350	0.000	-126.235
2566.000	122.765	7.904	0.000	77.314
2568.000	122.687	9.187	0.000	18.710
2570.000	122.718	8.989	0.000	-141.313
2572.000	122.754	8.917	0.000	-41.847
2574.000	122.666	8.962	0.000	14.142
2576.000	122.764	8.761	0.000	9.804
2578.000	122.696	9.568	0.000	47.568
2580.000	122.708	8.913	0.000	56.182
2582.000	122.757	8.852	0.000	-4.167
2584.000	122.672	8.672	0.000	-32.663
2586.000	122.757	9.659	0.000	126.956
2588.000	122.711	8.455	0.000	102.904
2590.000	122.696	9.300	0.000	69.362
2592.000	122.764	9.381	0.000	153.435
2594.000	122.676	8.375	0.000	162.882
2596.000	122.744	9.617	0.000	140.062
2598.000	122.729	9.234	0.000	167.824
2600.000	122.688	7.835	0.000	114.563
2602.000	122.766	9.225	0.000	-65.816
2604.000	122.682	9.663	0.000	-49.240
2606.000	122.740	9.423	0.000	90.741
2608.000	122.732	8.684	0.000	54.244
2610.000	122.685	9.657	0.000	17.649
2612.000	122.764	10.346	0.000	-8.018
2614.000	122.698	9.384	0.000	-47.435
2616.000	122.715	8.841	0.000	-67.301
2618.000	122.763	10.091	0.000	-70.421
2620.000	122.664	10.656	0.000	47.153
2622.000	122.780	9.619	0.000	15.349
2624.000	122.689	9.484	0.000	-31.179
2626.000	122.723	10.058	0.000	-39.052
2628.000	122.756	9.330	0.000	-66.965
2630.000	122.676	9.705	0.000	-64.271
2632.000	122.766	9.058	0.000	-44.955
2634.000	122.707	9.186	0.000	-41.959
2636.000	122.710	10.546	0.000	-42.203
2638.000	122.765	10.295	0.000	-53.651
2640.000	122.669	9.081	0.000	-61.444
2642.000	122.771	9.270	0.000	-58.934
2644.000	122.704	9.164	0.000	-48.631
2646.000	122.716	9.292	0.000	-57.865
2648.000	122.765	9.097	0.000	-39.191
2650.000	122.682	8.555	0.000	-55.865
2652.000	122.757	10.421	0.000	-63.374
2654.000	122.719	10.893	0.000	-62.526
2656.000	122.704	8.726	0.000	-113.399
2658.000	122.773	9.331	0.000	-101.540
2660.000	122.671	9.632	0.000	-64.188
2662.000	122.774	9.784	0.000	-71.715
2664.000	122.709	9.267	0.000	-70.757
2666.000	122.715	10.232	0.000	-62.962
2668.000	122.760	11.012	0.000	-94.952
2670.000	122.689	11.492	0.000	-89.703
2672.000	122.754	11.104	0.000	-76.925
2674.000	122.725	11.188	0.000	-83.634
2676.000	122.707	10.552	0.000	-96.108
2678.000	122.774	10.230	0.000	-85.913
2680.000	122.675	10.469	0.000	-79.603
2682.000	122.772	10.922	0.000	-89.725
2684.000	122.718	10.489	0.000	-84.859
2686.000	122.706	10.849	0.000	-102.449
2688.000	122.787	9.709	0.000	-127.121
2690.000	122.668	9.941	0.000	-132.186
2692.000	122.784	11.083	0.000	-114.982
2694.000	122.701	11.617	0.000	-108.330
2696.000	122.737	10.707	0.000	-102.047
2698.000	122.747	10.314	0.000	-106.742
2700.000	122.706	10.091	0.000	-137.647
2702.000	122.754	10.763	0.000	-123.580
2704.000	122.727	11.809	0.000	-116.198
2706.000	122.714	11.324	0.000	-117.528
2708.000	122.777	11.425	0.000	-118.332
2710.000	122.678	11.213	0.000	-116.602
2712.000	122.783	10.659	0.000	-113.401
2714.000	122.703	10.089	0.000	-135.792
2716.000	122.739	9.669	0.000	-140.792
2718.000	122.754	10.001	0.000	-132.688
2720.000	122.695	9.631	0.000	-131.458
2722.000	122.777	8.948	0.000	-137.234
2724.000	122.710	10.528	0.000	-136.538
2726.000	122.732	9.933	0.000	-134.821
2728.000	122.765	10.052	0.000	-149.804
2730.000	122.687	10.495	0.000	-160.209
2732.000	122.789	10.274	0.000	-154.986
2734.000	122.689	10.593	0.000	-151.869
2736.000	122.770	10.469	0.000	-147.257
2738.000	122.728	9.309	0.000	-145.484
2740.000	122.724	9.474	0.000	-162.128
2742.000	122.762	9.066	0.000	-178.660
2744.000	122.708	10.004	0.000	179.694
2746.000	122.755	10.675	0.000	-176.485
2748.000	122.739	10.877	0.000	-173.504
2750.000	122.716	9.152	0.000	167.975
2752.000	122.776	10.147	0.000	-179.371
2754.000	122.699	11.001	0.000	-167.431
2756.000	122.768	11.058	0.000	-173.759
2758.000	122.729	10.993	0.000	-173.077
2760.000	122.721	10.840	0.000	178.921
2762.000	122.781	10.219	0.000	179.078
2764.000	122.689	10.877	0.000	175.553
2766.000	122.790	11.062	0.000	170.290
2768.000	122.700	10.932	0.000	166.448
2770.000	122.765	10.168	0.000	171.715
2772.000	122.740	10.602	0.000	166.707
2774.000	122.719	10.893	0.000	162.331
2776.000	122.780	10.193	0.000	149.224
2778.000	122.707	10.308	0.000	138.802
2780.000	122.760	11.063	0.000	150.946
2782.000	122.748	10.160	0.000	163.627
2784.000	122.715	10.446	0.000	-169.214
2786.000	122.784	10.812	0.000	-173.357
2788.000	122.693	8.964	0.000	155.222
2790.000	122.784	8.024	0.000	106.600
2792.000	122.720	8.811	0.000	132.383
2794.000	122.748	9.848	0.000	151.523
2796.000	122.755	9.671	0.000	160.627
2798.000	122.728	10.084	0.000	139.154
2800.000	122.761	10.380	0.000	143.808
2802.000	122.737	10.465	0.000	142.357
2804.000	122.736	9.467	0.000	154.894
2806.000	122.770	10.909	0.000	153.780
2808.000	122.704	10.743	0.000	152.766
2810.000	122.797	9.783	0.000	141.551
2812.000	122.698	9.994	0.000	142.506
2814.000	122.775	10.448	0.000	-179.969
2816.000	122.739	10.028	0.000	122.910
2818.000	122.729	10.370	0.000	117.803
2820.000	122.783	9.738	0.000	147.550
2822.000	122.698	10.534	0.000	143.876
2824.000	122.796	9.408	0.000	134.944
2826.000	122.706	9.635	0.000	112.153
2828.000	122.777	9.881	0.000	130.927
2830.000	122.736	9.864	0.000	140.328
2832.000	122.741	9.501	0.000	133.301
2834.000	122.771	10.663	0.000	124.348
2836.000	122.726	9.789	0.000	120.229
2838.000	122.764	9.528	0.000	108.561
2840.000	122.749	9.841	0.000	101.738
2842.000	122.732	10.410	0.000	120.803
2844.000	122.780	9.838	0.000	143.789
2846.000	122.708	9.367	0.000	113.805
2848.000	122.790	8.727	0.000	95.336
2850.000	122.723	9.637	0.000	124.801
2852.000	122.760	11.097	0.000	121.352
2854.000	122.760	10.855	0.000	97.705
2856.000	122.727	10.092	0.000	88.469
2858.000	122.786	10.546	0.000	113.578
2860.000	122.710	11.504	0.000	100.871
2862.000	122.786	10.257	0.000	78.022
2864.000	122.724	8.949	0.000	72.373
2866.000	122.771	10.950	0.000	96.568
2868.000	122.751	10.549	0.000	100.574
2870.000	122.740	9.791	0.000	104.582
2872.000	122.772	9.327	0.000	103.968
2874.000	122.732	10.548	0.000	43.831
2876.000	122.768	10.909	0.000	49.056
2878.000	122.751	10.180	0.000	70.315
2880.000	122.740	10.784	0.000	50.003
2882.000	122.778	10.191	0.000	41.288
2884.000	122.731	9.852	0.000	38.599
2886.000	122.770	10.712	0.000	33.943
2888.000	122.750	10.850	0.000	50.847
2890.000	122.741	11.676	0.000	48.134
2892.000	122.788	10.805	0.000	48.435
2894.000	122.715	10.826	0.000	57.436
2896.000	122.803	10.903	0.000	43.666
2898.000	122.704	11.885	0.000	42.434
2900.000	122.802	12.095	0.000	44.560
2902.000	122.727	11.636	0.000	8.776
2904.000	122.767	12.257	0.000	22.426
2906.000	122.766	11.880	0.000	31.199
2908.000	122.725	12.062	0.000	26.716
2910.000	122.808	12.507	0.000	24.083
2912.000	122.703	13.861	0.000	20.609
2914.000	122.807	14.485	0.000	5.953
2916.000	122.719	14.739	0.000	3.368
2918.000	122.777	15.348	0.000	5.042
2920.000	122.760	14.726	0.000	1.019
2922.000	122.741	14.830	0.000	-11.546
2924.000	122.784	16.255	0.000	-9.153
2926.000	122.727	17.102	0.000	-18.012
2928.000	122.790	17.435	0.000	-23.101
2930.000	122.734	16.725	0.000	-33.393
2932.000	122.773	17.448	0.000	-39.227
2934.000	122.754	17.656	0.000	-38.492
2936.000	122.754	18.468	0.000	-45.901
2938.000	122.780	18.470	0.000	-44.580
2940.000	122.738	18.085	0.000	-53.770
2942.000	122.777	19.028	0.000	-55.997
2944.000	122.746	19.306	0.000	-56.743
2946.000	122.763	20.150	0.000	-61.038
2948.000	122.770	21.113	0.000	-62.491
2950.000	122.743	21.668	0.000	-67.447
2952.000	122.781	22.671	0.000	-68.425
2954.000	122.741	23.072	0.000	-78.594
2956.000	122.774	23.692	0.000	-82.779
2958.000	122.758	24.474	0.000	-87.055
2960.000	122.752	25.362	0.000	-92.923
2962.000	122.780	25.457	0.000	-97.078
2964.000	122.736	26.445	0.000	-106.129
2966.000	122.792	27.064	0.000	-110.906
2968.000	122.737	27.719	0.000	-120.994
2970.000	122.782	28.045	0.000	-124.177
2972.000	122.750	28.359	0.000	-133.742
2974.000	122.766	29.071	0.000	-138.827
2976.000	122.771	29.225	0.000	-146.217
2978.000	122.748	29.806	0.000	-153.937
2980.000	122.784	29.849	0.000	-159.679
2982.000	122.734	30.146	0.000	-167.990
2984.000	122.789	30.597	0.000	-173.992
2986.000	122.745	30.412	0.000	178.022
2988.000	122.769	31.186	0.000	170.583
2990.000	122.768	30.891	0.000	163.996
2992.000	122.748	31.391	0.000	154.002
2994.000	122.787	31.063	0.000	147.045
2996.000	122.742	31.167	0.000	137.682
2998.000	122.782	30.869	0.000	130.629
3000.000	122.748	31.003	0.000	121.775
3002.000	122.771	30.631	0.000	113.815
3004.000	122.767	29.902	0.000	107.342
3006.000	122.761	29.487	0.000	99.024
3008.000	122.774	28.564	0.000	94.202
3010.000	122.746	27.794	0.000	89.423
3012.000	122.783	26.662	0.000	87.979
3014.000	122.749	26.001	0.000	89.329
3016.000	122.778	25.438	0.000	90.643
3018.000	122.760	25.093	0.000	93.393
3020.000	122.757	26.022	0.000	94.967
3022.000	122.786	26.425	0.000	96.376
3024.000	122.742	27.219	0.000	94.086
3026.000	122.800	28.088	0.000	91.383
3028.000	122.728	28.696	0.000	85.333
3030.000	122.800	29.720	0.000	82.009
3032.000	122.739	30.046	0.000	72.907
3034.000	122.783	30.965	0.000	66.533
3036.000	122.763	31.242	0.000	58.375
3038.000	122.762	31.578	0.000	51.253
3040.000	122.773	31.827	0.000	43.074
3042.000	122.753	31.974	0.000	33.186
3044.000	122.781	32.342	0.000	25.484
3046.000	122.756	32.235	0.000	14.708
3048.000	122.781	32.395	0.000	6.852
3050.000	122.750	32.017	0.000	-4.291
3052.000	122.778	32.175	0.000	-13.838
3054.000	122.759	31.319	0.000	-24.103
3056.000	122.776	31.258	0.000	-34.546
3058.000	122.764	30.590	0.000	-43.302
3060.000	122.771	30.320	0.000	-57.873
3062.000	122.765	29.419	0.000	-67.368
3064.000	122.765	28.716	0.000	-82.929
3066.000	122.778	27.798	0.000	-96.630
3068.000	122.751	26.905	0.000	-114.384
3070.000	122.786	26.048	0.000	-129.900
3072.000	122.743	24.874	0.000	-145.918
3074.000	122.791	24.307	0.000	-171.795
3076.000	122.749	23.831	0.000	163.697
3078.000	122.784	24.615	0.000	135.791
3080.000	122.766	24.743	0.000	117.362
3082.000	122.749	25.574	0.000	95.461
3084.000	122.799	26.593	0.000	79.423
3086.000	122.727	27.444	0.000	63.312
3088.000	122.814	28.524	0.000	50.601
3090.000	122.733	28.753	0.000	37.682
3092.000	122.784	29.648	0.000	27.672
3094.000	122.767	29.757	0.000	16.970
3096.000	122.748	30.539	0.000	6.186
3098.000	122.803	30.609	0.000	-1.819
3100.000	122.731	31.012	0.000	-11.812
3102.000	122.800	31.307	0.000	-19.111
3104.000	122.748	31.472	0.000	-27.627
3106.000	122.768	31.629	0.000	-34.358
3108.000	122.789	31.712	0.000	-40.792
3110.000	122.740	31.984	0.000	-50.330
3112.000	122.806	32.104	0.000	-55.775
3114.000	122.739	32.332	0.000	-66.446
3116.000	122.783	32.314	0.000	-70.984
3118.000	122.762	32.496	0.000	-80.295
3120.000	122.772	32.303	0.000	-86.132
3122.000	122.769	32.288	0.000	-94.890
3124.000	122.774	32.194	0.000	-101.734
3126.000	122.747	31.840	0.000	-109.977
3128.000	122.800	32.080	0.000	-119.138
3130.000	122.733	31.359	0.000	-125.998
3132.000	122.806	31.002	0.000	-135.707
3134.000	122.749	30.038	0.000	-143.715
3136.000	122.764	29.386	0.000	-153.285
3138.000	122.796	28.730	0.000	-157.026
3140.000	122.716	27.066	0.000	-166.334
3142.000	122.837	26.351	0.000	-169.356
3144.000	122.708	23.984	0.000	-173.453
3146.000	122.817	22.342	0.000	-168.625
3148.000	122.740	20.702	0.000	-163.507
3150.000	122.767	19.263	0.000	-151.521
3152.000	122.789	19.183	0.000	-130.998
3154.000	122.740	21.476	0.000	-122.281
3156.000	122.799	22.733	0.000	-120.659
3158.000	122.755	24.585	0.000	-121.591
3160.000	122.765	25.597	0.000	-121.764
3162.000	122.781	26.997	0.000	-130.783
3164.000	122.753	27.488	0.000	-137.107
3166.000	122.785	28.304	0.000	-144.960
3168.000	122.772	28.849	0.000	-149.941
3170.000	122.752	28.804	0.000	-156.520
3172.000	122.795	29.333	0.000	-164.318
3174.000	122.734	28.726	0.000	-169.940
3176.000	122.790	29.216	0.000	-178.181
3178.000	122.767	28.808	0.000	178.347
3180.000	122.751	29.008	0.000	172.465
3182.000	122.807	28.862	0.000	169.455
3184.000	122.722	28.829	0.000	165.199
3186.000	122.802	28.921	0.000	159.945
3188.000	122.745	28.890	0.000	157.122
3190.000	122.773	29.144	0.000	150.163
3192.000	122.783	28.990	0.000	147.219
3194.000	122.755	29.194	0.000	140.765
3196.000	122.777	29.102	0.000	134.802
3198.000	122.763	29.378	0.000	128.463
3200.000	122.758	29.152	0.000	122.461
3202.000	122.779	29.002	0.000	114.115
3204.000	122.769	28.605	0.000	110.193
3206.000	122.750	28.503	0.000	102.611
3208.000	122.810	28.229	0.000	97.912
3210.000	122.705	27.745	0.000	88.602
3212.000	122.827	27.491	0.000	84.959
3214.000	122.721	26.793	0.000	78.254
3216.000	122.793	26.729	0.000	74.044
3218.000	122.776	26.078	0.000	69.387
3220.000	122.738	25.974	0.000	62.986
3222.000	122.803	25.232	0.000	59.969
3224.000	122.735	24.776	0.000	52.481
3226.000	122.779	24.372	0.000	49.523
3228.000	122.773	23.612	0.000	39.661
3230.000	122.759	22.785	0.000	37.233
3232.000	122.771	21.949	0.000	30.026
3234.000	122.782	21.640	0.000	24.307
3236.000	122.728	20.897	0.000	17.412
3238.000	122.808	20.124	0.000	15.981
3240.000	122.730	19.895	0.000	13.229
3242.000	122.784	19.459	0.000	5.680
3244.000	122.785	18.568	0.000	-0.876
3246.000	122.732	17.320	0.000	-6.155
3248.000	122.808	16.441	0.000	-16.693
3250.000	122.726	16.540	0.000	-21.600
3252.000	122.781	16.192	0.000	-32.103
3254.000	122.774	15.512	0.000	-33.785
3256.000	122.755	15.932	0.000	-39.064
3258.000	122.773	16.582	0.000	-49.520
3260.000	122.783	15.712	0.000	-62.170
3262.000	122.720	16.113	0.000	-75.858
3264.000	122.817	16.553	0.000	-88.906
3266.000	122.711	17.351	0.000	-97.630
3268.000	122.801	18.359	0.000	-112.132
3270.000	122.760	18.916	0.000	-124.178
3272.000	122.755	20.430	0.000	-142.067
3274.000	122.783	20.860	0.000	-153.121
3276.000	122.748	21.408	0.000	-165.047
3278.000	122.760	21.974	0.000	-175.419
3280.000	122.772	22.766	0.000	173.005
3282.000	122.761	23.506	0.000	166.418
3284.000	122.757	24.011	0.000	149.310
3286.000	122.792	24.092	0.000	139.775
3288.000	122.730	24.509	0.000	129.830
3290.000	122.782	24.078	0.000	120.518
3292.000	122.757	24.378	0.000	109.380
3294.000	122.749	23.989	0.000	98.905
3296.000	122.786	23.370	0.000	91.802
3298.000	122.759	23.212	0.000	86.691
3300.000	122.747	22.388	0.000	80.281
3302.000	122.803	22.022	0.000	76.468
3304.000	122.710	21.166	0.000	71.477
3306.000	122.791	21.406	0.000	72.800
3308.000	122.758	21.191	0.000	75.963
3310.000	122.733	21.566	0.000	77.220
3312.000	122.810	21.970	0.000	78.118
3314.000	122.729	22.837	0.000	77.951
3316.000	122.775	23.326	0.000	73.112
3318.000	122.759	23.705	0.000	67.236
3320.000	122.758	24.825	0.000	60.620
3322.000	122.739	24.836	0.000	53.242
3324.000	122.806	25.321	0.000	47.058
3326.000	122.701	25.133	0.000	37.967
3328.000	122.821	25.419	0.000	32.393
3330.000	122.728	25.250	0.000	22.582
3332.000	122.762	25.546	0.000	15.353
3334.000	122.769	25.138	0.000	7.569
3336.000	122.751	24.883	0.000	2.882
3338.000	122.738	24.315	0.000	-3.307
3340.000	122.799	24.666	0.000	-10.196
3342.000	122.724	24.232	0.000	-15.604
3344.000	122.781	24.287	0.000	-22.326
3346.000	122.772	23.893	0.000	-26.772
3348.000	122.723	23.851	0.000	-34.355
3350.000	122.791	22.994	0.000	-36.314
3352.000	122.731	22.677	0.000	-42.397
3354.000	122.760	22.370	0.000	-47.090
3356.000	122.759	21.728	0.000	-56.307
3358.000	122.773	20.634	0.000	-60.037
3360.000	122.730	20.391	0.000	-65.166
3362.000	122.795	20.100	0.000	-66.632
3364.000	122.731	20.121	0.000	-69.150
3366.000	122.749	19.053	0.000	-76.543
3368.000	122.772	18.399	0.000	-80.954
3370.000	122.743	19.274	0.000	-84.143
3372.000	122.743	18.581	0.000	-89.898
3374.000	122.808	18.857	0.000	-94.914
3376.000	122.700	17.853	0.000	-99.366
3378.000	122.797	17.244	0.000	-110.174
3380.000	122.754	17.466	0.000	-117.994
3382.000	122.717	17.087	0.000	-125.601
3384.000	122.784	16.614	0.000	-128.555
3386.000	122.747	15.114	0.000	-142.700
3388.000	122.723	15.646	0.000	-152.398
3390.000	122.802	15.986	0.000	-159.753
3392.000	122.737	14.580	0.000	-173.233
3394.000	122.733	14.180	0.000	160.615
3396.000	122.807	14.120	0.000	148.650
3398.000	122.697	14.695	0.000	137.828
3400.000	122.769	15.121	0.000	120.931
3402.000	122.762	15.564	0.000	103.668
3404.000	122.727	16.022	0.000	93.759
3406.000	122.751	17.732	0.000	78.365
3408.000	122.794	18.399	0.000	70.506
3410.000	122.701	18.583	0.000	55.057
3412.000	122.788	19.970	0.000	42.590
3414.000	122.754	20.697	0.000	33.231
3416.000	122.716	21.367	0.000	23.749
3418.000	122.763	21.914	0.000	13.946
3420.000	122.768	22.239	0.000	3.043
3422.000	122.695	22.532	0.000	-4.889
3424.000	122.806	23.162	0.000	-14.462
3426.000	122.732	23.016	0.000	-21.699
3428.000	122.739	23.419	0.000	-30.352
3430.000	122.775	23.482	0.000	-38.561
3432.000	122.741	23.238	0.000	-45.822
3434.000	122.719	23.159	0.000	-51.275
3436.000	122.773	23.068	0.000	-59.663
3438.000	122.735	23.058	0.000	-59.093
3440.000	122.718	23.430	0.000	-64.324
3442.000	122.782	22.893	0.000	-68.187
3444.000	122.746	24.033	0.000	-72.765
3446.000	122.716	23.881	0.000	-76.656
3448.000	122.805	24.624	0.000	-80.907
3450.000	122.722	24.325	0.000	-86.654
3452.000	122.710	24.611	0.000	-93.149
3454.000	122.802	24.987	0.000	-98.927
3456.000	122.690	25.106	0.000	-105.692
3458.000	122.744	25.246	0.000	-110.961
3460.000	122.771	25.267	0.000	-118.769
3462.000	122.737	25.231	0.000	-123.666
3464.000	122.715	25.202	0.000	-132.405
3466.000	122.825	25.001	0.000	-138.533
3468.000	122.672	24.165	0.000	-145.857
3470.000	122.772	24.053	0.000	-150.147
3472.000	122.752	23.457	0.000	-155.151
3474.000	122.713	23.149	0.000	-158.515
3476.000	122.727	22.629	0.000	-160.125
3478.000	122.778	22.797	0.000	-161.503
3480.000	122.699	22.613	0.000	-159.612
3482.000	122.756	22.781	0.000	-165.845
3484.000	122.758	22.162	0.000	-169.370
3486.000	122.747	23.009	0.000	-170.377
3488.000	122.703	22.975	0.000	-175.907
3490.000	122.799	23.225	0.000	-177.778
3492.000	122.695	23.046	0.000	174.037
3494.000	122.729	23.232	0.000	174.563
3496.000	122.761	22.885	0.000	169.682
3498.000	122.719	22.693	0.000	166.756
3500.000	122.714	22.523	0.000	160.344
3502.000	122.776	22.495	0.000	156.662
3504.000	122.726	21.769	0.000	153.048
3506.000	122.725	21.696	0.000	150.420
3508.000	122.764	21.306	0.000	148.247
3510.000	122.750	21.378	0.000	147.956
3512.000	122.688	20.787	0.000	145.294
3514.000	122.769	20.896	0.000	143.403
3516.000	122.733	21.481	0.000	140.236
3518.000	122.678	21.853	0.000	135.481
3520.000	122.774	21.761	0.000	141.033
3522.000	122.740	22.439	0.000	132.568
3524.000	122.691	21.926	0.000	129.676
3526.000	122.770	21.551	0.000	123.627
3528.000	122.762	21.801	0.000	120.964
3530.000	122.682	22.110	0.000	117.178
3532.000	122.764	21.798	0.000	117.349
3534.000	122.763	21.470	0.000	112.068
3536.000	122.663	21.037	0.000	106.609
3538.000	122.761	21.194	0.000	103.036
3540.000	122.748	20.823	0.000	98.768
3542.000	122.672	20.516	0.000	95.438
3544.000	122.751	20.269	0.000	90.642
3546.000	122.748	19.902	0.000	87.025
3548.000	122.716	18.995	0.000	84.665
3550.000	122.718	18.215	0.000	77.450
3552.000	122.774	17.795	0.000	79.237
3554.000	122.723	17.521	0.000	80.219
3556.000	122.697	16.700	0.000	79.757
3558.000	122.764	15.824	0.000	89.352
3560.000	122.735	15.755	0.000	91.147
3562.000	122.654	16.226	0.000	98.839
3564.000	122.775	17.085	0.000	111.467
3566.000	122.721	17.978	0.000	118.072
3568.000	122.681	18.673	0.000	126.084
3570.000	122.742	19.567	0.000	120.529
3572.000	122.772	20.230	0.000	117.799
3574.000	122.673	21.598	0.000	115.925
3576.000	122.741	22.015	0.000	110.233
3578.000	122.781	22.778	0.000	107.798
3580.000	122.688	22.960	0.000	102.354
3582.000	122.698	23.125	0.000	98.907
3584.000	122.798	23.726	0.000	96.691
3586.000	122.665	23.787	0.000	92.017
3588.000	122.696	24.273	0.000	88.185
3590.000	122.749	24.859	0.000	83.867
3592.000	122.725	24.805	0.000	79.828
3594.000	122.654	25.211	0.000	78.989
3596.000	122.770	25.960	0.000	74.510
3598.000	122.742	25.943	0.000	71.306
3600.000	122.671	26.349	0.000	68.794
3602.000	122.747	26.984	0.000	65.363
3604.000	122.776	27.429	0.000	63.640
3606.000	122.664	27.702	0.000	57.954
3608.000	122.732	28.420	0.000	55.317
3610.000	122.760	29.092	0.000	47.833
3612.000	122.677	28.878	0.000	45.490
3614.000	122.702	30.072	0.000	38.064
3616.000	122.719	29.845	0.000	30.292
3618.000	122.728	30.593	0.000	26.444
3620.000	122.669	30.798	0.000	19.535
3622.000	122.706	30.848	0.000	10.906
3624.000	122.770	30.763	0.000	6.999
3626.000	122.667	31.021	0.000	-2.454
3628.000	122.712	30.437	0.000	-7.625
3630.000	122.769	30.541	0.000	-12.983
3632.000	122.718	30.294	0.000	-19.394
3634.000	122.666	29.699	0.000	-27.741
3636.000	122.775	29.684	0.000	-30.528
3638.000	122.725	29.166	0.000	-36.893
3640.000	122.661	28.734	0.000	-38.866
3642.000	122.715	28.334	0.000	-45.293
3644.000	122.758	27.906	0.000	-44.034
3646.000	122.646	27.620	0.000	-49.051
3648.000	122.683	27.164	0.000	-46.913
3650.000	122.757	27.216	0.000	-49.476
3652.000	122.678	26.888	0.000	-51.297
3654.000	122.674	27.254	0.000	-51.460
3656.000	122.733	27.358	0.000	-54.915
3658.000	122.739	27.433	0.000	-56.068
3660.000	122.682	27.708	0.000	-58.512
3662.000	122.694	27.872	0.000	-60.794
3664.000	122.784	28.232	0.000	-64.385
3666.000	122.699	28.225	0.000	-67.602
3668.000	122.660	28.273	0.000	-70.645
3670.000	122.772	28.544	0.000	-73.786
3672.000	122.710	28.499	0.000	-79.303
3674.000	122.663	28.336	0.000	-83.258
3676.000	122.688	28.707	0.000	-88.092
3678.000	122.756	28.720	0.000	-92.411
3680.000	122.651	28.338	0.000	-93.696
3682.000	122.666	28.874	0.000	-97.109
3684.000	122.706	28.254	0.000	-102.452
3686.000	122.752	28.847	0.000	-101.507
3688.000	122.600	28.553	0.000	-109.562
3690.000	122.725	28.778	0.000	-110.387
3692.000	122.761	28.935	0.000	-116.370
3694.000	122.669	28.458	0.000	-119.531
3696.000	122.657	28.484	0.000	-124.716
3698.000	122.791	29.152	0.000	-128.859
3700.000	122.708	28.746	0.000	-133.798
3702.000	122.664	28.691	0.000	-135.399
3704.000	122.711	28.768	0.000	-141.400
3706.000	122.793	28.869	0.000	-146.951
3708.000	122.628	28.163	0.000	-149.428
3710.000	122.695	28.678	0.000	-153.734
3712.000	122.731	28.185	0.000	-160.925
3714.000	122.703	28.139	0.000	-163.340
3716.000	122.632	27.620	0.000	-167.476
3718.000	122.697	27.915	0.000	-174.532
3720.000	122.700	27.200	0.000	177.603
3722.000	122.683	26.698	0.000	176.300
3724.000	122.632	26.543	0.000	169.424
3726.000	122.689	25.829	0.000	163.316
3728.000	122.745	25.672	0.000	161.284
3730.000	122.632	25.101	0.000	156.869
3732.000	122.657	24.017	0.000	155.741
3734.000	122.765	23.812	0.000	151.114
3736.000	122.694	23.032	0.000	148.721
3738.000	122.648	22.502	0.000	146.926
3740.000	122.717	22.185	0.000	143.715
3742.000	122.751	21.724	0.000	144.516
3744.000	122.700	20.719	0.000	144.437
3746.000	122.633	20.277	0.000	136.448
3748.000	122.773	19.316	0.000	138.055
3750.000	122.725	18.802	0.000	144.986
3752.000	122.657	18.948	0.000	143.324
3754.000	122.655	17.595	0.000	139.417
3756.000	122.774	17.353	0.000	142.467
3758.000	122.665	17.179	0.000	146.555
3760.000	122.638	17.153	0.000	156.095
3762.000	122.671	16.844	0.000	156.119
3764.000	122.738	16.840	0.000	157.544
3766.000	122.634	17.285	0.000	163.000
3768.000	122.619	17.498	0.000	165.961
3770.000	122.686	18.485	0.000	165.359
3772.000	122.728	19.043	0.000	168.896
3774.000	122.588	19.400	0.000	168.914
3776.000	122.660	19.882	0.000	170.172
3778.000	122.682	20.315	0.000	167.373
3780.000	122.718	21.027	0.000	167.350
3782.000	122.617	21.603	0.000	157.860
3784.000	122.636	22.130	0.000	154.318
3786.000	122.758	22.586	0.000	152.285
3788.000	122.709	23.079	0.000	147.974
3790.000	122.589	22.961	0.000	140.975
3792.000	122.711	22.661	0.000	138.792
3794.000	122.787	23.401	0.000	134.725
3796.000	122.656	23.288	0.000	126.134
3798.000	122.630	22.834	0.000	123.875
3800.000	122.760	23.007	0.000	121.661
3802.000	122.748	22.194	0.000	117.244
3804.000	122.655	22.247	0.000	115.556
3806.000	122.654	22.314	0.000	109.076
3808.000	122.747	22.171	0.000	107.429
3810.000	122.751	22.182	0.000	104.827
3812.000	122.613	22.548	0.000	98.744
3814.000	122.670	22.598	0.000	95.997
3816.000	122.741	22.438	0.000	94.561
3818.000	122.695	22.061	0.000	94.717
3820.000	122.634	22.438	0.000	90.585
3822.000	122.625	22.036	0.000	87.366
3824.000	122.731	22.212	0.000	84.984
3826.000	122.683	21.742	0.000	82.654
3828.000	122.591	22.129	0.000	80.118
3830.000	122.616	21.712	0.000	77.168
3832.000	122.725	22.159	0.000	77.360
3834.000	122.646	22.055	0.000	72.255
3836.000	122.577	21.785	0.000	70.239
3838.000	122.604	22.051	0.000	64.532
3840.000	122.715	22.263	0.000	61.941
3842.000	122.634	22.232	0.000	57.848
3844.000	122.574	22.515	0.000	53.464
3846.000	122.570	21.971	0.000	47.605
3848.000	122.761	22.838	0.000	49.663
3850.000	122.618	23.115	0.000	40.799
3852.000	122.534	22.715	0.000	38.312
3854.000	122.644	22.873	0.000	30.582
3856.000	122.724	23.668	0.000	24.985
3858.000	122.613	23.347	0.000	16.023
3860.000	122.578	23.339	0.000	11.754
3862.000	122.631	23.490	0.000	1.518
3864.000	122.732	23.230	0.000	-7.020
3866.000	122.647	22.857	0.000	-12.806
3868.000	122.583	22.158	0.000	-20.866
3870.000	122.643	21.008	0.000	-31.200
3872.000	122.740	20.629	0.000	-34.400
3874.000	122.690	20.198	0.000	-43.515
3876.000	122.586	19.292	0.000	-49.761
3878.000	122.659	19.015	0.000	-54.491
3880.000	122.749	18.454	0.000	-58.573
3882.000	122.735	17.976	0.000	-65.370
3884.000	122.597	16.952	0.000	-69.962
3886.000	122.640	16.494	0.000	-69.244
3888.000	122.821	16.989	0.000	-74.138
3890.000	122.729	16.121	0.000	-77.992
3892.000	122.602	14.745	0.000	-79.218
3894.000	122.699	14.707	0.000	-86.404
3896.000	122.787	14.395	0.000	-96.411
3898.000	122.748	14.270	0.000	-88.988
3900.000	122.671	14.242	0.000	-83.462
3902.000	122.661	14.625	0.000	-92.252
3904.000	122.796	13.858	0.000	-93.903
3906.000	122.788	12.662	0.000	-96.096
3908.000	122.693	12.168	0.000	-103.996
3910.000	122.658	12.491	0.000	-118.641
3912.000	122.797	11.978	0.000	-126.347
3914.000	122.806	11.124	0.000	-127.241
3916.000	122.710	11.347	0.000	-126.622
3918.000	122.705	11.881	0.000	-132.733
3920.000	122.739	11.899	0.000	-143.780
3922.000	122.822	11.225	0.000	-147.092
3924.000	122.787	10.178	0.000	-166.880
3926.000	122.680	9.581	0.000	-177.738
3928.000	122.714	11.012	0.000	-176.518
3930.000	122.861	12.066	0.000	178.945
3932.000	122.792	11.202	0.000	152.327
3934.000	122.730	10.090	0.000	137.228
3936.000	122.674	10.262	0.000	162.958
3938.000	122.849	10.149	0.000	176.639
3940.000	122.854	9.815	0.000	105.131
3942.000	122.737	9.183	0.000	132.944
3944.000	122.675	8.436	0.000	144.834
3946.000	122.831	9.173	0.000	120.185
3948.000	122.874	10.181	0.000	123.113
3950.000	122.767	9.059	0.000	-166.646
3952.000	122.712	9.556	0.000	-145.260
3954.000	122.797	9.794	0.000	-113.865
3956.000	122.843	9.643	0.000	-127.534
3958.000	122.845	8.420	0.000	-119.399
3960.000	122.781	8.756	0.000	-41.343
3962.000	122.700	8.481	0.000	-43.704
3964.000	122.869	7.753	0.000	-97.052
3966.000	122.903	9.063	0.000	-135.793
3968.000	122.794	8.568	0.000	175.845
3970.000	122.732	9.151	0.000	176.049
3972.000	122.821	9.445	0.000	-171.345
3974.000	122.910	9.386	0.000	-151.050
3976.000	122.887	9.411	0.000	-154.372
3978.000	122.756	9.681	0.000	169.288
3980.000	122.780	9.414	0.000	177.592
3982.000	122.904	9.362	0.000	165.780
3984.000	122.944	8.768	0.000	179.075
3986.000	122.824	9.392	0.000	152.008
3988.000	122.768	9.320	0.000	161.363
3990.000	122.874	9.716	0.000	167.015
3992.000	122.945	8.596	0.000	132.422
3994.000	122.914	8.514	0.000	148.217
3996.000	122.830	9.582	0.000	-179.053
3998.000	122.786	8.745	0.000	-105.589
4000.000	122.952	9.755	0.000	-167.938
