1000.000	122.537	27.520	0.000	-142.256
2.000	122.495	28.330	0.000	-154.047
4.000	122.465	28.779	0.000	-166.266
6.000	122.464	28.534	0.000	-178.727
8.000	122.484	27.644	0.000	170.253
10.000	122.516	26.425	0.000	158.028
12.000	122.543	25.490	0.000	143.249
14.000	122.550	24.805	0.000	126.992
16.000	122.540	23.904	0.000	112.302
18.000	122.521	23.825	0.000	102.344
20.000	122.506	23.630	0.000	92.084
22.000	122.509	23.681	0.000	80.745
24.000	122.527	23.317	0.000	72.209
26.000	122.546	21.686	0.000	59.269
28.000	122.556	19.629	0.000	45.883
30.000	122.545	18.034	0.000	30.855
32.000	122.518	16.636	0.000	11.890
34.000	122.494	15.850	0.000	8.570
36.000	122.487	14.990	0.000	-3.573
38.000	122.511	14.158	0.000	-12.903
40.000	122.559	13.557	0.000	-14.529
42.000	122.603	14.540	0.000	-19.096
44.000	122.621	13.339	0.000	-23.527
46.000	122.596	13.753	0.000	-39.543
48.000	122.532	13.279	0.000	-82.377
50.000	122.465	13.808	0.000	-90.903
52.000	122.433	13.428	0.000	-114.518
54.000	122.460	13.204	0.000	-122.055
56.000	122.545	13.993	0.000	-111.993
58.000	122.642	13.848	0.000	-139.346
60.000	122.700	12.868	0.000	-112.281
62.000	122.686	13.737	0.000	-94.516
64.000	122.593	13.509	0.000	-131.981
66.000	122.469	13.628	0.000	-159.914
68.000	122.380	14.602	0.000	-164.622
70.000	122.384	14.021	0.000	-142.252
72.000	122.494	12.607	0.000	-107.400
74.000	122.650	13.776	0.000	-128.012
76.000	122.768	14.509	0.000	-156.647
78.000	122.785	13.214	0.000	149.173
80.000	122.679	13.169	0.000	141.876
82.000	122.498	12.362	0.000	146.005
84.000	122.342	11.958	0.000	143.903
86.000	122.308	13.496	0.000	-134.485
88.000	122.433	13.019	0.000	-145.917
90.000	122.646	12.434	0.000	-74.633
92.000	122.825	13.535	0.000	-104.971
94.000	122.874	13.603	0.000	-123.073
96.000	122.758	12.965	0.000	-148.181
98.000	122.528	12.162	0.000	-127.726
100.000	122.311	12.150	0.000	128.297
102.000	122.246	11.397	0.000	-140.461
104.000	122.392	12.597	0.000	130.873
106.000	122.657	12.586	0.000	177.777
108.000	122.881	11.233	0.000	-175.125
110.000	122.944	12.952	0.000	-150.202
112.000	122.805	14.066	0.000	-171.715
114.000	122.529	14.413	0.000	-151.379
116.000	122.276	14.007	0.000	139.365
118.000	122.213	13.033	0.000	147.735
120.000	122.397	13.092	0.000	151.760
122.000	122.702	14.082	0.000	133.804
124.000	122.937	13.227	0.000	149.961
126.000	122.976	12.665	0.000	-174.617
128.000	122.796	12.909	0.000	-172.828
130.000	122.489	12.838	0.000	174.738
132.000	122.245	12.765	0.000	128.349
134.000	122.234	12.651	0.000	96.397
136.000	122.467	12.483	0.000	76.121
138.000	122.777	12.789	0.000	104.661
140.000	122.970	13.695	0.000	122.396
142.000	122.947	11.514	0.000	141.392
144.000	122.723	10.891	0.000	62.191
146.000	122.429	12.834	0.000	96.115
148.000	122.259	13.109	0.000	150.285
150.000	122.330	13.398	0.000	-167.852
152.000	122.584	13.196	0.000	169.939
154.000	122.836	11.788	0.000	116.333
156.000	122.939	12.289	0.000	141.361
158.000	122.848	12.543	0.000	-170.706
160.000	122.625	12.586	0.000	-155.122
162.000	122.415	12.825	0.000	-160.919
164.000	122.357	12.794	0.000	-66.897
166.000	122.475	12.677	0.000	9.509
168.000	122.672	10.274	0.000	85.642
170.000	122.815	10.911	0.000	158.795
172.000	122.833	11.758	0.000	156.459
174.000	122.738	12.696	0.000	7.665
176.000	122.599	13.796	0.000	118.115
178.000	122.505	13.513	0.000	109.938
180.000	122.498	13.140	0.000	-98.302
182.000	122.561	13.202	0.000	-80.473
184.000	122.648	11.928	0.000	-110.937
186.000	122.715	12.381	0.000	-113.545
188.000	122.749	11.915	0.000	-91.882
190.000	122.743	13.017	0.000	177.463
192.000	122.696	14.490	0.000	147.434
194.000	122.616	13.713	0.000	164.690
196.000	122.532	12.981	0.000	135.910
198.000	122.498	13.838	0.000	161.278
200.000	122.557	14.072	0.000	-119.682
202.000	122.695	12.945	0.000	48.931
204.000	122.832	12.166	0.000	160.044
206.000	122.868	11.774	0.000	147.487
208.000	122.760	11.224	0.000	172.079
210.000	122.556	12.583	0.000	179.096
212.000	122.395	12.199	0.000	129.404
214.000	122.421	12.452	0.000	103.588
216.000	122.634	13.773	0.000	-27.780
218.000	122.880	13.420	0.000	152.748
220.000	122.983	13.128	0.000	143.244
222.000	122.863	13.954	0.000	-169.567
224.000	122.588	13.561	0.000	-9.412
226.000	122.351	13.165	0.000	-75.387
228.000	122.358	12.440	0.000	-96.067
230.000	122.608	12.774	0.000	-59.971
232.000	122.897	12.663	0.000	-47.284
234.000	123.017	10.691	0.000	-66.832
236.000	122.890	12.848	0.000	13.101
238.000	122.606	13.229	0.000	-111.065
240.000	122.379	13.517	0.000	-176.346
242.000	122.391	12.095	0.000	162.583
244.000	122.621	12.563	0.000	41.827
246.000	122.867	12.451	0.000	-165.026
248.000	122.956	11.932	0.000	-176.301
250.000	122.851	13.760	0.000	171.785
252.000	122.642	13.331	0.000	151.250
254.000	122.491	13.432	0.000	-157.606
256.000	122.495	12.367	0.000	170.799
258.000	122.624	12.058	0.000	132.749
260.000	122.764	12.119	0.000	168.054
262.000	122.833	11.577	0.000	-103.325
264.000	122.818	11.812	0.000	-137.711
266.000	122.746	13.410	0.000	-124.572
268.000	122.656	13.054	0.000	-73.391
270.000	122.580	11.860	0.000	-108.627
272.000	122.555	11.505	0.000	-164.232
274.000	122.615	11.348	0.000	-162.471
276.000	122.746	14.125	0.000	164.390
278.000	122.876	14.462	0.000	-170.301
280.000	122.899	13.004	0.000	-146.034
282.000	122.770	11.536	0.000	176.516
284.000	122.558	11.752	0.000	157.016
286.000	122.433	12.260	0.000	151.710
288.000	122.533	12.251	0.000	166.089
290.000	122.791	12.969	0.000	-157.155
292.000	122.996	12.478	0.000	118.989
294.000	122.978	10.969	0.000	154.941
296.000	122.739	12.782	0.000	166.599
298.000	122.461	13.514	0.000	163.247
300.000	122.396	12.022	0.000	-161.042
302.000	122.610	12.802	0.000	120.621
304.000	122.899	12.367	0.000	101.143
306.000	123.023	11.786	0.000	145.246
308.000	122.902	12.030	0.000	47.829
310.000	122.642	12.674	0.000	50.275
312.000	122.467	12.816	0.000	70.695
314.000	122.516	11.479	0.000	71.554
316.000	122.715	12.187	0.000	18.598
318.000	122.883	12.785	0.000	29.647
320.000	122.911	12.974	0.000	85.765
322.000	122.817	12.747	0.000	62.714
324.000	122.686	11.703	0.000	68.140
326.000	122.602	12.009	0.000	-81.025
328.000	122.593	13.000	0.000	-154.999
330.000	122.659	12.704	0.000	157.012
332.000	122.774	10.895	0.000	-135.693
334.000	122.884	11.496	0.000	-173.567
336.000	122.909	13.066	0.000	-174.363
338.000	122.797	11.962	0.000	135.499
340.000	122.603	12.367	0.000	90.459
342.000	122.487	12.847	0.000	-164.888
344.000	122.592	11.998	0.000	174.456
346.000	122.847	11.746	0.000	160.666
348.000	123.025	12.975	0.000	-131.494
350.000	122.965	13.313	0.000	-105.750
352.000	122.697	12.364	0.000	91.878
354.000	122.458	12.388	0.000	118.537
356.000	122.488	12.053	0.000	99.305
358.000	122.757	12.467	0.000	113.766
360.000	122.997	11.618	0.000	-169.445
362.000	123.007	11.350	0.000	-136.221
364.000	122.802	11.450	0.000	116.080
366.000	122.572	11.158	0.000	124.507
368.000	122.525	11.297	0.000	61.570
370.000	122.668	12.323	0.000	132.832
372.000	122.845	12.732	0.000	97.037
374.000	122.922	12.303	0.000	115.430
376.000	122.881	12.823	0.000	-144.927
378.000	122.775	12.693	0.000	-117.892
380.000	122.664	12.437	0.000	-128.710
382.000	122.602	11.983	0.000	-140.185
384.000	122.642	11.186	0.000	-77.184
386.000	122.789	10.869	0.000	-45.570
388.000	122.947	12.264	0.000	107.663
390.000	122.972	11.483	0.000	129.615
392.000	122.804	11.177	0.000	-150.141
394.000	122.564	12.175	0.000	166.739
396.000	122.497	11.428	0.000	92.817
398.000	122.703	12.206	0.000	-12.624
400.000	122.981	11.789	0.000	123.311
402.000	123.060	10.592	0.000	142.697
404.000	122.868	12.053	0.000	146.921
406.000	122.584	12.565	0.000	158.795
408.000	122.497	13.064	0.000	144.088
410.000	122.683	12.523	0.000	78.622
412.000	122.924	12.146	0.000	41.592
414.000	123.000	11.197	0.000	68.881
416.000	122.885	13.489	0.000	144.113
418.000	122.710	13.165	0.000	-172.159
420.000	122.620	12.828	0.000	117.921
422.000	122.652	12.315	0.000	81.847
424.000	122.760	11.996	0.000	123.351
426.000	122.882	12.106	0.000	63.876
428.000	122.954	12.324	0.000	71.560
430.000	122.903	12.428	0.000	57.058
432.000	122.727	12.748	0.000	39.177
434.000	122.561	11.713	0.000	46.636
436.000	122.604	12.161	0.000	-132.656
438.000	122.851	12.750	0.000	-144.383
440.000	123.057	12.041	0.000	-137.782
442.000	123.007	10.897	0.000	-157.541
444.000	122.729	11.841	0.000	64.161
446.000	122.510	11.348	0.000	-31.638
448.000	122.597	11.640	0.000	-142.266
450.000	122.877	12.158	0.000	147.585
452.000	123.043	12.225	0.000	150.595
454.000	122.962	12.310	0.000	-143.505
456.000	122.749	12.894	0.000	-143.718
458.000	122.619	13.182	0.000	-164.860
460.000	122.661	12.397	0.000	-158.158
462.000	122.790	10.989	0.000	-147.310
464.000	122.905	10.719	0.000	-165.446
466.000	122.955	11.520	0.000	-176.199
468.000	122.905	11.435	0.000	-46.284
470.000	122.749	11.106	0.000	-110.788
472.000	122.599	12.490	0.000	165.392
474.000	122.637	13.186	0.000	163.937
476.000	122.877	12.630	0.000	-121.923
478.000	123.074	12.446	0.000	-120.862
480.000	123.003	12.106	0.000	-79.992
482.000	122.711	12.639	0.000	-142.899
484.000	122.518	11.857	0.000	178.509
486.000	122.662	11.848	0.000	154.095
488.000	122.956	12.091	0.000	162.870
490.000	123.069	11.377	0.000	-110.168
492.000	122.921	12.379	0.000	-114.343
494.000	122.702	12.348	0.000	-143.036
496.000	122.634	11.431	0.000	-147.474
498.000	122.732	12.717	0.000	-171.635
500.000	122.861	12.655	0.000	115.319
502.000	122.945	12.488	0.000	169.738
504.000	122.959	11.845	0.000	-151.657
506.000	122.865	11.064	0.000	-108.555
508.000	122.687	11.026	0.000	-7.478
510.000	122.601	11.333	0.000	18.515
512.000	122.767	12.383	0.000	99.158
514.000	123.035	12.473	0.000	158.191
516.000	123.093	11.557	0.000	166.590
518.000	122.843	11.682	0.000	131.588
520.000	122.559	11.228	0.000	153.847
522.000	122.603	12.387	0.000	166.916
524.000	122.905	12.196	0.000	148.289
526.000	123.083	11.360	0.000	162.579
528.000	122.975	11.697	0.000	82.397
530.000	122.753	12.169	0.000	131.490
532.000	122.665	12.326	0.000	178.954
534.000	122.739	12.108	0.000	141.599
536.000	122.847	12.179	0.000	-125.578
538.000	122.935	11.139	0.000	167.093
540.000	122.984	11.566	0.000	80.676
542.000	122.915	11.482	0.000	40.004
544.000	122.713	11.591	0.000	-42.767
546.000	122.595	10.883	0.000	169.308
548.000	122.778	11.645	0.000	141.471
550.000	123.076	12.947	0.000	143.545
552.000	123.112	12.656	0.000	151.849
554.000	122.817	12.862	0.000	139.535
556.000	122.548	11.868	0.000	149.378
558.000	122.669	11.573	0.000	167.848
560.000	122.980	11.635	0.000	104.718
562.000	123.082	11.816	0.000	53.724
564.000	122.921	10.862	0.000	-132.216
566.000	122.745	10.698	0.000	179.165
568.000	122.722	12.279	0.000	144.110
570.000	122.779	11.647	0.000	-172.148
572.000	122.854	11.478	0.000	93.719
574.000	122.967	12.440	0.000	55.727
576.000	123.027	12.737	0.000	54.901
578.000	122.882	12.252	0.000	29.358
580.000	122.628	12.407	0.000	-41.579
582.000	122.631	12.338	0.000	-127.939
584.000	122.958	10.748	0.000	169.942
586.000	123.173	10.425	0.000	158.397
588.000	122.991	11.621	0.000	162.771
590.000	122.640	13.158	0.000	63.860
592.000	122.604	13.361	0.000	106.650
594.000	122.886	11.649	0.000	120.456
596.000	123.065	11.308	0.000	-102.752
598.000	122.983	11.384	0.000	87.063
600.000	122.832	12.284	0.000	70.392
602.000	122.772	12.755	0.000	47.143
604.000	122.760	11.479	0.000	52.724
606.000	122.795	11.036	0.000	-172.076
608.000	122.949	11.336	0.000	171.710
610.000	123.084	12.049	0.000	176.908
612.000	122.958	11.452	0.000	56.676
614.000	122.652	10.715	0.000	26.661
616.000	122.609	10.981	0.000	72.975
618.000	122.943	11.793	0.000	49.134
620.000	123.178	12.057	0.000	-169.198
622.000	123.009	12.673	0.000	-97.049
624.000	122.683	11.961	0.000	-97.081
626.000	122.651	11.371	0.000	39.087
628.000	122.881	11.952	0.000	168.970
630.000	123.023	11.380	0.000	176.482
632.000	122.986	10.589	0.000	-148.961
634.000	122.899	11.592	0.000	1.915
636.000	122.808	12.090	0.000	-39.069
638.000	122.725	12.454	0.000	119.144
640.000	122.791	12.176	0.000	-159.816
642.000	123.020	11.433	0.000	-137.017
644.000	123.119	11.802	0.000	153.506
646.000	122.896	11.163	0.000	91.801
648.000	122.616	10.744	0.000	-98.722
650.000	122.706	12.962	0.000	124.875
652.000	123.031	12.861	0.000	119.818
654.000	123.135	12.798	0.000	-100.440
656.000	122.927	13.233	0.000	-94.258
658.000	122.710	11.902	0.000	71.729
660.000	122.731	10.980	0.000	-170.360
662.000	122.892	10.933	0.000	-129.413
664.000	123.015	11.467	0.000	-139.245
666.000	123.027	10.636	0.000	172.908
668.000	122.905	11.352	0.000	-175.695
670.000	122.730	11.330	0.000	-138.761
672.000	122.722	10.878	0.000	-156.190
674.000	122.942	11.275	0.000	-173.915
676.000	123.115	11.699	0.000	-97.109
678.000	123.010	11.997	0.000	108.273
680.000	122.752	11.893	0.000	149.062
682.000	122.679	10.940	0.000	59.389
684.000	122.874	12.298	0.000	168.804
686.000	123.075	12.257	0.000	174.336
688.000	123.064	11.686	0.000	133.500
690.000	122.864	10.496	0.000	74.139
692.000	122.695	11.605	0.000	152.457
694.000	122.772	11.752	0.000	150.917
696.000	123.008	11.279	0.000	-179.499
698.000	123.107	12.751	0.000	-111.158
700.000	122.948	12.785	0.000	-110.109
702.000	122.738	11.665	0.000	-146.337
704.000	122.745	11.561	0.000	152.187
706.000	122.925	12.292	0.000	167.863
708.000	123.053	12.042	0.000	-176.748
710.000	123.027	11.639	0.000	170.383
712.000	122.872	10.204	0.000	64.967
714.000	122.718	11.547	0.000	91.645
716.000	122.775	12.337	0.000	151.407
718.000	123.036	11.643	0.000	-143.470
720.000	123.154	11.303	0.000	-117.285
722.000	122.925	11.075	0.000	-18.691
724.000	122.652	10.399	0.000	167.583
726.000	122.767	10.739	0.000	-155.948
728.000	123.064	11.902	0.000	134.196
730.000	123.102	12.998	0.000	142.775
732.000	122.905	12.855	0.000	164.073
734.000	122.784	12.061	0.000	179.271
736.000	122.812	12.319	0.000	155.293
738.000	122.889	10.754	0.000	118.904
740.000	123.016	11.076	0.000	123.618
742.000	123.087	11.999	0.000	155.107
744.000	122.907	11.203	0.000	-171.883
746.000	122.659	11.055	0.000	-153.531
748.000	122.794	11.358	0.000	-179.175
750.000	123.143	12.157	0.000	-177.804
752.000	123.148	11.970	0.000	-178.328
754.000	122.811	11.594	0.000	118.288
756.000	122.676	11.799	0.000	129.734
758.000	122.899	11.688	0.000	157.473
760.000	123.064	11.575	0.000	-162.260
762.000	123.022	11.423	0.000	-160.480
764.000	122.926	11.028	0.000	-150.685
766.000	122.826	10.893	0.000	-153.834
768.000	122.771	10.566	0.000	160.298
770.000	122.923	10.880	0.000	-167.260
772.000	123.136	11.359	0.000	-157.637
774.000	123.053	11.886	0.000	173.945
776.000	122.743	11.523	0.000	172.506
778.000	122.704	11.508	0.000	155.447
780.000	123.000	11.584	0.000	152.329
782.000	123.152	12.110	0.000	159.833
784.000	122.989	11.711	0.000	141.300
786.000	122.777	10.804	0.000	115.714
788.000	122.773	9.654	0.000	144.520
790.000	122.941	11.085	0.000	-124.968
792.000	123.087	12.382	0.000	-137.608
794.000	123.045	11.980	0.000	-178.429
796.000	122.840	10.763	0.000	-149.361
798.000	122.742	11.619	0.000	-66.713
800.000	122.905	11.984	0.000	-68.448
802.000	123.091	13.078	0.000	-130.002
804.000	123.064	11.924	0.000	-168.094
806.000	122.873	12.047	0.000	143.961
808.000	122.743	11.892	0.000	157.597
810.000	122.854	11.041	0.000	-168.150
812.000	123.096	10.404	0.000	-147.162
814.000	123.129	11.292	0.000	-174.149
816.000	122.858	11.313	0.000	144.959
818.000	122.688	10.763	0.000	131.708
820.000	122.914	12.554	0.000	170.420
822.000	123.138	12.283	0.000	176.743
824.000	123.038	10.754	0.000	164.685
826.000	122.844	10.811	0.000	112.678
828.000	122.816	11.151	0.000	91.102
830.000	122.885	11.523	0.000	-160.265
832.000	123.004	10.554	0.000	171.516
834.000	123.109	10.535	0.000	-177.330
836.000	122.971	11.046	0.000	172.395
838.000	122.703	11.032	0.000	151.585
840.000	122.811	11.122	0.000	159.700
842.000	123.160	11.283	0.000	-161.475
844.000	123.141	11.237	0.000	-163.166
846.000	122.807	12.311	0.000	98.093
848.000	122.740	11.937	0.000	69.131
850.000	122.965	10.039	0.000	-172.477
852.000	123.073	10.006	0.000	-168.294
854.000	123.024	10.645	0.000	164.804
856.000	122.922	10.812	0.000	92.435
858.000	122.796	10.624	0.000	122.205
860.000	122.843	10.673	0.000	176.026
862.000	123.087	11.867	0.000	169.895
864.000	123.136	11.947	0.000	41.111
866.000	122.867	11.563	0.000	162.480
868.000	122.719	10.753	0.000	-165.876
870.000	122.932	10.957	0.000	-121.921
872.000	123.135	10.224	0.000	-161.005
874.000	123.061	10.388	0.000	-160.932
876.000	122.839	11.332	0.000	145.167
878.000	122.765	10.626	0.000	108.091
880.000	122.955	10.899	0.000	135.157
882.000	123.134	10.743	0.000	-161.876
884.000	123.033	11.527	0.000	-134.635
886.000	122.815	11.324	0.000	-130.585
888.000	122.814	12.125	0.000	-179.431
890.000	122.976	11.407	0.000	166.823
892.000	123.083	11.083	0.000	166.588
894.000	123.047	10.470	0.000	-116.542
896.000	122.854	9.717	0.000	-107.839
898.000	122.744	11.421	0.000	-156.527
900.000	122.992	11.232	0.000	161.568
902.000	123.210	10.776	0.000	173.533
904.000	122.985	9.787	0.000	172.399
906.000	122.708	10.340	0.000	-65.971
908.000	122.883	11.609	0.000	-64.720
910.000	123.109	11.390	0.000	-102.359
912.000	123.049	10.351	0.000	-70.396
914.000	122.926	10.388	0.000	-161.618
916.000	122.855	9.926	0.000	-141.037
918.000	122.843	10.293	0.000	-164.396
920.000	123.031	11.217	0.000	-151.122
922.000	123.165	10.765	0.000	-178.429
924.000	122.925	10.454	0.000	-165.777
926.000	122.705	11.699	0.000	-167.775
928.000	122.942	11.440	0.000	176.305
930.000	123.173	11.554	0.000	-142.928
932.000	123.038	11.529	0.000	-167.032
934.000	122.820	11.365	0.000	160.678
936.000	122.820	11.382	0.000	-169.793
938.000	122.992	11.882	0.000	-172.868
940.000	123.121	11.981	0.000	173.140
942.000	123.015	11.527	0.000	-169.358
944.000	122.806	10.314	0.000	98.206
946.000	122.841	11.757	0.000	145.575
948.000	123.046	11.784	0.000	-167.249
950.000	123.106	11.966	0.000	-165.938
952.000	122.974	12.806	0.000	167.051
954.000	122.798	12.358	0.000	131.529
956.000	122.840	11.765	0.000	99.078
958.000	123.119	11.907	0.000	159.778
960.000	123.156	11.269	0.000	153.947
962.000	122.829	11.057	0.000	143.913
964.000	122.754	11.398	0.000	134.533
966.000	123.050	11.850	0.000	120.894
968.000	123.120	11.110	0.000	139.459
970.000	122.959	11.269	0.000	144.201
972.000	122.882	10.482	0.000	147.192
974.000	122.856	11.282	0.000	131.877
976.000	122.963	11.415	0.000	-157.570
978.000	123.160	11.406	0.000	-159.271
980.000	123.021	11.544	0.000	157.793
982.000	122.720	10.345	0.000	61.772
984.000	122.890	10.896	0.000	112.134
986.000	123.180	11.214	0.000	134.042
988.000	123.063	11.624	0.000	112.212
990.000	122.831	12.240	0.000	120.151
992.000	122.838	10.679	0.000	114.337
994.000	122.993	9.843	0.000	108.282
996.000	123.116	9.743	0.000	82.059
998.000	123.020	10.874	0.000	89.303
1000.000	122.807	10.788	0.000	83.085
1002.000	122.863	10.526	0.000	109.455
1004.000	123.079	11.252	0.000	120.505
1006.000	123.097	12.170	0.000	93.368
1008.000	122.938	11.419	0.000	140.149
1010.000	122.797	10.670	0.000	101.745
1012.000	122.906	10.367	0.000	91.924
1014.000	123.171	9.979	0.000	97.357
1016.000	123.086	11.107	0.000	134.282
1018.000	122.753	10.540	0.000	129.696
1020.000	122.857	10.101	0.000	121.858
1022.000	123.132	10.308	0.000	74.835
1024.000	123.056	10.632	0.000	51.346
1026.000	122.916	11.529	0.000	98.325
1028.000	122.881	10.648	0.000	132.066
1030.000	122.883	11.070	0.000	111.782
1032.000	123.086	11.507	0.000	120.536
1034.000	123.146	10.963	0.000	70.373
1036.000	122.817	10.720	0.000	-36.634
1038.000	122.777	11.339	0.000	123.400
1040.000	123.121	11.168	0.000	124.670
1042.000	123.133	10.599	0.000	111.764
1044.000	122.892	10.842	0.000	101.485
1046.000	122.829	9.471	0.000	50.939
1048.000	122.945	9.656	0.000	32.134
1050.000	123.108	10.852	0.000	53.503
1052.000	123.068	11.796	0.000	138.594
1054.000	122.829	11.561	0.000	31.036
1056.000	122.850	10.561	0.000	34.114
1058.000	123.067	10.939	0.000	9.191
1060.000	123.093	10.811	0.000	-44.229
1062.000	122.964	10.162	0.000	67.925
1064.000	122.810	10.929	0.000	65.958
1066.000	122.897	11.033	0.000	65.009
1068.000	123.186	10.439	0.000	45.826
1070.000	123.073	10.323	0.000	-177.438
1072.000	122.737	10.992	0.000	62.959
1074.000	122.913	10.774	0.000	56.093
1076.000	123.138	11.481	0.000	-119.260
1078.000	123.016	11.311	0.000	-130.501
1080.000	122.930	10.747	0.000	106.539
1082.000	122.872	10.502	0.000	61.577
1084.000	122.908	11.293	0.000	19.439
1086.000	123.160	10.295	0.000	36.688
1088.000	123.065	10.595	0.000	84.987
1090.000	122.740	11.537	0.000	131.554
1092.000	122.915	11.482	0.000	-121.811
1094.000	123.163	11.121	0.000	75.892
1096.000	123.037	9.631	0.000	113.004
1098.000	122.861	10.543	0.000	-27.010
1100.000	122.851	11.482	0.000	-17.960
1102.000	123.035	10.721	0.000	30.495
1104.000	123.142	10.114	0.000	124.231
1106.000	122.921	10.994	0.000	98.557
1108.000	122.811	10.735	0.000	-158.690
1110.000	122.993	9.838	0.000	-152.849
1112.000	123.085	10.369	0.000	-98.414
1114.000	123.042	11.016	0.000	60.868
1116.000	122.862	11.050	0.000	123.861
1118.000	122.812	11.243	0.000	144.611
1120.000	123.141	10.497	0.000	-91.114
1122.000	123.149	10.968	0.000	-134.413
1124.000	122.779	10.419	0.000	133.604
1126.000	122.870	11.506	0.000	88.702
1128.000	123.104	11.284	0.000	87.090
1130.000	123.038	9.917	0.000	146.505
1132.000	122.965	11.235	0.000	128.015
1134.000	122.859	10.648	0.000	89.895
1136.000	122.901	9.649	0.000	68.769
1138.000	123.163	10.662	0.000	91.519
1140.000	123.048	10.272	0.000	93.221
1142.000	122.767	10.437	0.000	128.601
1144.000	122.924	11.536	0.000	159.280
1146.000	123.130	11.769	0.000	93.056
1148.000	123.054	11.528	0.000	79.603
1150.000	122.851	11.949	0.000	97.566
1152.000	122.846	10.705	0.000	69.191
1154.000	123.095	11.794	0.000	73.787
1156.000	123.102	10.466	0.000	68.119
1158.000	122.873	10.214	0.000	108.482
1160.000	122.869	10.438	0.000	76.128
1162.000	122.995	10.667	0.000	55.300
1164.000	123.096	10.060	0.000	-46.429
1166.000	123.025	8.824	0.000	120.779
1168.000	122.776	9.283	0.000	145.643
1170.000	122.931	10.867	0.000	56.646
1172.000	123.207	11.014	0.000	54.703
1174.000	122.979	9.602	0.000	50.176
1176.000	122.784	9.522	0.000	26.390
1178.000	122.976	9.615	0.000	24.191
1180.000	123.086	10.377	0.000	19.729
1182.000	123.029	10.063	0.000	14.375
1184.000	122.886	10.712	0.000	3.629
1186.000	122.853	10.774	0.000	5.311
1188.000	123.065	9.954	0.000	0.066
1190.000	123.117	10.091	0.000	-13.972
1192.000	122.882	11.623	0.000	-0.129
1194.000	122.812	11.173	0.000	-23.167
1196.000	123.061	11.008	0.000	-23.845
1198.000	123.143	11.817	0.000	-1.504
1200.000	122.883	10.026	0.000	-59.224
1202.000	122.817	10.715	0.000	-64.150
1204.000	123.053	11.439	0.000	-61.292
1206.000	123.091	11.693	0.000	-48.817
1208.000	122.944	11.314	0.000	-48.906
1210.000	122.852	10.648	0.000	-44.041
1212.000	122.942	10.981	0.000	-69.563
1214.000	123.123	11.261	0.000	-60.438
1216.000	123.022	11.424	0.000	-53.942
1218.000	122.792	10.599	0.000	-68.489
1220.000	122.930	10.805	0.000	-38.327
1222.000	123.153	10.688	0.000	-44.993
1224.000	123.015	11.137	0.000	-37.436
1226.000	122.791	10.330	0.000	-17.481
1228.000	122.944	10.529	0.000	-48.144
1230.000	123.124	11.706	0.000	-68.149
1232.000	122.994	11.116	0.000	-83.864
1234.000	122.872	11.231	0.000	-106.450
1236.000	122.899	10.168	0.000	-73.701
1238.000	123.041	10.666	0.000	-65.367
1240.000	123.119	11.078	0.000	-61.862
1242.000	122.849	10.833	0.000	-104.028
1244.000	122.819	11.250	0.000	-131.564
1246.000	123.150	11.305	0.000	-93.368
1248.000	123.063	11.726	0.000	-98.990
1250.000	122.828	11.841	0.000	-97.316
1252.000	122.900	11.636	0.000	-69.773
1254.000	123.049	11.334	0.000	-77.765
1256.000	123.083	11.481	0.000	-87.278
1258.000	122.887	12.292	0.000	-92.231
1260.000	122.842	11.666	0.000	-117.555
1262.000	123.060	11.567	0.000	-106.948
1264.000	123.078	11.951	0.000	-113.794
1266.000	122.918	11.494	0.000	-113.468
1268.000	122.815	10.238	0.000	-110.902
1270.000	123.028	10.227	0.000	-87.879
1272.000	123.168	10.410	0.000	-107.209
1274.000	122.840	10.622	0.000	-122.903
1276.000	122.838	12.421	0.000	-118.829
1278.000	123.104	12.196	0.000	-100.445
1280.000	123.021	11.551	0.000	-103.694
1282.000	122.936	11.736	0.000	-117.521
1284.000	122.861	11.413	0.000	-117.977
1286.000	122.964	11.323	0.000	-116.501
1288.000	123.163	11.963	0.000	-103.021
1290.000	122.901	11.161	0.000	-118.145
1292.000	122.794	11.057	0.000	-130.065
1294.000	123.073	11.084	0.000	-136.768
1296.000	123.088	11.313	0.000	-128.451
1298.000	122.897	11.142	0.000	-142.947
1300.000	122.829	10.582	0.000	-160.377
1302.000	123.043	11.048	0.000	-156.314
1304.000	123.098	10.477	0.000	-170.941
1306.000	122.876	10.367	0.000	92.145
1308.000	122.872	11.112	0.000	48.877
1310.000	123.001	13.639	0.000	13.629
1312.000	123.088	16.420	0.000	-8.729
1314.000	122.945	18.954	0.000	-26.300
1316.000	122.775	21.972	0.000	-53.610
1318.000	123.069	25.864	0.000	-71.365
1320.000	123.124	27.404	0.000	-80.347
1322.000	122.826	27.553	0.000	-102.069
1324.000	122.877	30.020	0.000	-132.431
1326.000	123.057	32.095	0.000	-143.377
1328.000	123.045	32.475	0.000	-160.894
1330.000	122.898	33.121	0.000	173.797
1332.000	122.852	33.874	0.000	152.782
1334.000	123.031	35.011	0.000	127.511
1336.000	123.091	35.835	0.000	111.480
1338.000	122.873	34.728	0.000	93.039
1340.000	122.821	34.986	0.000	55.932
1342.000	123.104	36.335	0.000	40.946
1344.000	123.066	35.227	0.000	28.761
1346.000	122.804	34.069	0.000	-2.070
1348.000	122.918	34.920	0.000	-23.261
1350.000	123.068	35.067	0.000	-38.477
1352.000	123.016	34.675	0.000	-55.029
1354.000	122.863	34.118	0.000	-74.007
1356.000	122.877	34.656	0.000	-95.361
1358.000	123.088	35.782	0.000	-109.050
1360.000	123.025	35.561	0.000	-123.501
1362.000	122.825	34.805	0.000	-145.613
1364.000	122.894	35.635	0.000	-173.027
1366.000	123.121	36.535	0.000	173.571
1368.000	123.001	35.054	0.000	161.208
1370.000	122.765	33.632	0.000	130.078
1372.000	123.008	34.202	0.000	112.380
1374.000	123.076	32.768	0.000	102.833
1376.000	122.923	30.715	0.000	83.462
1378.000	122.880	29.481	0.000	68.163
1380.000	122.909	28.057	0.000	52.215
1382.000	123.124	27.483	0.000	41.880
1384.000	122.952	25.189	0.000	35.642
1386.000	122.766	22.418	0.000	13.728
1388.000	123.059	22.274	0.000	0.827
1390.000	123.069	21.045	0.000	-1.508
1392.000	122.874	17.720	0.000	-21.714
1394.000	122.846	13.359	0.000	-52.871
1396.000	123.041	11.065	0.000	-176.106
1398.000	123.059	13.377	0.000	96.663
1400.000	122.840	15.284	0.000	76.819
1402.000	122.894	18.466	0.000	52.037
1404.000	123.026	21.282	0.000	36.872
1406.000	123.049	21.998	0.000	21.391
1408.000	122.844	22.440	0.000	1.598
1410.000	122.848	24.088	0.000	-33.308
1412.000	123.149	25.850	0.000	-47.814
1414.000	122.960	25.329	0.000	-61.040
1416.000	122.794	25.912	0.000	-95.775
1418.000	122.988	27.839	0.000	-114.373
1420.000	123.049	28.113	0.000	-129.733
1422.000	122.945	28.247	0.000	-157.233
1424.000	122.830	28.568	0.000	178.562
1426.000	122.963	29.346	0.000	151.809
1428.000	123.086	30.275	0.000	131.370
1430.000	122.907	29.265	0.000	111.816
1432.000	122.796	28.633	0.000	74.576
1434.000	123.057	29.492	0.000	55.528
1436.000	123.065	28.222	0.000	43.042
1438.000	122.802	26.242	0.000	11.736
1440.000	122.909	26.316	0.000	-14.238
1442.000	123.049	26.136	0.000	-33.082
1444.000	122.990	25.826	0.000	-59.057
1446.000	122.839	25.753	0.000	-89.340
1448.000	122.901	26.691	0.000	-127.285
1450.000	123.084	28.050	0.000	-153.589
1452.000	122.955	28.392	0.000	177.300
1454.000	122.806	28.968	0.000	137.137
1456.000	122.956	31.170	0.000	106.777
1458.000	123.115	32.174	0.000	88.555
1460.000	122.856	31.364	0.000	60.058
1462.000	122.829	32.293	0.000	20.379
1464.000	123.076	33.058	0.000	2.800
1466.000	122.970	31.779	0.000	-23.738
1468.000	122.890	31.149	0.000	-53.904
1470.000	122.853	30.287	0.000	-80.869
1472.000	123.044	30.034	0.000	-109.560
1474.000	123.037	29.129	0.000	-125.733
1476.000	122.759	26.137	0.000	-158.605
1478.000	122.965	25.230	0.000	166.263
1480.000	123.077	23.980	0.000	153.982
1482.000	122.898	20.606	0.000	127.237
1484.000	122.815	18.643	0.000	94.873
1486.000	123.013	16.945	0.000	78.841
1488.000	123.038	14.758	0.000	63.626
1490.000	122.843	13.401	0.000	47.744
1492.000	122.879	12.356	0.000	32.351
1494.000	123.008	12.043	0.000	8.025
1496.000	123.031	12.129	0.000	-4.022
1498.000	122.796	11.249	0.000	-8.339
1500.000	122.902	10.683	0.000	-26.477
1502.000	123.113	10.842	0.000	-4.785
1504.000	122.881	11.210	0.000	16.034
1506.000	122.818	11.108	0.000	-87.206
1508.000	123.009	10.025	0.000	-48.600
1510.000	123.016	10.422	0.000	-32.413
1512.000	122.859	9.513	0.000	-68.418
1514.000	122.861	10.054	0.000	-23.163
1516.000	123.010	11.470	0.000	-61.801
1518.000	123.025	11.083	0.000	-63.814
1520.000	122.781	10.551	0.000	-36.517
1522.000	122.918	10.399	0.000	-165.141
1524.000	123.102	10.554	0.000	-111.709
1526.000	122.855	9.208	0.000	-95.676
1528.000	122.842	8.729	0.000	-139.517
1530.000	122.991	9.462	0.000	142.913
1532.000	123.019	10.262	0.000	132.454
1534.000	122.837	10.666	0.000	-152.359
1536.000	122.868	10.206	0.000	-107.051
1538.000	123.037	9.114	0.000	-1.819
1540.000	122.963	8.508	0.000	35.565
1542.000	122.802	9.973	0.000	-69.771
1544.000	122.920	10.610	0.000	-46.566
1546.000	123.105	11.321	0.000	-5.191
1548.000	122.813	10.311	0.000	-11.605
1550.000	122.859	10.085	0.000	-22.994
1552.000	123.031	9.904	0.000	-92.692
1554.000	122.950	10.724	0.000	-134.935
1556.000	122.852	11.399	0.000	-138.642
1558.000	122.864	10.457	0.000	-133.585
1560.000	123.067	10.270	0.000	-108.666
1562.000	122.912	11.359	0.000	-93.316
1564.000	122.783	10.995	0.000	-131.345
1566.000	123.003	9.578	0.000	-139.115
1568.000	123.025	10.292	0.000	-126.082
1570.000	122.793	9.127	0.000	-167.680
1572.000	122.894	9.882	0.000	145.169
1574.000	123.032	10.288	0.000	-127.886
1576.000	122.916	10.757	0.000	-137.939
1578.000	122.819	10.561	0.000	-139.944
1580.000	122.932	10.125	0.000	-136.772
1582.000	123.043	9.190	0.000	137.152
1584.000	122.839	9.717	0.000	166.455
1586.000	122.825	11.452	0.000	-153.208
1588.000	123.045	11.353	0.000	-166.257
1590.000	122.955	11.122	0.000	-159.828
1592.000	122.761	10.214	0.000	-158.290
1594.000	122.984	9.014	0.000	-142.550
1596.000	122.990	10.519	0.000	-159.018
1598.000	122.864	10.609	0.000	155.290
1600.000	122.838	11.036	0.000	-152.498
1602.000	122.980	11.950	0.000	-149.896
1604.000	123.011	11.577	0.000	171.077
1606.000	122.749	11.011	0.000	175.314
1608.000	122.947	10.511	0.000	-150.829
1610.000	123.030	10.347	0.000	-128.266
1612.000	122.839	10.076	0.000	-164.583
1614.000	122.825	10.185	0.000	174.901
1616.000	123.016	10.510	0.000	-175.014
1618.000	122.940	10.161	0.000	-159.660
1620.000	122.808	10.161	0.000	144.302
1622.000	122.904	10.100	0.000	138.395
1624.000	123.015	10.701	0.000	158.301
1626.000	122.880	10.510	0.000	-155.499
1628.000	122.779	10.039	0.000	-177.951
1630.000	123.040	9.547	0.000	169.448
1632.000	122.943	9.182	0.000	145.941
1634.000	122.772	8.651	0.000	153.568
1636.000	122.941	10.262	0.000	134.592
1638.000	122.996	11.089	0.000	175.094
1640.000	122.845	11.012	0.000	-161.782
1642.000	122.835	11.264	0.000	151.370
1644.000	122.968	11.880	0.000	126.800
1646.000	122.985	10.448	0.000	114.539
1648.000	122.746	10.850	0.000	128.233
1650.000	122.944	10.665	0.000	139.928
1652.000	123.021	11.912	0.000	147.398
1654.000	122.801	11.392	0.000	158.934
1656.000	122.850	10.010	0.000	131.752
1658.000	122.995	9.742	0.000	131.993
1660.000	122.919	9.428	0.000	150.845
1662.000	122.785	10.678	0.000	116.158
1664.000	122.935	10.443	0.000	151.914
1666.000	122.984	10.538	0.000	42.898
1668.000	122.835	10.132	0.000	42.634
1670.000	122.803	10.462	0.000	90.754
1672.000	123.061	9.949	0.000	132.746
1674.000	122.857	10.230	0.000	155.537
1676.000	122.796	9.594	0.000	141.216
1678.000	122.968	8.566	0.000	97.950
1680.000	122.943	8.442	0.000	145.525
1682.000	122.813	8.746	0.000	136.506
1684.000	122.855	9.501	0.000	51.069
1686.000	123.003	9.575	0.000	-143.828
1688.000	122.873	9.931	0.000	-130.252
1690.000	122.765	9.955	0.000	82.526
1692.000	123.010	9.656	0.000	110.634
1694.000	122.926	9.446	0.000	149.791
1696.000	122.767	9.727	0.000	174.215
1698.000	122.926	10.358	0.000	133.102
1700.000	122.964	10.097	0.000	-174.792
1702.000	122.833	9.791	0.000	174.513
1704.000	122.815	8.224	0.000	11.602
1706.000	122.991	9.942	0.000	56.401
1708.000	122.895	10.277	0.000	-116.122
1710.000	122.771	9.070	0.000	160.867
1712.000	122.933	9.594	0.000	-161.086
1714.000	122.995	10.561	0.000	-102.541
1716.000	122.735	10.386	0.000	163.277
1718.000	122.923	10.511	0.000	123.125
1720.000	122.945	9.465	0.000	159.245
1722.000	122.860	10.206	0.000	-153.136
1724.000	122.790	10.651	0.000	83.499
1726.000	122.969	10.025	0.000	152.972
1728.000	122.927	9.050	0.000	-164.710
1730.000	122.750	9.012	0.000	-128.355
1732.000	122.921	10.445	0.000	-133.829
1734.000	122.979	10.209	0.000	-154.109
1736.000	122.762	10.052	0.000	161.395
1738.000	122.872	9.462	0.000	117.968
1740.000	122.966	10.448	0.000	-157.822
1742.000	122.846	11.139	0.000	-152.143
1744.000	122.790	10.514	0.000	-160.195
1746.000	122.947	8.872	0.000	112.098
1748.000	122.929	9.407	0.000	168.389
1750.000	122.751	10.620	0.000	177.870
1752.000	122.899	11.433	0.000	-169.851
1754.000	122.982	11.415	0.000	167.915
1756.000	122.756	9.959	0.000	135.356
1758.000	122.866	9.705	0.000	116.015
1760.000	122.965	9.282	0.000	158.686
1762.000	122.831	10.391	0.000	-164.411
1764.000	122.799	10.231	0.000	-154.030
1766.000	122.926	9.292	0.000	164.207
1768.000	122.943	10.413	0.000	142.920
1770.000	122.722	10.345	0.000	159.674
1772.000	122.930	10.239	0.000	177.382
1774.000	122.942	10.810	0.000	174.323
1776.000	122.767	10.701	0.000	168.516
1778.000	122.849	11.256	0.000	173.130
1780.000	122.968	11.076	0.000	-172.036
1782.000	122.810	11.028	0.000	175.008
1784.000	122.800	10.909	0.000	-179.042
1786.000	122.932	10.892	0.000	169.076
1788.000	122.905	11.272	0.000	162.690
1790.000	122.730	11.564	0.000	165.565
1792.000	122.931	12.627	0.000	169.224
1794.000	122.930	12.958	0.000	-172.852
1796.000	122.739	13.393	0.000	172.375
1798.000	122.886	14.220	0.000	164.492
1800.000	122.934	14.207	0.000	163.939
1802.000	122.798	15.344	0.000	170.024
1804.000	122.804	15.959	0.000	165.465
1806.000	122.946	17.526	0.000	166.883
1808.000	122.864	18.210	0.000	171.916
1810.000	122.732	20.074	0.000	158.524
1812.000	122.968	22.340	0.000	163.075
1814.000	122.867	22.434	0.000	162.705
1816.000	122.750	24.721	0.000	150.593
1818.000	122.899	26.881	0.000	150.722
1820.000	122.915	28.702	0.000	148.070
1822.000	122.765	30.392	0.000	141.360
1824.000	122.834	33.161	0.000	132.108
1826.000	122.945	35.572	0.000	128.487
1828.000	122.801	37.036	0.000	117.131
1830.000	122.771	39.910	0.000	96.298
1832.000	122.974	42.455	0.000	88.101
1834.000	122.812	42.543	0.000	71.786
1836.000	122.762	44.339	0.000	44.734
1838.000	122.938	45.219	0.000	36.394
1840.000	122.846	44.729	0.000	18.561
1842.000	122.773	44.859	0.000	3.706
1844.000	122.855	45.091	0.000	-10.475
1846.000	122.944	45.398	0.000	-14.120
1848.000	122.722	44.212	0.000	-24.925
1850.000	122.863	45.839	0.000	-36.095
1852.000	122.935	45.901	0.000	-33.710
1854.000	122.757	45.517	0.000	-46.912
1856.000	122.808	47.136	0.000	-53.218
1858.000	122.941	47.942	0.000	-55.888
1860.000	122.789	48.653	0.000	-64.755
1862.000	122.784	50.209	0.000	-78.211
1864.000	122.902	52.107	0.000	-88.381
1866.000	122.869	52.365	0.000	-98.406
1868.000	122.711	52.695	0.000	-121.736
1870.000	122.936	54.077	0.000	-133.829
1872.000	122.861	53.270	0.000	-141.792
1874.000	122.732	52.786	0.000	-164.394
1876.000	122.882	53.568	0.000	-172.593
1878.000	122.885	52.283	0.000	179.169
1880.000	122.753	51.608	0.000	165.983
1882.000	122.824	51.091	0.000	159.186
1884.000	122.922	51.430	0.000	157.179
1886.000	122.764	50.396	0.000	156.110
1888.000	122.787	51.977	0.000	144.794
1890.000	122.955	52.710	0.000	149.794
1892.000	122.753	52.508	0.000	136.164
1894.000	122.787	54.236	0.000	125.622
1896.000	122.911	55.165	0.000	117.164
1898.000	122.810	55.106	0.000	104.742
1900.000	122.753	55.433	0.000	85.853
1902.000	122.891	55.908	0.000	74.662
1904.000	122.857	55.202	0.000	65.649
1906.000	122.710	54.150	0.000	48.807
1908.000	122.904	54.919	0.000	38.794
1910.000	122.864	53.610	0.000	37.271
1912.000	122.717	52.520	0.000	19.887
1914.000	122.871	52.898	0.000	17.429
1916.000	122.867	51.792	0.000	13.785
1918.000	122.746	51.404	0.000	6.202
1920.000	122.814	51.667	0.000	0.118
1922.000	122.906	52.286	0.000	-2.114
1924.000	122.743	51.535	0.000	-8.063
1926.000	122.793	52.968	0.000	-23.233
1928.000	122.927	53.357	0.000	-22.087
1930.000	122.734	52.334	0.000	-40.632
1932.000	122.794	53.151	0.000	-53.071
1934.000	122.895	52.437	0.000	-62.668
1936.000	122.777	51.173	0.000	-74.349
1938.000	122.760	49.818	0.000	-88.409
1940.000	122.885	49.031	0.000	-91.814
1942.000	122.816	46.904	0.000	-91.721
1944.000	122.714	45.726	0.000	-95.570
1946.000	122.917	46.555	0.000	-89.773
1948.000	122.798	45.839	0.000	-85.844
1950.000	122.734	46.949	0.000	-97.046
1952.000	122.879	47.981	0.000	-96.254
1954.000	122.821	47.476	0.000	-107.190
1956.000	122.734	47.460	0.000	-118.252
1958.000	122.837	47.246	0.000	-130.518
1960.000	122.873	46.675	0.000	-132.804
1962.000	122.696	44.213	0.000	-142.681
1964.000	122.861	44.277	0.000	-145.803
1966.000	122.854	42.548	0.000	-137.686
1968.000	122.719	41.543	0.000	-140.362
1970.000	122.824	42.187	0.000	-134.263
1972.000	122.868	42.179	0.000	-129.223
1974.000	122.722	42.327	0.000	-129.797
1976.000	122.807	43.573	0.000	-130.282
1978.000	122.869	44.458	0.000	-126.339
1980.000	122.741	44.548	0.000	-128.957
1982.000	122.772	46.717	0.000	-135.170
1984.000	122.910	47.846	0.000	-131.796
1986.000	122.707	48.129	0.000	-144.085
1988.000	122.800	50.253	0.000	-152.449
1990.000	122.861	50.616	0.000	-156.896
1992.000	122.751	50.915	0.000	-170.558
1994.000	122.757	51.510	0.000	178.423
1996.000	122.878	52.333	0.000	169.767
1998.000	122.761	51.611	0.000	164.378
2000.000	122.729	52.069	0.000	145.712
2002.000	122.912	52.639	0.000	147.719
2004.000	122.728	51.095	0.000	136.322
2006.000	122.760	51.800	0.000	128.200
2008.000	122.864	51.781	0.000	124.997
2010.000	122.767	51.486	0.000	119.625
2012.000	122.732	51.822	0.000	108.685
2014.000	122.866	52.627	0.000	105.498
2016.000	122.781	52.131	0.000	99.341
2018.000	122.702	52.284	0.000	85.171
2020.000	122.899	53.419	0.000	81.133
2022.000	122.751	52.136	0.000	76.067
2024.000	122.734	52.667	0.000	61.435
2026.000	122.859	52.705	0.000	62.147
2028.000	122.773	52.290	0.000	53.422
2030.000	122.722	52.561	0.000	46.312
2032.000	122.848	53.617	0.000	38.741
2034.000	122.795	53.516	0.000	36.005
2036.000	122.692	53.848	0.000	17.461
2038.000	122.883	55.236	0.000	13.336
2040.000	122.757	54.167	0.000	3.122
2042.000	122.723	54.930	0.000	-15.227
2044.000	122.849	55.129	0.000	-22.674
2046.000	122.775	54.617	0.000	-36.178
2048.000	122.718	54.310	0.000	-53.035
2050.000	122.834	54.708	0.000	-65.876
2052.000	122.797	53.750	0.000	-75.591
2054.000	122.687	52.989	0.000	-97.556
2056.000	122.872	53.432	0.000	-109.504
2058.000	122.760	51.925	0.000	-121.023
2060.000	122.717	51.470	0.000	-148.291
2062.000	122.841	51.312	0.000	-159.063
2064.000	122.771	49.690	0.000	178.519
2066.000	122.714	49.064	0.000	156.561
2068.000	122.824	48.813	0.000	132.786
2070.000	122.799	48.263	0.000	118.789
2072.000	122.678	47.627	0.000	86.077
2074.000	122.870	48.767	0.000	73.570
2076.000	122.750	47.631	0.000	55.090
2078.000	122.717	48.577	0.000	32.905
2080.000	122.832	49.135	0.000	20.688
2082.000	122.767	49.163	0.000	6.672
2084.000	122.706	49.656	0.000	-11.422
2086.000	122.830	50.658	0.000	-21.800
2088.000	122.777	50.523	0.000	-31.871
2090.000	122.682	50.861	0.000	-51.365
2092.000	122.868	52.170	0.000	-59.419
2094.000	122.733	51.127	0.000	-69.841
2096.000	122.722	51.798	0.000	-89.070
2098.000	122.833	51.693	0.000	-93.969
2100.000	122.743	50.986	0.000	-107.587
2102.000	122.713	50.795	0.000	-118.909
2104.000	122.836	51.126	0.000	-127.896
2106.000	122.743	50.267	0.000	-132.477
2108.000	122.706	50.186	0.000	-149.799
2110.000	122.858	50.686	0.000	-150.177
2112.000	122.707	49.118	0.000	-161.328
2114.000	122.734	49.702	0.000	-171.831
2116.000	122.832	49.315	0.000	-176.523
2118.000	122.715	48.733	0.000	174.537
2120.000	122.732	48.708	0.000	161.583
2122.000	122.830	48.909	0.000	156.494
2124.000	122.713	47.541	0.000	146.229
2126.000	122.733	47.453	0.000	131.190
2128.000	122.841	47.215	0.000	127.472
2130.000	122.684	45.086	0.000	115.109
2132.000	122.761	44.946	0.000	103.232
2134.000	122.810	43.023	0.000	101.457
2136.000	122.705	40.967	0.000	92.437
2138.000	122.738	39.152	0.000	90.517
2140.000	122.837	38.170	0.000	97.162
2142.000	122.670	36.498	0.000	102.792
2144.000	122.782	37.631	0.000	105.285
2146.000	122.801	37.321	0.000	113.408
2148.000	122.678	37.652	0.000	105.688
2150.000	122.783	38.785	0.000	103.824
2152.000	122.790	38.721	0.000	98.457
2154.000	122.682	38.531	0.000	87.626
2156.000	122.779	38.787	0.000	78.101
2158.000	122.797	38.125	0.000	73.005
2160.000	122.657	36.588	0.000	58.439
2162.000	122.822	36.587	0.000	49.136
2164.000	122.753	34.428	0.000	42.499
2166.000	122.684	31.517	0.000	17.486
2168.000	122.817	28.341	0.000	1.495
2170.000	122.734	22.063	0.000	-68.579
2172.000	122.700	25.125	0.000	-173.154
2174.000	122.811	30.275	0.000	167.038
2176.000	122.734	31.832	0.000	159.834
2178.000	122.698	33.702	0.000	141.158
2180.000	122.829	34.877	0.000	144.252
2182.000	122.698	34.594	0.000	140.452
2184.000	122.728	36.554	0.000	141.560
2186.000	122.805	37.819	0.000	143.558
2188.000	122.703	39.201	0.000	140.617
2190.000	122.721	41.467	0.000	133.465
2192.000	122.819	43.143	0.000	131.949
2194.000	122.675	43.963	0.000	121.215
2196.000	122.749	46.224	0.000	109.797
2198.000	122.808	47.263	0.000	107.152
2200.000	122.653	47.797	0.000	88.304
2202.000	122.794	49.473	0.000	81.566
2204.000	122.759	49.182	0.000	70.150
2206.000	122.684	49.498	0.000	57.820
2208.000	122.774	50.101	0.000	45.454
2210.000	122.776	49.955	0.000	42.248
2212.000	122.656	49.448	0.000	26.286
2214.000	122.815	50.354	0.000	23.368
2216.000	122.721	49.274	0.000	17.629
2218.000	122.688	50.004	0.000	6.575
2220.000	122.809	50.160	0.000	4.726
2222.000	122.701	49.989	0.000	-3.835
2224.000	122.704	50.399	0.000	-13.144
2226.000	122.807	51.088	0.000	-17.539
2228.000	122.683	50.416	0.000	-26.296
2230.000	122.724	51.074	0.000	-38.307
2232.000	122.801	51.129	0.000	-41.191
2234.000	122.660	50.273	0.000	-53.939
2236.000	122.766	50.940	0.000	-61.274
2238.000	122.756	49.837	0.000	-66.074
2240.000	122.686	49.429	0.000	-74.093
2242.000	122.750	49.059	0.000	-79.980
2244.000	122.773	48.892	0.000	-79.040
2246.000	122.652	47.997	0.000	-86.869
2248.000	122.797	48.914	0.000	-85.277
2250.000	122.721	47.914	0.000	-86.351
2252.000	122.683	48.720	0.000	-92.089
2254.000	122.792	49.173	0.000	-91.117
2256.000	122.703	49.319	0.000	-94.931
2258.000	122.692	50.282	0.000	-101.833
2260.000	122.803	51.317	0.000	-103.388
2262.000	122.671	51.316	0.000	-111.246
2264.000	122.723	52.778	0.000	-122.534
2266.000	122.797	53.320	0.000	-124.358
2268.000	122.643	53.154	0.000	-140.839
2270.000	122.781	54.205	0.000	-146.842
2272.000	122.734	53.450	0.000	-156.040
2274.000	122.676	53.461	0.000	-166.033
2276.000	122.771	53.741	0.000	-174.772
2278.000	122.731	53.384	0.000	-177.753
2280.000	122.669	53.122	0.000	169.278
2282.000	122.794	53.961	0.000	167.609
2284.000	122.691	53.078	0.000	160.139
2286.000	122.707	53.886	0.000	151.089
2288.000	122.772	53.801	0.000	146.468
2290.000	122.687	53.812	0.000	138.358
2292.000	122.711	54.292	0.000	126.506
2294.000	122.783	54.615	0.000	122.283
2296.000	122.652	53.965	0.000	108.976
2298.000	122.756	54.659	0.000	97.239
2300.000	122.752	54.213	0.000	92.626
2302.000	122.655	53.466	0.000	74.370
2304.000	122.780	53.503	0.000	70.567
2306.000	122.711	51.951	0.000	60.192
2308.000	122.676	51.166	0.000	52.428
2310.000	122.783	50.890	0.000	46.470
2312.000	122.686	49.467	0.000	45.197
2314.000	122.704	49.191	0.000	35.389
2316.000	122.780	48.714	0.000	39.146
2318.000	122.660	47.606	0.000	31.783
2320.000	122.737	47.902	0.000	31.621
2322.000	122.753	47.395	0.000	30.792
2324.000	122.661	47.284	0.000	26.807
2326.000	122.754	47.996	0.000	24.880
2328.000	122.738	47.949	0.000	24.465
2330.000	122.648	48.328	0.000	15.583
2332.000	122.806	49.438	0.000	14.431
2334.000	122.668	48.878	0.000	7.588
2336.000	122.710	49.920	0.000	-1.244
2338.000	122.766	49.824	0.000	-3.883
2340.000	122.666	49.871	0.000	-13.193
2342.000	122.726	50.335	0.000	-20.312
2344.000	122.761	50.741	0.000	-23.637
2346.000	122.642	50.464	0.000	-34.288
2348.000	122.781	51.890	0.000	-39.157
2350.000	122.701	51.116	0.000	-44.688
2352.000	122.681	52.027	0.000	-56.681
2354.000	122.769	52.324	0.000	-61.750
2356.000	122.685	52.336	0.000	-71.834
2358.000	122.695	53.023	0.000	-84.891
2360.000	122.776	53.331	0.000	-91.475
2362.000	122.652	52.830	0.000	-105.671
2364.000	122.742	53.484	0.000	-118.952
2366.000	122.743	52.962	0.000	-124.734
2368.000	122.649	52.493	0.000	-143.184
2370.000	122.778	52.460	0.000	-147.861
2372.000	122.692	51.359	0.000	-160.326
2374.000	122.680	50.997	0.000	-170.021
2376.000	122.784	50.958	0.000	-178.250
2378.000	122.655	49.817	0.000	174.406
2380.000	122.733	50.016	0.000	161.374
2382.000	122.744	49.241	0.000	158.913
2384.000	122.657	48.413	0.000	144.287
2386.000	122.757	48.362	0.000	138.593
2388.000	122.710	47.345	0.000	130.253
2390.000	122.674	46.524	0.000	120.653
2392.000	122.763	46.324	0.000	114.449
2394.000	122.689	45.112	0.000	110.153
2396.000	122.689	44.894	0.000	100.970
2398.000	122.777	44.823	0.000	101.147
2400.000	122.639	44.130	0.000	91.781
2402.000	122.754	45.031	0.000	86.825
2404.000	122.723	44.540	0.000	80.279
2406.000	122.658	44.749	0.000	69.869
2408.000	122.771	45.394	0.000	58.625
2410.000	122.687	44.978	0.000	51.579
2412.000	122.688	45.088	0.000	31.712
2414.000	122.770	44.993	0.000	26.532
2416.000	122.654	43.820	0.000	7.792
2418.000	122.736	43.727	0.000	-4.152
2420.000	122.730	42.698	0.000	-16.262
2422.000	122.663	41.546	0.000	-31.868
2424.000	122.753	40.898	0.000	-44.950
2426.000	122.709	39.316	0.000	-54.725
2428.000	122.663	37.798	0.000	-71.549
2430.000	122.792	36.920	0.000	-78.527
2432.000	122.643	34.366	0.000	-89.876
2434.000	122.739	33.445	0.000	-99.601
2436.000	122.736	31.149	0.000	-105.040
2438.000	122.651	29.339	0.000	-113.549
2440.000	122.766	27.992	0.000	-121.064
2442.000	122.695	26.296	0.000	-120.744
2444.000	122.679	24.807	0.000	-129.977
2446.000	122.773	24.037	0.000	-129.272
2448.000	122.653	22.173	0.000	-136.288
2450.000	122.733	21.378	0.000	-140.671
2452.000	122.730	20.055	0.000	-142.208
2454.000	122.664	18.415	0.000	-146.171
2456.000	122.749	18.313	0.000	-143.197
2458.000	122.706	17.256	0.000	-144.916
2460.000	122.671	15.897	0.000	-149.380
2462.000	122.779	14.933	0.000	-151.438
2464.000	122.648	13.714	0.000	-158.737
2466.000	122.740	15.052	0.000	-155.685
2468.000	122.722	14.763	0.000	-153.580
2470.000	122.667	13.023	0.000	-154.032
2472.000	122.754	12.414	0.000	-163.252
2474.000	122.693	12.531	0.000	-161.354
2476.000	122.697	13.032	0.000	-168.769
2478.000	122.753	12.047	0.000	-170.061
2480.000	122.665	11.355	0.000	175.664
2482.000	122.732	10.974	0.000	-171.378
2484.000	122.724	11.127	0.000	-178.078
2486.000	122.668	10.494	0.000	-179.872
2488.000	122.759	9.535	0.000	174.840
2490.000	122.684	10.085	0.000	-179.082
2492.000	122.702	10.311	0.000	-162.757
2494.000	122.757	10.138	0.000	175.430
2496.000	122.651	9.827	0.000	148.689
2498.000	122.757	10.333	0.000	155.851
2500.000	122.699	11.092	0.000	-173.098
2502.000	122.682	10.386	0.000	-176.606
2504.000	122.763	10.097	0.000	162.200
2506.000	122.668	10.554	0.000	141.313
2508.000	122.725	10.258	0.000	130.889
2510.000	122.738	9.241	0.000	154.298
2512.000	122.660	9.623	0.000	170.068
2514.000	122.759	10.736	0.000	128.533
2516.000	122.693	10.523	0.000	134.449
2518.000	122.687	9.465	0.000	149.247
2520.000	122.771	9.450	0.000	157.301
2522.000	122.645	11.125	0.000	160.307
2524.000	122.758	12.086	0.000	-178.989
2526.000	122.701	11.572	0.000	152.493
2528.000	122.698	9.181	0.000	101.075
2530.000	122.743	8.254	0.000	-108.920
2532.000	122.690	9.675	0.000	-148.631
2534.000	122.711	9.189	0.000	171.405
2536.000	122.746	8.528	0.000	-166.189
2538.000	122.661	10.066	0.000	164.968
2540.000	122.764	10.076	0.000	168.963
2542.000	122.686	9.726	0.000	146.459
2544.000	122.703	10.539	0.000	136.019
2546.000	122.753	9.861	0.000	142.562
2548.000	122.660	10.516	0.000	158.139
2550.000	122.750	9.848	0.000	144.475
2552.000	122.712	9.292	0.000	161.081
2554.000	122.682	9.636	0.000	178.929
2556.000	122.768	10.657	0.000	163.169
2558.000	122.665	9.335	0.000	113.441
2560.000	122.738	9.479	0.000	126.408
2562.000	122.726	9.682	0.000	177.700
2564.000	122.673	10.201	0.000	155.194
2566.000	122.764	10.216	0.000	136.594
2568.000	122.682	8.971	0.000	146.736
2570.000	122.718	9.182	0.000	169.531
2572.000	122.749	9.572	0.000	155.305
2574.000	122.664	9.670	0.000	135.636
2576.000	122.762	9.113	0.000	139.050
2578.000	122.690	9.355	0.000	99.204
2580.000	122.707	9.885	0.000	58.309
2582.000	122.753	10.398	0.000	158.909
2584.000	122.667	10.215	0.000	-147.375
2586.000	122.756	10.003	0.000	-157.621
2588.000	122.706	9.461	0.000	107.151
2590.000	122.695	9.517	0.000	76.262
2592.000	122.759	10.246	0.000	143.969
2594.000	122.673	10.289	0.000	134.001
2596.000	122.743	9.113	0.000	26.464
2598.000	122.724	9.644	0.000	108.159
2600.000	122.686	10.090	0.000	-107.516
2602.000	122.765	10.973	0.000	62.513
2604.000	122.677	9.928	0.000	58.986
2606.000	122.738	8.981	0.000	-59.304
2608.000	122.729	8.287	0.000	-70.286
2610.000	122.683	10.430	0.000	-96.097
2612.000	122.761	10.822	0.000	-125.955
2614.000	122.693	10.454	0.000	165.149
2616.000	122.716	10.125	0.000	128.153
2618.000	122.758	9.706	0.000	166.382
2620.000	122.662	9.587	0.000	-163.451
2622.000	122.779	9.624	0.000	-128.030
2624.000	122.686	9.232	0.000	-164.001
2626.000	122.721	9.326	0.000	-177.537
2628.000	122.753	8.811	0.000	-157.692
2630.000	122.674	8.671	0.000	-156.827
2632.000	122.764	9.426	0.000	-130.289
2634.000	122.702	9.078	0.000	-167.622
2636.000	122.710	9.358	0.000	-158.523
2638.000	122.763	9.965	0.000	-153.981
2640.000	122.666	10.953	0.000	159.492
2642.000	122.769	10.599	0.000	97.660
2644.000	122.701	10.758	0.000	-129.144
2646.000	122.716	10.215	0.000	-129.073
2648.000	122.760	8.493	0.000	-116.187
2650.000	122.680	8.810	0.000	-108.083
2652.000	122.757	9.351	0.000	174.309
2654.000	122.714	9.443	0.000	-163.633
2656.000	122.702	10.244	0.000	176.992
2658.000	122.771	10.372	0.000	165.252
2660.000	122.668	9.913	0.000	140.448
2662.000	122.773	9.987	0.000	160.584
2664.000	122.704	10.379	0.000	158.973
2666.000	122.716	10.596	0.000	149.357
2668.000	122.758	10.256	0.000	170.842
2670.000	122.685	10.159	0.000	148.611
2672.000	122.754	10.457	0.000	133.100
2674.000	122.723	11.522	0.000	101.939
2676.000	122.707	11.947	0.000	134.607
2678.000	122.770	10.592	0.000	143.728
2680.000	122.673	8.840	0.000	139.637
2682.000	122.773	8.116	0.000	142.694
2684.000	122.713	8.261	0.000	77.174
2686.000	122.705	9.235	0.000	110.264
2688.000	122.786	9.621	0.000	125.107
2690.000	122.666	9.715	0.000	92.394
2692.000	122.782	10.538	0.000	129.532
2694.000	122.697	9.903	0.000	106.833
2696.000	122.738	9.214	0.000	113.459
2698.000	122.744	9.542	0.000	127.869
2700.000	122.702	9.251	0.000	105.070
2702.000	122.754	10.035	0.000	171.321
2704.000	122.725	9.640	0.000	133.335
2706.000	122.714	8.576	0.000	154.212
2708.000	122.773	10.312	0.000	129.879
2710.000	122.677	10.154	0.000	93.595
2712.000	122.783	9.319	0.000	141.088
2714.000	122.699	9.715	0.000	110.006
2716.000	122.738	9.997	0.000	113.618
2718.000	122.752	8.772	0.000	147.181
2720.000	122.694	9.488	0.000	105.902
2722.000	122.776	9.655	0.000	98.776
2724.000	122.706	8.910	0.000	63.039
2726.000	122.733	8.432	0.000	57.530
2728.000	122.763	8.740	0.000	106.589
2730.000	122.685	10.456	0.000	113.207
2732.000	122.787	10.748	0.000	41.500
2734.000	122.687	9.309	0.000	157.492
2736.000	122.771	9.532	0.000	130.374
2738.000	122.724	10.171	0.000	69.155
2740.000	122.725	9.021	0.000	68.940
2742.000	122.760	9.447	0.000	96.438
2744.000	122.707	9.401	0.000	46.990
2746.000	122.755	9.541	0.000	37.731
2748.000	122.736	9.969	0.000	47.484
2750.000	122.717	9.283	0.000	86.777
2752.000	122.775	9.215	0.000	91.261
2754.000	122.696	9.084	0.000	91.567
2756.000	122.768	10.122	0.000	112.951
2758.000	122.726	9.314	0.000	136.716
2760.000	122.722	9.208	0.000	159.890
2762.000	122.779	10.584	0.000	131.033
2764.000	122.687	9.616	0.000	9.539
2766.000	122.790	8.806	0.000	27.210
2768.000	122.697	9.199	0.000	123.783
2770.000	122.767	9.664	0.000	158.831
2772.000	122.737	9.551	0.000	69.007
2774.000	122.719	10.137	0.000	42.993
2776.000	122.779	9.386	0.000	6.879
2778.000	122.706	9.432	0.000	49.990
2780.000	122.761	9.385	0.000	69.301
2782.000	122.745	9.071	0.000	48.923
2784.000	122.715	8.902	0.000	97.019
2786.000	122.783	9.019	0.000	163.436
2788.000	122.691	9.288	0.000	176.261
2790.000	122.783	9.647	0.000	57.456
2792.000	122.718	9.012	0.000	15.434
2794.000	122.750	7.952	0.000	-43.116
2796.000	122.753	8.573	0.000	-49.720
2798.000	122.727	9.322	0.000	-1.401
2800.000	122.760	9.010	0.000	21.244
2802.000	122.737	9.323	0.000	-123.012
2804.000	122.737	9.060	0.000	127.028
2806.000	122.767	9.617	0.000	68.309
2808.000	122.704	9.245	0.000	96.377
2810.000	122.798	8.928	0.000	118.424
2812.000	122.697	8.754	0.000	146.723
2814.000	122.775	9.730	0.000	-173.880
2816.000	122.735	10.174	0.000	-84.013
2818.000	122.732	10.903	0.000	-74.485
2820.000	122.782	10.561	0.000	-102.794
2822.000	122.697	9.581	0.000	-128.687
2824.000	122.795	8.740	0.000	-152.996
2826.000	122.706	9.568	0.000	-153.475
2828.000	122.779	9.460	0.000	-160.441
2830.000	122.734	9.527	0.000	-147.151
2832.000	122.739	9.144	0.000	92.384
2834.000	122.771	9.340	0.000	134.918
2836.000	122.727	8.492	0.000	31.011
2838.000	122.766	8.242	0.000	118.815
2840.000	122.745	8.052	0.000	93.120
2842.000	122.734	8.284	0.000	170.001
2844.000	122.781	9.682	0.000	170.578
2846.000	122.709	10.080	0.000	155.761
2848.000	122.788	10.049	0.000	-151.144
2850.000	122.719	10.026	0.000	168.996
2852.000	122.763	9.510	0.000	157.709
2854.000	122.760	9.569	0.000	146.336
2856.000	122.728	9.836	0.000	101.966
2858.000	122.783	10.006	0.000	150.943
2860.000	122.711	9.755	0.000	-177.489
2862.000	122.790	10.055	0.000	177.652
2864.000	122.723	10.219	0.000	134.852
2866.000	122.770	9.782	0.000	140.090
2868.000	122.748	9.192	0.000	167.688
2870.000	122.743	9.081	0.000	172.299
2872.000	122.773	8.626	0.000	-129.206
2874.000	122.730	8.922	0.000	149.286
2876.000	122.767	8.783	0.000	112.279
2878.000	122.751	9.283	0.000	105.770
2880.000	122.744	9.703	0.000	96.614
2882.000	122.777	9.032	0.000	82.511
2884.000	122.728	10.155	0.000	86.482
2886.000	122.770	10.335	0.000	118.589
2888.000	122.752	9.542	0.000	135.685
2890.000	122.744	9.295	0.000	96.723
2892.000	122.785	9.621	0.000	77.681
2894.000	122.715	10.866	0.000	101.879
2896.000	122.803	11.031	0.000	127.399
2898.000	122.707	11.103	0.000	98.395
2900.000	122.802	11.184	0.000	94.912
2902.000	122.723	11.059	0.000	86.749
2904.000	122.768	10.964	0.000	88.723
2906.000	122.768	10.355	0.000	99.214
2908.000	122.727	10.265	0.000	85.945
2910.000	122.807	10.269	0.000	83.567
2912.000	122.700	10.483	0.000	72.666
2914.000	122.810	10.581	0.000	62.380
2916.000	122.720	11.202	0.000	58.824
2918.000	122.780	11.559	0.000	38.374
2920.000	122.756	10.051	0.000	21.292
2922.000	122.741	11.170	0.000	11.679
2924.000	122.786	11.011	0.000	8.679
2926.000	122.730	10.715	0.000	-9.470
2928.000	122.790	11.505	0.000	-2.961
2930.000	122.730	10.945	0.000	-12.168
2932.000	122.775	11.421	0.000	-22.949
2934.000	122.755	11.899	0.000	-22.360
2936.000	122.757	11.041	0.000	-35.215
2938.000	122.778	12.451	0.000	-37.917
2940.000	122.737	12.907	0.000	-42.436
2942.000	122.778	13.329	0.000	-37.329
2944.000	122.748	14.806	0.000	-46.865
2946.000	122.765	15.238	0.000	-48.060
2948.000	122.768	15.357	0.000	-60.836
2950.000	122.743	16.130	0.000	-70.118
2952.000	122.782	16.531	0.000	-69.629
2954.000	122.743	16.698	0.000	-76.716
2956.000	122.776	17.895	0.000	-77.282
2958.000	122.756	18.302	0.000	-86.538
2960.000	122.753	19.253	0.000	-90.751
2962.000	122.780	19.659	0.000	-94.071
2964.000	122.739	20.815	0.000	-105.707
2966.000	122.791	21.141	0.000	-108.570
2968.000	122.737	21.499	0.000	-116.579
2970.000	122.782	22.370	0.000	-120.433
2972.000	122.751	22.818	0.000	-130.562
2974.000	122.768	24.021	0.000	-133.293
2976.000	122.770	24.351	0.000	-139.401
2978.000	122.749	24.850	0.000	-146.777
2980.000	122.784	25.388	0.000	-152.350
2982.000	122.735	26.166	0.000	-163.799
2984.000	122.791	26.674	0.000	-169.360
2986.000	122.745	26.677	0.000	-175.695
2988.000	122.771	27.542	0.000	176.639
2990.000	122.766	27.479	0.000	170.422
2992.000	122.750	28.415	0.000	161.184
2994.000	122.787	28.586	0.000	154.082
2996.000	122.744	29.101	0.000	144.546
2998.000	122.782	29.147	0.000	138.322
3000.000	122.748	29.717	0.000	131.002
3002.000	122.772	30.058	0.000	123.523
3004.000	122.767	30.194	0.000	115.401
3006.000	122.764	30.794	0.000	106.156
3008.000	122.773	30.588	0.000	99.484
3010.000	122.748	31.039	0.000	90.010
3012.000	122.782	31.090	0.000	82.604
3014.000	122.749	31.286	0.000	73.702
3016.000	122.781	31.500	0.000	66.524
3018.000	122.760	31.315	0.000	58.522
3020.000	122.760	31.680	0.000	49.833
3022.000	122.782	31.488	0.000	43.818
3024.000	122.744	31.780	0.000	34.129
3026.000	122.800	31.653	0.000	27.853
3028.000	122.731	31.578	0.000	19.348
3030.000	122.800	31.665	0.000	13.640
3032.000	122.737	31.462	0.000	3.271
3034.000	122.783	31.704	0.000	-3.128
3036.000	122.763	31.408	0.000	-12.412
3038.000	122.766	31.308	0.000	-20.718
3040.000	122.773	30.935	0.000	-29.501
3042.000	122.752	30.748	0.000	-39.296
3044.000	122.779	30.553	0.000	-43.885
3046.000	122.756	30.090	0.000	-52.923
3048.000	122.784	29.837	0.000	-58.778
3050.000	122.752	28.885	0.000	-68.120
3052.000	122.778	28.933	0.000	-71.824
3054.000	122.754	27.607	0.000	-79.546
3056.000	122.777	27.480	0.000	-88.454
3058.000	122.765	26.560	0.000	-92.586
3060.000	122.777	25.848	0.000	-99.582
3062.000	122.763	24.446	0.000	-100.173
3064.000	122.763	23.093	0.000	-104.554
3066.000	122.775	22.254	0.000	-103.940
3068.000	122.753	21.626	0.000	-99.899
3070.000	122.791	21.377	0.000	-93.315
3072.000	122.744	21.349	0.000	-85.368
3074.000	122.791	22.422	0.000	-83.954
3076.000	122.744	23.018	0.000	-81.584
3078.000	122.785	24.695	0.000	-83.501
3080.000	122.769	24.970	0.000	-85.441
3082.000	122.754	25.973	0.000	-90.767
3084.000	122.799	26.648	0.000	-95.766
3086.000	122.723	27.012	0.000	-102.376
3088.000	122.812	27.973	0.000	-107.451
3090.000	122.732	27.700	0.000	-116.537
3092.000	122.791	28.353	0.000	-121.117
3094.000	122.768	28.188	0.000	-127.295
3096.000	122.748	28.602	0.000	-135.297
3098.000	122.797	28.351	0.000	-140.106
3100.000	122.729	28.453	0.000	-146.907
3102.000	122.804	28.667	0.000	-151.302
3104.000	122.751	28.552	0.000	-157.178
3106.000	122.770	28.564	0.000	-162.261
3108.000	122.784	28.394	0.000	-166.840
3110.000	122.737	28.448	0.000	-174.389
3112.000	122.803	28.250	0.000	-175.808
3114.000	122.746	28.046	0.000	177.265
3116.000	122.786	27.599	0.000	176.082
3118.000	122.763	27.281	0.000	173.294
3120.000	122.766	27.267	0.000	173.067
3122.000	122.765	27.630	0.000	171.253
3124.000	122.776	27.983	0.000	170.720
3126.000	122.750	28.377	0.000	170.113
3128.000	122.806	29.320	0.000	167.217
3130.000	122.729	29.591	0.000	164.680
3132.000	122.803	30.594	0.000	159.550
3134.000	122.743	31.146	0.000	155.768
3136.000	122.765	31.948	0.000	148.269
3138.000	122.801	32.788	0.000	143.363
3140.000	122.718	33.106	0.000	133.438
3142.000	122.837	33.984	0.000	129.124
3144.000	122.702	33.846	0.000	116.683
3146.000	122.815	34.540	0.000	110.228
3148.000	122.740	34.329	0.000	100.795
3150.000	122.772	34.870	0.000	92.965
3152.000	122.791	34.765	0.000	85.532
3154.000	122.740	34.747	0.000	75.443
3156.000	122.793	34.698	0.000	68.903
3158.000	122.753	34.756	0.000	58.553
3160.000	122.764	34.378	0.000	52.154
3162.000	122.786	34.373	0.000	43.283
3164.000	122.756	33.943	0.000	36.336
3166.000	122.783	33.757	0.000	28.847
3168.000	122.770	33.506	0.000	21.551
3170.000	122.747	32.743	0.000	14.584
3172.000	122.797	32.782	0.000	7.998
3174.000	122.735	31.925	0.000	1.699
3176.000	122.795	32.083	0.000	-5.998
3178.000	122.766	31.260	0.000	-10.668
3180.000	122.749	31.073	0.000	-17.560
3182.000	122.804	30.527	0.000	-23.849
3184.000	122.721	30.019	0.000	-29.321
3186.000	122.805	29.730	0.000	-34.048
3188.000	122.746	28.763	0.000	-39.165
3190.000	122.776	28.466	0.000	-45.845
3192.000	122.779	27.481	0.000	-47.409
3194.000	122.754	26.733	0.000	-53.173
3196.000	122.774	25.753	0.000	-52.519
3198.000	122.765	25.330	0.000	-52.232
3200.000	122.759	25.313	0.000	-49.428
3202.000	122.782	25.748	0.000	-47.568
3204.000	122.768	26.069	0.000	-46.102
3206.000	122.749	26.878	0.000	-49.505
3208.000	122.808	27.593	0.000	-51.469
3210.000	122.704	28.142	0.000	-60.350
3212.000	122.827	28.910	0.000	-64.322
3214.000	122.722	29.049	0.000	-74.450
3216.000	122.795	29.637	0.000	-82.014
3218.000	122.775	29.534	0.000	-88.878
3220.000	122.739	29.936	0.000	-98.369
3222.000	122.800	29.589	0.000	-104.121
3224.000	122.736	29.592	0.000	-114.007
3226.000	122.776	29.347	0.000	-119.802
3228.000	122.775	29.340	0.000	-130.628
3230.000	122.758	29.016	0.000	-136.268
3232.000	122.773	28.943	0.000	-147.232
3234.000	122.782	28.628	0.000	-153.806
3236.000	122.727	28.224	0.000	-163.487
3238.000	122.807	27.703	0.000	-170.694
3240.000	122.727	27.343	0.000	-178.964
3242.000	122.784	26.459	0.000	169.460
3244.000	122.785	25.710	0.000	162.246
3246.000	122.735	25.120	0.000	151.810
3248.000	122.808	24.043	0.000	142.974
3250.000	122.727	22.518	0.000	129.525
3252.000	122.776	20.813	0.000	120.856
3254.000	122.772	18.935	0.000	103.496
3256.000	122.752	15.635	0.000	82.620
3258.000	122.775	12.364	0.000	31.821
3260.000	122.786	12.567	0.000	-56.693
3262.000	122.722	16.386	0.000	-96.074
3264.000	122.818	18.763	0.000	-116.225
3266.000	122.705	21.033	0.000	-127.299
3268.000	122.798	23.355	0.000	-142.187
3270.000	122.755	24.195	0.000	-155.475
3272.000	122.758	25.715	0.000	-167.993
3274.000	122.786	26.059	0.000	179.031
3276.000	122.753	26.635	0.000	167.136
3278.000	122.758	26.924	0.000	156.039
3280.000	122.769	27.142	0.000	141.618
3282.000	122.753	27.356	0.000	133.976
3284.000	122.755	27.660	0.000	119.307
3286.000	122.791	27.240	0.000	110.704
3288.000	122.737	27.206	0.000	97.273
3290.000	122.786	26.461	0.000	86.965
3292.000	122.759	26.408	0.000	75.685
3294.000	122.746	26.357	0.000	62.515
3296.000	122.778	25.788	0.000	49.468
3298.000	122.755	25.388	0.000	37.618
3300.000	122.743	24.655	0.000	25.497
3302.000	122.809	24.133	0.000	15.580
3304.000	122.716	22.888	0.000	0.092
3306.000	122.797	22.232	0.000	-12.811
3308.000	122.757	20.560	0.000	-22.778
3310.000	122.728	19.141	0.000	-35.611
3312.000	122.801	17.733	0.000	-46.883
3314.000	122.723	16.557	0.000	-52.860
3316.000	122.776	16.468	0.000	-61.119
3318.000	122.765	16.714	0.000	-65.690
3320.000	122.766	17.694	0.000	-65.470
3322.000	122.743	17.417	0.000	-75.479
3324.000	122.805	18.169	0.000	-83.370
3326.000	122.693	18.868	0.000	-96.422
3328.000	122.813	19.637	0.000	-108.361
3330.000	122.722	19.568	0.000	-123.183
3332.000	122.765	20.556	0.000	-132.195
3334.000	122.776	21.446	0.000	-146.420
3336.000	122.760	21.930	0.000	-158.920
3338.000	122.741	22.094	0.000	-171.911
3340.000	122.797	23.065	0.000	179.787
3342.000	122.713	22.870	0.000	171.130
3344.000	122.773	23.247	0.000	156.616
3346.000	122.764	22.860	0.000	147.116
3348.000	122.726	23.153	0.000	138.806
3350.000	122.796	22.851	0.000	134.135
3352.000	122.741	23.083	0.000	124.874
3354.000	122.763	22.879	0.000	119.845
3356.000	122.757	22.619	0.000	113.221
3358.000	122.764	22.501	0.000	111.936
3360.000	122.721	23.070	0.000	102.912
3362.000	122.788	23.264	0.000	96.252
3364.000	122.730	23.596	0.000	90.565
3366.000	122.756	23.766	0.000	84.119
3368.000	122.778	24.123	0.000	80.306
3370.000	122.752	24.590	0.000	68.968
3372.000	122.741	24.054	0.000	62.053
3374.000	122.804	24.574	0.000	54.693
3376.000	122.690	24.162	0.000	46.789
3378.000	122.788	24.040	0.000	43.729
3380.000	122.750	24.103	0.000	37.435
3382.000	122.720	23.798	0.000	33.851
3384.000	122.789	23.979	0.000	30.502
3386.000	122.757	23.853	0.000	23.202
3388.000	122.724	23.666	0.000	18.921
3390.000	122.803	24.252	0.000	11.784
3392.000	122.729	23.656	0.000	7.801
3394.000	122.725	23.826	0.000	1.789
3396.000	122.799	23.768	0.000	0.675
3398.000	122.696	24.009	0.000	-5.669
3400.000	122.770	23.671	0.000	-7.723
3402.000	122.769	23.950	0.000	-17.416
3404.000	122.731	23.410	0.000	-20.896
3406.000	122.754	23.470	0.000	-26.298
3408.000	122.792	23.804	0.000	-30.313
3410.000	122.695	23.647	0.000	-32.687
3412.000	122.783	23.961	0.000	-37.185
3414.000	122.747	24.144	0.000	-43.732
3416.000	122.715	24.451	0.000	-47.276
3418.000	122.763	24.319	0.000	-52.408
3420.000	122.772	24.721	0.000	-58.842
3422.000	122.698	24.398	0.000	-62.704
3424.000	122.808	24.938	0.000	-66.753
3426.000	122.731	24.750	0.000	-72.553
3428.000	122.737	24.914	0.000	-76.644
3430.000	122.771	24.887	0.000	-82.887
3432.000	122.737	24.608	0.000	-87.664
3434.000	122.715	24.234	0.000	-89.770
3436.000	122.774	24.287	0.000	-96.496
3438.000	122.733	23.908	0.000	-96.701
3440.000	122.723	24.524	0.000	-102.698
3442.000	122.780	24.239	0.000	-102.150
3444.000	122.749	24.891	0.000	-103.002
3446.000	122.713	24.721	0.000	-106.967
3448.000	122.806	25.780	0.000	-110.131
3450.000	122.721	25.836	0.000	-114.360
3452.000	122.708	26.627	0.000	-118.485
3454.000	122.801	27.179	0.000	-122.765
3456.000	122.688	27.764	0.000	-131.686
3458.000	122.741	28.095	0.000	-134.498
3460.000	122.769	28.516	0.000	-143.943
3462.000	122.735	28.756	0.000	-148.788
3464.000	122.713	29.008	0.000	-157.500
3466.000	122.826	29.468	0.000	-164.656
3468.000	122.673	29.260	0.000	-171.372
3470.000	122.774	29.793	0.000	-178.532
3472.000	122.755	29.554	0.000	173.834
3474.000	122.713	29.840	0.000	168.201
3476.000	122.725	30.030	0.000	160.782
3478.000	122.775	30.042	0.000	151.896
3480.000	122.690	29.635	0.000	146.502
3482.000	122.752	30.112	0.000	137.713
3484.000	122.753	29.609	0.000	131.204
3486.000	122.746	30.020	0.000	127.235
3488.000	122.707	29.770	0.000	117.057
3490.000	122.804	29.694	0.000	113.407
3492.000	122.702	29.813	0.000	104.948
3494.000	122.734	29.648	0.000	99.170
3496.000	122.762	29.718	0.000	91.155
3498.000	122.717	29.714	0.000	85.724
3500.000	122.705	29.431	0.000	76.560
3502.000	122.767	29.620	0.000	68.463
3504.000	122.715	29.278	0.000	60.411
3506.000	122.720	29.303	0.000	52.626
3508.000	122.761	28.566	0.000	44.872
3510.000	122.756	28.746	0.000	36.653
3512.000	122.696	28.061	0.000	26.757
3514.000	122.780	27.711	0.000	20.090
3516.000	122.741	27.494	0.000	15.331
3518.000	122.683	26.640	0.000	5.567
3520.000	122.771	25.968	0.000	2.447
3522.000	122.734	25.674	0.000	-8.211
3524.000	122.676	24.443	0.000	-14.866
3526.000	122.757	24.000	0.000	-20.247
3528.000	122.748	23.013	0.000	-22.233
3530.000	122.677	22.164	0.000	-28.359
3532.000	122.764	21.080	0.000	-30.851
3534.000	122.772	20.690	0.000	-32.313
3536.000	122.675	19.885	0.000	-28.774
3538.000	122.775	20.053	0.000	-27.472
3540.000	122.761	19.789	0.000	-30.462
3542.000	122.678	20.299	0.000	-25.095
3544.000	122.749	21.106	0.000	-23.620
3546.000	122.740	22.483	0.000	-29.306
3548.000	122.699	22.971	0.000	-32.059
3550.000	122.702	23.955	0.000	-39.889
3552.000	122.756	24.360	0.000	-46.963
3554.000	122.712	24.834	0.000	-53.928
3556.000	122.693	24.534	0.000	-64.628
3558.000	122.768	24.934	0.000	-73.979
3560.000	122.747	25.294	0.000	-81.942
3562.000	122.672	24.725	0.000	-92.151
3564.000	122.789	24.755	0.000	-96.492
3566.000	122.737	24.690	0.000	-106.204
3568.000	122.686	24.131	0.000	-109.039
3570.000	122.741	24.339	0.000	-117.840
3572.000	122.761	23.880	0.000	-121.295
3574.000	122.658	23.622	0.000	-126.322
3576.000	122.720	23.292	0.000	-130.674
3578.000	122.763	23.774	0.000	-138.889
3580.000	122.673	24.038	0.000	-141.962
3582.000	122.690	24.230	0.000	-149.714
3584.000	122.800	24.679	0.000	-156.764
3586.000	122.674	24.717	0.000	-165.384
3588.000	122.710	24.892	0.000	-173.545
3590.000	122.768	24.923	0.000	178.926
3592.000	122.742	25.054	0.000	170.406
3594.000	122.666	24.731	0.000	162.680
3596.000	122.777	24.597	0.000	155.246
3598.000	122.740	24.063	0.000	145.764
3600.000	122.661	23.949	0.000	135.459
3602.000	122.733	23.566	0.000	125.094
3604.000	122.757	22.914	0.000	118.155
3606.000	122.645	22.108	0.000	111.583
3608.000	122.714	21.821	0.000	105.723
3610.000	122.753	21.916	0.000	97.673
3612.000	122.669	20.524	0.000	95.003
3614.000	122.707	21.110	0.000	87.528
3616.000	122.728	20.045	0.000	78.392
3618.000	122.742	19.779	0.000	72.910
3620.000	122.684	19.872	0.000	68.865
3622.000	122.722	19.273	0.000	56.118
3624.000	122.780	18.670	0.000	48.429
3626.000	122.676	18.593	0.000	35.652
3628.000	122.712	18.021	0.000	22.092
3630.000	122.765	18.058	0.000	5.702
3632.000	122.709	16.761	0.000	-12.987
3634.000	122.653	15.051	0.000	-29.006
3636.000	122.760	14.296	0.000	-41.454
3638.000	122.712	14.014	0.000	-64.132
3640.000	122.648	12.822	0.000	-83.929
3642.000	122.707	12.980	0.000	-117.830
3644.000	122.753	13.175	0.000	-148.173
3646.000	122.646	12.853	0.000	175.708
3648.000	122.684	12.890	0.000	148.714
3650.000	122.766	13.891	0.000	131.688
3652.000	122.685	13.837	0.000	111.830
3654.000	122.682	13.693	0.000	94.865
3656.000	122.743	13.569	0.000	84.554
3658.000	122.744	13.476	0.000	70.018
3660.000	122.686	13.743	0.000	53.696
3662.000	122.697	13.397	0.000	47.051
3664.000	122.783	12.457	0.000	35.477
3666.000	122.697	11.961	0.000	35.702
3668.000	122.656	11.296	0.000	28.502
3670.000	122.768	10.967	0.000	43.064
3672.000	122.705	11.538	0.000	33.036
3674.000	122.659	11.384	0.000	32.778
3676.000	122.683	12.411	0.000	37.892
3678.000	122.755	12.625	0.000	27.594
3680.000	122.646	12.234	0.000	17.200
3682.000	122.665	13.403	0.000	12.562
3684.000	122.702	12.664	0.000	8.139
3686.000	122.749	12.821	0.000	5.852
3688.000	122.596	12.260	0.000	-16.663
3690.000	122.720	12.675	0.000	-15.030
3692.000	122.758	12.535	0.000	-18.116
3694.000	122.664	11.390	0.000	-15.044
3696.000	122.651	11.256	0.000	-21.295
3698.000	122.790	11.174	0.000	-19.545
3700.000	122.706	10.804	0.000	-35.258
3702.000	122.665	11.450	0.000	-31.513
3704.000	122.715	12.712	0.000	-44.500
3706.000	122.800	12.844	0.000	-60.073
3708.000	122.635	11.797	0.000	-59.907
3710.000	122.706	11.562	0.000	-69.311
3712.000	122.746	9.722	0.000	-81.047
3714.000	122.716	9.068	0.000	-84.418
3716.000	122.644	10.122	0.000	-9.287
3718.000	122.711	8.991	0.000	0.630
3720.000	122.711	10.485	0.000	-3.968
3722.000	122.684	13.539	0.000	1.558
3724.000	122.637	14.377	0.000	-11.201
3726.000	122.684	15.074	0.000	-28.958
3728.000	122.735	17.278	0.000	-38.960
3730.000	122.619	18.109	0.000	-49.809
3732.000	122.638	19.163	0.000	-58.363
3734.000	122.742	20.554	0.000	-71.879
3736.000	122.668	20.430	0.000	-84.359
3738.000	122.619	20.347	0.000	-94.675
3740.000	122.692	20.659	0.000	-105.996
3742.000	122.723	20.982	0.000	-116.554
3744.000	122.677	21.579	0.000	-128.468
3746.000	122.614	21.610	0.000	-142.337
3748.000	122.762	21.669	0.000	-149.842
3750.000	122.717	21.461	0.000	-157.030
3752.000	122.659	21.512	0.000	-169.123
3754.000	122.664	20.829	0.000	178.961
3756.000	122.793	21.286	0.000	174.650
3758.000	122.688	20.549	0.000	161.987
3760.000	122.669	19.982	0.000	156.502
3762.000	122.709	20.203	0.000	143.895
3764.000	122.776	19.734	0.000	139.264
3766.000	122.676	19.197	0.000	135.992
3768.000	122.664	18.593	0.000	127.560
3770.000	122.727	18.224	0.000	118.034
3772.000	122.767	17.936	0.000	116.080
3774.000	122.623	16.766	0.000	111.607
3776.000	122.691	16.621	0.000	110.459
3778.000	122.705	15.458	0.000	104.900
3780.000	122.729	15.375	0.000	107.878
3782.000	122.625	14.896	0.000	101.049
3784.000	122.632	13.598	0.000	90.611
3786.000	122.743	13.852	0.000	93.545
3788.000	122.686	14.547	0.000	100.920
3790.000	122.559	14.486	0.000	97.228
3792.000	122.669	13.437	0.000	97.394
3794.000	122.741	13.678	0.000	95.338
3796.000	122.604	13.574	0.000	94.902
3798.000	122.569	14.004	0.000	97.515
3800.000	122.701	16.093	0.000	84.715
3802.000	122.684	15.757	0.000	77.681
3804.000	122.589	15.520	0.000	81.824
3806.000	122.591	15.806	0.000	72.139
3808.000	122.686	15.930	0.000	66.446
3810.000	122.691	16.626	0.000	61.316
3812.000	122.559	16.789	0.000	55.316
3814.000	122.623	16.736	0.000	45.126
3816.000	122.701	17.113	0.000	37.649
3818.000	122.656	16.780	0.000	28.617
3820.000	122.610	16.995	0.000	24.651
3822.000	122.608	16.935	0.000	19.910
3824.000	122.722	17.307	0.000	9.102
3826.000	122.679	16.144	0.000	2.992
3828.000	122.604	16.918	0.000	-1.732
3830.000	122.632	16.113	0.000	-8.901
3832.000	122.750	16.805	0.000	-8.103
3834.000	122.681	16.692	0.000	-18.399
3836.000	122.620	15.681	0.000	-26.571
3838.000	122.653	15.438	0.000	-32.213
3840.000	122.772	14.655	0.000	-38.087
3842.000	122.695	15.569	0.000	-44.172
3844.000	122.645	15.930	0.000	-48.917
3846.000	122.642	15.163	0.000	-48.493
3848.000	122.835	15.801	0.000	-50.811
3850.000	122.701	15.991	0.000	-66.010
3852.000	122.618	15.572	0.000	-75.771
3854.000	122.729	15.774	0.000	-78.622
3856.000	122.811	16.783	0.000	-82.783
3858.000	122.703	17.211	0.000	-92.695
3860.000	122.668	16.737	0.000	-100.635
3862.000	122.721	16.625	0.000	-114.401
3864.000	122.821	17.036	0.000	-119.833
3866.000	122.736	16.978	0.000	-125.563
3868.000	122.673	16.892	0.000	-126.585
3870.000	122.730	16.598	0.000	-138.039
3872.000	122.823	16.042	0.000	-150.034
3874.000	122.776	16.307	0.000	-167.914
3876.000	122.669	15.622	0.000	-169.482
3878.000	122.738	15.745	0.000	175.814
3880.000	122.826	14.295	0.000	160.809
3882.000	122.811	13.450	0.000	157.915
3884.000	122.676	12.347	0.000	145.637
3886.000	122.709	12.343	0.000	134.047
3888.000	122.891	12.002	0.000	127.837
3890.000	122.801	10.988	0.000	125.461
3892.000	122.669	10.784	0.000	126.497
3894.000	122.761	8.799	0.000	110.167
3896.000	122.852	8.349	0.000	137.638
3898.000	122.811	8.474	0.000	154.492
3900.000	122.732	9.098	0.000	165.366
3902.000	122.721	9.007	0.000	116.576
3904.000	122.855	9.446	0.000	165.008
3906.000	122.846	8.681	0.000	171.005
3908.000	122.753	9.938	0.000	179.343
3910.000	122.717	10.101	0.000	147.460
3912.000	122.853	9.293	0.000	153.801
3914.000	122.867	9.053	0.000	153.733
3916.000	122.767	8.644	0.000	158.444
3918.000	122.767	10.458	0.000	145.423
3920.000	122.798	11.382	0.000	137.907
3922.000	122.882	10.978	0.000	145.804
3924.000	122.850	11.376	0.000	135.997
3926.000	122.747	12.171	0.000	132.146
3928.000	122.776	10.841	0.000	135.285
3930.000	122.928	10.203	0.000	125.534
3932.000	122.861	9.838	0.000	101.085
3934.000	122.802	10.616	0.000	116.560
3936.000	122.745	10.221	0.000	130.360
3938.000	122.923	10.863	0.000	115.958
3940.000	122.931	10.797	0.000	95.366
3942.000	122.816	11.194	0.000	93.673
3944.000	122.755	11.429	0.000	86.367
3946.000	122.911	10.624	0.000	87.309
3948.000	122.960	9.807	0.000	80.318
3950.000	122.852	10.613	0.000	62.882
3952.000	122.797	10.530	0.000	48.604
3954.000	122.888	11.384	0.000	29.560
3956.000	122.934	11.311	0.000	35.407
3958.000	122.931	11.094	0.000	37.914
3960.000	122.873	11.292	0.000	30.604
3962.000	122.794	9.671	0.000	10.488
3964.000	122.959	10.615	0.000	24.260
3966.000	122.991	11.008	0.000	23.731
3968.000	122.882	10.150	0.000	-4.401
3970.000	122.820	8.783	0.000	-12.657
3972.000	122.905	9.748	0.000	-15.891
3974.000	122.990	10.498	0.000	-19.482
3976.000	122.963	10.764	0.000	-32.748
3978.000	122.828	11.014	0.000	-28.870
3980.000	122.849	11.482	0.000	-35.563
3982.000	122.964	10.701	0.000	-60.127
3984.000	122.999	10.993	0.000	-71.814
3986.000	122.871	11.844	0.000	-82.090
3988.000	122.809	11.182	0.000	-87.349
3990.000	122.908	12.063	0.000	-82.536
3992.000	122.970	12.308	0.000	-83.476
3994.000	122.925	11.784	0.000	-103.637
3996.000	122.839	12.339	0.000	-109.566
3998.000	122.785	12.119	0.000	-110.984
4000.000	122.941	12.071	0.000	-111.136
