1000.000	122.559	23.599	0.000	18.862
2.000	122.518	24.168	0.000	5.297
4.000	122.489	23.274	0.000	-6.536
6.000	122.486	22.638	0.000	-19.795
8.000	122.511	21.659	0.000	-29.860
10.000	122.545	20.083	0.000	-39.193
12.000	122.571	19.599	0.000	-56.243
14.000	122.580	19.258	0.000	-61.566
16.000	122.567	18.169	0.000	-86.001
18.000	122.545	18.904	0.000	-106.740
20.000	122.531	18.241	0.000	-119.301
22.000	122.531	18.159	0.000	-137.233
24.000	122.550	17.204	0.000	-147.562
26.000	122.574	15.576	0.000	-150.029
28.000	122.584	14.952	0.000	-164.205
30.000	122.575	13.706	0.000	176.920
32.000	122.549	13.515	0.000	170.571
34.000	122.520	13.822	0.000	149.938
36.000	122.513	13.359	0.000	-159.034
38.000	122.535	13.774	0.000	179.316
40.000	122.580	13.435	0.000	93.173
42.000	122.628	13.587	0.000	109.911
44.000	122.648	14.090	0.000	-166.759
46.000	122.624	13.280	0.000	-149.638
48.000	122.565	13.381	0.000	41.866
50.000	122.496	13.759	0.000	106.359
52.000	122.460	13.312	0.000	80.659
54.000	122.487	13.360	0.000	-177.764
56.000	122.567	13.030	0.000	176.051
58.000	122.664	12.895	0.000	157.749
60.000	122.725	12.492	0.000	156.391
62.000	122.711	13.543	0.000	159.045
64.000	122.624	13.957	0.000	179.331
66.000	122.501	13.006	0.000	-159.633
68.000	122.409	12.867	0.000	135.562
70.000	122.414	13.405	0.000	104.409
72.000	122.518	12.804	0.000	109.140
74.000	122.672	12.917	0.000	53.139
76.000	122.792	13.288	0.000	52.876
78.000	122.809	13.171	0.000	80.031
80.000	122.707	13.288	0.000	147.707
82.000	122.531	12.795	0.000	166.119
84.000	122.373	12.291	0.000	-97.892
86.000	122.339	13.208	0.000	138.572
88.000	122.460	14.917	0.000	-154.716
90.000	122.668	14.324	0.000	-155.899
92.000	122.848	12.590	0.000	-132.763
94.000	122.897	13.834	0.000	-151.904
96.000	122.784	13.966	0.000	112.894
98.000	122.560	13.444	0.000	178.568
100.000	122.343	13.403	0.000	170.654
102.000	122.279	13.670	0.000	-153.129
104.000	122.420	13.454	0.000	-143.305
106.000	122.680	13.443	0.000	145.831
108.000	122.904	13.189	0.000	-156.454
110.000	122.966	12.961	0.000	-139.525
112.000	122.830	12.785	0.000	-135.571
114.000	122.561	13.131	0.000	127.241
116.000	122.308	12.922	0.000	-156.997
118.000	122.247	12.752	0.000	-145.053
120.000	122.427	12.296	0.000	-138.376
122.000	122.726	12.869	0.000	174.549
124.000	122.960	12.560	0.000	159.506
126.000	122.999	13.498	0.000	155.834
128.000	122.820	13.945	0.000	119.916
130.000	122.520	12.576	0.000	75.604
132.000	122.278	13.281	0.000	79.356
134.000	122.268	13.576	0.000	49.470
136.000	122.498	13.317	0.000	30.267
138.000	122.801	13.223	0.000	67.337
140.000	122.993	13.389	0.000	100.624
142.000	122.970	13.969	0.000	86.690
144.000	122.748	13.713	0.000	79.982
146.000	122.460	13.245	0.000	53.465
148.000	122.292	13.316	0.000	51.793
150.000	122.364	12.830	0.000	90.080
152.000	122.614	12.935	0.000	78.046
154.000	122.861	12.976	0.000	-14.593
156.000	122.962	12.272	0.000	22.593
158.000	122.871	12.242	0.000	-21.563
160.000	122.651	11.215	0.000	-35.550
162.000	122.447	12.062	0.000	-26.271
164.000	122.390	13.251	0.000	-67.623
166.000	122.509	11.872	0.000	-130.896
168.000	122.702	12.724	0.000	57.574
170.000	122.840	13.320	0.000	38.250
172.000	122.857	13.095	0.000	-70.256
174.000	122.761	13.462	0.000	-100.384
176.000	122.626	13.058	0.000	-75.029
178.000	122.537	13.363	0.000	-97.608
180.000	122.531	13.342	0.000	-149.596
182.000	122.594	13.231	0.000	-146.917
184.000	122.676	11.947	0.000	-60.591
186.000	122.740	12.401	0.000	-119.018
188.000	122.773	13.009	0.000	-157.430
190.000	122.767	12.827	0.000	-107.285
192.000	122.724	13.199	0.000	-45.405
194.000	122.648	12.860	0.000	-171.307
196.000	122.565	11.787	0.000	-2.839
198.000	122.530	11.953	0.000	175.627
200.000	122.585	12.337	0.000	-156.257
202.000	122.720	11.869	0.000	-136.359
204.000	122.856	11.791	0.000	-101.542
206.000	122.893	12.297	0.000	-103.390
208.000	122.789	13.713	0.000	-127.545
210.000	122.588	12.744	0.000	-137.273
212.000	122.429	13.065	0.000	167.225
214.000	122.452	12.275	0.000	-163.282
216.000	122.660	12.235	0.000	-119.809
218.000	122.905	13.018	0.000	-63.066
220.000	123.008	13.256	0.000	-132.452
222.000	122.890	12.841	0.000	173.956
224.000	122.618	12.639	0.000	-33.956
226.000	122.385	11.145	0.000	177.428
228.000	122.391	12.472	0.000	167.385
230.000	122.638	12.585	0.000	155.708
232.000	122.923	10.795	0.000	135.529
234.000	123.041	11.653	0.000	144.534
236.000	122.915	13.048	0.000	136.419
238.000	122.635	12.256	0.000	133.666
240.000	122.412	11.586	0.000	97.622
242.000	122.426	12.928	0.000	58.361
244.000	122.652	12.572	0.000	78.205
246.000	122.893	11.900	0.000	86.631
248.000	122.980	13.302	0.000	94.431
250.000	122.875	12.920	0.000	112.838
252.000	122.670	13.018	0.000	108.238
254.000	122.523	13.039	0.000	78.857
256.000	122.529	12.267	0.000	140.431
258.000	122.656	11.530	0.000	129.185
260.000	122.792	10.758	0.000	58.168
262.000	122.858	12.748	0.000	-22.601
264.000	122.842	12.763	0.000	-59.260
266.000	122.773	12.593	0.000	-56.358
268.000	122.688	12.956	0.000	126.885
270.000	122.614	13.177	0.000	75.037
272.000	122.587	12.278	0.000	-15.067
274.000	122.643	12.900	0.000	-27.316
276.000	122.772	12.049	0.000	-44.473
278.000	122.900	9.865	0.000	-71.333
280.000	122.926	11.966	0.000	-98.320
282.000	122.800	13.238	0.000	-94.058
284.000	122.591	13.622	0.000	-93.645
286.000	122.466	12.865	0.000	-137.358
288.000	122.563	12.264	0.000	-144.749
290.000	122.818	13.021	0.000	-166.943
292.000	123.020	11.915	0.000	-172.568
294.000	123.004	10.830	0.000	149.983
296.000	122.768	12.023	0.000	177.832
298.000	122.494	12.155	0.000	-179.515
300.000	122.429	12.070	0.000	-160.233
302.000	122.640	12.685	0.000	-165.531
304.000	122.926	11.636	0.000	-168.244
306.000	123.047	12.308	0.000	160.897
308.000	122.927	12.627	0.000	147.268
310.000	122.672	12.784	0.000	149.932
312.000	122.500	13.401	0.000	-172.361
314.000	122.550	13.114	0.000	164.788
316.000	122.746	12.457	0.000	140.836
318.000	122.909	11.171	0.000	178.470
320.000	122.935	11.966	0.000	149.476
322.000	122.842	12.437	0.000	136.563
324.000	122.716	11.847	0.000	109.955
326.000	122.635	11.781	0.000	144.679
328.000	122.627	11.785	0.000	-158.600
330.000	122.688	11.267	0.000	-145.834
332.000	122.800	10.928	0.000	142.476
334.000	122.908	11.792	0.000	122.831
336.000	122.936	11.250	0.000	118.054
338.000	122.828	11.998	0.000	-154.506
340.000	122.635	13.150	0.000	-134.696
342.000	122.521	12.480	0.000	152.393
344.000	122.621	11.614	0.000	25.399
346.000	122.873	12.188	0.000	57.329
348.000	123.050	12.816	0.000	124.333
350.000	122.991	12.724	0.000	-150.472
352.000	122.728	13.234	0.000	-144.855
354.000	122.490	11.447	0.000	-56.842
356.000	122.521	11.824	0.000	-22.104
358.000	122.786	12.237	0.000	-173.915
360.000	123.023	10.881	0.000	-140.533
362.000	123.032	11.564	0.000	178.804
364.000	122.828	13.461	0.000	-104.614
366.000	122.604	13.464	0.000	-141.249
368.000	122.558	12.631	0.000	-134.131
370.000	122.701	13.648	0.000	-146.042
372.000	122.872	13.119	0.000	-134.834
374.000	122.947	11.650	0.000	-14.577
376.000	122.906	11.548	0.000	-23.039
378.000	122.804	12.265	0.000	108.320
380.000	122.697	13.411	0.000	158.331
382.000	122.635	13.163	0.000	32.204
384.000	122.672	12.207	0.000	56.405
386.000	122.814	12.077	0.000	38.127
388.000	122.972	12.486	0.000	32.014
390.000	122.999	12.742	0.000	26.844
392.000	122.835	12.920	0.000	34.675
394.000	122.597	12.936	0.000	16.414
396.000	122.528	12.247	0.000	-17.841
398.000	122.732	12.301	0.000	-39.635
400.000	123.006	12.425	0.000	42.458
402.000	123.085	11.716	0.000	22.870
404.000	122.895	11.730	0.000	-3.595
406.000	122.615	12.810	0.000	-14.458
408.000	122.530	13.645	0.000	-11.418
410.000	122.714	13.023	0.000	3.015
412.000	122.951	12.258	0.000	-38.181
414.000	123.024	11.748	0.000	-45.823
416.000	122.911	12.903	0.000	-55.009
418.000	122.740	13.426	0.000	-67.580
420.000	122.653	10.927	0.000	-100.629
422.000	122.685	11.571	0.000	-65.340
424.000	122.788	12.466	0.000	-42.367
426.000	122.907	11.114	0.000	-78.620
428.000	122.978	11.286	0.000	12.850
430.000	122.932	12.921	0.000	-24.066
432.000	122.759	12.536	0.000	-48.526
434.000	122.595	11.936	0.000	67.050
436.000	122.633	12.241	0.000	-5.515
438.000	122.877	12.261	0.000	-48.652
440.000	123.082	12.270	0.000	-149.629
442.000	123.033	11.546	0.000	-109.360
444.000	122.760	10.568	0.000	-89.937
446.000	122.542	10.990	0.000	-61.505
448.000	122.629	12.210	0.000	-141.386
450.000	122.904	11.421	0.000	143.265
452.000	123.068	11.357	0.000	-165.751
454.000	122.987	11.837	0.000	-37.482
456.000	122.778	11.608	0.000	-94.390
458.000	122.652	11.330	0.000	-156.890
460.000	122.693	11.962	0.000	-166.085
462.000	122.819	11.131	0.000	-149.765
464.000	122.929	11.700	0.000	-107.339
466.000	122.979	11.495	0.000	-104.195
468.000	122.932	11.620	0.000	-90.439
470.000	122.782	11.445	0.000	-93.496
472.000	122.632	12.495	0.000	-110.675
474.000	122.666	11.595	0.000	-121.471
476.000	122.902	12.203	0.000	-119.932
478.000	123.098	12.095	0.000	-127.101
480.000	123.030	11.439	0.000	-139.533
482.000	122.742	11.311	0.000	-172.088
484.000	122.550	11.018	0.000	-149.262
486.000	122.692	10.747	0.000	169.406
488.000	122.982	12.648	0.000	-136.098
490.000	123.093	12.254	0.000	-119.422
492.000	122.947	11.616	0.000	-111.697
494.000	122.731	12.497	0.000	-125.459
496.000	122.667	12.329	0.000	-127.470
498.000	122.762	12.551	0.000	-156.223
500.000	122.888	12.704	0.000	-149.780
502.000	122.969	12.378	0.000	-147.839
504.000	122.983	12.377	0.000	-152.617
506.000	122.894	10.938	0.000	-163.432
508.000	122.719	11.930	0.000	115.655
510.000	122.632	11.685	0.000	-168.251
512.000	122.792	11.788	0.000	-163.582
514.000	123.058	11.576	0.000	-174.868
516.000	123.118	10.811	0.000	-156.942
518.000	122.873	11.837	0.000	-161.941
520.000	122.591	10.900	0.000	176.800
522.000	122.633	10.635	0.000	-148.826
524.000	122.931	11.728	0.000	-137.474
526.000	123.107	11.926	0.000	-111.549
528.000	123.000	12.294	0.000	-112.028
530.000	122.781	12.525	0.000	-114.094
532.000	122.697	11.956	0.000	-148.882
534.000	122.770	12.372	0.000	-175.476
536.000	122.874	12.243	0.000	-145.958
538.000	122.958	11.897	0.000	-148.174
540.000	123.008	12.263	0.000	-144.570
542.000	122.943	11.853	0.000	-167.031
544.000	122.745	12.001	0.000	-153.899
546.000	122.625	12.199	0.000	176.651
548.000	122.803	11.177	0.000	-174.496
550.000	123.099	12.087	0.000	-144.036
552.000	123.137	12.061	0.000	-145.862
554.000	122.846	12.513	0.000	168.546
556.000	122.580	12.111	0.000	160.427
558.000	122.698	11.538	0.000	-175.878
560.000	123.005	11.714	0.000	-170.024
562.000	123.105	12.112	0.000	-176.711
564.000	122.946	12.093	0.000	161.882
566.000	122.774	12.976	0.000	156.807
568.000	122.752	12.507	0.000	165.617
570.000	122.808	12.265	0.000	-145.875
572.000	122.879	12.049	0.000	-150.991
574.000	122.989	10.781	0.000	145.502
576.000	123.052	11.942	0.000	136.120
578.000	122.911	11.639	0.000	168.325
580.000	122.659	10.460	0.000	-162.756
582.000	122.659	11.116	0.000	174.494
584.000	122.981	12.433	0.000	166.735
586.000	123.196	11.248	0.000	-178.816
588.000	123.017	12.332	0.000	173.164
590.000	122.670	12.275	0.000	160.918
592.000	122.634	12.042	0.000	159.177
594.000	122.912	12.224	0.000	143.572
596.000	123.088	11.393	0.000	155.403
598.000	123.007	11.770	0.000	136.459
600.000	122.859	11.726	0.000	154.358
602.000	122.802	12.501	0.000	-148.141
604.000	122.789	11.443	0.000	162.686
606.000	122.820	11.274	0.000	138.479
608.000	122.972	12.083	0.000	122.078
610.000	123.107	12.135	0.000	142.234
612.000	122.985	11.508	0.000	179.589
614.000	122.682	11.096	0.000	-148.820
616.000	122.637	10.890	0.000	160.673
618.000	122.966	11.091	0.000	150.190
620.000	123.199	11.239	0.000	-156.461
622.000	123.033	11.465	0.000	172.132
624.000	122.713	11.403	0.000	178.070
626.000	122.681	10.668	0.000	159.216
628.000	122.906	12.038	0.000	127.482
630.000	123.044	12.087	0.000	174.810
632.000	123.009	11.969	0.000	156.386
634.000	122.926	11.833	0.000	122.076
636.000	122.836	12.197	0.000	135.059
638.000	122.752	11.822	0.000	129.977
640.000	122.815	11.206	0.000	159.409
642.000	123.042	11.373	0.000	-152.317
644.000	123.142	11.851	0.000	-140.922
646.000	122.922	11.253	0.000	-51.788
648.000	122.646	11.389	0.000	160.694
650.000	122.733	12.346	0.000	126.904
652.000	123.052	11.600	0.000	142.339
654.000	123.155	10.331	0.000	144.089
656.000	122.952	11.537	0.000	130.871
658.000	122.740	11.908	0.000	163.710
660.000	122.759	12.022	0.000	179.381
662.000	122.915	12.141	0.000	140.884
664.000	123.036	11.162	0.000	148.847
666.000	123.051	10.268	0.000	149.922
668.000	122.932	11.168	0.000	60.216
670.000	122.757	11.865	0.000	14.403
672.000	122.747	11.872	0.000	168.023
674.000	122.965	11.607	0.000	136.879
676.000	123.136	12.249	0.000	122.270
678.000	123.033	12.421	0.000	140.627
680.000	122.780	10.563	0.000	164.239
682.000	122.708	11.405	0.000	97.717
684.000	122.897	11.747	0.000	162.870
686.000	123.093	11.258	0.000	163.062
688.000	123.085	11.251	0.000	80.236
690.000	122.891	11.779	0.000	120.093
692.000	122.724	12.401	0.000	-178.376
694.000	122.795	11.526	0.000	-155.083
696.000	123.028	11.583	0.000	117.846
698.000	123.129	11.334	0.000	100.810
700.000	122.973	11.005	0.000	98.604
702.000	122.764	10.957	0.000	97.345
704.000	122.771	10.654	0.000	133.953
706.000	122.948	11.917	0.000	150.581
708.000	123.073	11.681	0.000	58.623
710.000	123.048	11.647	0.000	44.952
712.000	122.899	10.985	0.000	131.218
714.000	122.746	11.100	0.000	131.251
716.000	122.798	10.322	0.000	110.133
718.000	123.054	11.233	0.000	112.126
720.000	123.174	11.724	0.000	-85.502
722.000	122.951	12.118	0.000	-12.997
724.000	122.679	11.349	0.000	147.550
726.000	122.790	10.691	0.000	147.392
728.000	123.084	10.798	0.000	138.540
730.000	123.122	11.547	0.000	108.953
732.000	122.928	12.283	0.000	120.006
734.000	122.810	11.876	0.000	-127.411
736.000	122.837	11.750	0.000	-116.388
738.000	122.911	12.265	0.000	-136.022
740.000	123.035	10.737	0.000	-135.334
742.000	123.108	9.641	0.000	-175.374
744.000	122.933	11.065	0.000	138.799
746.000	122.686	10.813	0.000	70.280
748.000	122.816	9.862	0.000	126.730
750.000	123.160	9.521	0.000	88.098
752.000	123.168	11.993	0.000	59.568
754.000	122.837	12.256	0.000	68.244
756.000	122.702	10.791	0.000	2.541
758.000	122.920	10.804	0.000	123.657
760.000	123.082	11.562	0.000	135.657
762.000	123.042	11.199	0.000	-169.170
764.000	122.949	11.485	0.000	-167.983
766.000	122.851	11.273	0.000	129.369
768.000	122.794	10.089	0.000	139.128
770.000	122.942	11.362	0.000	161.742
772.000	123.154	10.996	0.000	152.356
774.000	123.075	10.984	0.000	156.323
776.000	122.768	11.513	0.000	101.113
778.000	122.729	10.859	0.000	170.074
780.000	123.018	11.589	0.000	151.702
782.000	123.168	11.344	0.000	123.378
784.000	123.010	10.628	0.000	97.981
786.000	122.803	10.627	0.000	-23.090
788.000	122.797	11.433	0.000	-167.324
790.000	122.959	11.056	0.000	155.058
792.000	123.105	11.077	0.000	122.810
794.000	123.067	11.303	0.000	-166.976
796.000	122.863	11.345	0.000	173.541
798.000	122.765	11.654	0.000	154.658
800.000	122.925	11.551	0.000	135.105
802.000	123.108	11.703	0.000	132.447
804.000	123.083	11.737	0.000	-149.977
806.000	122.897	10.648	0.000	-141.886
808.000	122.768	10.484	0.000	-49.144
810.000	122.873	11.033	0.000	-120.921
812.000	123.111	11.656	0.000	136.513
814.000	123.148	12.994	0.000	156.826
816.000	122.883	12.069	0.000	121.257
818.000	122.711	10.991	0.000	63.410
820.000	122.932	11.741	0.000	142.226
822.000	123.154	11.868	0.000	-178.077
824.000	123.058	11.460	0.000	168.511
826.000	122.866	11.109	0.000	149.837
828.000	122.839	11.247	0.000	143.032
830.000	122.905	11.309	0.000	-15.783
832.000	123.020	11.172	0.000	40.540
834.000	123.126	11.337	0.000	148.746
836.000	122.994	11.183	0.000	-167.624
838.000	122.727	11.588	0.000	137.064
840.000	122.830	11.950	0.000	107.990
842.000	123.175	11.994	0.000	78.321
844.000	123.159	11.123	0.000	134.569
846.000	122.830	11.563	0.000	-56.764
848.000	122.762	11.342	0.000	-57.416
850.000	122.983	10.839	0.000	52.424
852.000	123.089	10.530	0.000	97.150
854.000	123.043	11.027	0.000	62.963
856.000	122.944	11.795	0.000	11.581
858.000	122.818	11.530	0.000	-25.202
860.000	122.861	10.326	0.000	53.783
862.000	123.103	10.671	0.000	106.282
864.000	123.153	11.687	0.000	-174.205
866.000	122.888	11.740	0.000	110.234
868.000	122.742	11.578	0.000	86.890
870.000	122.950	10.909	0.000	24.039
872.000	123.148	11.359	0.000	-18.939
874.000	123.079	12.143	0.000	28.270
876.000	122.863	11.228	0.000	63.789
878.000	122.785	9.668	0.000	29.811
880.000	122.970	10.629	0.000	51.058
882.000	123.149	9.969	0.000	-19.130
884.000	123.052	10.440	0.000	-74.961
886.000	122.836	10.861	0.000	-33.871
888.000	122.834	10.736	0.000	22.616
890.000	122.993	10.523	0.000	-19.572
892.000	123.097	9.921	0.000	-24.426
894.000	123.064	9.598	0.000	12.000
896.000	122.877	10.960	0.000	87.553
898.000	122.764	11.791	0.000	41.494
900.000	123.005	10.931	0.000	-37.553
902.000	123.224	10.248	0.000	-146.009
904.000	123.005	9.367	0.000	-133.981
906.000	122.729	8.692	0.000	-174.829
908.000	122.899	11.101	0.000	45.323
910.000	123.123	11.750	0.000	41.850
912.000	123.065	10.725	0.000	23.029
914.000	122.945	10.157	0.000	-18.465
916.000	122.875	9.951	0.000	-130.008
918.000	122.860	10.968	0.000	-147.711
920.000	123.044	10.828	0.000	-153.426
922.000	123.180	10.245	0.000	-84.500
924.000	122.945	10.069	0.000	-92.829
926.000	122.725	10.270	0.000	173.198
928.000	122.957	11.297	0.000	163.148
930.000	123.184	11.357	0.000	173.245
932.000	123.054	10.637	0.000	-137.785
934.000	122.841	12.352	0.000	-94.789
936.000	122.838	11.944	0.000	-50.063
938.000	123.004	10.795	0.000	16.381
940.000	123.134	9.376	0.000	6.658
942.000	123.033	9.440	0.000	8.842
944.000	122.825	11.007	0.000	162.727
946.000	122.857	11.063	0.000	169.189
948.000	123.059	10.233	0.000	-48.098
950.000	123.119	11.240	0.000	-134.563
952.000	122.991	12.106	0.000	-159.528
954.000	122.819	11.493	0.000	-145.676
956.000	122.855	10.256	0.000	-125.170
958.000	123.128	9.799	0.000	157.962
960.000	123.171	10.870	0.000	-164.110
962.000	122.849	9.945	0.000	165.687
964.000	122.771	11.005	0.000	135.840
966.000	123.062	11.559	0.000	-176.552
968.000	123.133	10.597	0.000	172.092
970.000	122.975	9.684	0.000	167.804
972.000	122.900	10.501	0.000	177.293
974.000	122.873	10.991	0.000	159.752
976.000	122.974	10.925	0.000	163.418
978.000	123.171	11.151	0.000	159.465
980.000	123.038	11.385	0.000	-17.791
982.000	122.740	9.790	0.000	-113.376
984.000	122.903	10.182	0.000	-87.512
986.000	123.189	10.380	0.000	172.192
988.000	123.077	10.553	0.000	-172.569
990.000	122.850	10.948	0.000	118.047
992.000	122.854	10.923	0.000	-62.454
994.000	123.004	9.759	0.000	-46.685
996.000	123.127	10.025	0.000	150.746
998.000	123.036	9.668	0.000	159.885
1000.000	122.824	9.959	0.000	-168.735
1002.000	122.877	10.992	0.000	155.680
1004.000	123.090	10.472	0.000	130.251
1006.000	123.109	10.306	0.000	153.405
1008.000	122.955	11.304	0.000	151.260
1010.000	122.815	11.537	0.000	168.197
1012.000	122.917	10.631	0.000	-110.151
1014.000	123.179	11.278	0.000	141.253
1016.000	123.101	11.877	0.000	159.016
1018.000	122.771	11.300	0.000	-107.633
1020.000	122.869	10.749	0.000	-146.493
1022.000	123.142	10.294	0.000	123.862
1024.000	123.068	11.000	0.000	121.013
1026.000	122.931	11.536	0.000	-175.779
1028.000	122.897	12.176	0.000	81.028
1030.000	122.895	11.242	0.000	78.350
1032.000	123.095	9.830	0.000	119.349
1034.000	123.158	9.456	0.000	17.799
1036.000	122.834	10.688	0.000	90.758
1038.000	122.791	10.220	0.000	108.999
1040.000	123.129	9.365	0.000	91.268
1042.000	123.143	9.806	0.000	12.228
1044.000	122.908	10.928	0.000	-16.399
1046.000	122.844	10.825	0.000	-107.436
1048.000	122.955	10.185	0.000	-18.739
1050.000	123.116	10.572	0.000	-0.795
1052.000	123.081	10.227	0.000	124.078
1054.000	122.844	10.785	0.000	10.307
1056.000	122.863	11.391	0.000	-91.677
1058.000	123.076	10.677	0.000	-83.580
1060.000	123.103	11.587	0.000	-57.345
1062.000	122.978	11.052	0.000	-74.929
1064.000	122.826	10.590	0.000	-98.296
1066.000	122.906	11.323	0.000	-125.341
1068.000	123.192	10.746	0.000	-115.347
1070.000	123.087	10.524	0.000	-91.708
1072.000	122.753	11.526	0.000	-30.378
1074.000	122.923	11.089	0.000	-89.543
1076.000	123.146	10.970	0.000	-113.189
1078.000	123.028	11.291	0.000	-146.390
1080.000	122.944	12.076	0.000	-150.236
1082.000	122.885	10.958	0.000	-168.009
1084.000	122.917	10.795	0.000	-163.068
1086.000	123.167	11.218	0.000	-152.859
1088.000	123.077	12.104	0.000	-139.671
1090.000	122.755	11.548	0.000	-128.594
1092.000	122.925	11.902	0.000	-152.473
1094.000	123.168	11.274	0.000	-158.149
1096.000	123.048	11.737	0.000	-137.136
1098.000	122.876	10.925	0.000	-160.976
1100.000	122.861	10.609	0.000	-167.419
1102.000	123.042	10.964	0.000	-168.387
1104.000	123.151	11.451	0.000	-170.685
1106.000	122.934	11.045	0.000	-142.367
1108.000	122.823	11.652	0.000	-166.321
1110.000	123.002	11.057	0.000	-166.298
1112.000	123.092	11.466	0.000	-146.189
1114.000	123.053	11.706	0.000	-168.938
1116.000	122.876	10.617	0.000	171.666
1118.000	122.822	10.596	0.000	147.607
1120.000	123.146	11.636	0.000	172.575
1122.000	123.158	11.865	0.000	165.461
1124.000	122.794	12.147	0.000	160.608
1126.000	122.879	12.166	0.000	166.199
1128.000	123.110	12.015	0.000	169.569
1130.000	123.047	11.890	0.000	174.816
1132.000	122.977	11.898	0.000	171.231
1134.000	122.871	12.174	0.000	156.675
1136.000	122.909	12.705	0.000	137.763
1138.000	123.168	12.428	0.000	139.499
1140.000	123.058	12.406	0.000	153.252
1142.000	122.781	12.030	0.000	146.837
1144.000	122.932	11.541	0.000	122.793
1146.000	123.134	12.893	0.000	120.664
1148.000	123.063	12.587	0.000	126.921
1150.000	122.864	11.892	0.000	140.468
1152.000	122.854	12.801	0.000	116.166
1154.000	123.100	13.035	0.000	104.625
1156.000	123.110	12.515	0.000	113.796
1158.000	122.884	11.732	0.000	101.026
1160.000	122.879	10.766	0.000	73.599
1162.000	123.001	11.694	0.000	79.928
1164.000	123.101	11.958	0.000	81.209
1166.000	123.035	10.922	0.000	79.499
1168.000	122.789	11.422	0.000	69.757
1170.000	122.937	12.654	0.000	64.699
1172.000	123.211	13.460	0.000	66.410
1174.000	122.990	12.796	0.000	71.921
1176.000	122.796	12.568	0.000	56.183
1178.000	122.981	12.942	0.000	33.984
1180.000	123.090	12.825	0.000	45.570
1182.000	123.039	12.917	0.000	46.415
1184.000	122.896	11.648	0.000	43.646
1186.000	122.862	11.208	0.000	41.463
1188.000	123.070	12.125	0.000	29.088
1190.000	123.122	13.335	0.000	25.638
1192.000	122.894	12.858	0.000	20.321
1194.000	122.822	11.603	0.000	-4.950
1196.000	123.063	12.424	0.000	1.427
1198.000	123.149	12.907	0.000	8.493
1200.000	122.894	13.341	0.000	-16.351
1202.000	122.825	13.654	0.000	-7.038
1204.000	123.057	13.513	0.000	0.249
1206.000	123.096	13.785	0.000	-10.784
1208.000	122.953	12.502	0.000	-18.139
1210.000	122.862	13.815	0.000	-20.628
1212.000	122.947	12.922	0.000	-21.689
1214.000	123.127	11.689	0.000	-39.252
1216.000	123.030	10.531	0.000	-31.836
1218.000	122.802	11.455	0.000	-34.291
1220.000	122.936	12.537	0.000	-49.335
1222.000	123.154	13.242	0.000	-48.304
1224.000	123.024	12.172	0.000	-47.045
1226.000	122.802	11.095	0.000	-60.896
1228.000	122.947	12.075	0.000	-61.125
1230.000	123.128	12.166	0.000	-67.537
1232.000	123.002	12.542	0.000	-58.496
1234.000	122.880	12.500	0.000	-56.512
1236.000	122.906	12.769	0.000	-71.474
1238.000	123.044	12.722	0.000	-70.597
1240.000	123.123	13.029	0.000	-64.900
1242.000	122.860	11.411	0.000	-62.228
1244.000	122.825	11.589	0.000	-93.136
1246.000	123.150	11.966	0.000	-87.494
1248.000	123.069	11.643	0.000	-55.888
1250.000	122.838	12.192	0.000	-83.727
1252.000	122.905	12.353	0.000	-87.837
1254.000	123.051	11.982	0.000	-72.078
1256.000	123.088	11.905	0.000	-58.496
1258.000	122.896	12.146	0.000	-78.958
1260.000	122.848	12.640	0.000	-99.069
1262.000	123.063	13.031	0.000	-97.792
1264.000	123.082	13.626	0.000	-97.438
1266.000	122.927	13.082	0.000	-81.988
1268.000	122.824	11.818	0.000	-96.644
1270.000	123.028	12.995	0.000	-104.107
1272.000	123.171	13.511	0.000	-96.849
1274.000	122.850	12.816	0.000	-103.512
1276.000	122.842	13.675	0.000	-101.471
1278.000	123.106	13.979	0.000	-99.286
1280.000	123.026	14.065	0.000	-96.796
1282.000	122.943	14.487	0.000	-108.310
1284.000	122.867	13.837	0.000	-117.021
1286.000	122.966	13.642	0.000	-115.412
1288.000	123.164	13.666	0.000	-114.312
1290.000	122.909	13.622	0.000	-116.101
1292.000	122.802	13.407	0.000	-132.210
1294.000	123.072	15.374	0.000	-131.589
1296.000	123.090	15.701	0.000	-125.234
1298.000	122.906	15.679	0.000	-138.826
1300.000	122.835	14.746	0.000	-145.375
1302.000	123.044	13.648	0.000	-136.547
1304.000	123.101	13.064	0.000	-125.180
1306.000	122.883	12.043	0.000	-87.068
1308.000	122.878	15.363	0.000	-83.273
1310.000	123.003	18.792	0.000	-89.667
1312.000	123.090	21.696	0.000	-96.393
1314.000	122.952	22.999	0.000	-110.076
1316.000	122.782	24.804	0.000	-140.343
1318.000	123.069	27.581	0.000	-163.143
1320.000	123.126	28.064	0.000	-178.308
1322.000	122.835	27.047	0.000	152.099
1324.000	122.881	27.835	0.000	110.514
1326.000	123.056	28.754	0.000	83.913
1328.000	123.049	28.165	0.000	48.539
1330.000	122.904	28.771	0.000	5.019
1332.000	122.857	29.788	0.000	-30.400
1334.000	123.032	31.497	0.000	-67.484
1336.000	123.092	32.907	0.000	-89.430
1338.000	122.881	32.163	0.000	-110.296
1340.000	122.825	33.043	0.000	-147.340
1342.000	123.102	34.596	0.000	-159.682
1344.000	123.070	33.526	0.000	-167.295
1346.000	122.812	32.651	0.000	169.736
1348.000	122.920	33.754	0.000	154.339
1350.000	123.068	34.227	0.000	144.698
1352.000	123.020	34.226	0.000	132.191
1354.000	122.869	33.999	0.000	113.948
1356.000	122.880	34.429	0.000	91.824
1358.000	123.087	34.946	0.000	78.139
1360.000	123.028	34.096	0.000	65.797
1362.000	122.832	32.419	0.000	46.038
1364.000	122.896	32.117	0.000	20.829
1366.000	123.118	32.231	0.000	7.816
1368.000	123.007	30.236	0.000	-5.538
1370.000	122.772	28.237	0.000	-42.285
1372.000	123.007	28.172	0.000	-68.544
1374.000	123.078	26.544	0.000	-93.979
1376.000	122.928	25.394	0.000	-140.269
1378.000	122.886	25.820	0.000	177.157
1380.000	122.911	26.583	0.000	133.319
1382.000	123.123	28.253	0.000	103.714
1384.000	122.957	27.731	0.000	83.033
1386.000	122.772	26.908	0.000	43.348
1388.000	123.057	27.652	0.000	21.778
1390.000	123.069	26.183	0.000	9.923
1392.000	122.881	23.342	0.000	-16.697
1394.000	122.849	21.943	0.000	-41.353
1396.000	123.040	20.309	0.000	-58.869
1398.000	123.061	17.610	0.000	-77.941
1400.000	122.845	14.030	0.000	-110.445
1402.000	122.897	12.974	0.000	168.423
1404.000	123.025	14.401	0.000	109.447
1406.000	123.050	15.524	0.000	84.809
1408.000	122.851	16.028	0.000	61.041
1410.000	122.850	17.779	0.000	30.219
1412.000	123.145	19.247	0.000	21.262
1414.000	122.964	18.082	0.000	16.796
1416.000	122.800	17.048	0.000	-10.402
1418.000	122.987	18.325	0.000	-25.540
1420.000	123.049	17.419	0.000	-20.748
1422.000	122.949	15.879	0.000	-27.050
1424.000	122.834	14.803	0.000	-19.826
1426.000	122.964	15.849	0.000	-7.671
1428.000	123.085	18.416	0.000	-1.203
1430.000	122.913	19.140	0.000	-6.420
1432.000	122.800	20.028	0.000	-39.176
1434.000	123.053	21.667	0.000	-49.732
1436.000	123.066	20.832	0.000	-57.275
1438.000	122.809	19.379	0.000	-80.903
1440.000	122.910	19.230	0.000	-97.191
1442.000	123.048	17.888	0.000	-106.341
1444.000	122.993	15.971	0.000	-113.976
1446.000	122.844	13.911	0.000	-125.716
1448.000	122.902	13.599	0.000	-125.188
1450.000	123.082	12.355	0.000	-111.482
1452.000	122.957	11.479	0.000	-89.378
1454.000	122.811	11.281	0.000	-80.035
1456.000	122.954	12.809	0.000	-85.269
1458.000	123.113	14.355	0.000	-88.110
1460.000	122.863	12.979	0.000	-102.817
1462.000	122.830	14.182	0.000	-118.986
1464.000	123.073	16.099	0.000	-127.228
1466.000	122.972	15.048	0.000	-137.314
1468.000	122.894	14.326	0.000	-147.343
1470.000	122.856	13.284	0.000	-157.795
1472.000	123.041	14.172	0.000	-159.880
1474.000	123.038	12.809	0.000	-151.425
1476.000	122.766	11.185	0.000	-167.880
1478.000	122.963	10.893	0.000	-167.600
1480.000	123.074	11.205	0.000	-171.109
1482.000	122.903	10.780	0.000	-167.300
1484.000	122.819	11.214	0.000	-166.671
1486.000	123.011	11.059	0.000	-172.481
1488.000	123.038	11.319	0.000	-163.483
1490.000	122.847	11.285	0.000	-177.428
1492.000	122.881	9.519	0.000	-167.102
1494.000	123.006	10.195	0.000	-177.314
1496.000	123.031	10.392	0.000	-120.913
1498.000	122.802	10.559	0.000	-119.524
1500.000	122.902	10.822	0.000	-162.365
1502.000	123.109	10.025	0.000	-176.857
1504.000	122.887	9.676	0.000	-168.789
1506.000	122.821	10.973	0.000	-161.664
1508.000	123.006	11.022	0.000	-173.323
1510.000	123.017	9.330	0.000	179.544
1512.000	122.863	9.914	0.000	-139.696
1514.000	122.863	11.342	0.000	-160.303
1516.000	123.008	12.205	0.000	-170.064
1518.000	123.025	11.265	0.000	-171.120
1520.000	122.788	10.709	0.000	165.162
1522.000	122.916	10.676	0.000	174.147
1524.000	123.099	11.796	0.000	-165.239
1526.000	122.860	11.443	0.000	-154.771
1528.000	122.844	12.077	0.000	-176.493
1530.000	122.988	10.831	0.000	-167.698
1532.000	123.019	11.413	0.000	-174.988
1534.000	122.841	10.795	0.000	156.780
1536.000	122.869	11.247	0.000	174.705
1538.000	123.034	10.737	0.000	-176.351
1540.000	122.964	10.475	0.000	176.805
1542.000	122.808	11.006	0.000	169.551
1544.000	122.918	11.390	0.000	133.791
1546.000	123.102	11.514	0.000	150.638
1548.000	122.819	11.718	0.000	147.155
1550.000	122.859	9.910	0.000	173.815
1552.000	123.028	10.449	0.000	170.599
1554.000	122.952	11.526	0.000	159.104
1556.000	122.855	12.148	0.000	143.636
1558.000	122.864	11.646	0.000	135.371
1560.000	123.064	11.548	0.000	145.144
1562.000	122.914	11.322	0.000	166.043
1564.000	122.787	10.685	0.000	137.639
1566.000	122.999	10.720	0.000	138.169
1568.000	123.025	11.654	0.000	140.823
1570.000	122.798	11.571	0.000	134.979
1572.000	122.893	12.343	0.000	119.220
1574.000	123.030	11.827	0.000	147.327
1576.000	122.918	11.238	0.000	122.755
1578.000	122.822	10.893	0.000	139.969
1580.000	122.931	10.974	0.000	122.117
1582.000	123.041	12.059	0.000	96.976
1584.000	122.844	11.482	0.000	95.865
1586.000	122.826	9.639	0.000	139.476
1588.000	123.040	10.033	0.000	130.080
1590.000	122.957	10.332	0.000	128.981
1592.000	122.766	9.877	0.000	69.124
1594.000	122.980	11.025	0.000	96.726
1596.000	122.990	10.616	0.000	127.162
1598.000	122.868	11.390	0.000	112.234
1600.000	122.840	11.092	0.000	92.845
1602.000	122.977	11.480	0.000	92.321
1604.000	123.010	11.760	0.000	100.296
1606.000	122.755	9.266	0.000	122.376
1608.000	122.944	11.147	0.000	102.381
1610.000	123.027	12.366	0.000	96.289
1612.000	122.844	10.352	0.000	90.404
1614.000	122.826	9.825	0.000	70.211
1616.000	123.014	10.194	0.000	81.650
1618.000	122.941	9.881	0.000	51.598
1620.000	122.811	9.481	0.000	49.485
1622.000	122.903	10.545	0.000	46.109
1624.000	123.013	10.931	0.000	32.878
1626.000	122.883	9.289	0.000	65.439
1628.000	122.782	9.639	0.000	23.579
1630.000	123.035	10.139	0.000	37.143
1632.000	122.945	10.138	0.000	53.942
1634.000	122.777	9.919	0.000	31.500
1636.000	122.938	11.059	0.000	-2.346
1638.000	122.995	11.035	0.000	18.744
1640.000	122.848	10.387	0.000	22.027
1642.000	122.837	10.524	0.000	35.210
1644.000	122.966	9.650	0.000	25.163
1646.000	122.985	9.075	0.000	1.232
1648.000	122.751	10.208	0.000	-75.592
1650.000	122.941	10.990	0.000	-18.601
1652.000	123.019	9.907	0.000	9.238
1654.000	122.806	9.574	0.000	31.490
1656.000	122.850	10.812	0.000	11.820
1658.000	122.992	10.498	0.000	24.729
1660.000	122.921	9.514	0.000	-39.455
1662.000	122.787	9.289	0.000	-23.189
1664.000	122.933	10.429	0.000	-99.516
1666.000	122.982	9.732	0.000	0.937
1668.000	122.840	9.385	0.000	-22.238
1670.000	122.803	10.340	0.000	-41.274
1672.000	123.056	10.067	0.000	9.564
1674.000	122.861	10.244	0.000	-1.932
1676.000	122.799	10.741	0.000	-64.781
1678.000	122.965	10.255	0.000	-28.815
1680.000	122.944	10.368	0.000	-62.042
1682.000	122.816	10.703	0.000	-65.309
1684.000	122.856	10.594	0.000	-56.527
1686.000	123.000	10.417	0.000	-73.145
1688.000	122.876	9.347	0.000	-89.481
1690.000	122.768	9.936	0.000	-118.386
1692.000	123.005	10.319	0.000	-125.882
1694.000	122.928	9.837	0.000	-140.517
1696.000	122.771	12.089	0.000	-112.066
1698.000	122.924	11.314	0.000	-99.354
1700.000	122.963	8.605	0.000	-93.495
1702.000	122.837	8.869	0.000	-57.276
1704.000	122.816	9.689	0.000	-112.031
1706.000	122.989	10.443	0.000	-98.243
1708.000	122.896	11.064	0.000	-99.967
1710.000	122.776	10.277	0.000	-112.204
1712.000	122.929	10.135	0.000	-109.843
1714.000	122.995	8.197	0.000	-72.257
1716.000	122.740	9.430	0.000	-83.537
1718.000	122.921	10.796	0.000	-104.385
1720.000	122.944	10.322	0.000	-93.173
1722.000	122.862	11.324	0.000	-108.806
1724.000	122.792	11.472	0.000	-126.060
1726.000	122.966	11.455	0.000	-95.310
1728.000	122.927	11.564	0.000	-106.973
1730.000	122.755	10.446	0.000	-122.354
1732.000	122.919	10.472	0.000	-127.612
1734.000	122.977	10.429	0.000	-145.167
1736.000	122.767	11.239	0.000	-134.957
1738.000	122.871	10.621	0.000	-123.342
1740.000	122.965	10.059	0.000	-118.419
1742.000	122.849	10.853	0.000	-141.749
1744.000	122.793	10.821	0.000	-126.118
1746.000	122.945	10.184	0.000	-145.741
1748.000	122.929	9.906	0.000	-136.763
1750.000	122.756	9.967	0.000	-137.689
1752.000	122.898	11.456	0.000	-141.192
1754.000	122.980	11.432	0.000	-146.527
1756.000	122.762	10.543	0.000	-155.162
1758.000	122.864	9.279	0.000	-166.684
1760.000	122.964	9.453	0.000	-141.263
1762.000	122.833	9.368	0.000	-156.822
1764.000	122.802	10.187	0.000	-145.744
1766.000	122.924	10.838	0.000	-139.989
1768.000	122.943	11.260	0.000	-141.143
1770.000	122.726	10.461	0.000	-164.265
1772.000	122.927	10.866	0.000	-141.881
1774.000	122.941	10.435	0.000	-149.864
1776.000	122.772	10.865	0.000	-174.954
1778.000	122.848	10.131	0.000	172.536
1780.000	122.967	10.492	0.000	-149.992
1782.000	122.813	10.876	0.000	-151.855
1784.000	122.802	10.868	0.000	-153.567
1786.000	122.931	9.769	0.000	-168.170
1788.000	122.907	7.812	0.000	-134.640
1790.000	122.734	8.838	0.000	177.215
1792.000	122.928	10.642	0.000	-175.314
1794.000	122.930	10.848	0.000	-168.381
1796.000	122.744	9.810	0.000	110.223
1798.000	122.884	9.238	0.000	87.246
1800.000	122.934	9.760	0.000	-25.922
1802.000	122.801	8.766	0.000	-15.600
1804.000	122.805	10.157	0.000	-36.713
1806.000	122.945	11.570	0.000	-27.621
1808.000	122.867	12.862	0.000	-12.884
1810.000	122.736	15.196	0.000	-30.692
1812.000	122.964	18.607	0.000	-29.632
1814.000	122.870	19.517	0.000	-35.676
1816.000	122.753	22.639	0.000	-46.957
1818.000	122.898	25.921	0.000	-50.659
1820.000	122.916	28.396	0.000	-56.397
1822.000	122.769	30.967	0.000	-70.288
1824.000	122.834	34.474	0.000	-84.784
1826.000	122.944	37.227	0.000	-94.793
1828.000	122.805	38.691	0.000	-111.747
1830.000	122.773	41.105	0.000	-137.911
1832.000	122.971	43.279	0.000	-149.759
1834.000	122.816	43.006	0.000	-166.005
1836.000	122.764	44.454	0.000	167.207
1838.000	122.937	45.288	0.000	159.498
1840.000	122.849	44.950	0.000	143.571
1842.000	122.776	45.458	0.000	130.573
1844.000	122.855	46.383	0.000	116.942
1846.000	122.943	47.452	0.000	111.898
1848.000	122.727	47.195	0.000	96.883
1850.000	122.863	49.584	0.000	79.663
1852.000	122.934	50.034	0.000	75.015
1854.000	122.762	49.789	0.000	52.778
1856.000	122.808	51.058	0.000	37.830
1858.000	122.941	51.275	0.000	27.691
1860.000	122.792	51.070	0.000	13.611
1862.000	122.787	51.391	0.000	-2.457
1864.000	122.901	52.309	0.000	-13.560
1866.000	122.872	52.021	0.000	-21.387
1868.000	122.715	52.025	0.000	-40.419
1870.000	122.934	53.559	0.000	-50.247
1872.000	122.863	53.279	0.000	-57.584
1874.000	122.736	53.514	0.000	-81.258
1876.000	122.881	54.783	0.000	-92.601
1878.000	122.887	54.027	0.000	-105.467
1880.000	122.756	53.886	0.000	-124.476
1882.000	122.825	53.701	0.000	-139.165
1884.000	122.921	54.191	0.000	-150.996
1886.000	122.769	52.976	0.000	-160.886
1888.000	122.788	53.707	0.000	174.715
1890.000	122.953	53.813	0.000	171.061
1892.000	122.757	52.246	0.000	148.725
1894.000	122.789	52.408	0.000	129.773
1896.000	122.910	51.642	0.000	115.388
1898.000	122.813	49.978	0.000	100.288
1900.000	122.755	48.342	0.000	79.995
1902.000	122.890	47.278	0.000	67.255
1904.000	122.859	45.287	0.000	57.186
1906.000	122.715	42.541	0.000	40.128
1908.000	122.901	41.196	0.000	25.141
1910.000	122.867	38.129	0.000	22.481
1912.000	122.721	33.022	0.000	5.845
1914.000	122.871	29.136	0.000	7.555
1916.000	122.869	23.718	0.000	38.055
1918.000	122.750	23.280	0.000	92.332
1920.000	122.815	27.148	0.000	107.032
1922.000	122.906	29.873	0.000	110.366
1924.000	122.748	30.505	0.000	105.750
1926.000	122.794	32.551	0.000	92.591
1928.000	122.926	32.715	0.000	95.046
1930.000	122.739	30.741	0.000	85.426
1932.000	122.795	30.080	0.000	87.113
1934.000	122.895	29.179	0.000	108.576
1936.000	122.781	31.418	0.000	131.166
1938.000	122.763	35.969	0.000	133.539
1940.000	122.885	39.574	0.000	132.901
1942.000	122.819	41.543	0.000	124.658
1944.000	122.718	44.101	0.000	106.873
1946.000	122.916	46.973	0.000	98.152
1948.000	122.802	47.395	0.000	88.278
1950.000	122.737	49.267	0.000	63.761
1952.000	122.878	50.593	0.000	57.091
1954.000	122.824	50.661	0.000	40.398
1956.000	122.738	51.296	0.000	26.373
1958.000	122.837	52.147	0.000	10.791
1960.000	122.874	52.798	0.000	4.999
1962.000	122.701	52.318	0.000	-13.502
1964.000	122.860	54.157	0.000	-26.112
1966.000	122.856	53.621	0.000	-32.651
1968.000	122.724	53.603	0.000	-55.034
1970.000	122.824	54.191	0.000	-66.376
1972.000	122.870	53.762	0.000	-77.900
1974.000	122.727	52.930	0.000	-92.991
1976.000	122.809	52.850	0.000	-107.167
1978.000	122.869	52.530	0.000	-114.078
1980.000	122.747	51.143	0.000	-124.700
1982.000	122.773	51.199	0.000	-139.692
1984.000	122.911	50.940	0.000	-141.049
1986.000	122.712	49.060	0.000	-153.756
1988.000	122.801	49.219	0.000	-163.383
1990.000	122.863	48.133	0.000	-164.932
1992.000	122.756	46.804	0.000	-172.898
1994.000	122.760	46.070	0.000	-176.498
1996.000	122.878	45.946	0.000	-176.349
1998.000	122.766	45.042	0.000	-172.584
2000.000	122.732	45.665	0.000	-179.483
2002.000	122.911	46.725	0.000	-171.641
2004.000	122.734	46.270	0.000	-178.292
2006.000	122.762	47.743	0.000	176.091
2008.000	122.865	48.430	0.000	172.556
2010.000	122.771	48.756	0.000	166.715
2012.000	122.735	49.503	0.000	155.087
2014.000	122.867	50.620	0.000	150.370
2016.000	122.785	50.492	0.000	143.198
2018.000	122.706	50.944	0.000	128.446
2020.000	122.898	52.338	0.000	122.734
2022.000	122.756	51.444	0.000	115.660
2024.000	122.737	52.216	0.000	98.511
2026.000	122.860	52.353	0.000	95.731
2028.000	122.777	51.951	0.000	83.726
2030.000	122.725	51.983	0.000	73.988
2032.000	122.849	52.720	0.000	63.929
2034.000	122.799	52.420	0.000	59.983
2036.000	122.696	52.283	0.000	41.191
2038.000	122.883	53.385	0.000	35.709
2040.000	122.762	52.098	0.000	25.753
2042.000	122.726	52.349	0.000	7.551
2044.000	122.850	52.129	0.000	0.492
2046.000	122.779	51.146	0.000	-11.207
2048.000	122.722	50.272	0.000	-24.967
2050.000	122.835	50.081	0.000	-35.036
2052.000	122.801	48.648	0.000	-40.611
2054.000	122.691	47.139	0.000	-55.689
2056.000	122.872	46.876	0.000	-60.797
2058.000	122.765	44.721	0.000	-61.885
2060.000	122.721	43.213	0.000	-70.856
2062.000	122.842	42.744	0.000	-63.668
2064.000	122.776	41.783	0.000	-60.916
2066.000	122.718	42.439	0.000	-59.361
2068.000	122.826	44.001	0.000	-63.452
2070.000	122.803	44.743	0.000	-63.934
2072.000	122.683	45.279	0.000	-83.429
2074.000	122.870	46.825	0.000	-88.775
2076.000	122.755	45.648	0.000	-102.106
2078.000	122.721	45.990	0.000	-121.436
2080.000	122.833	45.721	0.000	-132.862
2082.000	122.772	44.654	0.000	-146.802
2084.000	122.710	43.441	0.000	-166.192
2086.000	122.831	42.775	0.000	-179.148
2088.000	122.781	40.717	0.000	169.252
2090.000	122.686	38.409	0.000	148.893
2092.000	122.869	37.381	0.000	137.411
2094.000	122.738	33.938	0.000	127.440
2096.000	122.724	31.412	0.000	102.482
2098.000	122.835	28.983	0.000	90.052
2100.000	122.748	25.951	0.000	58.833
2102.000	122.716	25.306	0.000	23.301
2104.000	122.838	27.089	0.000	-6.431
2106.000	122.748	27.966	0.000	-22.045
2108.000	122.709	29.647	0.000	-42.557
2110.000	122.858	31.298	0.000	-42.533
2112.000	122.714	32.282	0.000	-49.626
2114.000	122.737	35.194	0.000	-54.940
2116.000	122.834	37.119	0.000	-60.697
2118.000	122.721	38.850	0.000	-71.489
2120.000	122.735	40.886	0.000	-87.769
2122.000	122.832	42.486	0.000	-96.058
2124.000	122.719	42.720	0.000	-110.247
2126.000	122.735	44.089	0.000	-128.030
2128.000	122.843	45.035	0.000	-134.671
2130.000	122.691	44.462	0.000	-150.559
2132.000	122.763	45.825	0.000	-164.448
2134.000	122.814	45.415	0.000	-171.452
2136.000	122.710	45.430	0.000	174.509
2138.000	122.741	45.515	0.000	162.888
2140.000	122.839	46.211	0.000	156.068
2142.000	122.676	45.219	0.000	144.907
2144.000	122.784	46.444	0.000	131.216
2146.000	122.805	45.943	0.000	127.892
2148.000	122.683	45.624	0.000	110.493
2150.000	122.785	46.219	0.000	102.081
2152.000	122.794	45.814	0.000	92.848
2154.000	122.687	45.414	0.000	78.916
2156.000	122.781	45.677	0.000	66.707
2158.000	122.801	45.237	0.000	59.874
2160.000	122.663	44.288	0.000	44.103
2162.000	122.823	44.818	0.000	34.142
2164.000	122.758	43.525	0.000	28.191
2166.000	122.688	42.840	0.000	10.270
2168.000	122.820	42.648	0.000	5.492
2170.000	122.740	41.108	0.000	-5.650
2172.000	122.704	40.293	0.000	-14.898
2174.000	122.814	39.634	0.000	-22.655
2176.000	122.740	38.479	0.000	-23.616
2178.000	122.701	37.523	0.000	-36.424
2180.000	122.831	37.617	0.000	-34.223
2182.000	122.704	35.880	0.000	-40.715
2184.000	122.731	36.101	0.000	-45.965
2186.000	122.808	35.666	0.000	-47.675
2188.000	122.709	35.293	0.000	-52.373
2190.000	122.724	35.540	0.000	-60.363
2192.000	122.822	35.824	0.000	-62.005
2194.000	122.681	35.109	0.000	-70.095
2196.000	122.751	35.790	0.000	-81.274
2198.000	122.812	35.835	0.000	-83.336
2200.000	122.658	34.915	0.000	-97.942
2202.000	122.796	35.554	0.000	-104.270
2204.000	122.763	34.458	0.000	-113.005
2206.000	122.689	33.910	0.000	-123.106
2208.000	122.776	33.671	0.000	-132.947
2210.000	122.781	33.056	0.000	-136.216
2212.000	122.661	31.949	0.000	-150.541
2214.000	122.816	32.327	0.000	-155.279
2216.000	122.727	30.754	0.000	-161.321
2218.000	122.691	30.458	0.000	-172.703
2220.000	122.812	29.808	0.000	-176.400
2222.000	122.706	28.543	0.000	174.338
2224.000	122.707	27.635	0.000	165.194
2226.000	122.810	27.204	0.000	161.547
2228.000	122.689	25.515	0.000	156.176
2230.000	122.727	24.658	0.000	146.089
2232.000	122.805	23.425	0.000	147.588
2234.000	122.666	21.138	0.000	145.394
2236.000	122.769	20.148	0.000	145.890
2238.000	122.760	18.794	0.000	151.219
2240.000	122.690	17.228	0.000	158.946
2242.000	122.753	17.345	0.000	174.534
2244.000	122.777	17.915	0.000	-175.279
2246.000	122.658	19.423	0.000	178.913
2248.000	122.799	21.432	0.000	-176.722
2250.000	122.727	21.212	0.000	-177.241
2252.000	122.687	22.912	0.000	173.254
2254.000	122.795	23.610	0.000	167.380
2256.000	122.709	24.030	0.000	160.443
2258.000	122.696	24.820	0.000	149.469
2260.000	122.806	25.479	0.000	144.275
2262.000	122.677	24.828	0.000	130.885
2264.000	122.726	25.771	0.000	116.756
2266.000	122.801	25.572	0.000	113.514
2268.000	122.649	24.494	0.000	95.955
2270.000	122.783	24.541	0.000	89.070
2272.000	122.739	22.438	0.000	78.283
2274.000	122.681	21.819	0.000	67.479
2276.000	122.774	20.444	0.000	57.027
2278.000	122.736	19.340	0.000	55.872
2280.000	122.674	16.814	0.000	41.904
2282.000	122.796	15.785	0.000	38.385
2284.000	122.698	12.818	0.000	35.441
2286.000	122.710	11.489	0.000	45.838
2288.000	122.777	9.960	0.000	109.245
2290.000	122.693	10.674	0.000	133.499
2292.000	122.714	12.690	0.000	138.578
2294.000	122.787	14.503	0.000	142.263
2296.000	122.658	15.380	0.000	142.708
2298.000	122.758	16.888	0.000	144.856
2300.000	122.758	17.568	0.000	146.683
2302.000	122.660	19.466	0.000	142.870
2304.000	122.782	21.339	0.000	140.923
2306.000	122.716	22.034	0.000	130.551
2308.000	122.681	22.906	0.000	123.083
2310.000	122.786	24.408	0.000	118.836
2312.000	122.692	24.697	0.000	114.593
2314.000	122.707	26.575	0.000	103.572
2316.000	122.784	27.274	0.000	102.966
2318.000	122.667	27.950	0.000	91.612
2320.000	122.739	29.420	0.000	86.493
2322.000	122.758	29.851	0.000	77.379
2324.000	122.666	30.534	0.000	64.734
2326.000	122.757	31.619	0.000	52.754
2328.000	122.743	31.728	0.000	44.548
2330.000	122.653	31.980	0.000	28.805
2332.000	122.807	32.803	0.000	21.900
2334.000	122.676	31.916	0.000	12.278
2336.000	122.713	32.556	0.000	-0.470
2338.000	122.770	32.240	0.000	-5.977
2340.000	122.672	32.028	0.000	-16.093
2342.000	122.729	32.498	0.000	-25.056
2344.000	122.765	32.837	0.000	-30.945
2346.000	122.648	32.227	0.000	-42.460
2348.000	122.783	33.437	0.000	-49.498
2350.000	122.707	32.485	0.000	-56.783
2352.000	122.685	33.042	0.000	-71.060
2354.000	122.772	32.903	0.000	-78.262
2356.000	122.691	32.419	0.000	-90.061
2358.000	122.699	32.474	0.000	-104.169
2360.000	122.779	32.216	0.000	-110.516
2362.000	122.658	31.134	0.000	-121.280
2364.000	122.744	31.065	0.000	-131.536
2366.000	122.748	30.142	0.000	-134.828
2368.000	122.653	29.488	0.000	-148.823
2370.000	122.781	29.274	0.000	-150.760
2372.000	122.697	28.080	0.000	-158.236
2374.000	122.683	27.637	0.000	-163.787
2376.000	122.787	27.761	0.000	-169.971
2378.000	122.661	27.033	0.000	-174.606
2380.000	122.735	27.114	0.000	176.884
2382.000	122.749	26.464	0.000	176.640
2384.000	122.662	26.199	0.000	165.172
2386.000	122.759	26.552	0.000	162.520
2388.000	122.716	26.161	0.000	156.183
2390.000	122.678	26.351	0.000	146.948
2392.000	122.764	26.878	0.000	140.906
2394.000	122.696	26.200	0.000	133.778
2396.000	122.692	26.546	0.000	119.112
2398.000	122.780	26.694	0.000	114.527
2400.000	122.646	26.053	0.000	100.040
2402.000	122.755	26.584	0.000	87.341
2404.000	122.727	25.434	0.000	74.398
2406.000	122.663	24.845	0.000	56.864
2408.000	122.773	24.382	0.000	39.447
2410.000	122.692	23.207	0.000	29.496
2412.000	122.692	21.723	0.000	3.972
2414.000	122.773	20.744	0.000	-5.741
2416.000	122.659	18.454	0.000	-30.788
2418.000	122.739	16.952	0.000	-52.234
2420.000	122.735	13.931	0.000	-65.967
2422.000	122.667	12.691	0.000	-83.356
2424.000	122.755	11.311	0.000	-115.637
2426.000	122.715	10.762	0.000	-152.572
2428.000	122.665	11.384	0.000	-172.508
2430.000	122.795	10.592	0.000	178.062
2432.000	122.650	10.368	0.000	160.673
2434.000	122.740	10.289	0.000	144.783
2436.000	122.741	10.465	0.000	126.756
2438.000	122.656	11.728	0.000	129.998
2440.000	122.768	11.149	0.000	123.566
2442.000	122.700	11.301	0.000	121.576
2444.000	122.683	11.142	0.000	105.211
2446.000	122.775	11.587	0.000	110.287
2448.000	122.658	11.642	0.000	101.605
2450.000	122.736	11.289	0.000	95.337
2452.000	122.734	9.868	0.000	87.804
2454.000	122.668	10.962	0.000	81.085
2456.000	122.752	10.504	0.000	79.628
2458.000	122.711	10.136	0.000	54.567
2460.000	122.673	10.218	0.000	39.279
2462.000	122.782	11.095	0.000	38.770
2464.000	122.653	11.038	0.000	47.370
2466.000	122.741	10.869	0.000	36.425
2468.000	122.727	11.258	0.000	27.986
2470.000	122.672	10.931	0.000	38.089
2472.000	122.755	9.745	0.000	54.302
2474.000	122.698	10.070	0.000	51.135
2476.000	122.701	10.046	0.000	19.228
2478.000	122.755	9.485	0.000	34.437
2480.000	122.669	8.952	0.000	41.419
2482.000	122.735	8.973	0.000	8.607
2484.000	122.728	9.759	0.000	-13.544
2486.000	122.670	10.016	0.000	3.042
2488.000	122.762	9.971	0.000	-11.791
2490.000	122.689	10.498	0.000	-7.779
2492.000	122.702	10.231	0.000	-2.355
2494.000	122.761	9.736	0.000	-1.301
2496.000	122.655	9.320	0.000	-33.034
2498.000	122.758	8.629	0.000	-48.458
2500.000	122.704	9.160	0.000	-39.780
2502.000	122.686	8.968	0.000	-31.000
2504.000	122.764	9.483	0.000	-91.386
2506.000	122.673	10.766	0.000	-56.045
2508.000	122.726	10.215	0.000	-65.581
2510.000	122.742	10.390	0.000	-70.569
2512.000	122.662	9.056	0.000	-83.438
2514.000	122.762	8.932	0.000	-96.806
2516.000	122.698	8.270	0.000	-114.022
2518.000	122.688	9.695	0.000	-141.950
2520.000	122.774	10.279	0.000	-110.059
2522.000	122.650	11.438	0.000	-80.141
2524.000	122.758	10.273	0.000	-110.643
2526.000	122.705	9.149	0.000	-125.665
2528.000	122.700	8.905	0.000	-128.228
2530.000	122.746	10.141	0.000	-112.233
2532.000	122.693	9.984	0.000	-138.508
2534.000	122.714	9.284	0.000	-124.469
2536.000	122.749	9.313	0.000	-102.315
2538.000	122.664	8.523	0.000	-151.316
2540.000	122.765	8.278	0.000	-173.658
2542.000	122.692	8.512	0.000	-171.261
2544.000	122.704	9.545	0.000	-146.024
2546.000	122.756	10.122	0.000	-170.890
2548.000	122.665	9.957	0.000	-170.887
2550.000	122.750	9.799	0.000	-175.208
2552.000	122.715	9.771	0.000	176.868
2554.000	122.685	10.515	0.000	173.436
2556.000	122.770	10.829	0.000	168.915
2558.000	122.669	10.442	0.000	171.278
2560.000	122.738	10.482	0.000	144.989
2562.000	122.731	9.608	0.000	126.531
2564.000	122.675	9.257	0.000	178.580
2566.000	122.764	10.135	0.000	152.756
2568.000	122.687	10.908	0.000	135.662
2570.000	122.718	9.819	0.000	119.323
2572.000	122.752	9.656	0.000	140.226
2574.000	122.667	8.786	0.000	153.375
2576.000	122.764	9.639	0.000	123.179
2578.000	122.694	9.765	0.000	149.048
2580.000	122.708	9.559	0.000	172.531
2582.000	122.756	9.261	0.000	159.016
2584.000	122.671	9.312	0.000	46.648
2586.000	122.755	8.941	0.000	73.062
2588.000	122.711	8.820	0.000	97.005
2590.000	122.696	9.511	0.000	115.607
2592.000	122.761	9.824	0.000	120.461
2594.000	122.676	9.786	0.000	-143.362
2596.000	122.744	9.077	0.000	-157.393
2598.000	122.727	10.263	0.000	171.831
2600.000	122.687	10.042	0.000	141.938
2602.000	122.766	9.759	0.000	122.914
2604.000	122.681	9.666	0.000	-174.075
2606.000	122.738	8.795	0.000	-67.936
2608.000	122.732	9.636	0.000	-98.079
2610.000	122.685	9.783	0.000	-148.969
2612.000	122.762	9.401	0.000	-148.992
2614.000	122.697	9.266	0.000	-160.590
2616.000	122.716	10.512	0.000	174.049
2618.000	122.760	10.166	0.000	162.483
2620.000	122.663	9.384	0.000	171.853
2622.000	122.779	9.638	0.000	125.697
2624.000	122.689	9.508	0.000	144.652
2626.000	122.722	9.758	0.000	168.215
2628.000	122.754	10.061	0.000	177.786
2630.000	122.676	9.580	0.000	159.844
2632.000	122.764	9.356	0.000	152.267
2634.000	122.705	9.444	0.000	179.374
2636.000	122.709	9.036	0.000	179.125
2638.000	122.765	8.258	0.000	-176.290
2640.000	122.668	9.215	0.000	151.919
2642.000	122.769	9.962	0.000	174.632
2644.000	122.704	10.531	0.000	-177.033
2646.000	122.716	11.390	0.000	160.950
2648.000	122.761	10.615	0.000	152.064
2650.000	122.682	8.417	0.000	152.851
2652.000	122.757	8.946	0.000	136.812
2654.000	122.717	10.692	0.000	152.009
2656.000	122.702	9.772	0.000	144.665
2658.000	122.772	9.459	0.000	152.465
2660.000	122.671	10.070	0.000	-173.065
2662.000	122.771	9.374	0.000	-164.933
2664.000	122.707	8.350	0.000	149.753
2666.000	122.716	10.477	0.000	150.204
2668.000	122.758	10.736	0.000	147.859
2670.000	122.687	9.240	0.000	146.231
2672.000	122.753	10.490	0.000	132.451
2674.000	122.725	8.862	0.000	129.640
2676.000	122.706	8.960	0.000	135.577
2678.000	122.771	9.582	0.000	143.642
2680.000	122.675	9.694	0.000	119.633
2682.000	122.771	9.763	0.000	93.983
2684.000	122.715	9.857	0.000	51.834
2686.000	122.705	10.594	0.000	64.410
2688.000	122.786	9.512	0.000	68.854
2690.000	122.667	9.015	0.000	38.858
2692.000	122.781	8.128	0.000	99.136
2694.000	122.700	9.524	0.000	92.447
2696.000	122.737	10.450	0.000	74.703
2698.000	122.744	9.147	0.000	96.047
2700.000	122.703	8.437	0.000	64.958
2702.000	122.753	8.550	0.000	102.907
2704.000	122.726	9.758	0.000	89.652
2706.000	122.712	9.920	0.000	82.384
2708.000	122.773	10.308	0.000	104.550
2710.000	122.679	9.416	0.000	64.631
2712.000	122.782	9.972	0.000	70.181
2714.000	122.700	9.280	0.000	73.143
2716.000	122.738	8.705	0.000	74.911
2718.000	122.753	9.251	0.000	83.150
2720.000	122.695	8.469	0.000	107.759
2722.000	122.774	8.794	0.000	104.518
2724.000	122.709	10.010	0.000	105.484
2726.000	122.732	10.356	0.000	100.736
2728.000	122.763	10.569	0.000	100.413
2730.000	122.684	9.685	0.000	38.913
2732.000	122.787	10.039	0.000	50.868
2734.000	122.689	10.919	0.000	56.808
2736.000	122.768	9.555	0.000	37.887
2738.000	122.724	9.351	0.000	29.497
2740.000	122.724	9.369	0.000	39.700
2742.000	122.761	7.873	0.000	62.274
2744.000	122.706	8.448	0.000	52.538
2746.000	122.752	8.618	0.000	4.396
2748.000	122.737	8.704	0.000	-38.499
2750.000	122.716	9.205	0.000	46.244
2752.000	122.772	9.171	0.000	-12.613
2754.000	122.696	9.216	0.000	3.298
2756.000	122.767	10.461	0.000	-40.643
2758.000	122.728	9.106	0.000	-95.289
2760.000	122.719	9.175	0.000	-107.340
2762.000	122.777	9.009	0.000	-94.405
2764.000	122.688	9.304	0.000	8.097
2766.000	122.788	9.231	0.000	4.392
2768.000	122.697	8.641	0.000	34.702
2770.000	122.762	8.343	0.000	88.189
2772.000	122.738	9.787	0.000	-26.625
2774.000	122.718	9.503	0.000	-37.603
2776.000	122.776	7.889	0.000	79.318
2778.000	122.705	8.832	0.000	-122.723
2780.000	122.758	8.978	0.000	-142.472
2782.000	122.746	8.072	0.000	-123.601
2784.000	122.711	8.728	0.000	-153.893
2786.000	122.781	9.633	0.000	-148.930
2788.000	122.692	9.761	0.000	-93.831
2790.000	122.782	10.650	0.000	-62.952
2792.000	122.717	10.171	0.000	-63.551
2794.000	122.745	9.001	0.000	-75.683
2796.000	122.753	8.316	0.000	-95.514
2798.000	122.727	7.830	0.000	98.515
2800.000	122.757	9.324	0.000	-77.203
2802.000	122.733	8.419	0.000	-127.725
2804.000	122.734	8.646	0.000	-173.552
2806.000	122.768	8.817	0.000	-90.394
2808.000	122.702	8.471	0.000	-32.550
2810.000	122.793	9.299	0.000	45.703
2812.000	122.696	9.463	0.000	105.111
2814.000	122.773	9.992	0.000	-163.384
2816.000	122.735	9.661	0.000	-150.009
2818.000	122.726	9.846	0.000	-47.217
2820.000	122.779	9.245	0.000	153.393
2822.000	122.697	10.288	0.000	164.549
2824.000	122.793	9.335	0.000	143.436
2826.000	122.703	8.443	0.000	-179.798
2828.000	122.773	8.937	0.000	144.244
2830.000	122.734	9.698	0.000	145.557
2832.000	122.739	10.076	0.000	-166.594
2834.000	122.767	9.959	0.000	-133.927
2836.000	122.723	9.327	0.000	168.366
2838.000	122.762	9.847	0.000	176.082
2840.000	122.746	9.896	0.000	-129.320
2842.000	122.729	8.011	0.000	178.710
2844.000	122.776	7.668	0.000	176.157
2846.000	122.706	8.197	0.000	-160.565
2848.000	122.787	9.333	0.000	-157.843
2850.000	122.719	10.187	0.000	-172.284
2852.000	122.757	10.050	0.000	142.086
2854.000	122.757	10.078	0.000	130.166
2856.000	122.725	9.883	0.000	143.652
2858.000	122.783	10.418	0.000	164.575
2860.000	122.707	9.611	0.000	-161.817
2862.000	122.783	10.128	0.000	173.345
2864.000	122.721	9.728	0.000	170.035
2866.000	122.769	9.693	0.000	162.049
2868.000	122.747	9.228	0.000	149.420
2870.000	122.737	10.228	0.000	-156.331
2872.000	122.768	10.539	0.000	174.582
2874.000	122.729	10.582	0.000	130.607
2876.000	122.765	8.760	0.000	124.820
2878.000	122.747	7.608	0.000	-136.428
2880.000	122.737	8.594	0.000	151.518
2882.000	122.775	9.448	0.000	150.712
2884.000	122.728	9.131	0.000	84.995
2886.000	122.767	9.331	0.000	98.171
2888.000	122.746	10.201	0.000	99.823
2890.000	122.738	10.645	0.000	92.978
2892.000	122.784	10.167	0.000	115.266
2894.000	122.713	8.656	0.000	80.621
2896.000	122.798	9.181	0.000	102.390
2898.000	122.700	9.373	0.000	83.611
2900.000	122.798	9.760	0.000	132.920
2902.000	122.723	9.445	0.000	178.606
2904.000	122.764	8.838	0.000	130.083
2906.000	122.762	10.058	0.000	95.381
2908.000	122.721	10.538	0.000	93.311
2910.000	122.804	10.989	0.000	-145.015
2912.000	122.699	9.063	0.000	-161.777
2914.000	122.803	8.944	0.000	24.224
2916.000	122.714	9.327	0.000	27.455
2918.000	122.773	10.186	0.000	28.367
2920.000	122.756	9.422	0.000	-7.130
2922.000	122.738	9.095	0.000	-81.928
2924.000	122.779	8.750	0.000	-65.010
2926.000	122.723	9.439	0.000	-66.862
2928.000	122.785	8.476	0.000	-77.756
2930.000	122.730	7.922	0.000	-112.468
2932.000	122.770	9.138	0.000	-111.627
2934.000	122.748	9.921	0.000	-119.931
2936.000	122.750	10.506	0.000	-133.923
2938.000	122.775	10.959	0.000	-160.344
2940.000	122.735	12.537	0.000	-167.393
2942.000	122.772	12.793	0.000	-166.373
2944.000	122.741	11.717	0.000	-172.789
2946.000	122.758	11.971	0.000	165.076
2948.000	122.766	13.206	0.000	165.829
2950.000	122.740	13.706	0.000	159.690
2952.000	122.776	14.338	0.000	150.651
2954.000	122.736	13.873	0.000	133.327
2956.000	122.770	14.499	0.000	125.101
2958.000	122.754	14.556	0.000	112.243
2960.000	122.748	15.408	0.000	109.077
2962.000	122.774	15.504	0.000	103.785
2964.000	122.731	16.227	0.000	84.929
2966.000	122.787	16.751	0.000	77.084
2968.000	122.734	16.830	0.000	62.256
2970.000	122.777	16.993	0.000	51.145
2972.000	122.744	17.138	0.000	37.462
2974.000	122.759	17.779	0.000	35.664
2976.000	122.766	18.077	0.000	20.627
2978.000	122.745	18.874	0.000	6.756
2980.000	122.780	18.880	0.000	0.529
2982.000	122.728	18.554	0.000	-16.899
2984.000	122.783	19.039	0.000	-29.965
2986.000	122.740	18.878	0.000	-43.282
2988.000	122.766	19.085	0.000	-55.635
2990.000	122.763	18.636	0.000	-65.869
2992.000	122.742	18.873	0.000	-80.207
2994.000	122.780	18.268	0.000	-90.688
2996.000	122.738	18.193	0.000	-103.807
2998.000	122.779	17.886	0.000	-113.596
3000.000	122.743	17.044	0.000	-129.584
3002.000	122.764	16.262	0.000	-145.869
3004.000	122.760	15.782	0.000	-161.552
3006.000	122.756	15.578	0.000	-175.449
3008.000	122.771	13.959	0.000	176.158
3010.000	122.742	13.283	0.000	157.339
3012.000	122.776	12.505	0.000	131.936
3014.000	122.741	10.962	0.000	106.194
3016.000	122.774	10.646	0.000	80.845
3018.000	122.756	10.055	0.000	59.324
3020.000	122.753	8.655	0.000	32.346
3022.000	122.777	9.780	0.000	0.017
3024.000	122.735	11.464	0.000	-33.735
3026.000	122.794	11.942	0.000	-54.407
3028.000	122.725	13.085	0.000	-62.977
3030.000	122.795	13.889	0.000	-73.812
3032.000	122.731	14.142	0.000	-79.500
3034.000	122.774	15.934	0.000	-86.702
3036.000	122.757	16.451	0.000	-97.560
3038.000	122.759	16.965	0.000	-107.154
3040.000	122.768	17.298	0.000	-113.734
3042.000	122.745	18.280	0.000	-118.832
3044.000	122.772	18.959	0.000	-125.045
3046.000	122.749	19.907	0.000	-133.323
3048.000	122.777	20.894	0.000	-137.218
3050.000	122.747	21.149	0.000	-145.446
3052.000	122.771	22.029	0.000	-152.809
3054.000	122.749	22.239	0.000	-160.623
3056.000	122.768	23.173	0.000	-168.603
3058.000	122.760	23.671	0.000	-172.221
3060.000	122.768	25.149	0.000	175.114
3062.000	122.758	25.579	0.000	169.053
3064.000	122.755	26.250	0.000	158.177
3066.000	122.769	26.570	0.000	148.912
3068.000	122.746	27.399	0.000	137.906
3070.000	122.783	28.116	0.000	129.280
3072.000	122.738	28.180	0.000	118.776
3074.000	122.783	28.699	0.000	105.784
3076.000	122.739	28.578	0.000	97.740
3078.000	122.776	28.950	0.000	86.026
3080.000	122.763	28.793	0.000	77.345
3082.000	122.745	28.731	0.000	67.299
3084.000	122.792	28.413	0.000	58.303
3086.000	122.716	28.203	0.000	48.630
3088.000	122.804	28.445	0.000	41.900
3090.000	122.727	27.781	0.000	34.842
3092.000	122.782	28.139	0.000	28.205
3094.000	122.761	27.790	0.000	21.340
3096.000	122.739	27.661	0.000	14.449
3098.000	122.792	27.222	0.000	10.222
3100.000	122.723	27.432	0.000	3.663
3102.000	122.797	27.670	0.000	-1.820
3104.000	122.743	27.479	0.000	-8.198
3106.000	122.761	27.399	0.000	-14.511
3108.000	122.777	27.637	0.000	-18.228
3110.000	122.730	27.847	0.000	-27.404
3112.000	122.798	27.919	0.000	-31.322
3114.000	122.737	27.966	0.000	-38.863
3116.000	122.778	27.891	0.000	-42.594
3118.000	122.753	28.191	0.000	-49.720
3120.000	122.759	28.091	0.000	-54.352
3122.000	122.759	28.102	0.000	-62.197
3124.000	122.770	28.322	0.000	-67.399
3126.000	122.744	28.181	0.000	-72.634
3128.000	122.795	28.602	0.000	-77.758
3130.000	122.721	28.170	0.000	-82.071
3132.000	122.793	28.846	0.000	-88.366
3134.000	122.739	28.824	0.000	-93.123
3136.000	122.759	29.175	0.000	-101.768
3138.000	122.793	29.674	0.000	-105.205
3140.000	122.709	29.403	0.000	-113.959
3142.000	122.825	30.083	0.000	-115.835
3144.000	122.695	29.646	0.000	-124.990
3146.000	122.808	30.114	0.000	-130.967
3148.000	122.736	30.021	0.000	-138.703
3150.000	122.764	30.382	0.000	-145.242
3152.000	122.781	30.334	0.000	-150.897
3154.000	122.727	30.704	0.000	-158.970
3156.000	122.785	30.729	0.000	-164.298
3158.000	122.746	30.866	0.000	-173.060
3160.000	122.760	30.579	0.000	-179.114
3162.000	122.778	30.665	0.000	172.699
3164.000	122.745	30.575	0.000	166.131
3166.000	122.771	30.499	0.000	159.053
3168.000	122.758	30.252	0.000	152.320
3170.000	122.743	29.555	0.000	144.838
3172.000	122.792	29.672	0.000	137.941
3174.000	122.730	28.608	0.000	133.477
3176.000	122.783	28.757	0.000	127.001
3178.000	122.755	27.877	0.000	123.899
3180.000	122.736	27.588	0.000	121.021
3182.000	122.797	27.218	0.000	119.064
3184.000	122.716	27.120	0.000	119.002
3186.000	122.799	27.190	0.000	116.652
3188.000	122.738	27.134	0.000	116.649
3190.000	122.762	27.932	0.000	114.957
3192.000	122.767	28.151	0.000	112.853
3194.000	122.743	28.854	0.000	109.627
3196.000	122.770	29.283	0.000	106.069
3198.000	122.760	29.928	0.000	100.270
3200.000	122.752	30.197	0.000	94.965
3202.000	122.769	30.828	0.000	87.408
3204.000	122.754	31.247	0.000	81.524
3206.000	122.737	31.532	0.000	71.676
3208.000	122.801	31.905	0.000	66.422
3210.000	122.702	32.027	0.000	57.856
3212.000	122.822	32.351	0.000	52.669
3214.000	122.713	32.116	0.000	43.261
3216.000	122.779	32.622	0.000	36.438
3218.000	122.761	32.398	0.000	29.238
3220.000	122.727	32.682	0.000	20.164
3222.000	122.796	32.291	0.000	14.896
3224.000	122.732	32.460	0.000	6.258
3226.000	122.772	32.117	0.000	2.040
3228.000	122.763	32.125	0.000	-6.618
3230.000	122.743	31.818	0.000	-10.417
3232.000	122.757	31.844	0.000	-18.477
3234.000	122.772	31.751	0.000	-21.783
3236.000	122.723	31.863	0.000	-28.570
3238.000	122.804	31.882	0.000	-32.906
3240.000	122.722	31.957	0.000	-39.064
3242.000	122.770	32.243	0.000	-44.790
3244.000	122.769	32.608	0.000	-50.224
3246.000	122.719	32.872	0.000	-57.606
3248.000	122.799	32.884	0.000	-64.635
3250.000	122.722	33.063	0.000	-73.528
3252.000	122.774	33.107	0.000	-80.066
3254.000	122.765	33.385	0.000	-89.846
3256.000	122.740	33.225	0.000	-95.065
3258.000	122.757	33.365	0.000	-104.978
3260.000	122.770	33.131	0.000	-111.115
3262.000	122.712	32.855	0.000	-119.344
3264.000	122.813	32.935	0.000	-128.156
3266.000	122.705	32.358	0.000	-133.645
3268.000	122.790	32.743	0.000	-142.329
3270.000	122.745	31.975	0.000	-148.318
3272.000	122.738	32.397	0.000	-155.691
3274.000	122.770	31.876	0.000	-162.095
3276.000	122.740	31.893	0.000	-169.185
3278.000	122.753	31.946	0.000	-175.482
3280.000	122.766	31.744	0.000	175.204
3282.000	122.749	31.416	0.000	170.786
3284.000	122.744	31.438	0.000	159.363
3286.000	122.775	30.995	0.000	154.006
3288.000	122.717	31.078	0.000	145.915
3290.000	122.772	30.528	0.000	139.371
3292.000	122.750	30.378	0.000	131.992
3294.000	122.743	30.250	0.000	123.506
3296.000	122.776	29.591	0.000	115.522
3298.000	122.746	29.414	0.000	108.674
3300.000	122.731	28.724	0.000	98.946
3302.000	122.789	28.630	0.000	92.004
3304.000	122.699	27.737	0.000	83.481
3306.000	122.783	27.323	0.000	76.623
3308.000	122.752	26.575	0.000	70.085
3310.000	122.725	26.107	0.000	62.665
3312.000	122.798	25.304	0.000	57.190
3314.000	122.714	24.553	0.000	51.932
3316.000	122.759	24.323	0.000	49.253
3318.000	122.746	23.567	0.000	45.310
3320.000	122.747	23.514	0.000	40.239
3322.000	122.732	22.528	0.000	34.199
3324.000	122.798	22.423	0.000	33.660
3326.000	122.691	22.127	0.000	24.030
3328.000	122.807	22.163	0.000	19.209
3330.000	122.712	21.871	0.000	12.574
3332.000	122.747	21.622	0.000	4.892
3334.000	122.756	21.214	0.000	-2.929
3336.000	122.741	20.708	0.000	-10.636
3338.000	122.730	19.582	0.000	-20.192
3340.000	122.790	20.113	0.000	-26.987
3342.000	122.712	19.162	0.000	-37.636
3344.000	122.767	18.054	0.000	-46.677
3346.000	122.756	16.843	0.000	-53.253
3348.000	122.709	16.183	0.000	-55.510
3350.000	122.777	14.826	0.000	-59.948
3352.000	122.721	14.548	0.000	-71.942
3354.000	122.750	14.309	0.000	-76.926
3356.000	122.749	13.694	0.000	-93.936
3358.000	122.760	13.817	0.000	-95.434
3360.000	122.717	13.311	0.000	-103.812
3362.000	122.780	12.682	0.000	-108.788
3364.000	122.716	13.150	0.000	-122.196
3366.000	122.736	10.904	0.000	-146.395
3368.000	122.760	10.077	0.000	-165.769
3370.000	122.733	10.509	0.000	169.740
3372.000	122.732	10.284	0.000	136.316
3374.000	122.796	9.897	0.000	116.888
3376.000	122.687	10.409	0.000	95.034
3378.000	122.782	10.920	0.000	43.987
3380.000	122.739	10.843	0.000	2.546
3382.000	122.703	11.096	0.000	-27.407
3384.000	122.770	10.305	0.000	-33.880
3386.000	122.736	10.699	0.000	-49.882
3388.000	122.710	11.745	0.000	-74.662
3390.000	122.791	11.354	0.000	-88.065
3392.000	122.724	11.199	0.000	-108.146
3394.000	122.720	12.065	0.000	-116.513
3396.000	122.792	12.048	0.000	-131.791
3398.000	122.684	11.727	0.000	-168.471
3400.000	122.754	12.610	0.000	-172.673
3402.000	122.749	12.206	0.000	177.956
3404.000	122.713	12.647	0.000	170.687
3406.000	122.738	12.817	0.000	152.066
3408.000	122.781	13.227	0.000	152.436
3410.000	122.688	12.795	0.000	134.874
3412.000	122.775	13.921	0.000	120.300
3414.000	122.741	13.542	0.000	107.836
3416.000	122.703	13.586	0.000	99.397
3418.000	122.749	13.785	0.000	91.003
3420.000	122.754	13.562	0.000	84.652
3422.000	122.680	13.524	0.000	69.714
3424.000	122.790	14.454	0.000	48.262
3426.000	122.718	15.617	0.000	41.587
3428.000	122.726	16.419	0.000	27.870
3430.000	122.763	16.653	0.000	13.868
3432.000	122.729	16.167	0.000	2.816
3434.000	122.706	16.607	0.000	-9.099
3436.000	122.760	17.013	0.000	-29.073
3438.000	122.719	16.253	0.000	-42.720
3440.000	122.703	16.454	0.000	-49.575
3442.000	122.765	16.398	0.000	-57.705
3444.000	122.731	15.524	0.000	-73.776
3446.000	122.701	15.269	0.000	-93.271
3448.000	122.793	15.694	0.000	-105.688
3450.000	122.711	14.403	0.000	-118.599
3452.000	122.698	13.601	0.000	-138.935
3454.000	122.789	14.258	0.000	-153.281
3456.000	122.676	14.487	0.000	-167.064
3458.000	122.726	13.225	0.000	-176.256
3460.000	122.753	11.028	0.000	-177.281
3462.000	122.719	10.674	0.000	170.058
3464.000	122.698	10.723	0.000	162.201
3466.000	122.811	9.896	0.000	171.966
3468.000	122.661	9.813	0.000	177.594
3470.000	122.761	10.176	0.000	-166.801
3472.000	122.743	10.658	0.000	-158.388
3474.000	122.700	10.489	0.000	-163.759
3476.000	122.712	10.243	0.000	152.225
3478.000	122.760	10.481	0.000	146.186
3480.000	122.678	10.878	0.000	165.320
3482.000	122.736	10.456	0.000	153.062
3484.000	122.740	11.721	0.000	148.550
3486.000	122.731	12.638	0.000	133.453
3488.000	122.693	11.378	0.000	109.259
3490.000	122.789	11.530	0.000	113.307
3492.000	122.687	12.418	0.000	110.736
3494.000	122.718	12.014	0.000	111.578
3496.000	122.748	10.846	0.000	104.073
3498.000	122.702	11.037	0.000	78.771
3500.000	122.693	11.787	0.000	68.095
3502.000	122.754	11.775	0.000	60.680
3504.000	122.704	12.378	0.000	53.062
3506.000	122.706	12.667	0.000	44.814
3508.000	122.749	11.846	0.000	29.852
3510.000	122.740	11.355	0.000	19.506
3512.000	122.681	11.581	0.000	7.875
3514.000	122.762	11.067	0.000	2.458
3516.000	122.723	11.011	0.000	-5.823
3518.000	122.665	11.489	0.000	-26.333
3520.000	122.755	12.097	0.000	-18.199
3522.000	122.718	11.542	0.000	-17.738
3524.000	122.665	10.538	0.000	-24.817
3526.000	122.746	10.909	0.000	-32.329
3528.000	122.739	11.779	0.000	-23.837
3530.000	122.666	11.054	0.000	-32.189
3532.000	122.753	10.906	0.000	-44.988
3534.000	122.756	12.516	0.000	-46.246
3536.000	122.658	13.038	0.000	-54.895
3538.000	122.754	13.652	0.000	-55.323
3540.000	122.739	13.401	0.000	-61.603
3542.000	122.656	13.465	0.000	-67.257
3544.000	122.729	14.005	0.000	-77.777
3546.000	122.723	14.670	0.000	-84.036
3548.000	122.687	15.511	0.000	-90.982
3550.000	122.691	15.509	0.000	-98.273
3552.000	122.750	16.305	0.000	-104.027
3554.000	122.705	16.022	0.000	-108.515
3556.000	122.685	16.232	0.000	-122.068
3558.000	122.758	17.363	0.000	-124.272
3560.000	122.732	17.604	0.000	-129.119
3562.000	122.652	17.825	0.000	-143.185
3564.000	122.767	18.501	0.000	-145.858
3566.000	122.710	18.685	0.000	-153.460
3568.000	122.661	18.654	0.000	-158.724
3570.000	122.716	18.921	0.000	-170.125
3572.000	122.741	18.519	0.000	-177.672
3574.000	122.642	18.812	0.000	174.535
3576.000	122.710	19.102	0.000	168.909
3578.000	122.757	18.955	0.000	160.853
3580.000	122.670	17.860	0.000	154.284
3582.000	122.687	17.923	0.000	141.672
3584.000	122.794	18.177	0.000	137.248
3586.000	122.665	17.384	0.000	137.042
3588.000	122.695	18.001	0.000	129.955
3590.000	122.746	17.574	0.000	125.357
3592.000	122.716	17.346	0.000	118.457
3594.000	122.636	17.538	0.000	112.147
3596.000	122.745	17.989	0.000	107.345
3598.000	122.711	17.449	0.000	103.965
3600.000	122.635	17.286	0.000	96.356
3602.000	122.713	16.592	0.000	88.213
3604.000	122.744	16.608	0.000	88.744
3606.000	122.639	15.982	0.000	89.810
3608.000	122.713	15.648	0.000	88.303
3610.000	122.752	15.890	0.000	76.149
3612.000	122.674	16.068	0.000	73.352
3614.000	122.704	16.687	0.000	75.724
3616.000	122.723	17.088	0.000	65.306
3618.000	122.729	17.301	0.000	66.133
3620.000	122.664	16.942	0.000	64.111
3622.000	122.694	17.126	0.000	55.733
3624.000	122.748	17.146	0.000	53.771
3626.000	122.638	17.730	0.000	47.023
3628.000	122.676	17.567	0.000	42.604
3630.000	122.730	17.389	0.000	39.348
3632.000	122.679	18.412	0.000	27.535
3634.000	122.631	19.325	0.000	21.231
3636.000	122.745	19.879	0.000	21.422
3638.000	122.705	19.583	0.000	12.342
3640.000	122.648	19.755	0.000	3.971
3642.000	122.711	19.953	0.000	-6.697
3644.000	122.760	19.924	0.000	-8.948
3646.000	122.652	20.278	0.000	-19.010
3648.000	122.687	20.371	0.000	-25.711
3650.000	122.760	20.350	0.000	-32.616
3652.000	122.675	20.022	0.000	-43.809
3654.000	122.662	20.464	0.000	-46.662
3656.000	122.713	20.348	0.000	-54.520
3658.000	122.709	20.277	0.000	-63.513
3660.000	122.645	20.349	0.000	-70.229
3662.000	122.653	19.724	0.000	-73.861
3664.000	122.740	20.070	0.000	-81.845
3666.000	122.656	20.268	0.000	-90.267
3668.000	122.621	19.889	0.000	-97.604
3670.000	122.741	19.751	0.000	-102.998
3672.000	122.687	19.761	0.000	-111.511
3674.000	122.649	19.488	0.000	-115.495
3676.000	122.682	19.280	0.000	-127.157
3678.000	122.759	18.966	0.000	-133.958
3680.000	122.658	18.537	0.000	-132.399
3682.000	122.675	18.541	0.000	-131.604
3684.000	122.715	17.332	0.000	-139.262
3686.000	122.757	17.667	0.000	-140.649
3688.000	122.600	17.792	0.000	-145.962
3690.000	122.716	17.395	0.000	-149.501
3692.000	122.745	17.587	0.000	-153.535
3694.000	122.642	17.633	0.000	-148.002
3696.000	122.621	17.994	0.000	-153.152
3698.000	122.750	19.249	0.000	-158.308
3700.000	122.662	18.734	0.000	-165.259
3702.000	122.615	18.799	0.000	-164.729
3704.000	122.663	19.248	0.000	-169.201
3706.000	122.749	19.687	0.000	-176.542
3708.000	122.588	19.799	0.000	177.567
3710.000	122.662	20.908	0.000	175.591
3712.000	122.709	20.956	0.000	167.495
3714.000	122.688	20.975	0.000	162.270
3716.000	122.626	21.071	0.000	158.654
3718.000	122.699	22.130	0.000	151.680
3720.000	122.710	22.111	0.000	143.973
3722.000	122.693	22.207	0.000	139.625
3724.000	122.647	22.708	0.000	130.791
3726.000	122.702	22.491	0.000	124.792
3728.000	122.754	23.195	0.000	122.095
3730.000	122.638	23.355	0.000	112.447
3732.000	122.655	23.175	0.000	105.369
3734.000	122.755	23.416	0.000	94.832
3736.000	122.676	22.772	0.000	85.666
3738.000	122.620	22.905	0.000	81.544
3740.000	122.683	22.969	0.000	76.203
3742.000	122.709	22.329	0.000	67.989
3744.000	122.653	21.558	0.000	62.670
3746.000	122.581	21.386	0.000	54.666
3748.000	122.720	21.500	0.000	50.751
3750.000	122.671	20.984	0.000	44.417
3752.000	122.605	21.002	0.000	39.253
3754.000	122.608	20.519	0.000	35.052
3756.000	122.732	21.366	0.000	34.494
3758.000	122.629	21.210	0.000	24.970
3760.000	122.609	21.192	0.000	25.372
3762.000	122.651	21.297	0.000	20.037
3764.000	122.724	21.654	0.000	14.764
3766.000	122.628	22.111	0.000	7.955
3768.000	122.621	22.570	0.000	2.011
3770.000	122.693	22.726	0.000	-6.674
3772.000	122.740	23.022	0.000	-14.143
3774.000	122.604	23.038	0.000	-22.705
3776.000	122.678	23.447	0.000	-31.469
3778.000	122.701	22.922	0.000	-41.470
3780.000	122.733	22.524	0.000	-48.857
3782.000	122.632	22.234	0.000	-60.778
3784.000	122.646	21.965	0.000	-66.009
3786.000	122.763	21.410	0.000	-75.208
3788.000	122.709	21.358	0.000	-80.958
3790.000	122.584	20.800	0.000	-88.609
3792.000	122.697	20.118	0.000	-92.777
3794.000	122.767	19.637	0.000	-98.927
3796.000	122.631	19.093	0.000	-104.093
3798.000	122.596	19.255	0.000	-103.585
3800.000	122.722	19.490	0.000	-112.075
3802.000	122.704	18.441	0.000	-114.606
3804.000	122.605	18.635	0.000	-115.365
3806.000	122.601	19.404	0.000	-122.143
3808.000	122.691	18.884	0.000	-126.545
3810.000	122.693	19.399	0.000	-130.767
3812.000	122.553	19.431	0.000	-135.699
3814.000	122.611	19.153	0.000	-147.608
3816.000	122.683	19.227	0.000	-154.397
3818.000	122.635	18.815	0.000	-158.631
3820.000	122.579	19.033	0.000	-167.139
3822.000	122.573	18.789	0.000	-171.649
3824.000	122.682	18.945	0.000	-177.970
3826.000	122.636	18.621	0.000	170.509
3828.000	122.551	18.838	0.000	163.710
3830.000	122.580	17.862	0.000	157.485
3832.000	122.693	17.700	0.000	157.744
3834.000	122.620	17.664	0.000	150.704
3836.000	122.556	17.031	0.000	145.004
3838.000	122.588	17.318	0.000	137.212
3840.000	122.704	17.865	0.000	134.956
3842.000	122.626	17.389	0.000	129.123
3844.000	122.572	16.411	0.000	124.632
3846.000	122.572	16.319	0.000	112.008
3848.000	122.764	17.311	0.000	109.139
3850.000	122.627	16.890	0.000	97.592
3852.000	122.545	15.122	0.000	91.946
3854.000	122.657	14.073	0.000	81.746
3856.000	122.739	14.638	0.000	73.084
3858.000	122.632	14.258	0.000	65.712
3860.000	122.598	13.244	0.000	69.380
3862.000	122.651	13.538	0.000	56.325
3864.000	122.754	13.091	0.000	60.352
3866.000	122.670	11.901	0.000	63.104
3868.000	122.606	10.271	0.000	51.545
3870.000	122.666	10.832	0.000	48.532
3872.000	122.762	11.979	0.000	42.885
3874.000	122.713	10.232	0.000	40.182
3876.000	122.608	8.162	0.000	51.890
3878.000	122.679	8.205	0.000	81.052
3880.000	122.769	9.039	0.000	106.539
3882.000	122.754	9.654	0.000	81.604
3884.000	122.617	9.862	0.000	75.995
3886.000	122.656	9.818	0.000	90.970
3888.000	122.836	10.652	0.000	65.592
3890.000	122.746	10.584	0.000	67.786
3892.000	122.616	11.427	0.000	57.596
3894.000	122.710	12.536	0.000	41.875
3896.000	122.799	12.211	0.000	43.184
3898.000	122.759	12.309	0.000	25.997
3900.000	122.681	13.390	0.000	22.616
3902.000	122.669	12.836	0.000	17.385
3904.000	122.804	11.687	0.000	4.758
3906.000	122.794	12.407	0.000	-4.011
3908.000	122.699	13.270	0.000	-15.126
3910.000	122.664	13.080	0.000	-16.773
3912.000	122.801	11.953	0.000	-31.616
3914.000	122.812	13.687	0.000	-38.395
3916.000	122.714	13.175	0.000	-45.006
3918.000	122.709	12.754	0.000	-50.546
3920.000	122.743	12.907	0.000	-59.343
3922.000	122.826	12.869	0.000	-66.618
3924.000	122.792	11.722	0.000	-71.791
3926.000	122.685	12.010	0.000	-76.444
3928.000	122.717	12.913	0.000	-85.174
3930.000	122.866	13.720	0.000	-91.541
3932.000	122.797	13.209	0.000	-94.353
3934.000	122.736	12.735	0.000	-104.284
3936.000	122.680	12.449	0.000	-108.937
3938.000	122.855	13.374	0.000	-112.184
3940.000	122.863	13.686	0.000	-128.620
3942.000	122.746	13.875	0.000	-135.500
3944.000	122.685	13.685	0.000	-145.041
3946.000	122.840	13.230	0.000	-156.054
3948.000	122.886	12.991	0.000	-164.775
3950.000	122.780	12.191	0.000	-168.478
3952.000	122.725	12.316	0.000	-165.811
3954.000	122.812	13.341	0.000	-169.010
3956.000	122.861	12.490	0.000	175.650
3958.000	122.860	10.043	0.000	179.836
3960.000	122.798	11.011	0.000	168.723
3962.000	122.720	11.718	0.000	159.262
3964.000	122.889	11.877	0.000	156.748
3966.000	122.923	10.602	0.000	153.554
3968.000	122.815	11.408	0.000	133.943
3970.000	122.755	11.655	0.000	142.327
3972.000	122.843	11.895	0.000	149.114
3974.000	122.932	12.504	0.000	139.832
3976.000	122.909	12.223	0.000	136.326
3978.000	122.778	11.956	0.000	117.601
3980.000	122.802	12.345	0.000	108.399
3982.000	122.924	10.761	0.000	90.691
3984.000	122.963	10.523	0.000	97.212
3986.000	122.842	10.958	0.000	104.103
3988.000	122.785	10.642	0.000	97.755
3990.000	122.889	8.612	0.000	98.357
3992.000	122.957	9.692	0.000	74.274
3994.000	122.921	9.282	0.000	34.158
3996.000	122.837	8.365	0.000	33.546
3998.000	122.790	8.290	0.000	41.668
4000.000	122.950	8.240	0.000	15.355
