1000.000	122.558	34.804	0.000	173.736
2.000	122.517	34.559	0.000	167.189
4.000	122.490	34.066	0.000	163.230
6.000	122.487	33.306	0.000	159.523
8.000	122.510	32.255	0.000	157.959
10.000	122.543	30.783	0.000	155.811
12.000	122.567	29.465	0.000	153.087
14.000	122.575	28.694	0.000	148.800
16.000	122.564	28.846	0.000	145.531
18.000	122.542	29.285	0.000	144.196
20.000	122.530	29.627	0.000	142.367
22.000	122.533	29.499	0.000	140.321
24.000	122.550	28.767	0.000	139.934
26.000	122.573	27.913	0.000	142.323
28.000	122.582	27.004	0.000	137.855
30.000	122.570	26.130	0.000	131.407
32.000	122.545	25.016	0.000	126.936
34.000	122.517	24.549	0.000	120.925
36.000	122.510	24.873	0.000	115.414
38.000	122.535	24.726	0.000	112.940
40.000	122.581	24.544	0.000	119.201
42.000	122.629	23.697	0.000	122.241
44.000	122.648	22.304	0.000	121.306
46.000	122.621	21.424	0.000	121.203
48.000	122.560	20.651	0.000	125.373
50.000	122.491	20.063	0.000	118.374
52.000	122.456	20.140	0.000	110.448
54.000	122.485	20.034	0.000	116.018
56.000	122.568	20.904	0.000	121.656
58.000	122.665	21.234	0.000	119.947
60.000	122.726	20.451	0.000	120.906
62.000	122.711	18.760	0.000	125.507
64.000	122.620	18.620	0.000	120.904
66.000	122.496	17.873	0.000	117.130
68.000	122.405	17.242	0.000	116.398
70.000	122.410	17.673	0.000	106.867
72.000	122.518	18.347	0.000	105.952
74.000	122.673	18.194	0.000	107.702
76.000	122.794	18.069	0.000	111.054
78.000	122.810	16.981	0.000	123.947
80.000	122.705	17.572	0.000	120.679
82.000	122.527	15.846	0.000	109.515
84.000	122.369	14.595	0.000	107.998
86.000	122.334	16.390	0.000	109.263
88.000	122.458	16.955	0.000	108.901
90.000	122.669	16.106	0.000	114.990
92.000	122.849	15.838	0.000	120.798
94.000	122.899	16.019	0.000	122.652
96.000	122.784	15.623	0.000	120.519
98.000	122.556	15.403	0.000	108.237
100.000	122.339	15.173	0.000	113.251
102.000	122.274	13.790	0.000	107.447
104.000	122.418	14.298	0.000	93.698
106.000	122.680	15.001	0.000	96.498
108.000	122.905	15.309	0.000	103.719
110.000	122.968	15.459	0.000	91.190
112.000	122.830	14.938	0.000	102.860
114.000	122.558	13.658	0.000	106.425
116.000	122.305	13.079	0.000	106.831
118.000	122.242	12.875	0.000	105.130
120.000	122.424	13.207	0.000	114.463
122.000	122.726	13.229	0.000	106.005
124.000	122.960	13.757	0.000	95.065
126.000	123.000	13.949	0.000	90.158
128.000	122.821	13.523	0.000	94.602
130.000	122.518	12.498	0.000	110.500
132.000	122.275	11.712	0.000	107.965
134.000	122.263	13.466	0.000	77.064
136.000	122.494	13.741	0.000	59.973
138.000	122.801	12.914	0.000	48.783
140.000	122.993	12.826	0.000	50.244
142.000	122.971	13.507	0.000	75.314
144.000	122.749	13.160	0.000	87.695
146.000	122.458	12.904	0.000	127.224
148.000	122.289	13.125	0.000	127.842
150.000	122.359	13.265	0.000	120.810
152.000	122.610	14.063	0.000	102.832
154.000	122.860	13.386	0.000	101.198
156.000	122.962	13.151	0.000	95.872
158.000	122.873	12.863	0.000	90.585
160.000	122.652	12.584	0.000	152.164
162.000	122.445	12.666	0.000	-120.353
164.000	122.387	12.773	0.000	-172.168
166.000	122.504	13.076	0.000	158.113
168.000	122.698	12.719	0.000	134.705
170.000	122.839	13.571	0.000	147.778
172.000	122.857	12.215	0.000	60.526
174.000	122.764	12.339	0.000	95.024
176.000	122.628	12.363	0.000	96.038
178.000	122.535	13.247	0.000	127.691
180.000	122.528	13.570	0.000	122.333
182.000	122.589	13.218	0.000	119.670
184.000	122.673	13.013	0.000	154.810
186.000	122.740	12.268	0.000	156.397
188.000	122.774	13.078	0.000	166.033
190.000	122.770	12.484	0.000	153.244
192.000	122.725	11.905	0.000	136.555
194.000	122.646	11.385	0.000	137.449
196.000	122.561	11.276	0.000	140.993
198.000	122.524	11.686	0.000	149.783
200.000	122.583	12.730	0.000	163.822
202.000	122.720	11.826	0.000	50.443
204.000	122.858	12.616	0.000	-11.002
206.000	122.896	13.602	0.000	-56.110
208.000	122.788	11.887	0.000	156.669
210.000	122.585	12.674	0.000	97.907
212.000	122.424	13.749	0.000	75.470
214.000	122.448	12.641	0.000	69.375
216.000	122.660	12.578	0.000	99.795
218.000	122.905	12.217	0.000	130.016
220.000	123.009	12.556	0.000	133.347
222.000	122.891	13.286	0.000	24.635
224.000	122.616	12.234	0.000	-8.435
226.000	122.382	12.328	0.000	131.479
228.000	122.387	11.889	0.000	131.818
230.000	122.635	12.941	0.000	-9.590
232.000	122.923	12.205	0.000	36.874
234.000	123.041	11.348	0.000	49.941
236.000	122.917	11.955	0.000	4.202
238.000	122.635	12.518	0.000	-74.074
240.000	122.410	11.928	0.000	-125.510
242.000	122.422	12.867	0.000	-146.774
244.000	122.648	12.972	0.000	-144.734
246.000	122.892	12.887	0.000	-87.416
248.000	122.980	13.177	0.000	-115.090
250.000	122.877	11.539	0.000	-120.061
252.000	122.672	12.136	0.000	-121.332
254.000	122.521	14.592	0.000	-113.389
256.000	122.526	13.591	0.000	-125.249
258.000	122.651	12.327	0.000	-109.588
260.000	122.789	12.968	0.000	-129.958
262.000	122.858	13.147	0.000	-158.831
264.000	122.844	12.531	0.000	-174.912
266.000	122.776	13.267	0.000	-145.549
268.000	122.687	12.842	0.000	-143.767
270.000	122.610	14.023	0.000	-136.190
272.000	122.583	13.002	0.000	-153.339
274.000	122.640	11.615	0.000	-142.131
276.000	122.773	12.141	0.000	-154.450
278.000	122.902	13.241	0.000	-169.788
280.000	122.928	12.740	0.000	178.892
282.000	122.800	11.585	0.000	-178.608
284.000	122.587	12.585	0.000	169.665
286.000	122.462	13.342	0.000	171.944
288.000	122.559	13.443	0.000	140.437
290.000	122.818	12.833	0.000	135.170
292.000	123.022	12.441	0.000	136.375
294.000	123.005	12.202	0.000	173.530
296.000	122.768	12.406	0.000	-141.341
298.000	122.491	11.523	0.000	163.476
300.000	122.426	12.498	0.000	144.024
302.000	122.637	12.397	0.000	92.610
304.000	122.924	12.688	0.000	159.259
306.000	123.048	11.870	0.000	-149.277
308.000	122.928	11.581	0.000	-165.523
310.000	122.673	11.607	0.000	176.978
312.000	122.498	11.461	0.000	-115.216
314.000	122.546	11.454	0.000	-134.268
316.000	122.742	12.750	0.000	-134.601
318.000	122.907	12.879	0.000	129.412
320.000	122.936	12.358	0.000	111.651
322.000	122.844	11.760	0.000	179.385
324.000	122.718	11.394	0.000	160.266
326.000	122.633	12.289	0.000	171.319
328.000	122.622	12.605	0.000	-171.694
330.000	122.684	11.704	0.000	19.991
332.000	122.798	11.536	0.000	78.203
334.000	122.911	11.396	0.000	69.715
336.000	122.938	12.505	0.000	-30.701
338.000	122.828	12.842	0.000	13.859
340.000	122.632	11.883	0.000	-76.002
342.000	122.515	12.164	0.000	159.009
344.000	122.619	12.080	0.000	-171.276
346.000	122.872	13.145	0.000	-93.527
348.000	123.052	12.559	0.000	-126.271
350.000	122.993	12.232	0.000	122.556
352.000	122.727	12.211	0.000	-178.305
354.000	122.488	12.376	0.000	-128.453
356.000	122.517	13.236	0.000	167.339
358.000	122.784	11.524	0.000	173.772
360.000	123.022	12.472	0.000	-168.732
362.000	123.033	11.952	0.000	-114.095
364.000	122.830	12.101	0.000	-141.388
366.000	122.603	12.345	0.000	-171.608
368.000	122.556	11.749	0.000	174.923
370.000	122.696	11.402	0.000	-152.699
372.000	122.870	12.032	0.000	-158.270
374.000	122.947	12.771	0.000	154.454
376.000	122.909	12.673	0.000	128.898
378.000	122.806	11.557	0.000	108.233
380.000	122.696	10.915	0.000	-118.968
382.000	122.631	11.286	0.000	-69.003
384.000	122.667	11.417	0.000	-92.457
386.000	122.814	11.552	0.000	8.759
388.000	122.974	11.877	0.000	-62.450
390.000	123.001	10.679	0.000	-98.386
392.000	122.835	11.209	0.000	-163.706
394.000	122.593	13.057	0.000	-149.011
396.000	122.524	12.560	0.000	-175.245
398.000	122.729	12.586	0.000	-177.257
400.000	123.007	12.433	0.000	178.237
402.000	123.087	10.466	0.000	170.712
404.000	122.896	9.743	0.000	-109.184
406.000	122.614	11.906	0.000	-146.003
408.000	122.527	12.785	0.000	-175.261
410.000	122.711	12.640	0.000	-178.346
412.000	122.949	13.338	0.000	150.002
414.000	123.025	13.345	0.000	170.092
416.000	122.912	12.676	0.000	166.527
418.000	122.741	13.531	0.000	-144.167
420.000	122.652	13.299	0.000	-139.607
422.000	122.681	12.050	0.000	-77.193
424.000	122.784	11.120	0.000	-147.652
426.000	122.906	11.911	0.000	-163.813
428.000	122.981	12.706	0.000	77.168
430.000	122.934	12.407	0.000	120.322
432.000	122.758	11.427	0.000	115.637
434.000	122.590	11.429	0.000	90.613
436.000	122.629	11.489	0.000	-1.723
438.000	122.876	11.116	0.000	-72.746
440.000	123.084	10.091	0.000	-126.980
442.000	123.035	11.566	0.000	-144.774
444.000	122.759	12.078	0.000	-0.445
446.000	122.539	11.699	0.000	-84.252
448.000	122.625	11.750	0.000	-178.212
450.000	122.903	11.742	0.000	-172.793
452.000	123.068	12.407	0.000	22.491
454.000	122.988	11.309	0.000	-75.260
456.000	122.779	10.709	0.000	-132.128
458.000	122.650	10.326	0.000	-143.183
460.000	122.690	11.175	0.000	-153.356
462.000	122.815	12.012	0.000	-119.942
464.000	122.928	11.558	0.000	-81.375
466.000	122.981	11.082	0.000	-35.581
468.000	122.935	11.598	0.000	-35.387
470.000	122.781	12.776	0.000	-57.059
472.000	122.627	11.670	0.000	-61.039
474.000	122.662	11.785	0.000	-119.926
476.000	122.901	12.197	0.000	-178.473
478.000	123.101	13.295	0.000	-150.026
480.000	123.032	12.783	0.000	-147.160
482.000	122.741	12.409	0.000	-139.666
484.000	122.546	12.211	0.000	-132.488
486.000	122.688	11.760	0.000	-140.518
488.000	122.981	11.924	0.000	-124.884
490.000	123.094	11.756	0.000	-160.807
492.000	122.948	11.352	0.000	-128.986
494.000	122.731	12.124	0.000	-111.868
496.000	122.665	12.621	0.000	41.557
498.000	122.759	11.332	0.000	133.464
500.000	122.885	10.863	0.000	62.474
502.000	122.968	10.818	0.000	80.565
504.000	122.986	11.509	0.000	-168.270
506.000	122.896	11.796	0.000	-52.735
508.000	122.717	10.892	0.000	-48.217
510.000	122.626	11.993	0.000	-79.590
512.000	122.789	12.537	0.000	-73.785
514.000	123.060	11.873	0.000	-102.807
516.000	123.121	11.724	0.000	-107.139
518.000	122.874	12.051	0.000	-92.972
520.000	122.587	12.339	0.000	-115.310
522.000	122.629	12.455	0.000	-133.181
524.000	122.929	11.079	0.000	-145.962
526.000	123.108	11.490	0.000	-123.856
528.000	123.002	11.721	0.000	-112.483
530.000	122.781	11.652	0.000	-80.323
532.000	122.695	11.460	0.000	-101.504
534.000	122.767	12.299	0.000	-116.417
536.000	122.871	12.532	0.000	-102.800
538.000	122.957	11.975	0.000	-128.472
540.000	123.010	11.559	0.000	-147.465
542.000	122.945	12.093	0.000	-118.968
544.000	122.744	12.209	0.000	-139.478
546.000	122.620	12.066	0.000	-135.248
548.000	122.800	12.570	0.000	-132.021
550.000	123.100	12.814	0.000	-137.913
552.000	123.141	12.497	0.000	-139.380
554.000	122.847	12.310	0.000	-132.321
556.000	122.576	10.989	0.000	-123.711
558.000	122.693	10.839	0.000	-165.663
560.000	123.003	11.706	0.000	170.581
562.000	123.106	12.508	0.000	-156.761
564.000	122.948	12.793	0.000	-166.631
566.000	122.773	12.131	0.000	152.815
568.000	122.750	10.861	0.000	166.719
570.000	122.805	10.718	0.000	-157.409
572.000	122.876	11.443	0.000	-149.752
574.000	122.989	12.546	0.000	-168.565
576.000	123.054	12.118	0.000	157.761
578.000	122.913	11.939	0.000	169.101
580.000	122.656	11.337	0.000	-135.997
582.000	122.654	11.393	0.000	-140.152
584.000	122.978	11.840	0.000	-157.907
586.000	123.198	12.396	0.000	172.146
588.000	123.020	11.452	0.000	-163.102
590.000	122.669	11.802	0.000	-172.958
592.000	122.628	11.940	0.000	-153.238
594.000	122.909	11.895	0.000	-171.187
596.000	123.088	11.934	0.000	-173.963
598.000	123.008	11.768	0.000	-145.632
600.000	122.859	12.137	0.000	-142.441
602.000	122.800	12.502	0.000	148.868
604.000	122.786	11.769	0.000	168.948
606.000	122.817	11.675	0.000	-172.172
608.000	122.970	11.684	0.000	-135.950
610.000	123.108	11.998	0.000	-158.671
612.000	122.987	11.996	0.000	-141.954
614.000	122.681	12.113	0.000	-103.232
616.000	122.632	10.828	0.000	-173.317
618.000	122.962	10.031	0.000	127.267
620.000	123.201	10.606	0.000	-133.508
622.000	123.037	10.516	0.000	-124.071
624.000	122.713	10.697	0.000	-144.074
626.000	122.675	11.633	0.000	174.511
628.000	122.902	12.719	0.000	160.083
630.000	123.045	11.819	0.000	-176.268
632.000	123.011	12.049	0.000	163.428
634.000	122.925	11.335	0.000	172.151
636.000	122.834	10.497	0.000	-42.677
638.000	122.750	11.398	0.000	-45.482
640.000	122.813	11.700	0.000	-159.167
642.000	123.041	11.691	0.000	-153.583
644.000	123.143	12.129	0.000	-163.008
646.000	122.924	12.452	0.000	160.194
648.000	122.644	11.380	0.000	-168.663
650.000	122.727	10.775	0.000	-137.589
652.000	123.049	11.571	0.000	148.499
654.000	123.158	11.005	0.000	138.532
656.000	122.956	12.707	0.000	-174.920
658.000	122.738	12.651	0.000	-141.820
660.000	122.753	11.195	0.000	-115.673
662.000	122.912	11.514	0.000	-121.523
664.000	123.037	12.740	0.000	-170.947
666.000	123.052	12.533	0.000	-169.183
668.000	122.930	12.166	0.000	-169.134
670.000	122.755	11.574	0.000	-144.456
672.000	122.745	11.398	0.000	-170.084
674.000	122.962	11.397	0.000	-81.959
676.000	123.135	10.871	0.000	-103.686
678.000	123.035	11.121	0.000	-36.388
680.000	122.781	12.071	0.000	-99.171
682.000	122.704	12.606	0.000	-87.293
684.000	122.891	11.773	0.000	-127.291
686.000	123.093	11.320	0.000	-141.234
688.000	123.089	11.697	0.000	-166.622
690.000	122.892	11.579	0.000	-138.320
692.000	122.719	12.151	0.000	-95.273
694.000	122.791	11.822	0.000	-141.352
696.000	123.029	11.910	0.000	-138.536
698.000	123.130	11.900	0.000	-143.994
700.000	122.972	11.087	0.000	-175.268
702.000	122.763	11.361	0.000	-155.256
704.000	122.769	11.080	0.000	-87.204
706.000	122.944	12.017	0.000	-124.899
708.000	123.071	11.925	0.000	-170.200
710.000	123.050	11.778	0.000	-144.341
712.000	122.901	12.374	0.000	-102.491
714.000	122.743	11.723	0.000	-141.987
716.000	122.792	11.008	0.000	-169.223
718.000	123.053	10.788	0.000	-136.622
720.000	123.178	11.872	0.000	-108.611
722.000	122.952	12.411	0.000	-113.741
724.000	122.675	12.461	0.000	-143.560
726.000	122.786	12.392	0.000	-145.695
728.000	123.084	12.290	0.000	-134.791
730.000	123.123	11.570	0.000	-117.835
732.000	122.928	12.628	0.000	-161.362
734.000	122.809	11.784	0.000	-150.032
736.000	122.835	11.159	0.000	-138.129
738.000	122.907	11.221	0.000	-146.770
740.000	123.033	11.388	0.000	-162.908
742.000	123.110	12.353	0.000	-162.241
744.000	122.935	12.594	0.000	-148.075
746.000	122.682	11.811	0.000	-168.118
748.000	122.810	11.311	0.000	172.901
750.000	123.160	12.111	0.000	174.562
752.000	123.171	12.685	0.000	-167.310
754.000	122.837	12.525	0.000	-137.206
756.000	122.698	12.131	0.000	-154.287
758.000	122.916	11.344	0.000	-174.327
760.000	123.082	11.958	0.000	-178.665
762.000	123.043	12.318	0.000	-160.237
764.000	122.949	11.603	0.000	-136.305
766.000	122.850	11.243	0.000	-127.221
768.000	122.791	12.571	0.000	-155.948
770.000	122.939	13.197	0.000	-157.703
772.000	123.154	12.432	0.000	-165.701
774.000	123.077	12.300	0.000	170.591
776.000	122.769	11.622	0.000	-171.408
778.000	122.724	12.358	0.000	-169.480
780.000	123.014	11.542	0.000	-178.098
782.000	123.170	11.718	0.000	178.100
784.000	123.013	12.100	0.000	-171.689
786.000	122.801	11.900	0.000	-161.647
788.000	122.791	11.684	0.000	-162.775
790.000	122.957	12.611	0.000	-176.345
792.000	123.106	12.935	0.000	-163.245
794.000	123.067	11.831	0.000	-163.635
796.000	122.862	11.751	0.000	-158.728
798.000	122.763	11.630	0.000	-156.949
800.000	122.922	11.981	0.000	-172.145
802.000	123.106	12.688	0.000	-170.614
804.000	123.084	12.756	0.000	-168.684
806.000	122.899	11.482	0.000	-156.099
808.000	122.765	11.149	0.000	-171.209
810.000	122.867	10.988	0.000	-154.169
812.000	123.111	11.370	0.000	-174.888
814.000	123.152	12.225	0.000	177.539
816.000	122.883	11.773	0.000	-161.624
818.000	122.706	12.841	0.000	-170.059
820.000	122.930	13.570	0.000	-173.712
822.000	123.155	12.963	0.000	179.842
824.000	123.058	12.017	0.000	-172.524
826.000	122.865	10.324	0.000	-168.324
828.000	122.837	10.218	0.000	172.184
830.000	122.902	10.984	0.000	173.943
832.000	123.018	12.156	0.000	179.230
834.000	123.128	11.848	0.000	178.442
836.000	122.996	11.344	0.000	-164.116
838.000	122.724	11.510	0.000	-159.206
840.000	122.824	11.886	0.000	175.005
842.000	123.174	11.030	0.000	165.823
844.000	123.162	11.098	0.000	-175.777
846.000	122.830	12.214	0.000	170.008
848.000	122.758	12.231	0.000	158.402
850.000	122.979	11.479	0.000	168.174
852.000	123.089	10.592	0.000	-173.055
854.000	123.043	10.302	0.000	173.650
856.000	122.943	10.717	0.000	155.755
858.000	122.816	11.650	0.000	153.261
860.000	122.858	11.950	0.000	171.143
862.000	123.101	11.150	0.000	178.455
864.000	123.154	12.058	0.000	173.902
866.000	122.890	12.146	0.000	173.494
868.000	122.739	11.430	0.000	108.049
870.000	122.944	11.211	0.000	131.883
872.000	123.148	11.669	0.000	-160.175
874.000	123.082	11.273	0.000	-145.362
876.000	122.862	11.365	0.000	-170.487
878.000	122.780	11.667	0.000	163.264
880.000	122.967	12.173	0.000	-171.987
882.000	123.151	12.928	0.000	-177.932
884.000	123.052	12.425	0.000	176.592
886.000	122.835	12.021	0.000	168.420
888.000	122.832	11.250	0.000	147.434
890.000	122.990	11.217	0.000	142.791
892.000	123.096	11.386	0.000	178.981
894.000	123.067	11.920	0.000	-173.412
896.000	122.877	11.059	0.000	-169.636
898.000	122.759	10.860	0.000	168.557
900.000	123.001	11.809	0.000	-169.978
902.000	123.227	11.687	0.000	-168.545
904.000	123.007	11.501	0.000	-165.899
906.000	122.725	13.028	0.000	-178.507
908.000	122.895	12.680	0.000	172.357
910.000	123.123	12.192	0.000	178.936
912.000	123.065	12.193	0.000	-158.548
914.000	122.945	11.484	0.000	-153.504
916.000	122.874	10.839	0.000	-162.218
918.000	122.857	11.015	0.000	161.126
920.000	123.042	12.385	0.000	168.684
922.000	123.181	13.046	0.000	-157.659
924.000	122.946	12.239	0.000	-158.394
926.000	122.722	11.666	0.000	-167.167
928.000	122.953	12.973	0.000	178.928
930.000	123.184	14.095	0.000	-174.112
932.000	123.057	12.742	0.000	-176.628
934.000	122.840	12.568	0.000	-176.703
936.000	122.834	12.507	0.000	178.236
938.000	123.003	12.883	0.000	174.091
940.000	123.135	12.743	0.000	-179.369
942.000	123.033	12.220	0.000	176.720
944.000	122.823	11.600	0.000	165.310
946.000	122.855	11.402	0.000	163.793
948.000	123.057	11.930	0.000	169.779
950.000	123.118	12.820	0.000	168.252
952.000	122.994	12.633	0.000	161.995
954.000	122.817	12.369	0.000	154.687
956.000	122.849	12.526	0.000	137.866
958.000	123.127	12.562	0.000	159.928
960.000	123.174	12.659	0.000	157.618
962.000	122.848	12.725	0.000	163.548
964.000	122.766	12.814	0.000	168.056
966.000	123.061	12.806	0.000	157.896
968.000	123.133	12.604	0.000	154.027
970.000	122.975	13.038	0.000	143.187
972.000	122.899	13.939	0.000	139.432
974.000	122.871	13.187	0.000	143.445
976.000	122.971	12.673	0.000	146.289
978.000	123.171	13.509	0.000	132.215
980.000	123.040	13.696	0.000	132.445
982.000	122.737	11.408	0.000	142.150
984.000	122.898	13.070	0.000	145.540
986.000	123.189	13.173	0.000	131.291
988.000	123.080	12.691	0.000	129.103
990.000	122.849	12.919	0.000	123.378
992.000	122.850	12.582	0.000	119.683
994.000	123.002	12.594	0.000	118.358
996.000	123.128	12.333	0.000	125.844
998.000	123.037	12.343	0.000	130.310
1000.000	122.822	12.568	0.000	122.714
1002.000	122.874	12.918	0.000	123.087
1004.000	123.088	12.313	0.000	113.227
1006.000	123.109	12.431	0.000	114.191
1008.000	122.956	12.344	0.000	119.916
1010.000	122.813	12.187	0.000	113.254
1012.000	122.912	12.178	0.000	112.604
1014.000	123.179	11.782	0.000	86.613
1016.000	123.104	12.097	0.000	107.777
1018.000	122.768	11.613	0.000	103.861
1020.000	122.865	10.324	0.000	95.992
1022.000	123.142	10.474	0.000	100.287
1024.000	123.069	10.166	0.000	106.992
1026.000	122.930	10.909	0.000	115.475
1028.000	122.896	11.346	0.000	108.466
1030.000	122.892	10.805	0.000	106.692
1032.000	123.093	10.986	0.000	91.727
1034.000	123.160	10.695	0.000	67.882
1036.000	122.835	10.557	0.000	59.290
1038.000	122.786	10.343	0.000	166.159
1040.000	123.126	10.597	0.000	172.251
1042.000	123.146	11.070	0.000	-164.566
1044.000	122.909	10.479	0.000	-170.259
1046.000	122.841	9.757	0.000	-161.591
1048.000	122.952	10.688	0.000	-178.147
1050.000	123.117	10.826	0.000	171.534
1052.000	123.082	11.063	0.000	-167.871
1054.000	122.843	11.072	0.000	-155.192
1056.000	122.860	11.526	0.000	168.539
1058.000	123.074	11.865	0.000	177.977
1060.000	123.103	12.434	0.000	-171.424
1062.000	122.979	12.945	0.000	-172.609
1064.000	122.824	13.073	0.000	178.371
1066.000	122.901	12.923	0.000	170.278
1068.000	123.193	12.871	0.000	-177.676
1070.000	123.090	12.580	0.000	173.141
1072.000	122.751	12.587	0.000	169.852
1074.000	122.919	12.725	0.000	164.406
1076.000	123.146	12.422	0.000	166.153
1078.000	123.028	11.453	0.000	164.215
1080.000	122.943	11.561	0.000	154.925
1082.000	122.884	11.388	0.000	156.892
1084.000	122.914	11.557	0.000	155.270
1086.000	123.166	12.480	0.000	156.774
1088.000	123.079	13.455	0.000	151.336
1090.000	122.754	12.745	0.000	157.933
1092.000	122.919	13.033	0.000	151.987
1094.000	123.168	14.225	0.000	159.154
1096.000	123.050	14.026	0.000	160.930
1098.000	122.874	12.919	0.000	156.459
1100.000	122.858	11.704	0.000	146.699
1102.000	123.040	11.959	0.000	140.277
1104.000	123.152	12.848	0.000	140.298
1106.000	122.934	13.397	0.000	136.038
1108.000	122.821	12.458	0.000	132.961
1110.000	122.999	12.768	0.000	131.872
1112.000	123.091	12.297	0.000	134.701
1114.000	123.054	12.466	0.000	139.003
1116.000	122.876	13.684	0.000	149.005
1118.000	122.817	12.756	0.000	138.045
1120.000	123.144	13.187	0.000	127.660
1122.000	123.161	12.325	0.000	142.065
1124.000	122.793	11.015	0.000	142.910
1126.000	122.874	12.306	0.000	133.260
1128.000	123.109	13.129	0.000	135.541
1130.000	123.047	13.216	0.000	125.444
1132.000	122.975	11.670	0.000	123.716
1134.000	122.870	12.567	0.000	123.801
1136.000	122.906	14.061	0.000	124.011
1138.000	123.166	13.999	0.000	123.140
1140.000	123.060	13.824	0.000	125.711
1142.000	122.780	12.945	0.000	122.810
1144.000	122.927	14.027	0.000	112.181
1146.000	123.134	14.660	0.000	111.563
1148.000	123.065	14.813	0.000	121.340
1150.000	122.862	13.660	0.000	110.153
1152.000	122.851	14.392	0.000	97.468
1154.000	123.099	14.532	0.000	105.311
1156.000	123.110	13.992	0.000	105.384
1158.000	122.884	13.895	0.000	111.792
1160.000	122.876	13.566	0.000	110.771
1162.000	122.998	13.311	0.000	95.796
1164.000	123.101	13.656	0.000	98.109
1166.000	123.036	13.893	0.000	97.055
1168.000	122.787	14.226	0.000	84.609
1170.000	122.932	13.710	0.000	80.390
1172.000	123.211	14.526	0.000	85.155
1174.000	122.992	13.200	0.000	83.992
1176.000	122.793	12.063	0.000	75.141
1178.000	122.977	12.817	0.000	76.397
1180.000	123.091	14.119	0.000	69.561
1182.000	123.038	12.960	0.000	54.277
1184.000	122.895	12.959	0.000	58.590
1186.000	122.860	13.022	0.000	53.545
1188.000	123.067	12.350	0.000	60.178
1190.000	123.123	12.701	0.000	64.096
1192.000	122.895	11.889	0.000	59.808
1194.000	122.817	11.397	0.000	53.758
1196.000	123.061	13.185	0.000	28.751
1198.000	123.152	11.814	0.000	28.232
1200.000	122.893	10.993	0.000	28.512
1202.000	122.822	11.081	0.000	52.480
1204.000	123.056	10.906	0.000	33.103
1206.000	123.097	10.762	0.000	28.463
1208.000	122.954	10.601	0.000	14.051
1210.000	122.859	10.168	0.000	17.064
1212.000	122.944	10.265	0.000	-17.770
1214.000	123.127	11.224	0.000	-28.461
1216.000	123.031	11.423	0.000	-14.295
1218.000	122.801	9.613	0.000	-7.872
1220.000	122.931	10.535	0.000	-108.946
1222.000	123.154	12.085	0.000	-87.096
1224.000	123.027	11.704	0.000	-105.648
1226.000	122.799	10.753	0.000	-132.533
1228.000	122.944	10.568	0.000	-122.005
1230.000	123.129	10.726	0.000	-134.052
1232.000	123.001	12.592	0.000	-148.768
1234.000	122.879	12.757	0.000	-144.496
1236.000	122.904	11.170	0.000	-135.540
1238.000	123.041	12.182	0.000	-139.940
1240.000	123.125	13.379	0.000	-130.390
1242.000	122.861	12.809	0.000	-133.707
1244.000	122.820	13.231	0.000	-149.603
1246.000	123.150	14.826	0.000	-141.894
1248.000	123.071	15.014	0.000	-138.413
1250.000	122.837	14.425	0.000	-145.048
1252.000	122.903	15.570	0.000	-150.711
1254.000	123.049	16.686	0.000	-142.809
1256.000	123.089	16.963	0.000	-137.682
1258.000	122.895	16.417	0.000	-140.797
1260.000	122.846	17.156	0.000	-143.257
1262.000	123.061	18.764	0.000	-145.682
1264.000	123.082	19.170	0.000	-143.840
1266.000	122.927	18.680	0.000	-148.424
1268.000	122.821	19.416	0.000	-151.558
1270.000	123.025	21.788	0.000	-148.455
1272.000	123.173	22.884	0.000	-139.868
1274.000	122.850	21.820	0.000	-148.713
1276.000	122.838	23.898	0.000	-158.997
1278.000	123.106	25.416	0.000	-150.260
1280.000	123.026	25.386	0.000	-146.564
1282.000	122.942	26.713	0.000	-151.561
1284.000	122.866	27.806	0.000	-153.472
1286.000	122.963	29.310	0.000	-158.265
1288.000	123.165	31.122	0.000	-155.763
1290.000	122.911	30.888	0.000	-154.959
1292.000	122.798	32.125	0.000	-166.409
1294.000	123.070	34.921	0.000	-168.230
1296.000	123.092	35.627	0.000	-164.734
1298.000	122.905	35.645	0.000	-173.717
1300.000	122.831	37.567	0.000	176.344
1302.000	123.042	39.391	0.000	173.804
1304.000	123.102	40.266	0.000	168.895
1306.000	122.883	40.729	0.000	160.904
1308.000	122.876	41.661	0.000	149.811
1310.000	123.001	43.193	0.000	141.216
1312.000	123.090	44.148	0.000	137.783
1314.000	122.953	43.940	0.000	131.644
1316.000	122.779	44.249	0.000	116.456
1318.000	123.066	46.092	0.000	108.798
1320.000	123.128	46.460	0.000	108.912
1322.000	122.835	45.341	0.000	99.353
1324.000	122.877	46.518	0.000	84.324
1326.000	123.056	47.630	0.000	83.238
1328.000	123.049	47.170	0.000	78.547
1330.000	122.903	47.234	0.000	68.374
1332.000	122.855	47.517	0.000	61.623
1334.000	123.029	48.200	0.000	52.517
1336.000	123.092	48.963	0.000	50.821
1338.000	122.882	47.847	0.000	47.267
1340.000	122.821	48.142	0.000	29.990
1342.000	123.101	49.726	0.000	29.137
1344.000	123.072	48.915	0.000	29.940
1346.000	122.809	48.158	0.000	16.829
1348.000	122.918	49.215	0.000	10.171
1350.000	123.067	49.580	0.000	7.829
1352.000	123.020	49.455	0.000	3.618
1354.000	122.868	49.040	0.000	-3.418
1356.000	122.877	49.508	0.000	-13.144
1358.000	123.086	50.355	0.000	-16.509
1360.000	123.029	50.082	0.000	-18.765
1362.000	122.831	49.311	0.000	-27.135
1364.000	122.893	49.941	0.000	-38.962
1366.000	123.118	51.010	0.000	-39.889
1368.000	123.009	50.040	0.000	-39.923
1370.000	122.768	49.367	0.000	-55.783
1372.000	123.005	50.793	0.000	-60.718
1374.000	123.079	50.373	0.000	-60.801
1376.000	122.926	49.750	0.000	-70.520
1378.000	122.885	49.789	0.000	-76.764
1380.000	122.908	49.700	0.000	-86.390
1382.000	123.122	50.538	0.000	-91.539
1384.000	122.959	49.516	0.000	-92.803
1386.000	122.768	48.357	0.000	-111.201
1388.000	123.055	49.406	0.000	-120.352
1390.000	123.071	48.282	0.000	-121.485
1392.000	122.879	45.602	0.000	-135.209
1394.000	122.846	43.852	0.000	-150.271
1396.000	123.039	41.181	0.000	-154.346
1398.000	123.062	35.868	0.000	-144.591
1400.000	122.844	33.632	0.000	-69.018
1402.000	122.894	39.540	0.000	-50.725
1404.000	123.024	43.842	0.000	-53.819
1406.000	123.051	45.959	0.000	-57.738
1408.000	122.850	46.534	0.000	-69.015
1410.000	122.846	48.307	0.000	-85.065
1412.000	123.145	49.954	0.000	-87.153
1414.000	122.966	49.226	0.000	-89.082
1416.000	122.797	49.042	0.000	-103.646
1418.000	122.985	50.581	0.000	-106.611
1420.000	123.049	50.636	0.000	-104.457
1422.000	122.947	50.720	0.000	-109.619
1424.000	122.833	51.559	0.000	-113.125
1426.000	122.961	52.934	0.000	-119.104
1428.000	123.084	54.755	0.000	-121.622
1430.000	122.914	54.786	0.000	-124.298
1432.000	122.796	55.715	0.000	-144.372
1434.000	123.052	58.124	0.000	-150.730
1436.000	123.068	57.955	0.000	-153.733
1438.000	122.807	57.606	0.000	-173.785
1440.000	122.908	58.896	0.000	173.116
1442.000	123.047	59.203	0.000	164.442
1444.000	122.993	58.969	0.000	153.211
1446.000	122.842	58.360	0.000	139.131
1448.000	122.899	58.571	0.000	122.725
1450.000	123.082	58.813	0.000	114.281
1452.000	122.958	57.715	0.000	105.463
1454.000	122.810	56.442	0.000	88.806
1456.000	122.951	56.664	0.000	73.317
1458.000	123.114	56.412	0.000	69.548
1460.000	122.863	54.000	0.000	59.268
1462.000	122.826	53.259	0.000	37.759
1464.000	123.073	52.981	0.000	34.049
1466.000	122.972	50.625	0.000	25.050
1468.000	122.893	48.972	0.000	12.060
1470.000	122.854	47.017	0.000	3.234
1472.000	123.039	45.582	0.000	-6.863
1474.000	123.039	43.738	0.000	-6.229
1476.000	122.763	39.846	0.000	-13.708
1478.000	122.959	38.270	0.000	-21.762
1480.000	123.075	36.278	0.000	-12.707
1482.000	122.903	32.360	0.000	-7.421
1484.000	122.816	29.899	0.000	-3.720
1486.000	123.009	28.867	0.000	14.561
1488.000	123.038	27.661	0.000	29.735
1490.000	122.846	27.321	0.000	41.664
1492.000	122.878	27.976	0.000	47.336
1494.000	123.005	29.084	0.000	53.684
1496.000	123.031	29.276	0.000	61.781
1498.000	122.801	28.668	0.000	58.976
1500.000	122.898	29.948	0.000	55.070
1502.000	123.109	30.659	0.000	64.393
1504.000	122.887	29.430	0.000	67.532
1506.000	122.816	29.710	0.000	56.773
1508.000	123.006	30.828	0.000	60.399
1510.000	123.017	30.166	0.000	63.106
1512.000	122.861	29.655	0.000	58.597
1514.000	122.861	29.812	0.000	58.373
1516.000	123.005	30.270	0.000	57.291
1518.000	123.026	30.441	0.000	62.171
1520.000	122.786	28.963	0.000	58.601
1522.000	122.912	30.281	0.000	52.970
1524.000	123.101	30.483	0.000	61.267
1526.000	122.859	28.934	0.000	57.927
1528.000	122.841	29.423	0.000	51.719
1530.000	122.987	29.512	0.000	54.716
1532.000	123.019	29.382	0.000	56.281
1534.000	122.840	28.830	0.000	56.319
1536.000	122.866	28.871	0.000	51.938
1538.000	123.033	29.287	0.000	52.184
1540.000	122.964	28.795	0.000	54.230
1542.000	122.806	27.866	0.000	49.867
1544.000	122.915	28.993	0.000	47.231
1546.000	123.103	29.374	0.000	53.356
1548.000	122.819	27.842	0.000	52.386
1550.000	122.855	28.360	0.000	45.319
1552.000	123.029	28.692	0.000	50.826
1554.000	122.951	27.675	0.000	50.439
1556.000	122.854	27.652	0.000	47.811
1558.000	122.862	27.685	0.000	45.983
1560.000	123.062	28.459	0.000	45.977
1562.000	122.916	27.550	0.000	52.228
1564.000	122.783	26.993	0.000	41.049
1566.000	122.997	28.349	0.000	42.513
1568.000	123.026	27.377	0.000	49.496
1570.000	122.796	26.660	0.000	41.789
1572.000	122.890	27.429	0.000	40.499
1574.000	123.029	27.251	0.000	43.333
1576.000	122.918	26.209	0.000	45.531
1578.000	122.820	26.242	0.000	42.786
1580.000	122.929	26.871	0.000	39.175
1582.000	123.040	26.927	0.000	44.347
1584.000	122.843	26.100	0.000	46.012
1586.000	122.823	26.213	0.000	39.527
1588.000	123.039	27.188	0.000	42.778
1590.000	122.958	26.164	0.000	47.131
1592.000	122.762	25.903	0.000	39.045
1594.000	122.978	26.950	0.000	40.026
1596.000	122.990	26.049	0.000	43.718
1598.000	122.866	25.809	0.000	41.285
1600.000	122.838	25.715	0.000	40.658
1602.000	122.974	26.229	0.000	37.707
1604.000	123.011	26.377	0.000	44.552
1606.000	122.753	25.038	0.000	41.193
1608.000	122.941	26.652	0.000	35.010
1610.000	123.028	26.556	0.000	44.665
1612.000	122.843	25.388	0.000	40.000
1614.000	122.824	25.872	0.000	37.171
1616.000	123.012	26.125	0.000	40.100
1618.000	122.941	25.805	0.000	41.930
1620.000	122.809	25.115	0.000	40.209
1622.000	122.900	25.828	0.000	37.559
1624.000	123.013	26.123	0.000	40.494
1626.000	122.883	25.364	0.000	43.396
1628.000	122.779	25.174	0.000	37.409
1630.000	123.033	26.627	0.000	38.899
1632.000	122.946	25.577	0.000	43.372
1634.000	122.773	25.196	0.000	34.408
1636.000	122.936	26.414	0.000	36.919
1638.000	122.995	25.782	0.000	41.522
1640.000	122.846	25.395	0.000	38.549
1642.000	122.835	25.476	0.000	37.526
1644.000	122.963	26.125	0.000	37.245
1646.000	122.985	26.408	0.000	44.591
1648.000	122.749	25.356	0.000	39.865
1650.000	122.938	26.783	0.000	35.300
1652.000	123.020	26.706	0.000	41.953
1654.000	122.804	25.720	0.000	38.065
1656.000	122.847	26.463	0.000	37.913
1658.000	122.991	26.758	0.000	40.843
1660.000	122.921	26.405	0.000	39.763
1662.000	122.785	26.135	0.000	39.164
1664.000	122.931	26.839	0.000	37.037
1666.000	122.982	27.223	0.000	40.381
1668.000	122.839	26.158	0.000	38.029
1670.000	122.800	26.682	0.000	31.964
1672.000	123.055	27.307	0.000	37.668
1674.000	122.861	26.475	0.000	40.732
1676.000	122.795	27.070	0.000	32.479
1678.000	122.964	28.057	0.000	35.881
1680.000	122.944	27.232	0.000	37.447
1682.000	122.814	27.464	0.000	36.131
1684.000	122.854	27.472	0.000	36.541
1686.000	122.998	28.302	0.000	35.423
1688.000	122.877	27.804	0.000	41.594
1690.000	122.764	27.920	0.000	33.428
1692.000	123.004	29.287	0.000	36.889
1694.000	122.928	28.151	0.000	39.444
1696.000	122.768	28.308	0.000	33.508
1698.000	122.922	29.073	0.000	36.608
1700.000	122.962	29.007	0.000	39.077
1702.000	122.836	28.740	0.000	36.016
1704.000	122.813	29.168	0.000	32.329
1706.000	122.988	29.926	0.000	35.401
1708.000	122.895	29.658	0.000	37.186
1710.000	122.774	29.374	0.000	32.648
1712.000	122.926	30.794	0.000	31.694
1714.000	122.996	30.615	0.000	37.802
1716.000	122.738	29.854	0.000	30.264
1718.000	122.919	31.325	0.000	31.684
1720.000	122.944	30.922	0.000	35.255
1722.000	122.861	30.731	0.000	32.490
1724.000	122.790	30.974	0.000	30.932
1726.000	122.964	31.961	0.000	30.637
1728.000	122.927	32.025	0.000	34.478
1730.000	122.752	31.390	0.000	29.003
1732.000	122.916	33.000	0.000	27.720
1734.000	122.978	32.790	0.000	35.906
1736.000	122.765	32.118	0.000	28.440
1738.000	122.869	33.221	0.000	28.906
1740.000	122.964	33.290	0.000	30.072
1742.000	122.848	33.239	0.000	29.938
1744.000	122.790	33.375	0.000	25.838
1746.000	122.943	34.539	0.000	26.434
1748.000	122.929	34.258	0.000	30.715
1750.000	122.754	33.966	0.000	24.909
1752.000	122.895	35.130	0.000	22.655
1754.000	122.981	35.549	0.000	29.453
1756.000	122.760	34.679	0.000	24.677
1758.000	122.861	36.296	0.000	21.868
1760.000	122.964	36.241	0.000	27.623
1762.000	122.831	36.172	0.000	23.327
1764.000	122.800	36.413	0.000	23.314
1766.000	122.921	37.452	0.000	20.499
1768.000	122.944	37.681	0.000	26.667
1770.000	122.724	36.985	0.000	19.598
1772.000	122.925	38.824	0.000	18.750
1774.000	122.942	38.490	0.000	24.338
1776.000	122.769	38.264	0.000	17.908
1778.000	122.846	39.458	0.000	17.301
1780.000	122.966	39.777	0.000	20.457
1782.000	122.812	39.709	0.000	18.630
1784.000	122.799	40.278	0.000	15.986
1786.000	122.929	41.380	0.000	16.443
1788.000	122.906	41.370	0.000	19.683
1790.000	122.732	41.347	0.000	13.344
1792.000	122.926	43.035	0.000	13.312
1794.000	122.931	43.036	0.000	18.038
1796.000	122.742	42.928	0.000	10.785
1798.000	122.882	44.657	0.000	10.655
1800.000	122.934	44.692	0.000	13.826
1802.000	122.799	45.138	0.000	8.646
1804.000	122.803	45.892	0.000	7.241
1806.000	122.943	47.294	0.000	5.416
1808.000	122.867	47.446	0.000	9.477
1810.000	122.733	48.044	0.000	-1.948
1812.000	122.963	50.102	0.000	1.185
1814.000	122.870	49.608	0.000	0.773
1816.000	122.751	50.770	0.000	-9.392
1818.000	122.896	52.091	0.000	-10.761
1820.000	122.915	52.725	0.000	-14.301
1822.000	122.768	53.008	0.000	-21.816
1824.000	122.832	54.206	0.000	-30.341
1826.000	122.943	55.098	0.000	-32.553
1828.000	122.804	54.967	0.000	-38.694
1830.000	122.770	55.888	0.000	-52.896
1832.000	122.970	57.144	0.000	-56.389
1834.000	122.816	55.963	0.000	-62.928
1836.000	122.761	56.135	0.000	-78.767
1838.000	122.937	56.281	0.000	-77.502
1840.000	122.848	55.353	0.000	-82.422
1842.000	122.775	55.539	0.000	-86.269
1844.000	122.853	56.168	0.000	-92.526
1846.000	122.943	56.888	0.000	-93.254
1848.000	122.726	55.762	0.000	-102.219
1850.000	122.860	56.842	0.000	-113.436
1852.000	122.934	56.403	0.000	-110.364
1854.000	122.760	55.074	0.000	-120.331
1856.000	122.806	55.640	0.000	-124.768
1858.000	122.940	55.363	0.000	-124.698
1860.000	122.791	54.669	0.000	-128.213
1862.000	122.784	54.508	0.000	-132.833
1864.000	122.900	55.102	0.000	-132.874
1866.000	122.871	54.726	0.000	-130.465
1868.000	122.713	54.686	0.000	-138.463
1870.000	122.932	56.116	0.000	-139.817
1872.000	122.863	55.637	0.000	-139.159
1874.000	122.734	55.472	0.000	-151.383
1876.000	122.880	56.537	0.000	-152.609
1878.000	122.887	55.800	0.000	-154.665
1880.000	122.754	55.823	0.000	-161.961
1882.000	122.824	55.865	0.000	-166.272
1884.000	122.920	56.572	0.000	-168.679
1886.000	122.769	55.523	0.000	-170.182
1888.000	122.785	56.266	0.000	177.344
1890.000	122.954	56.425	0.000	-177.123
1892.000	122.756	55.104	0.000	174.566
1894.000	122.787	55.780	0.000	169.438
1896.000	122.909	55.958	0.000	168.193
1898.000	122.813	55.491	0.000	164.005
1900.000	122.753	55.398	0.000	154.008
1902.000	122.889	55.596	0.000	149.448
1904.000	122.858	54.664	0.000	146.730
1906.000	122.713	53.167	0.000	138.672
1908.000	122.899	53.374	0.000	137.065
1910.000	122.867	51.995	0.000	144.484
1912.000	122.719	50.987	0.000	140.518
1914.000	122.870	51.685	0.000	147.382
1916.000	122.868	51.270	0.000	151.841
1918.000	122.748	51.588	0.000	151.639
1920.000	122.813	52.392	0.000	151.266
1922.000	122.905	53.477	0.000	153.327
1924.000	122.747	53.134	0.000	152.084
1926.000	122.791	54.770	0.000	142.939
1928.000	122.927	55.372	0.000	148.063
1930.000	122.738	54.685	0.000	137.530
1932.000	122.793	55.838	0.000	132.815
1934.000	122.894	55.898	0.000	130.903
1936.000	122.780	55.800	0.000	126.664
1938.000	122.760	56.228	0.000	117.966
1940.000	122.884	57.152	0.000	114.939
1942.000	122.819	56.644	0.000	109.669
1944.000	122.716	56.497	0.000	95.840
1946.000	122.914	57.158	0.000	90.086
1948.000	122.802	55.628	0.000	87.513
1950.000	122.734	54.669	0.000	73.264
1952.000	122.878	54.360	0.000	76.144
1954.000	122.823	52.573	0.000	74.700
1956.000	122.737	51.886	0.000	74.761
1958.000	122.835	51.764	0.000	75.437
1960.000	122.874	51.913	0.000	82.720
1962.000	122.700	50.987	0.000	79.841
1964.000	122.859	52.501	0.000	80.005
1966.000	122.856	51.861	0.000	85.196
1968.000	122.722	51.752	0.000	78.210
1970.000	122.822	52.530	0.000	79.849
1972.000	122.870	52.562	0.000	80.859
1974.000	122.725	52.520	0.000	77.686
1976.000	122.807	53.396	0.000	74.272
1978.000	122.869	53.949	0.000	75.438
1980.000	122.746	53.545	0.000	71.912
1982.000	122.770	54.730	0.000	64.140
1984.000	122.911	55.307	0.000	67.210
1986.000	122.711	54.610	0.000	57.813
1988.000	122.799	55.823	0.000	51.054
1990.000	122.863	55.529	0.000	49.814
1992.000	122.754	55.085	0.000	41.144
1994.000	122.758	55.009	0.000	35.649
1996.000	122.877	55.330	0.000	32.275
1998.000	122.766	54.432	0.000	32.727
2000.000	122.729	54.584	0.000	21.253
2002.000	122.911	55.157	0.000	27.022
2004.000	122.733	53.748	0.000	21.055
2006.000	122.760	54.462	0.000	16.860
2008.000	122.864	54.464	0.000	16.444
2010.000	122.771	54.234	0.000	14.206
2012.000	122.733	54.420	0.000	6.560
2014.000	122.867	55.146	0.000	5.435
2016.000	122.785	54.646	0.000	2.118
2018.000	122.704	54.707	0.000	-8.547
2020.000	122.897	55.831	0.000	-11.132
2022.000	122.757	54.656	0.000	-14.687
2024.000	122.734	55.029	0.000	-28.995
2026.000	122.860	54.882	0.000	-29.193
2028.000	122.776	53.993	0.000	-38.659
2030.000	122.724	53.516	0.000	-46.121
2032.000	122.848	53.523	0.000	-54.665
2034.000	122.800	52.549	0.000	-56.352
2036.000	122.694	51.098	0.000	-71.531
2038.000	122.883	51.106	0.000	-74.315
2040.000	122.762	48.465	0.000	-77.703
2042.000	122.724	46.735	0.000	-88.177
2044.000	122.850	44.751	0.000	-83.478
2046.000	122.778	41.837	0.000	-74.585
2048.000	122.720	40.729	0.000	-55.353
2050.000	122.834	42.761	0.000	-38.127
2052.000	122.801	44.181	0.000	-32.202
2054.000	122.689	45.812	0.000	-41.917
2056.000	122.871	47.818	0.000	-46.642
2058.000	122.765	47.511	0.000	-52.483
2060.000	122.718	48.024	0.000	-71.213
2062.000	122.841	48.394	0.000	-75.765
2064.000	122.775	47.164	0.000	-88.819
2066.000	122.716	46.492	0.000	-101.132
2068.000	122.824	45.657	0.000	-114.212
2070.000	122.803	44.274	0.000	-118.350
2072.000	122.680	41.391	0.000	-135.707
2074.000	122.870	40.607	0.000	-139.616
2076.000	122.755	36.810	0.000	-140.627
2078.000	122.719	34.431	0.000	-147.680
2080.000	122.832	32.489	0.000	-143.626
2082.000	122.772	30.570	0.000	-143.550
2084.000	122.708	29.093	0.000	-155.230
2086.000	122.831	28.768	0.000	-172.726
2088.000	122.781	27.977	0.000	163.775
2090.000	122.684	29.046	0.000	120.140
2092.000	122.868	31.822	0.000	96.869
2094.000	122.738	32.183	0.000	74.816
2096.000	122.722	33.941	0.000	47.448
2098.000	122.835	33.941	0.000	38.602
2100.000	122.747	32.644	0.000	21.499
2102.000	122.715	30.461	0.000	10.004
2104.000	122.837	26.541	0.000	4.903
2106.000	122.748	23.391	0.000	80.396
2108.000	122.707	30.695	0.000	120.649
2110.000	122.858	35.143	0.000	125.325
2112.000	122.713	37.654	0.000	111.606
2114.000	122.735	40.762	0.000	103.183
2116.000	122.834	42.286	0.000	97.108
2118.000	122.720	43.414	0.000	89.084
2120.000	122.733	44.694	0.000	77.828
2122.000	122.832	45.894	0.000	75.299
2124.000	122.718	45.549	0.000	69.329
2126.000	122.733	46.458	0.000	60.764
2128.000	122.843	47.142	0.000	63.297
2130.000	122.690	46.446	0.000	58.825
2132.000	122.761	47.880	0.000	56.913
2134.000	122.814	47.787	0.000	61.006
2136.000	122.709	48.393	0.000	59.512
2138.000	122.739	49.248	0.000	58.972
2140.000	122.839	50.834	0.000	62.705
2142.000	122.675	50.889	0.000	60.049
2144.000	122.782	53.101	0.000	56.121
2146.000	122.806	53.337	0.000	58.930
2148.000	122.682	54.047	0.000	49.994
2150.000	122.784	55.391	0.000	49.654
2152.000	122.794	55.794	0.000	48.350
2154.000	122.686	56.427	0.000	43.928
2156.000	122.781	57.856	0.000	41.641
2158.000	122.802	58.638	0.000	43.201
2160.000	122.662	59.367	0.000	35.839
2162.000	122.823	61.477	0.000	34.060
2164.000	122.759	61.764	0.000	32.592
2166.000	122.687	63.303	0.000	20.348
2168.000	122.821	64.614	0.000	19.253
2170.000	122.739	64.934	0.000	9.735
2172.000	122.703	65.861	0.000	1.613
2174.000	122.812	66.982	0.000	-6.391
2176.000	122.740	67.077	0.000	-9.192
2178.000	122.699	67.806	0.000	-24.103
2180.000	122.830	68.828	0.000	-23.454
2182.000	122.703	68.254	0.000	-33.870
2184.000	122.729	69.462	0.000	-41.710
2186.000	122.807	69.768	0.000	-46.733
2188.000	122.708	69.863	0.000	-54.974
2190.000	122.722	70.563	0.000	-66.302
2192.000	122.822	71.046	0.000	-70.233
2194.000	122.680	70.415	0.000	-80.555
2196.000	122.749	71.118	0.000	-91.693
2198.000	122.813	71.150	0.000	-92.790
2200.000	122.656	70.349	0.000	-106.013
2202.000	122.795	71.218	0.000	-109.586
2204.000	122.762	70.309	0.000	-115.328
2206.000	122.687	70.218	0.000	-122.514
2208.000	122.774	70.477	0.000	-130.325
2210.000	122.781	70.292	0.000	-130.817
2212.000	122.659	69.584	0.000	-143.218
2214.000	122.815	70.318	0.000	-145.013
2216.000	122.727	69.092	0.000	-149.107
2218.000	122.689	69.361	0.000	-158.714
2220.000	122.812	69.162	0.000	-159.435
2222.000	122.706	68.534	0.000	-165.687
2224.000	122.706	68.319	0.000	-171.774
2226.000	122.810	68.513	0.000	-173.425
2228.000	122.689	67.452	0.000	-176.838
2230.000	122.726	67.667	0.000	177.088
2232.000	122.805	67.635	0.000	179.117
2234.000	122.665	66.919	0.000	173.317
2236.000	122.768	67.844	0.000	171.606
2238.000	122.760	67.248	0.000	170.362
2240.000	122.689	67.527	0.000	165.497
2242.000	122.751	67.813	0.000	160.415
2244.000	122.778	68.199	0.000	160.227
2246.000	122.656	67.758	0.000	149.833
2248.000	122.799	68.814	0.000	147.599
2250.000	122.727	67.784	0.000	142.514
2252.000	122.685	68.125	0.000	131.969
2254.000	122.795	67.926	0.000	128.679
2256.000	122.709	67.125	0.000	121.965
2258.000	122.694	66.666	0.000	113.763
2260.000	122.807	66.386	0.000	112.450
2262.000	122.676	64.973	0.000	109.115
2264.000	122.725	64.835	0.000	104.471
2266.000	122.802	64.566	0.000	109.367
2268.000	122.647	63.632	0.000	104.373
2270.000	122.783	64.347	0.000	107.257
2272.000	122.739	63.673	0.000	107.046
2274.000	122.680	63.924	0.000	105.104
2276.000	122.773	64.570	0.000	102.865
2278.000	122.737	64.623	0.000	104.050
2280.000	122.672	64.803	0.000	95.413
2282.000	122.797	65.910	0.000	95.461
2284.000	122.697	65.299	0.000	89.551
2286.000	122.709	66.119	0.000	81.353
2288.000	122.777	65.900	0.000	76.982
2290.000	122.692	65.583	0.000	70.037
2292.000	122.713	65.406	0.000	60.368
2294.000	122.788	65.257	0.000	58.685
2296.000	122.657	63.917	0.000	51.096
2298.000	122.757	63.988	0.000	45.244
2300.000	122.759	63.285	0.000	46.987
2302.000	122.658	62.323	0.000	38.416
2304.000	122.783	62.402	0.000	41.131
2306.000	122.716	61.233	0.000	38.992
2308.000	122.680	60.871	0.000	38.303
2310.000	122.786	61.204	0.000	38.373
2312.000	122.692	60.501	0.000	41.448
2314.000	122.705	61.132	0.000	36.048
2316.000	122.785	61.343	0.000	40.905
2318.000	122.665	61.135	0.000	33.628
2320.000	122.739	61.923	0.000	31.949
2322.000	122.758	61.779	0.000	28.650
2324.000	122.665	61.680	0.000	22.163
2326.000	122.757	62.069	0.000	17.324
2328.000	122.744	61.652	0.000	15.509
2330.000	122.651	61.258	0.000	7.035
2332.000	122.807	61.775	0.000	6.142
2334.000	122.676	60.665	0.000	2.439
2336.000	122.712	61.040	0.000	-3.623
2338.000	122.771	60.541	0.000	-3.295
2340.000	122.671	60.110	0.000	-8.802
2342.000	122.728	60.063	0.000	-12.370
2344.000	122.766	60.078	0.000	-12.814
2346.000	122.647	59.239	0.000	-18.655
2348.000	122.782	60.041	0.000	-20.427
2350.000	122.707	58.795	0.000	-20.813
2352.000	122.683	58.978	0.000	-26.911
2354.000	122.772	58.698	0.000	-25.679
2356.000	122.691	58.264	0.000	-28.094
2358.000	122.697	58.478	0.000	-32.047
2360.000	122.779	58.630	0.000	-30.672
2362.000	122.657	58.148	0.000	-35.167
2364.000	122.743	58.954	0.000	-39.328
2366.000	122.749	58.784	0.000	-38.341
2368.000	122.652	58.853	0.000	-48.552
2370.000	122.782	59.291	0.000	-48.171
2372.000	122.696	58.696	0.000	-55.929
2374.000	122.683	58.662	0.000	-61.563
2376.000	122.787	58.804	0.000	-66.501
2378.000	122.660	57.745	0.000	-69.880
2380.000	122.735	57.840	0.000	-77.845
2382.000	122.749	57.114	0.000	-75.613
2384.000	122.660	56.412	0.000	-82.467
2386.000	122.759	56.597	0.000	-81.772
2388.000	122.716	56.137	0.000	-83.851
2390.000	122.677	56.093	0.000	-87.698
2392.000	122.765	56.645	0.000	-90.649
2394.000	122.696	56.149	0.000	-93.526
2396.000	122.690	56.338	0.000	-102.874
2398.000	122.781	56.384	0.000	-104.196
2400.000	122.645	55.404	0.000	-113.060
2402.000	122.755	55.846	0.000	-117.949
2404.000	122.728	54.783	0.000	-121.358
2406.000	122.662	54.290	0.000	-127.493
2408.000	122.773	54.176	0.000	-132.722
2410.000	122.693	53.399	0.000	-133.041
2412.000	122.690	52.954	0.000	-143.698
2414.000	122.773	52.683	0.000	-141.778
2416.000	122.659	51.324	0.000	-150.073
2418.000	122.739	51.173	0.000	-152.981
2420.000	122.735	50.202	0.000	-155.433
2422.000	122.667	49.262	0.000	-159.892
2424.000	122.755	48.981	0.000	-162.436
2426.000	122.714	47.949	0.000	-162.692
2428.000	122.665	47.175	0.000	-168.389
2430.000	122.796	47.123	0.000	-166.746
2432.000	122.649	45.654	0.000	-169.771
2434.000	122.740	45.772	0.000	-171.678
2436.000	122.742	44.638	0.000	-171.183
2438.000	122.655	43.902	0.000	-173.794
2440.000	122.768	43.734	0.000	-175.524
2442.000	122.701	42.859	0.000	-173.114
2444.000	122.681	42.346	0.000	-178.581
2446.000	122.776	42.280	0.000	-174.338
2448.000	122.658	41.090	0.000	-178.680
2450.000	122.736	41.159	0.000	-177.808
2452.000	122.734	40.255	0.000	-177.996
2454.000	122.668	39.742	0.000	-179.550
2456.000	122.752	39.648	0.000	-179.551
2458.000	122.711	38.853	0.000	-178.721
2460.000	122.673	38.453	0.000	178.495
2462.000	122.782	38.390	0.000	-179.699
2464.000	122.653	37.399	0.000	178.588
2466.000	122.742	37.578	0.000	178.754
2468.000	122.726	36.668	0.000	179.049
2470.000	122.671	36.347	0.000	178.540
2472.000	122.755	36.243	0.000	177.301
2474.000	122.698	35.602	0.000	179.829
2476.000	122.699	35.389	0.000	175.325
2478.000	122.757	35.138	0.000	-179.877
2480.000	122.669	34.349	0.000	176.844
2482.000	122.734	34.477	0.000	178.872
2484.000	122.729	33.875	0.000	179.108
2486.000	122.670	33.505	0.000	177.045
2488.000	122.761	33.675	0.000	177.890
2490.000	122.689	32.857	0.000	179.034
2492.000	122.703	32.835	0.000	176.745
2494.000	122.761	32.681	0.000	-179.665
2496.000	122.654	32.039	0.000	176.519
2498.000	122.759	32.292	0.000	179.240
2500.000	122.704	31.532	0.000	178.300
2502.000	122.685	31.490	0.000	177.175
2504.000	122.765	31.679	0.000	178.954
2506.000	122.673	31.075	0.000	179.554
2508.000	122.725	31.377	0.000	176.084
2510.000	122.744	30.717	0.000	-179.663
2512.000	122.662	30.435	0.000	176.884
2514.000	122.761	30.504	0.000	178.768
2516.000	122.699	30.179	0.000	177.038
2518.000	122.688	30.191	0.000	175.035
2520.000	122.775	30.218	0.000	178.900
2522.000	122.649	29.504	0.000	177.240
2524.000	122.759	29.949	0.000	176.857
2526.000	122.706	29.494	0.000	179.036
2528.000	122.699	29.740	0.000	173.789
2530.000	122.748	29.363	0.000	176.411
2532.000	122.693	29.105	0.000	174.245
2534.000	122.713	29.162	0.000	176.081
2536.000	122.750	29.105	0.000	176.219
2538.000	122.664	28.612	0.000	172.113
2540.000	122.765	28.982	0.000	173.507
2542.000	122.692	28.208	0.000	171.524
2544.000	122.704	28.548	0.000	169.638
2546.000	122.756	28.352	0.000	171.092
2548.000	122.664	28.126	0.000	169.921
2550.000	122.751	28.291	0.000	167.787
2552.000	122.715	27.890	0.000	171.071
2554.000	122.683	27.641	0.000	166.303
2556.000	122.771	27.613	0.000	168.021
2558.000	122.669	27.102	0.000	165.204
2560.000	122.737	27.801	0.000	164.820
2562.000	122.731	27.212	0.000	165.665
2564.000	122.675	27.139	0.000	161.278
2566.000	122.764	27.092	0.000	161.625
2568.000	122.687	26.479	0.000	164.593
2570.000	122.718	26.809	0.000	161.168
2572.000	122.753	26.596	0.000	163.019
2574.000	122.665	26.522	0.000	158.795
2576.000	122.764	26.403	0.000	158.523
2578.000	122.695	25.862	0.000	157.854
2580.000	122.707	25.811	0.000	154.024
2582.000	122.756	25.770	0.000	156.716
2584.000	122.672	25.291	0.000	152.522
2586.000	122.755	25.954	0.000	153.695
2588.000	122.711	24.990	0.000	155.724
2590.000	122.696	25.281	0.000	151.905
2592.000	122.763	25.051	0.000	154.888
2594.000	122.675	24.598	0.000	148.854
2596.000	122.744	24.710	0.000	145.369
2598.000	122.729	24.764	0.000	148.689
2600.000	122.687	24.511	0.000	144.904
2602.000	122.765	24.761	0.000	146.028
2604.000	122.682	24.278	0.000	144.044
2606.000	122.739	24.272	0.000	143.350
2608.000	122.731	24.090	0.000	143.415
2610.000	122.685	23.633	0.000	142.692
2612.000	122.763	23.657	0.000	143.051
2614.000	122.697	22.994	0.000	143.181
2616.000	122.715	23.324	0.000	141.335
2618.000	122.762	22.863	0.000	144.012
2620.000	122.663	22.405	0.000	139.459
2622.000	122.779	22.958	0.000	140.158
2624.000	122.688	22.157	0.000	136.896
2626.000	122.723	22.017	0.000	136.355
2628.000	122.755	22.029	0.000	138.835
2630.000	122.675	21.930	0.000	134.192
2632.000	122.765	22.021	0.000	136.539
2634.000	122.707	20.930	0.000	139.176
2636.000	122.708	21.717	0.000	135.832
2638.000	122.765	21.283	0.000	135.046
2640.000	122.669	20.850	0.000	133.031
2642.000	122.769	20.603	0.000	130.878
2644.000	122.703	19.833	0.000	130.473
2646.000	122.716	20.313	0.000	126.712
2648.000	122.763	19.879	0.000	131.910
2650.000	122.681	19.768	0.000	133.674
2652.000	122.756	19.857	0.000	136.007
2654.000	122.718	19.253	0.000	134.237
2656.000	122.703	19.138	0.000	130.466
2658.000	122.771	19.561	0.000	131.226
2660.000	122.671	18.733	0.000	129.987
2662.000	122.772	18.835	0.000	130.861
2664.000	122.708	18.452	0.000	129.643
2666.000	122.714	18.917	0.000	123.451
2668.000	122.759	18.739	0.000	132.685
2670.000	122.688	18.184	0.000	134.631
2672.000	122.753	17.835	0.000	130.585
2674.000	122.724	17.649	0.000	130.585
2676.000	122.706	17.767	0.000	126.494
2678.000	122.772	17.404	0.000	135.724
2680.000	122.674	17.179	0.000	132.681
2682.000	122.772	17.649	0.000	132.239
2684.000	122.717	16.411	0.000	130.215
2686.000	122.705	16.776	0.000	128.430
2688.000	122.786	16.837	0.000	135.382
2690.000	122.667	16.766	0.000	131.768
2692.000	122.782	17.326	0.000	132.271
2694.000	122.699	15.607	0.000	131.981
2696.000	122.736	16.192	0.000	131.526
2698.000	122.745	16.262	0.000	134.298
2700.000	122.704	16.590	0.000	130.794
2702.000	122.752	17.052	0.000	132.321
2704.000	122.726	16.270	0.000	131.094
2706.000	122.713	16.661	0.000	129.613
2708.000	122.775	17.019	0.000	135.158
2710.000	122.677	16.023	0.000	133.834
2712.000	122.782	16.587	0.000	142.037
2714.000	122.701	15.953	0.000	141.306
2716.000	122.738	16.711	0.000	138.954
2718.000	122.752	16.459	0.000	134.521
2720.000	122.694	16.488	0.000	129.546
2722.000	122.776	17.084	0.000	134.878
2724.000	122.709	15.923	0.000	137.666
2726.000	122.731	16.141	0.000	134.437
2728.000	122.764	16.538	0.000	132.390
2730.000	122.685	16.814	0.000	130.779
2732.000	122.787	17.027	0.000	133.006
2734.000	122.687	17.246	0.000	129.390
2736.000	122.768	17.463	0.000	130.844
2738.000	122.726	16.974	0.000	137.606
2740.000	122.722	17.021	0.000	136.702
2742.000	122.760	16.777	0.000	136.138
2744.000	122.707	16.724	0.000	135.160
2746.000	122.753	16.868	0.000	135.289
2748.000	122.737	16.220	0.000	135.780
2750.000	122.715	16.190	0.000	130.683
2752.000	122.774	16.500	0.000	133.125
2754.000	122.696	16.777	0.000	129.209
2756.000	122.766	17.100	0.000	132.506
2758.000	122.727	16.740	0.000	130.401
2760.000	122.720	16.499	0.000	133.139
2762.000	122.779	17.349	0.000	136.855
2764.000	122.687	17.759	0.000	132.543
2766.000	122.788	17.369	0.000	127.350
2768.000	122.698	17.620	0.000	124.010
2770.000	122.763	18.207	0.000	123.374
2772.000	122.738	17.640	0.000	126.604
2774.000	122.717	17.708	0.000	121.071
2776.000	122.778	18.400	0.000	121.427
2778.000	122.705	17.514	0.000	119.081
2780.000	122.758	17.521	0.000	121.653
2782.000	122.746	17.062	0.000	122.449
2784.000	122.712	17.967	0.000	120.547
2786.000	122.782	17.678	0.000	122.224
2788.000	122.690	16.920	0.000	119.162
2790.000	122.781	18.005	0.000	116.570
2792.000	122.718	18.111	0.000	120.140
2794.000	122.746	18.324	0.000	110.440
2796.000	122.753	17.709	0.000	111.545
2798.000	122.725	17.085	0.000	105.750
2800.000	122.759	17.353	0.000	110.305
2802.000	122.734	17.595	0.000	106.112
2804.000	122.733	17.709	0.000	103.334
2806.000	122.767	17.606	0.000	100.955
2808.000	122.702	17.745	0.000	100.396
2810.000	122.795	18.652	0.000	104.517
2812.000	122.695	18.193	0.000	98.648
2814.000	122.772	18.231	0.000	98.832
2816.000	122.736	17.207	0.000	97.202
2818.000	122.727	16.946	0.000	95.564
2820.000	122.780	17.110	0.000	96.355
2822.000	122.695	17.857	0.000	91.972
2824.000	122.793	17.606	0.000	90.853
2826.000	122.704	17.040	0.000	90.864
2828.000	122.774	17.071	0.000	92.826
2830.000	122.733	16.956	0.000	93.903
2832.000	122.739	17.229	0.000	88.297
2834.000	122.768	17.039	0.000	84.692
2836.000	122.723	16.694	0.000	83.175
2838.000	122.761	17.617	0.000	80.796
2840.000	122.746	16.837	0.000	82.642
2842.000	122.730	17.110	0.000	78.386
2844.000	122.777	16.924	0.000	73.451
2846.000	122.704	16.565	0.000	77.149
2848.000	122.786	16.082	0.000	78.702
2850.000	122.720	16.326	0.000	77.480
2852.000	122.758	15.926	0.000	78.269
2854.000	122.757	15.071	0.000	75.573
2856.000	122.723	15.263	0.000	65.574
2858.000	122.783	14.692	0.000	70.210
2860.000	122.708	15.672	0.000	66.652
2862.000	122.783	16.228	0.000	64.327
2864.000	122.720	15.077	0.000	62.239
2866.000	122.768	15.055	0.000	59.743
2868.000	122.748	15.582	0.000	62.021
2870.000	122.737	15.190	0.000	59.883
2872.000	122.768	15.216	0.000	60.647
2874.000	122.728	15.238	0.000	51.071
2876.000	122.765	15.125	0.000	53.903
2878.000	122.748	14.945	0.000	54.650
2880.000	122.736	14.450	0.000	53.095
2882.000	122.774	12.753	0.000	53.847
2884.000	122.727	13.990	0.000	54.561
2886.000	122.767	15.025	0.000	51.417
2888.000	122.747	13.793	0.000	48.808
2890.000	122.737	12.953	0.000	43.124
2892.000	122.784	12.737	0.000	46.430
2894.000	122.712	14.040	0.000	53.609
2896.000	122.800	13.892	0.000	52.636
2898.000	122.699	13.272	0.000	50.918
2900.000	122.798	12.895	0.000	46.389
2902.000	122.722	13.467	0.000	50.831
2904.000	122.765	13.707	0.000	50.353
2906.000	122.762	13.608	0.000	51.748
2908.000	122.720	12.865	0.000	48.561
2910.000	122.803	13.365	0.000	52.871
2912.000	122.700	12.907	0.000	45.797
2914.000	122.804	11.761	0.000	54.377
2916.000	122.714	12.022	0.000	62.788
2918.000	122.772	12.826	0.000	61.542
2920.000	122.756	12.396	0.000	65.089
2922.000	122.738	12.617	0.000	56.757
2924.000	122.780	12.849	0.000	67.920
2926.000	122.722	13.065	0.000	81.770
2928.000	122.785	13.744	0.000	83.540
2930.000	122.730	14.144	0.000	73.822
2932.000	122.770	14.657	0.000	67.646
2934.000	122.749	14.992	0.000	73.414
2936.000	122.748	15.452	0.000	69.753
2938.000	122.775	16.029	0.000	73.764
2940.000	122.735	16.857	0.000	68.804
2942.000	122.773	16.817	0.000	62.370
2944.000	122.741	16.857	0.000	54.003
2946.000	122.758	17.229	0.000	51.262
2948.000	122.766	18.141	0.000	51.534
2950.000	122.740	18.387	0.000	47.107
2952.000	122.777	18.196	0.000	48.348
2954.000	122.735	18.071	0.000	40.952
2956.000	122.769	18.405	0.000	42.093
2958.000	122.754	18.376	0.000	39.331
2960.000	122.748	18.822	0.000	38.295
2962.000	122.774	18.992	0.000	41.741
2964.000	122.730	19.377	0.000	35.066
2966.000	122.787	19.690	0.000	36.932
2968.000	122.733	20.375	0.000	34.623
2970.000	122.779	21.174	0.000	38.540
2972.000	122.744	21.899	0.000	37.836
2974.000	122.760	23.288	0.000	36.284
2976.000	122.766	23.936	0.000	29.070
2978.000	122.744	24.931	0.000	24.321
2980.000	122.780	25.378	0.000	20.304
2982.000	122.727	26.321	0.000	12.791
2984.000	122.783	27.116	0.000	6.103
2986.000	122.740	27.541	0.000	-1.310
2988.000	122.766	28.452	0.000	-9.771
2990.000	122.763	28.550	0.000	-15.766
2992.000	122.741	29.517	0.000	-24.766
2994.000	122.780	29.632	0.000	-32.150
2996.000	122.737	30.206	0.000	-42.088
2998.000	122.779	30.148	0.000	-48.446
3000.000	122.743	30.314	0.000	-57.623
3002.000	122.764	30.559	0.000	-65.395
3004.000	122.760	30.554	0.000	-72.414
3006.000	122.756	30.591	0.000	-81.463
3008.000	122.771	30.173	0.000	-89.420
3010.000	122.741	30.178	0.000	-97.929
3012.000	122.776	29.728	0.000	-104.520
3014.000	122.741	29.281	0.000	-112.153
3016.000	122.774	28.886	0.000	-119.824
3018.000	122.756	28.300	0.000	-127.882
3020.000	122.752	28.011	0.000	-135.125
3022.000	122.778	27.210	0.000	-141.434
3024.000	122.735	26.517	0.000	-150.539
3026.000	122.795	25.363	0.000	-157.194
3028.000	122.724	23.907	0.000	-166.355
3030.000	122.795	22.246	0.000	-174.853
3032.000	122.731	19.207	0.000	175.227
3034.000	122.775	16.357	0.000	160.778
3036.000	122.757	13.143	0.000	98.765
3038.000	122.758	15.287	0.000	-4.874
3040.000	122.768	20.099	0.000	-22.377
3042.000	122.745	23.724	0.000	-32.367
3044.000	122.773	25.947	0.000	-43.209
3046.000	122.749	28.294	0.000	-54.841
3048.000	122.777	30.145	0.000	-63.457
3050.000	122.746	31.323	0.000	-75.137
3052.000	122.771	32.911	0.000	-82.963
3054.000	122.750	33.587	0.000	-92.622
3056.000	122.768	34.772	0.000	-104.160
3058.000	122.760	35.220	0.000	-111.042
3060.000	122.767	36.115	0.000	-124.022
3062.000	122.758	36.327	0.000	-129.900
3064.000	122.755	36.781	0.000	-141.777
3066.000	122.770	36.963	0.000	-149.093
3068.000	122.746	37.091	0.000	-159.037
3070.000	122.782	37.275	0.000	-168.489
3072.000	122.737	37.068	0.000	-176.366
3074.000	122.782	37.304	0.000	173.090
3076.000	122.740	36.960	0.000	166.825
3078.000	122.777	37.059	0.000	156.910
3080.000	122.763	36.477	0.000	150.269
3082.000	122.744	36.214	0.000	140.562
3084.000	122.791	35.816	0.000	133.430
3086.000	122.717	35.064	0.000	125.512
3088.000	122.806	34.821	0.000	118.528
3090.000	122.728	33.692	0.000	110.702
3092.000	122.781	33.302	0.000	104.214
3094.000	122.760	31.944	0.000	98.229
3096.000	122.738	31.146	0.000	91.730
3098.000	122.793	29.868	0.000	87.434
3100.000	122.724	28.671	0.000	82.067
3102.000	122.797	27.423	0.000	79.534
3104.000	122.742	25.379	0.000	77.931
3106.000	122.760	24.056	0.000	77.094
3108.000	122.778	21.577	0.000	80.292
3110.000	122.731	19.487	0.000	81.597
3112.000	122.800	16.987	0.000	94.348
3114.000	122.736	16.032	0.000	122.818
3116.000	122.777	17.518	0.000	159.123
3118.000	122.751	20.621	0.000	170.945
3120.000	122.761	22.646	0.000	175.485
3122.000	122.761	24.837	0.000	171.534
3124.000	122.770	26.517	0.000	168.761
3126.000	122.743	27.526	0.000	164.208
3128.000	122.792	29.078	0.000	158.206
3130.000	122.721	29.795	0.000	152.750
3132.000	122.795	30.777	0.000	144.822
3134.000	122.742	31.058	0.000	140.542
3136.000	122.760	31.369	0.000	132.973
3138.000	122.791	31.903	0.000	128.467
3140.000	122.706	31.885	0.000	120.651
3142.000	122.825	32.385	0.000	117.970
3144.000	122.697	31.754	0.000	109.922
3146.000	122.811	31.897	0.000	106.987
3148.000	122.736	31.172	0.000	101.855
3150.000	122.762	31.244	0.000	98.628
3152.000	122.779	31.029	0.000	96.786
3154.000	122.727	30.952	0.000	94.065
3156.000	122.789	30.828	0.000	92.960
3158.000	122.748	31.096	0.000	89.551
3160.000	122.761	30.804	0.000	88.995
3162.000	122.775	31.095	0.000	83.864
3164.000	122.743	31.044	0.000	81.674
3166.000	122.771	30.890	0.000	78.398
3168.000	122.761	30.747	0.000	74.716
3170.000	122.746	30.255	0.000	71.608
3172.000	122.792	30.489	0.000	68.593
3174.000	122.728	29.654	0.000	66.740
3176.000	122.779	29.623	0.000	63.928
3178.000	122.754	28.817	0.000	63.074
3180.000	122.739	28.763	0.000	62.286
3182.000	122.800	28.420	0.000	63.315
3184.000	122.718	28.122	0.000	66.068
3186.000	122.797	28.041	0.000	66.441
3188.000	122.735	27.707	0.000	67.485
3190.000	122.760	28.153	0.000	67.029
3192.000	122.770	28.374	0.000	69.796
3194.000	122.747	28.853	0.000	68.171
3196.000	122.773	28.859	0.000	68.296
3198.000	122.759	29.075	0.000	67.498
3200.000	122.749	29.150	0.000	66.186
3202.000	122.766	29.527	0.000	63.329
3204.000	122.755	29.805	0.000	62.351
3206.000	122.740	30.043	0.000	57.001
3208.000	122.805	30.151	0.000	57.736
3210.000	122.702	30.123	0.000	54.218
3212.000	122.819	30.512	0.000	54.227
3214.000	122.709	30.318	0.000	50.244
3216.000	122.779	30.565	0.000	48.122
3218.000	122.764	30.344	0.000	46.644
3220.000	122.732	30.696	0.000	43.346
3222.000	122.800	30.498	0.000	44.141
3224.000	122.730	30.712	0.000	40.631
3226.000	122.768	30.579	0.000	40.841
3228.000	122.758	30.519	0.000	35.485
3230.000	122.745	30.354	0.000	34.931
3232.000	122.761	30.462	0.000	29.871
3234.000	122.777	30.300	0.000	29.976
3236.000	122.724	30.194	0.000	27.063
3238.000	122.801	29.923	0.000	26.453
3240.000	122.717	29.720	0.000	25.719
3242.000	122.768	29.379	0.000	25.592
3244.000	122.771	29.294	0.000	24.112
3246.000	122.725	29.317	0.000	22.810
3248.000	122.804	29.138	0.000	25.457
3250.000	122.722	29.233	0.000	24.954
3252.000	122.771	29.173	0.000	24.898
3254.000	122.759	29.514	0.000	24.079
3256.000	122.738	29.478	0.000	26.742
3258.000	122.760	30.020	0.000	24.993
3260.000	122.776	30.094	0.000	25.631
3262.000	122.717	30.416	0.000	24.192
3264.000	122.812	31.008	0.000	22.129
3266.000	122.701	30.958	0.000	22.784
3268.000	122.784	31.789	0.000	19.405
3270.000	122.743	31.442	0.000	18.808
3272.000	122.742	32.190	0.000	14.717
3274.000	122.776	31.972	0.000	12.055
3276.000	122.745	32.316	0.000	8.488
3278.000	122.754	32.643	0.000	6.344
3280.000	122.761	32.647	0.000	1.808
3282.000	122.745	32.665	0.000	1.614
3284.000	122.739	32.736	0.000	-4.802
3286.000	122.779	32.569	0.000	-6.506
3288.000	122.723	32.742	0.000	-11.482
3290.000	122.778	32.168	0.000	-13.294
3292.000	122.752	32.039	0.000	-15.892
3294.000	122.738	31.852	0.000	-18.528
3296.000	122.770	31.508	0.000	-21.316
3298.000	122.741	31.441	0.000	-21.066
3300.000	122.731	30.576	0.000	-23.446
3302.000	122.795	30.710	0.000	-22.158
3304.000	122.706	30.198	0.000	-22.869
3306.000	122.787	30.375	0.000	-21.386
3308.000	122.750	30.151	0.000	-20.883
3310.000	122.719	30.415	0.000	-20.660
3312.000	122.791	30.542	0.000	-20.985
3314.000	122.712	30.723	0.000	-20.909
3316.000	122.763	31.102	0.000	-21.499
3318.000	122.754	30.897	0.000	-22.441
3320.000	122.754	31.511	0.000	-23.309
3322.000	122.734	31.143	0.000	-27.269
3324.000	122.794	31.838	0.000	-27.169
3326.000	122.684	31.504	0.000	-30.341
3328.000	122.802	31.670	0.000	-30.921
3330.000	122.712	31.466	0.000	-33.509
3332.000	122.752	31.633	0.000	-35.490
3334.000	122.765	31.450	0.000	-37.537
3336.000	122.748	31.484	0.000	-38.903
3338.000	122.730	31.149	0.000	-40.078
3340.000	122.784	31.254	0.000	-41.208
3342.000	122.704	30.758	0.000	-41.598
3344.000	122.761	31.084	0.000	-43.384
3346.000	122.757	30.764	0.000	-43.034
3348.000	122.715	31.105	0.000	-44.623
3350.000	122.787	30.762	0.000	-42.033
3352.000	122.728	30.888	0.000	-42.447
3354.000	122.751	30.733	0.000	-40.801
3356.000	122.743	30.823	0.000	-41.971
3358.000	122.753	30.860	0.000	-38.089
3360.000	122.710	31.096	0.000	-39.338
3362.000	122.780	31.405	0.000	-37.573
3364.000	122.723	31.928	0.000	-36.973
3366.000	122.745	32.171	0.000	-38.304
3368.000	122.769	32.368	0.000	-34.882
3370.000	122.734	33.117	0.000	-37.637
3372.000	122.728	33.185	0.000	-36.408
3374.000	122.787	34.088	0.000	-36.621
3376.000	122.678	34.245	0.000	-38.088
3378.000	122.779	35.131	0.000	-37.790
3380.000	122.743	35.746	0.000	-40.474
3382.000	122.712	36.228	0.000	-42.633
3384.000	122.781	36.927	0.000	-43.741
3386.000	122.741	37.572	0.000	-48.471
3388.000	122.710	37.891	0.000	-50.373
3390.000	122.783	38.802	0.000	-55.160
3392.000	122.715	38.900	0.000	-57.866
3394.000	122.712	39.526	0.000	-64.071
3396.000	122.793	39.903	0.000	-66.376
3398.000	122.690	40.377	0.000	-73.860
3400.000	122.766	40.460	0.000	-75.244
3402.000	122.759	40.901	0.000	-82.994
3404.000	122.718	40.764	0.000	-86.247
3406.000	122.735	41.086	0.000	-91.979
3408.000	122.772	41.235	0.000	-95.922
3410.000	122.678	41.149	0.000	-100.671
3412.000	122.768	41.546	0.000	-104.801
3414.000	122.741	41.430	0.000	-109.652
3416.000	122.710	41.569	0.000	-113.583
3418.000	122.761	41.669	0.000	-117.785
3420.000	122.764	41.792	0.000	-123.462
3422.000	122.686	41.597	0.000	-126.680
3424.000	122.788	41.941	0.000	-132.407
3426.000	122.709	41.639	0.000	-137.100
3428.000	122.716	41.682	0.000	-141.599
3430.000	122.754	41.616	0.000	-147.419
3432.000	122.727	41.227	0.000	-152.451
3434.000	122.712	41.206	0.000	-155.589
3436.000	122.771	40.953	0.000	-162.159
3438.000	122.732	40.478	0.000	-163.296
3440.000	122.710	40.630	0.000	-169.666
3442.000	122.767	39.816	0.000	-171.910
3444.000	122.724	40.042	0.000	-175.501
3446.000	122.690	39.316	0.000	-178.692
3448.000	122.783	39.471	0.000	178.288
3450.000	122.705	38.826	0.000	176.042
3452.000	122.700	38.694	0.000	173.033
3454.000	122.798	38.531	0.000	171.219
3456.000	122.688	38.206	0.000	167.480
3458.000	122.739	38.210	0.000	167.511
3460.000	122.760	38.080	0.000	163.043
3462.000	122.719	38.001	0.000	162.118
3464.000	122.690	37.876	0.000	158.275
3466.000	122.799	37.964	0.000	155.181
3468.000	122.649	37.607	0.000	151.868
3470.000	122.755	37.913	0.000	148.415
3472.000	122.744	37.461	0.000	144.225
3474.000	122.710	37.415	0.000	140.703
3476.000	122.726	37.212	0.000	136.830
3478.000	122.773	37.006	0.000	131.813
3480.000	122.688	36.469	0.000	130.088
3482.000	122.736	36.553	0.000	124.674
3484.000	122.734	35.564	0.000	120.472
3486.000	122.720	35.581	0.000	118.946
3488.000	122.678	34.902	0.000	113.265
3490.000	122.781	34.474	0.000	114.270
3492.000	122.684	33.896	0.000	109.444
3494.000	122.724	33.290	0.000	108.814
3496.000	122.760	32.840	0.000	106.053
3498.000	122.717	32.355	0.000	105.726
3500.000	122.706	31.654	0.000	103.859
3502.000	122.761	31.197	0.000	103.511
3504.000	122.704	30.416	0.000	104.342
3506.000	122.697	30.316	0.000	104.613
3508.000	122.737	29.474	0.000	106.470
3510.000	122.726	29.347	0.000	111.737
3512.000	122.671	29.036	0.000	113.201
3514.000	122.760	29.448	0.000	118.770
3516.000	122.728	29.929	0.000	123.153
3518.000	122.677	30.323	0.000	122.008
3520.000	122.772	31.428	0.000	126.960
3522.000	122.732	32.374	0.000	121.672
3524.000	122.676	32.815	0.000	121.215
3526.000	122.748	33.730	0.000	117.150
3528.000	122.734	34.299	0.000	113.173
3530.000	122.654	34.696	0.000	106.127
3532.000	122.739	35.156	0.000	102.730
3534.000	122.742	35.891	0.000	95.827
3536.000	122.650	35.905	0.000	90.349
3538.000	122.755	36.458	0.000	86.189
3540.000	122.746	36.409	0.000	78.012
3542.000	122.671	36.372	0.000	72.751
3544.000	122.746	36.712	0.000	66.656
3546.000	122.738	36.717	0.000	58.475
3548.000	122.698	36.434	0.000	52.741
3550.000	122.693	36.688	0.000	44.581
3552.000	122.745	36.048	0.000	37.501
3554.000	122.693	35.940	0.000	31.681
3556.000	122.670	35.637	0.000	24.155
3558.000	122.744	35.106	0.000	18.159
3560.000	122.721	34.748	0.000	13.377
3562.000	122.647	33.899	0.000	5.213
3564.000	122.772	33.597	0.000	2.440
3566.000	122.720	33.011	0.000	-6.610
3568.000	122.678	32.116	0.000	-6.901
3570.000	122.733	31.928	0.000	-14.507
3572.000	122.756	30.886	0.000	-17.286
3574.000	122.651	30.105	0.000	-22.561
3576.000	122.713	29.201	0.000	-24.765
3578.000	122.751	28.473	0.000	-27.314
3580.000	122.657	27.871	0.000	-28.156
3582.000	122.672	27.296	0.000	-28.299
3584.000	122.778	27.081	0.000	-26.952
3586.000	122.652	26.425	0.000	-27.454
3588.000	122.689	26.148	0.000	-26.903
3590.000	122.747	26.331	0.000	-28.769
3592.000	122.724	26.483	0.000	-31.013
3594.000	122.652	26.408	0.000	-30.843
3596.000	122.763	26.662	0.000	-36.166
3598.000	122.729	26.087	0.000	-38.333
3600.000	122.650	25.731	0.000	-42.051
3602.000	122.721	25.440	0.000	-43.620
3604.000	122.746	25.060	0.000	-45.738
3606.000	122.632	24.045	0.000	-48.414
3608.000	122.701	23.729	0.000	-46.081
3610.000	122.734	23.964	0.000	-46.989
3612.000	122.657	23.573	0.000	-39.601
3614.000	122.689	24.914	0.000	-36.376
3616.000	122.712	25.026	0.000	-35.375
3618.000	122.726	26.456	0.000	-33.294
3620.000	122.668	27.254	0.000	-38.879
3622.000	122.705	27.817	0.000	-45.286
3624.000	122.766	28.439	0.000	-49.050
3626.000	122.657	29.274	0.000	-58.407
3628.000	122.695	29.298	0.000	-65.084
3630.000	122.747	29.924	0.000	-71.367
3632.000	122.689	29.874	0.000	-77.662
3634.000	122.634	29.666	0.000	-84.789
3636.000	122.742	29.974	0.000	-90.239
3638.000	122.694	29.493	0.000	-98.497
3640.000	122.633	29.396	0.000	-100.716
3642.000	122.692	29.158	0.000	-108.876
3644.000	122.742	28.963	0.000	-110.063
3646.000	122.636	28.691	0.000	-118.140
3648.000	122.678	28.128	0.000	-118.280
3650.000	122.755	28.434	0.000	-122.384
3652.000	122.678	28.252	0.000	-125.203
3654.000	122.672	28.380	0.000	-127.842
3656.000	122.728	28.601	0.000	-133.782
3658.000	122.729	28.641	0.000	-138.137
3660.000	122.666	28.828	0.000	-144.773
3662.000	122.672	28.683	0.000	-149.250
3664.000	122.756	29.003	0.000	-156.569
3666.000	122.667	28.425	0.000	-162.472
3668.000	122.626	27.878	0.000	-169.076
3670.000	122.739	27.692	0.000	-174.769
3672.000	122.677	27.026	0.000	178.587
3674.000	122.635	26.122	0.000	173.689
3676.000	122.665	25.629	0.000	167.801
3678.000	122.738	24.915	0.000	162.057
3680.000	122.639	23.840	0.000	160.262
3682.000	122.659	23.365	0.000	158.333
3684.000	122.703	21.441	0.000	156.661
3686.000	122.751	21.315	0.000	159.251
3688.000	122.599	20.698	0.000	161.973
3690.000	122.724	19.448	0.000	171.494
3692.000	122.756	18.855	0.000	169.964
3694.000	122.659	19.089	0.000	171.641
3696.000	122.643	19.260	0.000	175.382
3698.000	122.771	19.927	0.000	176.141
3700.000	122.683	20.194	0.000	175.693
3702.000	122.635	20.631	0.000	179.181
3704.000	122.678	20.656	0.000	176.507
3706.000	122.757	20.891	0.000	171.779
3708.000	122.593	20.523	0.000	174.444
3710.000	122.660	21.648	0.000	173.024
3712.000	122.700	21.742	0.000	171.364
3714.000	122.675	21.250	0.000	173.894
3716.000	122.610	21.359	0.000	175.251
3718.000	122.679	21.965	0.000	171.456
3720.000	122.688	21.681	0.000	166.626
3722.000	122.675	22.378	0.000	167.263
3724.000	122.627	23.246	0.000	162.398
3726.000	122.687	23.090	0.000	160.406
3728.000	122.745	23.263	0.000	160.630
3730.000	122.632	22.970	0.000	154.208
3732.000	122.656	23.304	0.000	153.573
3734.000	122.761	23.726	0.000	147.879
3736.000	122.687	23.452	0.000	145.639
3738.000	122.636	23.021	0.000	141.975
3740.000	122.701	23.117	0.000	138.312
3742.000	122.730	22.817	0.000	134.414
3744.000	122.676	22.256	0.000	133.460
3746.000	122.603	22.009	0.000	127.441
3748.000	122.741	22.123	0.000	127.954
3750.000	122.690	22.204	0.000	127.306
3752.000	122.620	21.970	0.000	127.328
3754.000	122.619	20.912	0.000	126.982
3756.000	122.739	21.715	0.000	130.314
3758.000	122.630	21.521	0.000	128.559
3760.000	122.606	21.912	0.000	131.926
3762.000	122.642	22.269	0.000	125.228
3764.000	122.712	22.352	0.000	125.807
3766.000	122.612	22.241	0.000	122.209
3768.000	122.602	22.614	0.000	120.048
3770.000	122.672	22.696	0.000	116.189
3772.000	122.718	22.844	0.000	114.964
3774.000	122.582	22.624	0.000	112.099
3776.000	122.656	23.096	0.000	107.666
3778.000	122.681	23.273	0.000	101.890
3780.000	122.717	23.795	0.000	101.623
3782.000	122.617	23.414	0.000	94.996
3784.000	122.635	23.361	0.000	89.959
3786.000	122.757	23.396	0.000	83.930
3788.000	122.706	23.626	0.000	82.050
3790.000	122.583	23.131	0.000	74.391
3792.000	122.703	22.375	0.000	72.710
3794.000	122.776	22.411	0.000	69.887
3796.000	122.642	21.948	0.000	62.382
3798.000	122.612	21.543	0.000	61.185
3800.000	122.739	21.629	0.000	55.001
3802.000	122.724	20.184	0.000	51.862
3804.000	122.629	20.028	0.000	54.386
3806.000	122.623	19.939	0.000	47.861
3808.000	122.715	19.304	0.000	45.307
3810.000	122.717	18.802	0.000	45.901
3812.000	122.577	18.217	0.000	43.158
3814.000	122.633	17.582	0.000	39.626
3816.000	122.703	16.761	0.000	36.256
3818.000	122.656	16.262	0.000	34.000
3820.000	122.596	16.731	0.000	33.480
3822.000	122.587	16.089	0.000	33.399
3824.000	122.695	14.499	0.000	34.393
3826.000	122.648	13.161	0.000	30.414
3828.000	122.557	14.448	0.000	34.092
3830.000	122.584	13.381	0.000	32.466
3832.000	122.696	12.404	0.000	41.009
3834.000	122.618	11.907	0.000	38.164
3836.000	122.551	11.626	0.000	66.890
3838.000	122.581	10.750	0.000	84.545
3840.000	122.695	11.531	0.000	96.311
3842.000	122.616	11.626	0.000	116.645
3844.000	122.557	12.333	0.000	105.035
3846.000	122.557	12.788	0.000	114.122
3848.000	122.749	15.165	0.000	120.843
3850.000	122.607	15.886	0.000	111.701
3852.000	122.525	16.522	0.000	111.808
3854.000	122.638	17.812	0.000	111.840
3856.000	122.718	19.292	0.000	105.363
3858.000	122.609	19.874	0.000	94.576
3860.000	122.576	20.039	0.000	89.933
3862.000	122.628	21.429	0.000	79.551
3864.000	122.730	21.904	0.000	74.184
3866.000	122.647	22.253	0.000	68.724
3868.000	122.582	22.928	0.000	60.845
3870.000	122.643	22.750	0.000	51.054
3872.000	122.740	22.492	0.000	46.030
3874.000	122.690	22.308	0.000	34.606
3876.000	122.586	21.678	0.000	28.652
3878.000	122.658	21.742	0.000	24.492
3880.000	122.749	21.268	0.000	17.789
3882.000	122.734	21.157	0.000	11.810
3884.000	122.597	20.394	0.000	4.845
3886.000	122.638	19.939	0.000	2.431
3888.000	122.819	20.081	0.000	-1.871
3890.000	122.727	19.562	0.000	-8.768
3892.000	122.599	18.341	0.000	-14.781
3894.000	122.695	17.950	0.000	-17.921
3896.000	122.783	17.433	0.000	-24.839
3898.000	122.744	16.744	0.000	-25.511
3900.000	122.667	15.834	0.000	-22.672
3902.000	122.655	16.121	0.000	-29.425
3904.000	122.790	15.784	0.000	-37.772
3906.000	122.782	14.973	0.000	-38.206
3908.000	122.686	14.263	0.000	-43.957
3910.000	122.651	13.157	0.000	-57.275
3912.000	122.790	12.473	0.000	-59.452
3914.000	122.798	12.415	0.000	-65.539
3916.000	122.702	10.885	0.000	-70.897
3918.000	122.696	10.167	0.000	-85.677
3920.000	122.730	10.630	0.000	-83.926
3922.000	122.814	9.787	0.000	-92.405
3924.000	122.779	10.021	0.000	-135.280
3926.000	122.671	8.839	0.000	-124.770
3928.000	122.704	9.127	0.000	108.674
3930.000	122.852	9.460	0.000	112.476
3932.000	122.783	8.796	0.000	83.301
3934.000	122.721	10.007	0.000	68.141
3936.000	122.665	11.040	0.000	70.849
3938.000	122.841	10.366	0.000	52.649
3940.000	122.846	9.964	0.000	50.013
3942.000	122.730	10.971	0.000	43.334
3944.000	122.668	11.178	0.000	28.961
3946.000	122.824	10.426	0.000	50.800
3948.000	122.867	10.354	0.000	56.433
3950.000	122.761	10.312	0.000	61.511
3952.000	122.707	10.489	0.000	70.381
3954.000	122.791	11.556	0.000	65.913
3956.000	122.838	11.394	0.000	63.491
3958.000	122.840	12.748	0.000	73.562
3960.000	122.777	14.120	0.000	77.185
3962.000	122.697	14.885	0.000	75.882
3964.000	122.866	15.981	0.000	65.748
3966.000	122.901	16.703	0.000	57.500
3968.000	122.792	18.286	0.000	50.325
3970.000	122.731	19.158	0.000	44.086
3972.000	122.820	20.081	0.000	32.685
3974.000	122.909	21.115	0.000	24.416
3976.000	122.887	21.343	0.000	17.263
3978.000	122.756	21.251	0.000	10.514
3980.000	122.779	21.863	0.000	-0.466
3982.000	122.903	21.795	0.000	-10.919
3984.000	122.943	22.449	0.000	-15.240
3986.000	122.823	22.035	0.000	-25.707
3988.000	122.767	21.585	0.000	-30.233
3990.000	122.872	21.643	0.000	-38.586
3992.000	122.943	21.438	0.000	-47.546
3994.000	122.910	21.259	0.000	-51.751
3996.000	122.826	21.305	0.000	-56.645
3998.000	122.780	21.098	0.000	-63.933
4000.000	122.945	21.137	0.000	-65.007
