1000.000	122.547	28.483	0.000	-168.536
2.000	122.503	28.660	0.000	178.883
4.000	122.477	28.638	0.000	167.868
6.000	122.474	27.854	0.000	156.671
8.000	122.496	26.762	0.000	145.186
10.000	122.531	25.393	0.000	134.306
12.000	122.556	24.312	0.000	120.000
14.000	122.563	24.081	0.000	108.363
16.000	122.553	24.052	0.000	89.780
18.000	122.531	23.923	0.000	74.829
20.000	122.516	23.055	0.000	61.343
22.000	122.520	22.189	0.000	47.943
24.000	122.536	20.400	0.000	33.662
26.000	122.559	18.589	0.000	22.406
28.000	122.570	17.469	0.000	3.249
30.000	122.559	15.821	0.000	-8.930
32.000	122.533	14.283	0.000	-15.358
34.000	122.506	13.323	0.000	-51.349
36.000	122.497	13.489	0.000	-48.230
38.000	122.521	13.047	0.000	-58.271
40.000	122.568	12.475	0.000	-111.725
42.000	122.614	13.591	0.000	-92.301
44.000	122.634	13.362	0.000	-100.737
46.000	122.609	12.984	0.000	-11.839
48.000	122.547	13.230	0.000	-25.362
50.000	122.480	12.635	0.000	92.951
52.000	122.445	11.727	0.000	-59.432
54.000	122.472	13.885	0.000	-144.462
56.000	122.555	13.761	0.000	-128.786
58.000	122.651	12.130	0.000	-9.435
60.000	122.711	12.785	0.000	-19.370
62.000	122.698	13.590	0.000	-74.451
64.000	122.607	13.832	0.000	-159.370
66.000	122.484	12.410	0.000	-144.076
68.000	122.394	12.317	0.000	-123.545
70.000	122.397	13.829	0.000	-99.177
72.000	122.505	13.713	0.000	-104.676
74.000	122.659	13.343	0.000	38.779
76.000	122.778	12.818	0.000	-20.185
78.000	122.796	12.326	0.000	-169.175
80.000	122.692	12.973	0.000	103.065
82.000	122.514	13.979	0.000	-116.168
84.000	122.357	13.663	0.000	-160.556
86.000	122.322	12.812	0.000	-179.806
88.000	122.445	11.621	0.000	132.980
90.000	122.656	12.889	0.000	-163.829
92.000	122.834	13.492	0.000	-153.710
94.000	122.885	13.168	0.000	-137.367
96.000	122.770	14.116	0.000	5.325
98.000	122.543	13.036	0.000	-179.306
100.000	122.327	13.305	0.000	-172.192
102.000	122.261	12.761	0.000	-124.687
104.000	122.404	13.323	0.000	153.306
106.000	122.667	14.003	0.000	78.878
108.000	122.889	12.743	0.000	-90.397
110.000	122.953	13.253	0.000	-110.952
112.000	122.816	13.700	0.000	-119.005
114.000	122.544	13.114	0.000	-135.917
116.000	122.292	11.809	0.000	-133.259
118.000	122.230	12.727	0.000	-133.808
120.000	122.411	13.035	0.000	-154.232
122.000	122.712	13.267	0.000	-151.032
124.000	122.945	13.721	0.000	-144.885
126.000	122.985	13.113	0.000	-146.774
128.000	122.807	12.962	0.000	-128.415
130.000	122.503	12.587	0.000	-112.577
132.000	122.262	12.486	0.000	-169.895
134.000	122.250	13.174	0.000	174.888
136.000	122.481	12.418	0.000	146.699
138.000	122.787	12.984	0.000	175.628
140.000	122.978	14.172	0.000	157.711
142.000	122.956	13.356	0.000	175.017
144.000	122.734	12.004	0.000	150.800
146.000	122.443	11.331	0.000	150.171
148.000	122.276	11.439	0.000	99.268
150.000	122.347	11.404	0.000	84.764
152.000	122.597	12.746	0.000	116.240
154.000	122.847	12.787	0.000	106.259
156.000	122.947	12.536	0.000	65.256
158.000	122.857	12.632	0.000	50.240
160.000	122.637	11.615	0.000	61.245
162.000	122.430	11.750	0.000	-6.056
164.000	122.374	12.948	0.000	-49.926
166.000	122.491	14.014	0.000	-38.113
168.000	122.685	14.250	0.000	-38.344
170.000	122.825	13.459	0.000	-29.517
172.000	122.841	13.314	0.000	-61.776
174.000	122.748	12.068	0.000	-89.277
176.000	122.612	12.746	0.000	-67.752
178.000	122.520	13.305	0.000	-45.093
180.000	122.515	13.615	0.000	-77.247
182.000	122.576	13.204	0.000	-79.100
184.000	122.660	13.329	0.000	12.170
186.000	122.726	12.982	0.000	-131.940
188.000	122.758	12.266	0.000	-103.824
190.000	122.754	12.968	0.000	-115.074
192.000	122.709	14.320	0.000	-129.765
194.000	122.632	13.793	0.000	-147.968
196.000	122.548	12.651	0.000	-141.815
198.000	122.511	12.589	0.000	-146.597
200.000	122.569	13.081	0.000	-156.163
202.000	122.705	12.189	0.000	-159.108
204.000	122.841	13.169	0.000	-139.991
206.000	122.880	14.021	0.000	-147.495
208.000	122.773	13.735	0.000	-161.889
210.000	122.571	13.367	0.000	155.329
212.000	122.411	12.662	0.000	-178.790
214.000	122.435	11.710	0.000	-153.253
216.000	122.646	11.311	0.000	-144.789
218.000	122.890	11.998	0.000	-133.596
220.000	122.994	11.722	0.000	-179.452
222.000	122.875	12.424	0.000	172.374
224.000	122.601	12.322	0.000	-178.079
226.000	122.368	12.697	0.000	172.676
228.000	122.373	11.822	0.000	173.264
230.000	122.621	12.226	0.000	159.192
232.000	122.908	12.532	0.000	148.466
234.000	123.026	13.080	0.000	110.103
236.000	122.901	12.274	0.000	117.569
238.000	122.620	12.330	0.000	145.282
240.000	122.395	12.102	0.000	-134.142
242.000	122.409	12.433	0.000	64.210
244.000	122.635	13.760	0.000	91.468
246.000	122.878	13.780	0.000	-76.916
248.000	122.965	13.404	0.000	-66.461
250.000	122.861	12.794	0.000	165.846
252.000	122.656	11.998	0.000	-89.871
254.000	122.506	12.397	0.000	-51.723
256.000	122.513	11.510	0.000	-65.386
258.000	122.638	11.996	0.000	-173.226
260.000	122.775	12.954	0.000	-134.497
262.000	122.843	11.915	0.000	-95.037
264.000	122.828	12.337	0.000	-118.075
266.000	122.760	13.397	0.000	-105.207
268.000	122.671	12.648	0.000	-90.066
270.000	122.597	11.663	0.000	-108.893
272.000	122.570	12.291	0.000	-94.353
274.000	122.626	12.766	0.000	-101.997
276.000	122.757	11.905	0.000	-125.165
278.000	122.886	12.918	0.000	-149.420
280.000	122.912	13.316	0.000	-141.835
282.000	122.785	13.202	0.000	-144.165
284.000	122.573	13.402	0.000	-161.997
286.000	122.449	13.199	0.000	-176.050
288.000	122.546	12.749	0.000	173.935
290.000	122.803	13.824	0.000	178.997
292.000	123.006	15.185	0.000	170.347
294.000	122.990	14.507	0.000	166.955
296.000	122.753	13.469	0.000	158.910
298.000	122.476	14.095	0.000	147.788
300.000	122.412	12.701	0.000	137.864
302.000	122.624	13.750	0.000	130.917
304.000	122.910	15.033	0.000	134.165
306.000	123.033	13.884	0.000	133.871
308.000	122.912	13.744	0.000	130.874
310.000	122.657	13.653	0.000	122.747
312.000	122.484	13.923	0.000	119.647
314.000	122.533	13.900	0.000	119.349
316.000	122.729	12.693	0.000	99.709
318.000	122.893	12.690	0.000	99.408
320.000	122.921	13.338	0.000	103.143
322.000	122.828	14.691	0.000	108.647
324.000	122.702	13.530	0.000	101.272
326.000	122.619	13.903	0.000	95.731
328.000	122.609	13.586	0.000	79.896
330.000	122.671	12.249	0.000	63.066
332.000	122.783	10.705	0.000	49.951
334.000	122.895	12.474	0.000	67.735
336.000	122.921	12.923	0.000	67.898
338.000	122.813	13.090	0.000	96.259
340.000	122.619	11.893	0.000	71.692
342.000	122.502	12.415	0.000	38.866
344.000	122.605	13.424	0.000	26.340
346.000	122.857	12.150	0.000	3.233
348.000	123.036	11.736	0.000	-11.117
350.000	122.977	11.542	0.000	-27.761
352.000	122.712	11.480	0.000	1.551
354.000	122.474	13.761	0.000	-17.633
356.000	122.503	13.328	0.000	20.872
358.000	122.770	11.218	0.000	121.713
360.000	123.007	11.448	0.000	-123.719
362.000	123.017	11.298	0.000	-9.404
364.000	122.814	10.315	0.000	71.872
366.000	122.588	12.417	0.000	-10.359
368.000	122.542	12.831	0.000	17.104
370.000	122.683	11.562	0.000	111.504
372.000	122.856	12.776	0.000	71.870
374.000	122.931	13.274	0.000	-1.788
376.000	122.893	12.462	0.000	-30.065
378.000	122.790	12.232	0.000	101.269
380.000	122.681	11.955	0.000	66.086
382.000	122.618	11.692	0.000	13.308
384.000	122.654	11.226	0.000	10.401
386.000	122.799	11.117	0.000	-29.161
388.000	122.957	12.702	0.000	-18.054
390.000	122.985	12.116	0.000	-55.317
392.000	122.820	11.452	0.000	-83.481
394.000	122.580	11.320	0.000	-33.447
396.000	122.511	11.989	0.000	37.005
398.000	122.715	11.805	0.000	68.026
400.000	122.992	11.015	0.000	-117.540
402.000	123.071	10.793	0.000	-151.009
404.000	122.881	11.959	0.000	173.450
406.000	122.599	12.591	0.000	163.866
408.000	122.513	12.137	0.000	154.631
410.000	122.697	11.203	0.000	152.849
412.000	122.935	12.112	0.000	169.670
414.000	123.010	12.328	0.000	154.691
416.000	122.896	12.762	0.000	-174.059
418.000	122.726	12.621	0.000	-171.617
420.000	122.637	11.696	0.000	113.314
422.000	122.668	11.671	0.000	105.469
424.000	122.771	12.288	0.000	122.732
426.000	122.892	12.182	0.000	92.549
428.000	122.965	12.838	0.000	68.378
430.000	122.917	12.652	0.000	79.173
432.000	122.744	13.148	0.000	87.684
434.000	122.577	13.060	0.000	102.375
436.000	122.616	12.755	0.000	146.473
438.000	122.861	11.280	0.000	-11.498
440.000	123.068	11.380	0.000	123.470
442.000	123.019	10.644	0.000	135.140
444.000	122.744	11.459	0.000	137.078
446.000	122.526	11.273	0.000	117.477
448.000	122.612	12.185	0.000	76.371
450.000	122.889	12.473	0.000	54.994
452.000	123.053	12.761	0.000	109.508
454.000	122.973	13.453	0.000	139.802
456.000	122.763	12.908	0.000	59.711
458.000	122.636	12.063	0.000	36.186
460.000	122.677	10.993	0.000	25.383
462.000	122.802	10.362	0.000	39.596
464.000	122.914	11.928	0.000	-65.839
466.000	122.965	12.128	0.000	-61.960
468.000	122.919	11.917	0.000	39.745
470.000	122.766	10.974	0.000	15.839
472.000	122.615	11.121	0.000	-6.924
474.000	122.649	12.683	0.000	-21.765
476.000	122.887	12.253	0.000	-27.053
478.000	123.085	11.942	0.000	-24.592
480.000	123.017	11.080	0.000	-17.579
482.000	122.727	11.648	0.000	24.675
484.000	122.533	12.039	0.000	131.974
486.000	122.676	10.921	0.000	-109.598
488.000	122.967	11.123	0.000	-98.615
490.000	123.079	11.640	0.000	-158.133
492.000	122.932	10.862	0.000	-177.036
494.000	122.716	11.350	0.000	86.641
496.000	122.651	11.839	0.000	37.898
498.000	122.746	12.085	0.000	-79.195
500.000	122.872	11.380	0.000	-106.519
502.000	122.954	12.267	0.000	-80.016
504.000	122.970	11.354	0.000	99.406
506.000	122.880	11.667	0.000	-141.766
508.000	122.704	13.047	0.000	-158.205
510.000	122.614	12.171	0.000	-124.387
512.000	122.776	10.949	0.000	-84.336
514.000	123.045	11.299	0.000	-84.165
516.000	123.105	12.321	0.000	-155.489
518.000	122.859	11.908	0.000	-122.588
520.000	122.574	12.485	0.000	-115.256
522.000	122.616	12.676	0.000	-156.478
524.000	122.916	11.658	0.000	-123.596
526.000	123.094	10.784	0.000	-130.843
528.000	122.986	11.400	0.000	-174.226
530.000	122.767	11.748	0.000	-137.810
532.000	122.681	11.601	0.000	-34.357
534.000	122.754	12.060	0.000	147.473
536.000	122.858	12.131	0.000	20.857
538.000	122.943	11.873	0.000	157.866
540.000	122.995	10.986	0.000	130.910
542.000	122.930	11.477	0.000	118.146
544.000	122.730	12.040	0.000	90.084
546.000	122.608	11.507	0.000	98.588
548.000	122.787	10.754	0.000	-171.145
550.000	123.085	11.514	0.000	170.300
552.000	123.125	11.880	0.000	48.261
554.000	122.832	12.024	0.000	58.086
556.000	122.564	10.213	0.000	52.894
558.000	122.682	11.194	0.000	92.260
560.000	122.990	11.854	0.000	153.413
562.000	123.091	12.632	0.000	82.477
564.000	122.933	11.400	0.000	121.896
566.000	122.759	10.295	0.000	-19.157
568.000	122.737	11.637	0.000	-9.668
570.000	122.793	11.537	0.000	16.955
572.000	122.863	11.554	0.000	-10.686
574.000	122.975	11.862	0.000	-45.551
576.000	123.039	11.968	0.000	-0.503
578.000	122.898	11.811	0.000	53.043
580.000	122.643	11.331	0.000	177.290
582.000	122.642	11.542	0.000	-82.662
584.000	122.965	11.916	0.000	-14.586
586.000	123.183	10.675	0.000	94.891
588.000	123.004	10.417	0.000	49.709
590.000	122.656	10.823	0.000	-0.752
592.000	122.617	10.863	0.000	-25.757
594.000	122.897	11.202	0.000	-52.738
596.000	123.074	11.054	0.000	-66.717
598.000	122.994	11.417	0.000	26.219
600.000	122.845	11.618	0.000	45.008
602.000	122.787	12.560	0.000	26.283
604.000	122.774	12.080	0.000	-25.193
606.000	122.805	11.416	0.000	-53.531
608.000	122.957	11.123	0.000	-80.200
610.000	123.094	10.768	0.000	-142.532
612.000	122.972	12.372	0.000	-84.752
614.000	122.668	12.302	0.000	-72.120
616.000	122.621	11.827	0.000	-124.041
618.000	122.951	11.570	0.000	-40.256
620.000	123.186	11.852	0.000	-52.909
622.000	123.022	11.673	0.000	-62.180
624.000	122.699	11.558	0.000	-22.620
626.000	122.664	12.153	0.000	-39.454
628.000	122.891	12.128	0.000	-93.493
630.000	123.031	11.688	0.000	-103.299
632.000	122.996	11.103	0.000	-72.566
634.000	122.912	12.049	0.000	-54.129
636.000	122.822	11.210	0.000	-58.309
638.000	122.737	11.519	0.000	-92.227
640.000	122.801	11.907	0.000	-77.248
642.000	123.028	11.832	0.000	-132.849
644.000	123.129	11.874	0.000	-81.590
646.000	122.910	11.835	0.000	-96.115
648.000	122.632	11.313	0.000	-139.107
650.000	122.716	11.943	0.000	-116.804
652.000	123.038	12.015	0.000	-77.858
654.000	123.143	11.148	0.000	-66.007
656.000	122.941	11.069	0.000	-142.421
658.000	122.726	10.527	0.000	-154.040
660.000	122.743	11.029	0.000	-150.606
662.000	122.900	11.628	0.000	-149.444
664.000	123.024	12.200	0.000	-81.845
666.000	123.038	12.017	0.000	-69.904
668.000	122.918	12.239	0.000	-126.026
670.000	122.743	11.488	0.000	-146.768
672.000	122.733	11.862	0.000	-132.691
674.000	122.950	12.446	0.000	-106.713
676.000	123.122	11.681	0.000	-90.304
678.000	123.021	11.720	0.000	-84.426
680.000	122.768	11.759	0.000	-70.984
682.000	122.693	11.538	0.000	-118.157
684.000	122.882	12.111	0.000	-135.146
686.000	123.080	11.338	0.000	-148.814
688.000	123.074	10.620	0.000	-158.470
690.000	122.879	11.150	0.000	-115.857
692.000	122.708	10.298	0.000	-107.421
694.000	122.780	10.634	0.000	-134.432
696.000	123.016	11.216	0.000	-138.663
698.000	123.117	11.527	0.000	-151.149
700.000	122.960	11.071	0.000	-158.248
702.000	122.751	11.372	0.000	175.791
704.000	122.757	12.585	0.000	-144.855
706.000	122.933	12.123	0.000	156.266
708.000	123.059	11.926	0.000	-154.475
710.000	123.036	11.835	0.000	-109.938
712.000	122.887	11.254	0.000	-130.098
714.000	122.732	12.675	0.000	-157.370
716.000	122.782	11.775	0.000	175.735
718.000	123.041	11.603	0.000	-166.370
720.000	123.164	11.378	0.000	169.580
722.000	122.939	10.703	0.000	-161.291
724.000	122.664	11.228	0.000	151.598
726.000	122.776	11.642	0.000	-159.998
728.000	123.072	12.142	0.000	-136.064
730.000	123.110	11.944	0.000	-112.168
732.000	122.916	10.877	0.000	-81.840
734.000	122.797	11.389	0.000	-21.235
736.000	122.824	10.814	0.000	-147.051
738.000	122.897	11.457	0.000	-111.706
740.000	123.022	11.152	0.000	-95.090
742.000	123.097	11.048	0.000	114.633
744.000	122.922	11.359	0.000	145.809
746.000	122.672	11.997	0.000	-119.752
748.000	122.801	12.865	0.000	168.448
750.000	123.148	10.655	0.000	154.159
752.000	123.157	10.761	0.000	-172.106
754.000	122.825	10.444	0.000	-168.447
756.000	122.688	10.316	0.000	-126.104
758.000	122.906	10.320	0.000	-130.968
760.000	123.071	10.709	0.000	-142.249
762.000	123.030	11.273	0.000	-168.110
764.000	122.937	10.967	0.000	-174.669
766.000	122.838	10.949	0.000	168.380
768.000	122.781	12.657	0.000	176.471
770.000	122.929	11.634	0.000	-161.839
772.000	123.142	11.985	0.000	-109.246
774.000	123.064	11.363	0.000	-113.142
776.000	122.757	10.588	0.000	-115.681
778.000	122.715	10.655	0.000	-138.505
780.000	123.005	10.929	0.000	-137.041
782.000	123.157	11.541	0.000	-127.784
784.000	123.000	12.039	0.000	-136.020
786.000	122.790	11.890	0.000	-140.141
788.000	122.782	12.006	0.000	-139.565
790.000	122.946	11.892	0.000	-135.446
792.000	123.094	10.861	0.000	-149.152
794.000	123.055	11.193	0.000	-122.321
796.000	122.851	11.130	0.000	-175.675
798.000	122.753	11.493	0.000	-166.446
800.000	122.912	12.381	0.000	-152.963
802.000	123.095	11.967	0.000	173.746
804.000	123.072	12.629	0.000	-176.657
806.000	122.886	11.665	0.000	-178.044
808.000	122.755	11.137	0.000	172.705
810.000	122.859	12.103	0.000	163.728
812.000	123.099	12.185	0.000	-160.445
814.000	123.139	11.614	0.000	-153.940
816.000	122.872	11.801	0.000	-152.611
818.000	122.698	12.806	0.000	178.278
820.000	122.920	12.466	0.000	170.120
822.000	123.144	12.002	0.000	175.598
824.000	123.046	12.122	0.000	-179.216
826.000	122.854	11.829	0.000	-178.764
828.000	122.827	11.140	0.000	-172.270
830.000	122.892	11.601	0.000	177.387
832.000	123.008	10.939	0.000	-168.072
834.000	123.116	11.767	0.000	-154.460
836.000	122.984	12.437	0.000	-163.552
838.000	122.715	11.607	0.000	-177.161
840.000	122.816	10.742	0.000	-170.533
842.000	123.163	11.305	0.000	163.986
844.000	123.149	12.530	0.000	158.568
846.000	122.819	13.170	0.000	-151.834
848.000	122.749	12.988	0.000	171.988
850.000	122.970	12.116	0.000	144.679
852.000	123.078	12.065	0.000	147.307
854.000	123.032	12.133	0.000	143.238
856.000	122.933	12.373	0.000	170.371
858.000	122.807	11.976	0.000	164.089
860.000	122.849	11.771	0.000	157.811
862.000	123.091	11.688	0.000	153.409
864.000	123.142	13.032	0.000	168.540
866.000	122.879	11.976	0.000	149.971
868.000	122.730	10.402	0.000	157.305
870.000	122.936	11.482	0.000	178.752
872.000	123.137	11.891	0.000	167.979
874.000	123.070	12.248	0.000	150.031
876.000	122.852	11.185	0.000	144.479
878.000	122.773	11.311	0.000	154.236
880.000	122.958	12.156	0.000	162.200
882.000	123.139	11.725	0.000	135.961
884.000	123.041	10.856	0.000	166.396
886.000	122.825	10.686	0.000	173.735
888.000	122.823	10.984	0.000	173.448
890.000	122.981	10.288	0.000	134.081
892.000	123.086	11.046	0.000	95.713
894.000	123.055	10.342	0.000	106.853
896.000	122.867	11.094	0.000	134.113
898.000	122.752	10.905	0.000	114.571
900.000	122.993	10.414	0.000	84.866
902.000	123.215	11.100	0.000	75.799
904.000	122.995	11.124	0.000	116.278
906.000	122.717	10.196	0.000	178.137
908.000	122.887	10.396	0.000	151.542
910.000	123.113	10.808	0.000	110.761
912.000	123.055	11.779	0.000	128.096
914.000	122.935	10.743	0.000	140.532
916.000	122.865	9.960	0.000	143.217
918.000	122.849	12.336	0.000	113.861
920.000	123.033	11.831	0.000	71.175
922.000	123.170	11.294	0.000	62.324
924.000	122.936	10.896	0.000	78.462
926.000	122.714	9.980	0.000	47.675
928.000	122.945	11.106	0.000	12.693
930.000	123.175	10.791	0.000	145.635
932.000	123.045	10.419	0.000	134.965
934.000	122.831	10.346	0.000	121.839
936.000	122.827	10.804	0.000	-178.141
938.000	122.994	10.038	0.000	-144.518
940.000	123.125	10.992	0.000	-142.699
942.000	123.023	10.594	0.000	-164.605
944.000	122.815	10.814	0.000	28.339
946.000	122.847	11.178	0.000	22.062
948.000	123.048	10.318	0.000	148.623
950.000	123.109	9.850	0.000	154.880
952.000	122.983	11.332	0.000	156.411
954.000	122.809	11.985	0.000	-178.871
956.000	122.843	10.542	0.000	-148.655
958.000	123.118	10.578	0.000	-156.265
960.000	123.163	11.041	0.000	-134.836
962.000	122.839	10.842	0.000	140.953
964.000	122.759	11.212	0.000	177.970
966.000	123.052	9.384	0.000	156.516
968.000	123.124	9.855	0.000	-159.879
970.000	122.965	11.432	0.000	-151.335
972.000	122.890	11.238	0.000	-163.225
974.000	122.863	11.259	0.000	-158.089
976.000	122.964	11.502	0.000	170.444
978.000	123.162	11.100	0.000	165.402
980.000	123.030	12.197	0.000	168.738
982.000	122.730	11.393	0.000	-178.973
984.000	122.892	11.583	0.000	-90.813
986.000	123.180	11.070	0.000	176.000
988.000	123.069	9.291	0.000	134.470
990.000	122.841	10.445	0.000	160.549
992.000	122.844	10.968	0.000	141.372
994.000	122.994	10.723	0.000	-165.059
996.000	123.118	10.974	0.000	-170.635
998.000	123.027	11.093	0.000	151.569
1000.000	122.815	12.231	0.000	105.144
1002.000	122.867	11.863	0.000	131.592
1004.000	123.080	11.059	0.000	175.967
1006.000	123.100	11.564	0.000	145.456
1008.000	122.947	11.576	0.000	116.192
1010.000	122.806	11.941	0.000	125.165
1012.000	122.906	11.813	0.000	151.214
1014.000	123.170	10.935	0.000	172.025
1016.000	123.094	10.579	0.000	169.374
1018.000	122.761	11.471	0.000	115.370
1020.000	122.859	10.782	0.000	147.591
1022.000	123.133	10.821	0.000	-163.836
1024.000	123.060	10.694	0.000	173.642
1026.000	122.922	10.034	0.000	160.217
1028.000	122.888	10.437	0.000	123.028
1030.000	122.885	10.477	0.000	148.611
1032.000	123.085	10.510	0.000	127.907
1034.000	123.150	10.245	0.000	161.115
1036.000	122.826	9.763	0.000	-174.068
1038.000	122.781	10.491	0.000	58.408
1040.000	123.119	11.099	0.000	78.966
1042.000	123.136	10.886	0.000	85.668
1044.000	122.900	10.338	0.000	87.767
1046.000	122.835	11.267	0.000	30.950
1048.000	122.945	11.504	0.000	116.128
1050.000	123.108	11.250	0.000	140.115
1052.000	123.073	11.855	0.000	111.391
1054.000	122.836	11.202	0.000	95.460
1056.000	122.854	10.744	0.000	93.098
1058.000	123.067	10.723	0.000	151.253
1060.000	123.094	9.629	0.000	153.752
1062.000	122.970	9.361	0.000	95.824
1064.000	122.818	9.649	0.000	109.227
1066.000	122.896	9.763	0.000	98.755
1068.000	123.184	10.971	0.000	96.031
1070.000	123.080	11.289	0.000	80.610
1072.000	122.745	10.817	0.000	75.516
1074.000	122.913	11.026	0.000	72.617
1076.000	123.138	11.187	0.000	99.891
1078.000	123.020	10.830	0.000	77.539
1080.000	122.936	11.197	0.000	78.896
1082.000	122.878	11.862	0.000	127.456
1084.000	122.908	11.482	0.000	147.544
1086.000	123.158	10.253	0.000	148.652
1088.000	123.070	10.537	0.000	102.989
1090.000	122.747	11.262	0.000	149.454
1092.000	122.915	11.092	0.000	158.558
1094.000	123.160	11.466	0.000	136.198
1096.000	123.042	11.739	0.000	90.323
1098.000	122.868	10.192	0.000	94.151
1100.000	122.853	9.933	0.000	123.952
1102.000	123.034	10.680	0.000	94.905
1104.000	123.144	10.936	0.000	119.975
1106.000	122.927	10.693	0.000	-177.363
1108.000	122.815	11.047	0.000	130.483
1110.000	122.993	11.058	0.000	127.026
1112.000	123.084	10.153	0.000	102.393
1114.000	123.046	8.996	0.000	132.872
1116.000	122.869	10.974	0.000	147.426
1118.000	122.813	11.741	0.000	149.131
1120.000	123.138	11.584	0.000	151.978
1122.000	123.152	11.465	0.000	145.669
1124.000	122.787	11.069	0.000	128.828
1126.000	122.870	10.738	0.000	152.319
1128.000	123.102	11.593	0.000	160.183
1130.000	123.040	11.953	0.000	130.801
1132.000	122.969	12.595	0.000	106.854
1134.000	122.864	11.920	0.000	123.123
1136.000	122.901	11.553	0.000	130.956
1138.000	123.160	11.702	0.000	118.005
1140.000	123.052	11.226	0.000	122.230
1142.000	122.774	11.115	0.000	99.515
1144.000	122.923	11.203	0.000	81.783
1146.000	123.127	11.940	0.000	103.400
1148.000	123.058	11.601	0.000	116.514
1150.000	122.857	10.819	0.000	139.312
1152.000	122.847	11.178	0.000	103.024
1154.000	123.093	10.494	0.000	96.956
1156.000	123.103	9.518	0.000	122.479
1158.000	122.878	10.498	0.000	80.258
1160.000	122.872	11.656	0.000	84.011
1162.000	122.993	10.861	0.000	79.044
1164.000	123.094	10.430	0.000	49.813
1166.000	123.029	10.995	0.000	80.686
1168.000	122.782	11.078	0.000	78.377
1170.000	122.928	11.541	0.000	44.667
1172.000	123.204	11.898	0.000	43.993
1174.000	122.985	10.764	0.000	56.304
1176.000	122.789	11.737	0.000	36.179
1178.000	122.973	11.836	0.000	25.986
1180.000	123.084	11.741	0.000	40.125
1182.000	123.032	11.676	0.000	32.825
1184.000	122.890	11.067	0.000	32.618
1186.000	122.855	11.497	0.000	39.698
1188.000	123.062	11.930	0.000	46.317
1190.000	123.116	12.231	0.000	42.898
1192.000	122.889	11.165	0.000	44.712
1194.000	122.814	11.671	0.000	49.964
1196.000	123.056	12.932	0.000	29.153
1198.000	123.144	11.162	0.000	13.726
1200.000	122.888	9.632	0.000	17.755
1202.000	122.819	11.924	0.000	19.934
1204.000	123.051	11.364	0.000	31.908
1206.000	123.090	11.608	0.000	29.399
1208.000	122.948	11.539	0.000	2.884
1210.000	122.855	10.239	0.000	4.383
1212.000	122.940	10.436	0.000	-1.424
1214.000	123.121	11.534	0.000	-2.826
1216.000	123.025	11.743	0.000	5.812
1218.000	122.797	12.638	0.000	1.050
1220.000	122.928	13.038	0.000	-21.320
1222.000	123.148	12.392	0.000	-41.584
1224.000	123.019	12.574	0.000	-25.338
1226.000	122.796	12.368	0.000	-10.606
1228.000	122.940	11.896	0.000	-20.459
1230.000	123.123	12.527	0.000	-29.188
1232.000	122.996	12.316	0.000	-51.573
1234.000	122.875	11.993	0.000	-27.462
1236.000	122.900	11.529	0.000	-37.693
1238.000	123.037	11.633	0.000	-40.355
1240.000	123.118	11.880	0.000	-18.297
1242.000	122.855	11.759	0.000	-44.255
1244.000	122.818	12.224	0.000	-54.219
1246.000	123.145	11.997	0.000	-43.936
1248.000	123.064	12.069	0.000	-50.518
1250.000	122.833	12.252	0.000	-64.591
1252.000	122.899	11.631	0.000	-65.243
1254.000	123.045	10.288	0.000	-65.073
1256.000	123.083	11.141	0.000	-73.154
1258.000	122.891	11.504	0.000	-56.260
1260.000	122.842	11.173	0.000	-57.718
1262.000	123.057	11.976	0.000	-81.613
1264.000	123.076	11.761	0.000	-83.344
1266.000	122.922	10.734	0.000	-80.252
1268.000	122.818	11.742	0.000	-87.803
1270.000	123.021	11.951	0.000	-88.005
1272.000	123.167	12.024	0.000	-77.277
1274.000	122.845	11.515	0.000	-70.805
1276.000	122.836	12.181	0.000	-88.140
1278.000	123.101	11.233	0.000	-79.421
1280.000	123.021	11.238	0.000	-84.504
1282.000	122.937	11.510	0.000	-84.924
1284.000	122.862	11.557	0.000	-85.378
1286.000	122.960	12.157	0.000	-104.310
1288.000	123.159	11.777	0.000	-98.209
1290.000	122.905	10.903	0.000	-89.199
1292.000	122.796	11.621	0.000	-118.211
1294.000	123.066	12.222	0.000	-167.195
1296.000	123.086	11.619	0.000	-168.342
1298.000	122.901	12.429	0.000	179.745
1300.000	122.829	12.550	0.000	99.700
1302.000	123.039	13.787	0.000	72.830
1304.000	123.097	15.280	0.000	42.967
1306.000	122.879	18.466	0.000	19.023
1308.000	122.873	20.849	0.000	-3.951
1310.000	122.997	23.654	0.000	-28.282
1312.000	123.085	25.503	0.000	-45.693
1314.000	122.948	25.660	0.000	-65.328
1316.000	122.777	26.998	0.000	-99.213
1318.000	123.063	29.536	0.000	-120.917
1320.000	123.123	30.273	0.000	-132.959
1322.000	122.831	29.831	0.000	-158.692
1324.000	122.875	31.771	0.000	167.264
1326.000	123.052	33.246	0.000	150.891
1328.000	123.045	33.302	0.000	128.415
1330.000	122.900	33.747	0.000	100.061
1332.000	122.852	34.184	0.000	75.908
1334.000	123.027	35.085	0.000	48.894
1336.000	123.088	35.795	0.000	33.102
1338.000	122.878	34.788	0.000	16.434
1340.000	122.820	35.224	0.000	-17.524
1342.000	123.097	36.773	0.000	-29.239
1344.000	123.067	35.903	0.000	-38.283
1346.000	122.807	35.216	0.000	-63.678
1348.000	122.915	36.329	0.000	-81.482
1350.000	123.063	36.751	0.000	-93.705
1352.000	123.016	36.707	0.000	-107.871
1354.000	122.865	36.352	0.000	-126.563
1356.000	122.875	36.649	0.000	-149.272
1358.000	123.083	37.368	0.000	-164.812
1360.000	123.025	36.778	0.000	-179.496
1362.000	122.828	35.429	0.000	157.901
1364.000	122.891	34.988	0.000	129.434
1366.000	123.114	34.943	0.000	112.969
1368.000	123.004	32.643	0.000	100.415
1370.000	122.767	29.612	0.000	67.894
1372.000	123.002	28.600	0.000	44.845
1374.000	123.074	25.863	0.000	31.120
1376.000	122.923	21.894	0.000	5.467
1378.000	122.882	19.099	0.000	-15.811
1380.000	122.906	16.454	0.000	-38.345
1382.000	123.119	16.417	0.000	-56.552
1384.000	122.955	15.385	0.000	-71.075
1386.000	122.767	14.265	0.000	-103.920
1388.000	123.053	16.533	0.000	-115.628
1390.000	123.067	16.913	0.000	-117.828
1392.000	122.877	16.870	0.000	-127.392
1394.000	122.845	18.837	0.000	-139.695
1396.000	123.036	21.054	0.000	-149.985
1398.000	123.058	22.338	0.000	-157.310
1400.000	122.842	22.680	0.000	-171.056
1402.000	122.892	24.148	0.000	173.558
1404.000	123.021	25.306	0.000	161.449
1406.000	123.047	25.680	0.000	150.453
1408.000	122.848	25.525	0.000	132.159
1410.000	122.845	26.859	0.000	106.074
1412.000	123.142	28.227	0.000	92.864
1414.000	122.962	27.578	0.000	77.165
1416.000	122.796	27.333	0.000	39.998
1418.000	122.983	28.806	0.000	12.770
1420.000	123.046	28.802	0.000	-11.145
1422.000	122.945	28.843	0.000	-47.088
1424.000	122.831	29.633	0.000	-77.773
1426.000	122.959	30.577	0.000	-111.338
1428.000	123.081	31.806	0.000	-134.300
1430.000	122.910	31.228	0.000	-152.814
1432.000	122.796	31.462	0.000	172.073
1434.000	123.049	33.341	0.000	155.201
1436.000	123.064	32.918	0.000	145.163
1438.000	122.805	32.354	0.000	116.169
1440.000	122.906	33.768	0.000	92.749
1442.000	123.045	34.050	0.000	74.438
1444.000	122.990	33.581	0.000	50.223
1446.000	122.840	32.521	0.000	21.605
1448.000	122.898	32.071	0.000	-13.477
1450.000	123.079	31.745	0.000	-41.534
1452.000	122.955	30.224	0.000	-73.345
1454.000	122.808	28.890	0.000	-120.812
1456.000	122.950	29.566	0.000	-167.351
1458.000	123.111	30.257	0.000	164.960
1460.000	122.860	29.197	0.000	130.229
1462.000	122.826	29.801	0.000	84.888
1464.000	123.071	30.225	0.000	64.914
1466.000	122.969	28.783	0.000	39.271
1468.000	122.891	27.872	0.000	10.994
1470.000	122.853	25.967	0.000	-14.698
1472.000	123.038	24.601	0.000	-46.483
1474.000	123.036	23.094	0.000	-61.718
1476.000	122.762	19.077	0.000	-88.696
1478.000	122.959	15.682	0.000	-108.931
1480.000	123.072	12.171	0.000	-120.404
1482.000	122.901	11.055	0.000	-163.235
1484.000	122.815	11.327	0.000	112.403
1486.000	123.008	11.648	0.000	96.370
1488.000	123.036	11.241	0.000	72.063
1490.000	122.844	11.177	0.000	48.220
1492.000	122.878	11.119	0.000	49.731
1494.000	123.003	10.859	0.000	32.751
1496.000	123.029	11.357	0.000	22.751
1498.000	122.799	11.517	0.000	25.265
1500.000	122.898	11.787	0.000	12.128
1502.000	123.107	11.392	0.000	29.823
1504.000	122.885	11.559	0.000	14.750
1506.000	122.817	11.587	0.000	8.316
1508.000	123.004	11.469	0.000	10.419
1510.000	123.015	10.424	0.000	3.293
1512.000	122.860	10.923	0.000	-9.081
1514.000	122.861	10.388	0.000	0.739
1516.000	123.005	10.952	0.000	-9.800
1518.000	123.024	12.047	0.000	4.050
1520.000	122.785	12.729	0.000	1.192
1522.000	122.913	12.428	0.000	-18.282
1524.000	123.098	11.952	0.000	-17.578
1526.000	122.858	10.975	0.000	-24.762
1528.000	122.841	12.735	0.000	-20.168
1530.000	122.986	12.044	0.000	-15.630
1532.000	123.017	11.899	0.000	-29.415
1534.000	122.838	11.318	0.000	-34.421
1536.000	122.866	10.511	0.000	-38.114
1538.000	123.032	11.248	0.000	-48.194
1540.000	122.962	10.308	0.000	-31.623
1542.000	122.805	9.259	0.000	-37.337
1544.000	122.915	11.723	0.000	-56.315
1546.000	123.101	11.850	0.000	-69.744
1548.000	122.817	9.873	0.000	-68.421
1550.000	122.856	10.179	0.000	-80.521
1552.000	123.027	10.413	0.000	-65.253
1554.000	122.950	10.673	0.000	-64.204
1556.000	122.853	10.267	0.000	-74.099
1558.000	122.862	10.401	0.000	-94.853
1560.000	123.061	11.228	0.000	-93.142
1562.000	122.913	11.537	0.000	-106.960
1564.000	122.784	10.732	0.000	-91.003
1566.000	122.996	10.248	0.000	-86.237
1568.000	123.024	11.264	0.000	-92.842
1570.000	122.796	10.601	0.000	-89.267
1572.000	122.891	10.093	0.000	-104.558
1574.000	123.028	10.306	0.000	-131.571
1576.000	122.917	9.985	0.000	-117.360
1578.000	122.819	10.094	0.000	-104.520
1580.000	122.929	10.323	0.000	-104.120
1582.000	123.039	10.571	0.000	-91.846
1584.000	122.842	9.912	0.000	-57.378
1586.000	122.824	10.909	0.000	-142.048
1588.000	123.039	10.811	0.000	-141.167
1590.000	122.957	7.867	0.000	-148.367
1592.000	122.763	8.289	0.000	-145.548
1594.000	122.978	8.318	0.000	-127.323
1596.000	122.989	9.900	0.000	-138.829
1598.000	122.865	9.578	0.000	-131.677
1600.000	122.838	10.213	0.000	-144.092
1602.000	122.975	10.416	0.000	-157.361
1604.000	123.009	10.053	0.000	-103.030
1606.000	122.753	10.977	0.000	-131.158
1608.000	122.942	10.961	0.000	-144.949
1610.000	123.027	10.058	0.000	-142.210
1612.000	122.842	9.463	0.000	-153.808
1614.000	122.824	9.878	0.000	-179.996
1616.000	123.012	11.156	0.000	-157.504
1618.000	122.940	12.015	0.000	-157.525
1620.000	122.809	11.858	0.000	-173.293
1622.000	122.901	10.779	0.000	-164.643
1624.000	123.012	9.517	0.000	-154.159
1626.000	122.882	9.969	0.000	-174.288
1628.000	122.779	10.363	0.000	-178.683
1630.000	123.033	10.186	0.000	-141.401
1632.000	122.944	11.137	0.000	-117.571
1634.000	122.774	11.275	0.000	-134.897
1636.000	122.936	11.455	0.000	-129.029
1638.000	122.995	10.923	0.000	-124.421
1640.000	122.846	9.721	0.000	-146.535
1642.000	122.835	9.379	0.000	-157.898
1644.000	122.964	9.156	0.000	153.345
1646.000	122.984	10.490	0.000	-137.093
1648.000	122.749	11.089	0.000	177.943
1650.000	122.939	11.062	0.000	159.692
1652.000	123.018	11.182	0.000	132.563
1654.000	122.805	11.240	0.000	133.910
1656.000	122.848	10.557	0.000	179.146
1658.000	122.991	10.445	0.000	-157.257
1660.000	122.920	9.777	0.000	-129.532
1662.000	122.785	9.145	0.000	-175.712
1664.000	122.932	9.952	0.000	-165.188
1666.000	122.981	10.565	0.000	-123.761
1668.000	122.838	10.255	0.000	-71.413
1670.000	122.801	9.980	0.000	103.873
1672.000	123.055	8.825	0.000	100.707
1674.000	122.860	8.841	0.000	100.642
1676.000	122.796	9.834	0.000	45.821
1678.000	122.964	10.776	0.000	137.897
1680.000	122.944	10.215	0.000	177.166
1682.000	122.814	8.423	0.000	-138.091
1684.000	122.854	9.790	0.000	-144.179
1686.000	122.999	9.784	0.000	159.160
1688.000	122.876	10.339	0.000	159.120
1690.000	122.765	10.039	0.000	-82.007
1692.000	123.005	10.252	0.000	-161.618
1694.000	122.927	11.226	0.000	103.007
1696.000	122.769	10.620	0.000	72.685
1698.000	122.923	9.374	0.000	82.142
1700.000	122.962	9.552	0.000	22.040
1702.000	122.836	10.088	0.000	-70.021
1704.000	122.814	8.966	0.000	-119.864
1706.000	122.988	9.903	0.000	-150.999
1708.000	122.895	10.624	0.000	-169.173
1710.000	122.775	10.108	0.000	89.001
1712.000	122.927	9.582	0.000	127.884
1714.000	122.995	9.162	0.000	159.618
1716.000	122.738	10.303	0.000	122.361
1718.000	122.920	10.816	0.000	-137.614
1720.000	122.944	10.361	0.000	-81.043
1722.000	122.861	10.759	0.000	-42.920
1724.000	122.791	9.543	0.000	-52.851
1726.000	122.965	8.593	0.000	-101.386
1728.000	122.927	8.814	0.000	42.336
1730.000	122.753	9.679	0.000	-116.317
1732.000	122.917	9.802	0.000	-177.592
1734.000	122.978	10.199	0.000	165.554
1736.000	122.765	10.532	0.000	-158.337
1738.000	122.869	9.751	0.000	173.231
1740.000	122.964	9.283	0.000	-135.579
1742.000	122.848	10.383	0.000	-142.846
1744.000	122.791	10.174	0.000	-97.449
1746.000	122.944	10.823	0.000	-94.524
1748.000	122.929	10.552	0.000	-73.119
1750.000	122.754	8.815	0.000	-77.281
1752.000	122.896	10.275	0.000	-155.962
1754.000	122.980	10.502	0.000	-122.708
1756.000	122.760	11.009	0.000	140.749
1758.000	122.863	10.888	0.000	-79.563
1760.000	122.964	9.561	0.000	-97.505
1762.000	122.832	8.624	0.000	-115.328
1764.000	122.801	10.864	0.000	-90.758
1766.000	122.922	10.299	0.000	-60.869
1768.000	122.943	9.018	0.000	-90.889
1770.000	122.725	7.748	0.000	-105.202
1772.000	122.926	9.463	0.000	-100.950
1774.000	122.941	10.532	0.000	-63.901
1776.000	122.770	9.247	0.000	-66.157
1778.000	122.847	10.028	0.000	-80.735
1780.000	122.966	10.393	0.000	-69.314
1782.000	122.812	9.325	0.000	-41.312
1784.000	122.801	8.685	0.000	-26.138
1786.000	122.930	10.483	0.000	-29.733
1788.000	122.906	10.199	0.000	-23.915
1790.000	122.733	10.253	0.000	-20.948
1792.000	122.927	12.030	0.000	-24.982
1794.000	122.930	12.004	0.000	-10.477
1796.000	122.743	12.914	0.000	-26.031
1798.000	122.883	15.487	0.000	-19.556
1800.000	122.934	15.930	0.000	-17.644
1802.000	122.800	16.685	0.000	-24.963
1804.000	122.804	18.275	0.000	-23.174
1806.000	122.944	21.196	0.000	-24.900
1808.000	122.867	22.252	0.000	-25.088
1810.000	122.734	24.499	0.000	-36.867
1812.000	122.964	27.415	0.000	-32.810
1814.000	122.870	28.212	0.000	-34.828
1816.000	122.752	30.817	0.000	-44.682
1818.000	122.897	33.524	0.000	-48.070
1820.000	122.916	35.730	0.000	-55.581
1822.000	122.768	37.675	0.000	-68.293
1824.000	122.833	40.565	0.000	-83.589
1826.000	122.944	42.751	0.000	-94.651
1828.000	122.805	43.618	0.000	-111.524
1830.000	122.772	45.260	0.000	-136.891
1832.000	122.970	46.792	0.000	-147.747
1834.000	122.816	45.836	0.000	-161.479
1836.000	122.762	46.435	0.000	174.445
1838.000	122.937	46.755	0.000	169.372
1840.000	122.848	45.799	0.000	157.613
1842.000	122.776	45.834	0.000	148.907
1844.000	122.854	46.380	0.000	139.885
1846.000	122.943	47.236	0.000	138.559
1848.000	122.727	46.694	0.000	128.513
1850.000	122.861	48.695	0.000	116.654
1852.000	122.934	49.021	0.000	117.525
1854.000	122.762	48.989	0.000	103.113
1856.000	122.807	50.826	0.000	94.113
1858.000	122.941	51.787	0.000	86.808
1860.000	122.792	52.270	0.000	73.229
1862.000	122.786	53.032	0.000	55.858
1864.000	122.901	54.050	0.000	43.202
1866.000	122.872	53.652	0.000	34.100
1868.000	122.714	53.256	0.000	13.994
1870.000	122.933	54.253	0.000	3.397
1872.000	122.863	53.290	0.000	-2.728
1874.000	122.735	52.350	0.000	-22.090
1876.000	122.880	52.750	0.000	-28.036
1878.000	122.888	51.369	0.000	-31.852
1880.000	122.755	50.921	0.000	-39.087
1882.000	122.825	51.048	0.000	-42.005
1884.000	122.920	52.221	0.000	-42.912
1886.000	122.769	51.952	0.000	-45.910
1888.000	122.786	54.092	0.000	-61.545
1890.000	122.954	55.030	0.000	-61.033
1892.000	122.757	54.681	0.000	-79.575
1894.000	122.788	55.858	0.000	-94.382
1896.000	122.910	56.088	0.000	-105.339
1898.000	122.813	55.426	0.000	-117.320
1900.000	122.754	55.056	0.000	-134.156
1902.000	122.890	55.135	0.000	-143.588
1904.000	122.859	54.272	0.000	-150.403
1906.000	122.714	53.058	0.000	-164.017
1908.000	122.901	53.602	0.000	-172.096
1910.000	122.867	52.350	0.000	-171.253
1912.000	122.720	51.428	0.000	175.520
1914.000	122.870	52.083	0.000	175.246
1916.000	122.869	51.492	0.000	172.669
1918.000	122.749	51.635	0.000	165.451
1920.000	122.814	52.297	0.000	157.954
1922.000	122.906	53.240	0.000	152.980
1924.000	122.748	52.691	0.000	144.288
1926.000	122.793	53.916	0.000	124.853
1928.000	122.927	54.082	0.000	122.533
1930.000	122.739	52.348	0.000	103.128
1932.000	122.794	52.303	0.000	90.177
1934.000	122.895	50.866	0.000	83.543
1936.000	122.781	49.140	0.000	77.155
1938.000	122.762	47.728	0.000	71.071
1940.000	122.885	47.465	0.000	73.672
1942.000	122.819	46.472	0.000	76.580
1944.000	122.717	46.625	0.000	70.873
1946.000	122.915	48.057	0.000	70.530
1948.000	122.802	47.405	0.000	68.612
1950.000	122.736	47.807	0.000	51.744
1952.000	122.878	48.166	0.000	49.885
1954.000	122.824	46.770	0.000	40.329
1956.000	122.738	46.045	0.000	32.801
1958.000	122.837	45.325	0.000	26.946
1960.000	122.874	44.779	0.000	30.400
1962.000	122.701	43.019	0.000	27.173
1964.000	122.860	43.917	0.000	28.436
1966.000	122.856	43.091	0.000	35.622
1968.000	122.723	43.080	0.000	31.389
1970.000	122.823	44.142	0.000	34.441
1972.000	122.870	44.529	0.000	35.957
1974.000	122.726	44.924	0.000	32.799
1976.000	122.808	46.351	0.000	28.420
1978.000	122.870	47.466	0.000	27.957
1980.000	122.746	47.573	0.000	20.916
1982.000	122.772	49.186	0.000	8.691
1984.000	122.911	49.870	0.000	7.934
1986.000	122.712	49.182	0.000	-5.868
1988.000	122.800	50.334	0.000	-15.641
1990.000	122.863	49.966	0.000	-18.903
1992.000	122.755	49.444	0.000	-29.338
1994.000	122.759	49.309	0.000	-35.631
1996.000	122.878	49.635	0.000	-38.651
1998.000	122.766	48.942	0.000	-37.612
2000.000	122.731	49.764	0.000	-48.137
2002.000	122.912	50.876	0.000	-42.708
2004.000	122.734	50.440	0.000	-52.085
2006.000	122.761	51.915	0.000	-60.096
2008.000	122.865	52.468	0.000	-66.405
2010.000	122.771	52.569	0.000	-75.083
2012.000	122.734	52.871	0.000	-89.984
2014.000	122.867	53.458	0.000	-96.795
2016.000	122.785	52.607	0.000	-105.033
2018.000	122.706	52.152	0.000	-119.639
2020.000	122.898	52.775	0.000	-124.545
2022.000	122.757	51.143	0.000	-128.381
2024.000	122.736	51.032	0.000	-142.014
2026.000	122.860	50.623	0.000	-140.641
2028.000	122.776	49.450	0.000	-147.356
2030.000	122.725	48.744	0.000	-150.563
2032.000	122.849	48.673	0.000	-151.807
2034.000	122.799	48.023	0.000	-144.801
2036.000	122.696	48.235	0.000	-147.004
2038.000	122.883	50.225	0.000	-139.694
2040.000	122.762	50.435	0.000	-141.554
2042.000	122.726	52.536	0.000	-151.734
2044.000	122.850	53.789	0.000	-155.412
2046.000	122.779	54.383	0.000	-165.189
2048.000	122.721	55.081	0.000	-178.421
2050.000	122.835	56.351	0.000	171.957
2052.000	122.801	56.202	0.000	164.995
2054.000	122.691	56.337	0.000	147.592
2056.000	122.872	57.478	0.000	139.714
2058.000	122.765	56.641	0.000	132.662
2060.000	122.720	56.891	0.000	113.987
2062.000	122.842	57.276	0.000	110.401
2064.000	122.776	56.431	0.000	98.374
2066.000	122.717	56.412	0.000	87.977
2068.000	122.825	56.670	0.000	76.625
2070.000	122.803	56.397	0.000	73.246
2072.000	122.682	55.686	0.000	54.895
2074.000	122.870	56.552	0.000	50.757
2076.000	122.755	54.895	0.000	42.015
2078.000	122.720	54.872	0.000	27.983
2080.000	122.833	54.587	0.000	22.413
2082.000	122.772	53.813	0.000	14.821
2084.000	122.710	53.319	0.000	3.099
2086.000	122.831	53.561	0.000	-3.235
2088.000	122.781	52.823	0.000	-9.229
2090.000	122.686	52.340	0.000	-24.160
2092.000	122.868	53.063	0.000	-30.689
2094.000	122.739	51.533	0.000	-38.750
2096.000	122.724	51.344	0.000	-56.647
2098.000	122.835	50.659	0.000	-60.856
2100.000	122.748	49.164	0.000	-72.965
2102.000	122.716	48.131	0.000	-82.512
2104.000	122.837	47.583	0.000	-90.231
2106.000	122.748	46.136	0.000	-92.691
2108.000	122.708	45.193	0.000	-106.806
2110.000	122.859	45.213	0.000	-105.856
2112.000	122.713	43.197	0.000	-114.361
2114.000	122.736	43.229	0.000	-123.551
2116.000	122.834	42.380	0.000	-127.428
2118.000	122.720	41.287	0.000	-135.108
2120.000	122.734	40.562	0.000	-146.443
2122.000	122.832	40.332	0.000	-149.540
2124.000	122.718	38.736	0.000	-156.080
2126.000	122.735	38.683	0.000	-167.590
2128.000	122.843	38.935	0.000	-169.153
2130.000	122.691	37.827	0.000	178.869
2132.000	122.762	38.975	0.000	165.555
2134.000	122.814	38.524	0.000	158.239
2136.000	122.710	38.627	0.000	140.793
2138.000	122.740	38.881	0.000	124.401
2140.000	122.839	39.834	0.000	113.084
2142.000	122.676	39.047	0.000	96.330
2144.000	122.783	40.591	0.000	76.475
2146.000	122.806	40.317	0.000	68.393
2148.000	122.683	40.298	0.000	45.228
2150.000	122.785	41.245	0.000	33.156
2152.000	122.794	41.154	0.000	20.591
2154.000	122.687	41.105	0.000	4.319
2156.000	122.781	41.710	0.000	-9.389
2158.000	122.801	41.665	0.000	-17.141
2160.000	122.663	41.198	0.000	-33.868
2162.000	122.823	42.141	0.000	-44.479
2164.000	122.758	41.202	0.000	-51.621
2166.000	122.688	40.867	0.000	-71.264
2168.000	122.820	40.704	0.000	-77.026
2170.000	122.739	38.804	0.000	-89.312
2172.000	122.704	37.170	0.000	-98.753
2174.000	122.813	35.014	0.000	-102.268
2176.000	122.740	32.634	0.000	-91.834
2178.000	122.701	31.449	0.000	-71.821
2180.000	122.830	33.610	0.000	-45.517
2182.000	122.704	35.860	0.000	-43.174
2184.000	122.730	39.109	0.000	-43.791
2186.000	122.808	41.095	0.000	-47.451
2188.000	122.709	42.701	0.000	-55.581
2190.000	122.723	44.839	0.000	-67.970
2192.000	122.822	46.385	0.000	-73.870
2194.000	122.681	46.894	0.000	-87.996
2196.000	122.750	48.584	0.000	-103.656
2198.000	122.813	49.211	0.000	-109.412
2200.000	122.658	48.913	0.000	-129.564
2202.000	122.795	50.018	0.000	-138.229
2204.000	122.763	49.106	0.000	-149.281
2206.000	122.688	48.875	0.000	-160.817
2208.000	122.775	48.837	0.000	-172.348
2210.000	122.781	48.378	0.000	-174.932
2212.000	122.660	47.300	0.000	171.223
2214.000	122.816	47.798	0.000	169.220
2216.000	122.727	46.377	0.000	166.162
2218.000	122.691	46.586	0.000	157.917
2220.000	122.812	46.504	0.000	158.844
2222.000	122.706	46.172	0.000	153.917
2224.000	122.707	46.423	0.000	148.070
2226.000	122.810	47.075	0.000	146.069
2228.000	122.689	46.393	0.000	140.559
2230.000	122.727	46.892	0.000	131.903
2232.000	122.805	46.890	0.000	132.034
2234.000	122.665	46.097	0.000	124.750
2236.000	122.768	46.890	0.000	123.033
2238.000	122.761	46.231	0.000	123.089
2240.000	122.690	46.571	0.000	120.487
2242.000	122.753	47.227	0.000	118.466
2244.000	122.777	48.011	0.000	120.923
2246.000	122.657	48.446	0.000	112.650
2248.000	122.799	50.227	0.000	112.795
2250.000	122.727	50.146	0.000	107.890
2252.000	122.686	51.696	0.000	97.986
2254.000	122.795	52.630	0.000	93.549
2256.000	122.709	53.095	0.000	84.239
2258.000	122.696	54.063	0.000	71.652
2260.000	122.806	54.939	0.000	65.062
2262.000	122.677	54.612	0.000	53.731
2264.000	122.726	55.486	0.000	39.660
2266.000	122.801	55.724	0.000	36.217
2268.000	122.648	55.153	0.000	20.483
2270.000	122.784	55.963	0.000	14.518
2272.000	122.739	55.170	0.000	6.044
2274.000	122.680	55.218	0.000	-3.212
2276.000	122.774	55.581	0.000	-12.160
2278.000	122.736	55.390	0.000	-15.750
2280.000	122.673	55.249	0.000	-29.513
2282.000	122.797	56.151	0.000	-33.051
2284.000	122.697	55.371	0.000	-42.244
2286.000	122.710	56.133	0.000	-53.682
2288.000	122.777	55.955	0.000	-60.839
2290.000	122.692	55.758	0.000	-71.206
2292.000	122.714	55.774	0.000	-85.173
2294.000	122.787	55.742	0.000	-90.957
2296.000	122.657	54.512	0.000	-104.034
2298.000	122.758	54.605	0.000	-115.354
2300.000	122.758	53.829	0.000	-118.540
2302.000	122.659	52.705	0.000	-133.240
2304.000	122.783	52.617	0.000	-135.245
2306.000	122.716	51.119	0.000	-142.768
2308.000	122.681	50.418	0.000	-148.042
2310.000	122.786	50.277	0.000	-152.580
2312.000	122.692	49.079	0.000	-152.655
2314.000	122.706	49.018	0.000	-160.977
2316.000	122.785	48.769	0.000	-157.141
2318.000	122.666	47.985	0.000	-163.968
2320.000	122.740	48.551	0.000	-164.426
2322.000	122.758	48.376	0.000	-166.397
2324.000	122.665	48.487	0.000	-172.009
2326.000	122.757	49.255	0.000	-176.394
2328.000	122.744	49.191	0.000	-178.659
2330.000	122.652	49.322	0.000	171.171
2332.000	122.808	50.261	0.000	168.842
2334.000	122.675	49.629	0.000	162.505
2336.000	122.712	50.553	0.000	153.970
2338.000	122.771	50.503	0.000	151.367
2340.000	122.672	50.647	0.000	142.375
2342.000	122.729	51.231	0.000	134.916
2344.000	122.766	51.815	0.000	130.566
2346.000	122.648	51.672	0.000	118.646
2348.000	122.783	53.147	0.000	111.140
2350.000	122.708	52.425	0.000	103.213
2352.000	122.684	53.178	0.000	88.266
2354.000	122.772	53.202	0.000	80.281
2356.000	122.691	52.835	0.000	68.184
2358.000	122.698	52.883	0.000	53.773
2360.000	122.779	52.709	0.000	46.766
2362.000	122.658	51.721	0.000	34.006
2364.000	122.744	51.875	0.000	22.213
2366.000	122.748	51.194	0.000	18.066
2368.000	122.653	50.616	0.000	2.440
2370.000	122.781	50.609	0.000	-1.198
2372.000	122.697	49.578	0.000	-12.645
2374.000	122.684	49.279	0.000	-21.877
2376.000	122.787	49.257	0.000	-30.715
2378.000	122.661	48.089	0.000	-38.302
2380.000	122.736	48.054	0.000	-52.094
2382.000	122.749	47.141	0.000	-54.695
2384.000	122.661	46.031	0.000	-68.083
2386.000	122.760	45.788	0.000	-72.373
2388.000	122.716	44.764	0.000	-78.326
2390.000	122.678	44.194	0.000	-85.365
2392.000	122.765	44.413	0.000	-89.906
2394.000	122.696	43.826	0.000	-94.251
2396.000	122.691	44.189	0.000	-105.828
2398.000	122.781	44.501	0.000	-109.717
2400.000	122.645	44.015	0.000	-123.864
2402.000	122.756	44.851	0.000	-134.066
2404.000	122.728	44.121	0.000	-145.489
2406.000	122.663	43.813	0.000	-160.242
2408.000	122.773	43.722	0.000	-175.104
2410.000	122.693	42.766	0.000	175.939
2412.000	122.691	41.988	0.000	154.310
2414.000	122.773	41.342	0.000	148.079
2416.000	122.660	39.248	0.000	129.620
2418.000	122.739	38.406	0.000	117.730
2420.000	122.735	36.622	0.000	107.077
2422.000	122.668	34.580	0.000	94.378
2424.000	122.755	33.236	0.000	84.220
2426.000	122.714	31.182	0.000	79.606
2428.000	122.666	29.147	0.000	67.735
2430.000	122.795	27.979	0.000	64.221
2432.000	122.649	25.721	0.000	56.619
2434.000	122.741	24.654	0.000	51.383
2436.000	122.741	22.559	0.000	48.993
2438.000	122.655	20.642	0.000	41.214
2440.000	122.768	20.155	0.000	37.103
2442.000	122.700	18.616	0.000	36.563
2444.000	122.682	16.542	0.000	29.988
2446.000	122.776	15.669	0.000	29.147
2448.000	122.658	13.487	0.000	24.520
2450.000	122.736	13.262	0.000	28.126
2452.000	122.734	11.988	0.000	24.570
2454.000	122.668	12.542	0.000	29.974
2456.000	122.752	11.802	0.000	29.211
2458.000	122.711	10.333	0.000	41.817
2460.000	122.674	11.104	0.000	40.460
2462.000	122.782	9.950	0.000	31.852
2464.000	122.653	9.965	0.000	10.894
2466.000	122.742	9.934	0.000	49.735
2468.000	122.726	9.666	0.000	10.152
2470.000	122.672	10.096	0.000	58.314
2472.000	122.756	9.710	0.000	43.946
2474.000	122.698	10.087	0.000	104.085
2476.000	122.700	9.610	0.000	150.896
2478.000	122.757	10.373	0.000	89.035
2480.000	122.669	10.718	0.000	87.594
2482.000	122.735	9.743	0.000	106.613
2484.000	122.730	8.083	0.000	120.371
2486.000	122.671	8.604	0.000	118.692
2488.000	122.761	9.334	0.000	120.470
2490.000	122.690	10.055	0.000	121.827
2492.000	122.703	9.847	0.000	120.717
2494.000	122.761	9.832	0.000	107.004
2496.000	122.655	10.693	0.000	120.821
2498.000	122.760	9.805	0.000	157.757
2500.000	122.704	9.872	0.000	100.228
2502.000	122.686	11.003	0.000	88.196
2504.000	122.765	10.656	0.000	87.253
2506.000	122.673	10.265	0.000	77.779
2508.000	122.726	10.152	0.000	75.104
2510.000	122.744	9.341	0.000	100.382
2512.000	122.662	10.386	0.000	86.448
2514.000	122.762	10.000	0.000	77.902
2516.000	122.699	9.282	0.000	100.144
2518.000	122.688	9.773	0.000	77.116
2520.000	122.775	9.774	0.000	86.433
2522.000	122.651	9.397	0.000	69.803
2524.000	122.760	10.267	0.000	67.092
2526.000	122.706	9.938	0.000	49.207
2528.000	122.700	9.535	0.000	46.481
2530.000	122.748	9.435	0.000	74.296
2532.000	122.693	9.934	0.000	37.904
2534.000	122.713	10.080	0.000	32.534
2536.000	122.751	9.667	0.000	63.017
2538.000	122.664	9.057	0.000	62.876
2540.000	122.765	9.849	0.000	33.554
2542.000	122.693	10.048	0.000	25.657
2544.000	122.705	9.558	0.000	14.810
2546.000	122.756	9.834	0.000	26.446
2548.000	122.665	10.020	0.000	32.630
2550.000	122.752	10.150	0.000	11.862
2552.000	122.715	10.443	0.000	26.851
2554.000	122.684	10.166	0.000	36.965
2556.000	122.772	8.072	0.000	5.656
2558.000	122.670	9.272	0.000	2.280
2560.000	122.738	10.645	0.000	-4.299
2562.000	122.731	10.669	0.000	-6.822
2564.000	122.676	11.125	0.000	-8.123
2566.000	122.764	10.736	0.000	-10.195
2568.000	122.687	10.003	0.000	-6.033
2570.000	122.719	9.966	0.000	-27.639
2572.000	122.753	10.131	0.000	-58.563
2574.000	122.666	10.362	0.000	-31.088
2576.000	122.765	9.941	0.000	-44.053
2578.000	122.696	10.752	0.000	-61.804
2580.000	122.708	9.891	0.000	-53.815
2582.000	122.757	10.097	0.000	-28.163
2584.000	122.673	10.809	0.000	-44.105
2586.000	122.756	10.940	0.000	-84.567
2588.000	122.711	10.221	0.000	-94.055
2590.000	122.697	10.842	0.000	-77.976
2592.000	122.763	11.503	0.000	-63.234
2594.000	122.676	11.117	0.000	-72.127
2596.000	122.745	8.943	0.000	-105.553
2598.000	122.729	8.623	0.000	-123.180
2600.000	122.688	9.118	0.000	-95.982
2602.000	122.766	8.557	0.000	-69.893
2604.000	122.683	9.482	0.000	-117.201
2606.000	122.740	9.422	0.000	-116.896
2608.000	122.732	8.576	0.000	-104.229
2610.000	122.686	9.347	0.000	-88.839
2612.000	122.764	9.768	0.000	-76.060
2614.000	122.697	9.105	0.000	-118.353
2616.000	122.716	9.097	0.000	-126.762
2618.000	122.763	10.486	0.000	-117.795
2620.000	122.665	10.983	0.000	-100.874
2622.000	122.779	10.595	0.000	-89.637
2624.000	122.690	9.880	0.000	-129.800
2626.000	122.724	10.415	0.000	-141.687
2628.000	122.755	11.275	0.000	-100.545
2630.000	122.676	9.267	0.000	-76.158
2632.000	122.766	8.944	0.000	-149.314
2634.000	122.707	8.792	0.000	-129.632
2636.000	122.710	9.849	0.000	-143.977
2638.000	122.765	9.935	0.000	-144.748
2640.000	122.670	10.740	0.000	-172.875
2642.000	122.770	10.283	0.000	142.669
2644.000	122.704	9.642	0.000	-162.109
2646.000	122.717	9.415	0.000	-107.436
2648.000	122.764	9.206	0.000	-117.457
2650.000	122.682	9.337	0.000	-153.520
2652.000	122.757	9.641	0.000	-176.679
2654.000	122.719	8.947	0.000	-159.881
2656.000	122.704	9.298	0.000	-160.005
2658.000	122.772	9.907	0.000	169.306
2660.000	122.672	9.835	0.000	128.905
2662.000	122.774	9.129	0.000	-150.156
2664.000	122.709	10.244	0.000	-172.229
2666.000	122.716	10.380	0.000	-170.810
2668.000	122.760	9.216	0.000	-141.668
2670.000	122.689	9.914	0.000	-148.163
2672.000	122.754	10.534	0.000	-165.234
2674.000	122.725	10.037	0.000	165.426
2676.000	122.708	9.144	0.000	161.563
2678.000	122.773	10.267	0.000	-156.840
2680.000	122.675	9.765	0.000	129.247
2682.000	122.773	8.923	0.000	-145.728
2684.000	122.718	9.569	0.000	-152.860
2686.000	122.707	10.294	0.000	169.272
2688.000	122.786	9.838	0.000	167.452
2690.000	122.669	9.708	0.000	144.100
2692.000	122.784	10.036	0.000	126.026
2694.000	122.701	9.117	0.000	125.489
2696.000	122.737	9.509	0.000	152.353
2698.000	122.746	9.460	0.000	168.707
2700.000	122.706	8.554	0.000	159.196
2702.000	122.754	9.016	0.000	-165.866
2704.000	122.727	9.322	0.000	-165.807
2706.000	122.715	9.547	0.000	-179.295
2708.000	122.776	9.708	0.000	166.706
2710.000	122.679	8.480	0.000	146.978
2712.000	122.783	7.923	0.000	157.561
2714.000	122.703	8.341	0.000	178.345
2716.000	122.740	9.188	0.000	-170.550
2718.000	122.753	10.341	0.000	-141.927
2720.000	122.696	10.359	0.000	-172.742
2722.000	122.777	10.365	0.000	139.281
2724.000	122.710	9.496	0.000	177.658
2726.000	122.732	9.705	0.000	-168.271
2728.000	122.765	9.364	0.000	-166.241
2730.000	122.687	8.781	0.000	-146.353
2732.000	122.789	9.637	0.000	-173.515
2734.000	122.689	9.715	0.000	143.595
2736.000	122.770	9.243	0.000	108.134
2738.000	122.728	9.355	0.000	160.427
2740.000	122.725	9.710	0.000	156.222
2742.000	122.761	9.748	0.000	-175.578
2744.000	122.709	9.078	0.000	-179.395
2746.000	122.756	8.338	0.000	-169.651
2748.000	122.739	8.460	0.000	173.760
2750.000	122.716	9.361	0.000	154.223
2752.000	122.776	10.157	0.000	142.764
2754.000	122.699	9.827	0.000	142.634
2756.000	122.768	9.183	0.000	167.701
2758.000	122.729	9.531	0.000	149.160
2760.000	122.722	9.051	0.000	114.070
2762.000	122.781	10.312	0.000	-176.634
2764.000	122.689	9.475	0.000	-175.335
2766.000	122.789	10.431	0.000	175.763
2768.000	122.700	9.592	0.000	-151.717
2770.000	122.766	9.079	0.000	-163.181
2772.000	122.740	10.382	0.000	177.029
2774.000	122.719	9.856	0.000	173.146
2776.000	122.780	9.380	0.000	173.970
2778.000	122.708	9.599	0.000	-175.071
2780.000	122.760	8.906	0.000	177.628
2782.000	122.747	7.808	0.000	175.348
2784.000	122.715	7.613	0.000	174.826
2786.000	122.785	9.478	0.000	173.201
2788.000	122.693	10.306	0.000	177.547
2790.000	122.783	9.857	0.000	167.618
2792.000	122.720	9.903	0.000	123.363
2794.000	122.749	8.418	0.000	127.947
2796.000	122.755	8.548	0.000	146.449
2798.000	122.728	9.584	0.000	174.778
2800.000	122.761	10.026	0.000	-169.651
2802.000	122.738	9.002	0.000	140.834
2804.000	122.736	10.367	0.000	151.524
2806.000	122.769	9.424	0.000	137.174
2808.000	122.705	9.558	0.000	162.254
2810.000	122.798	10.051	0.000	148.225
2812.000	122.698	9.637	0.000	145.578
2814.000	122.774	9.687	0.000	159.260
2816.000	122.738	9.688	0.000	158.990
2818.000	122.731	9.403	0.000	172.511
2820.000	122.783	9.655	0.000	149.465
2822.000	122.698	9.691	0.000	153.875
2824.000	122.795	10.202	0.000	156.531
2826.000	122.707	9.909	0.000	153.754
2828.000	122.778	9.634	0.000	130.318
2830.000	122.735	9.409	0.000	156.129
2832.000	122.741	8.846	0.000	127.692
2834.000	122.771	9.101	0.000	127.943
2836.000	122.728	10.380	0.000	113.425
2838.000	122.764	9.614	0.000	124.653
2840.000	122.747	8.625	0.000	116.702
2842.000	122.733	8.862	0.000	99.719
2844.000	122.781	9.824	0.000	154.572
2846.000	122.708	9.116	0.000	135.388
2848.000	122.788	8.549	0.000	139.064
2850.000	122.722	9.409	0.000	135.175
2852.000	122.762	10.527	0.000	116.079
2854.000	122.760	9.569	0.000	125.393
2856.000	122.726	9.039	0.000	123.434
2858.000	122.785	10.310	0.000	127.129
2860.000	122.712	10.178	0.000	122.038
2862.000	122.788	9.054	0.000	131.354
2864.000	122.723	8.727	0.000	158.648
2866.000	122.770	8.986	0.000	136.702
2868.000	122.751	8.850	0.000	120.241
2870.000	122.742	9.091	0.000	140.918
2872.000	122.771	9.699	0.000	133.439
2874.000	122.730	9.178	0.000	146.664
2876.000	122.768	10.671	0.000	129.518
2878.000	122.753	9.819	0.000	126.147
2880.000	122.741	8.147	0.000	105.017
2882.000	122.776	9.174	0.000	95.931
2884.000	122.730	9.852	0.000	113.349
2886.000	122.771	9.634	0.000	116.084
2888.000	122.752	8.836	0.000	125.692
2890.000	122.741	9.108	0.000	139.058
2892.000	122.786	9.008	0.000	157.355
2894.000	122.716	8.453	0.000	118.824
2896.000	122.804	8.994	0.000	89.325
2898.000	122.705	9.128	0.000	95.200
2900.000	122.800	10.125	0.000	128.125
2902.000	122.725	9.387	0.000	106.803
2904.000	122.769	9.031	0.000	145.330
2906.000	122.768	8.751	0.000	173.922
2908.000	122.724	9.369	0.000	69.795
2910.000	122.805	8.952	0.000	95.335
2912.000	122.703	9.996	0.000	100.107
2914.000	122.809	9.257	0.000	115.279
2916.000	122.719	9.637	0.000	112.035
2918.000	122.775	9.495	0.000	96.714
2920.000	122.758	9.751	0.000	81.104
2922.000	122.743	9.681	0.000	120.950
2924.000	122.786	9.802	0.000	131.004
2926.000	122.727	8.964	0.000	108.434
2928.000	122.787	9.137	0.000	114.692
2930.000	122.733	8.500	0.000	111.545
2932.000	122.776	8.932	0.000	91.410
2934.000	122.755	8.463	0.000	91.579
2936.000	122.752	9.319	0.000	92.198
2938.000	122.777	10.279	0.000	97.313
2940.000	122.739	9.885	0.000	108.249
2942.000	122.779	9.680	0.000	101.055
2944.000	122.747	11.019	0.000	82.979
2946.000	122.760	11.865	0.000	80.168
2948.000	122.769	12.612	0.000	89.185
2950.000	122.745	13.753	0.000	82.403
2952.000	122.783	14.185	0.000	74.424
2954.000	122.740	15.527	0.000	58.435
2956.000	122.771	16.166	0.000	49.925
2958.000	122.757	17.080	0.000	35.708
2960.000	122.754	18.589	0.000	24.728
2962.000	122.781	19.373	0.000	17.018
2964.000	122.734	20.211	0.000	7.420
2966.000	122.789	20.562	0.000	0.024
2968.000	122.737	20.894	0.000	-15.380
2970.000	122.785	21.454	0.000	-22.756
2972.000	122.751	22.288	0.000	-37.330
2974.000	122.763	23.131	0.000	-48.616
2976.000	122.768	23.611	0.000	-58.680
2978.000	122.749	24.664	0.000	-69.367
2980.000	122.787	25.148	0.000	-78.408
2982.000	122.734	25.393	0.000	-89.029
2984.000	122.786	25.811	0.000	-97.099
2986.000	122.743	25.938	0.000	-106.327
2988.000	122.771	26.838	0.000	-115.326
2990.000	122.771	26.822	0.000	-123.850
2992.000	122.748	27.726	0.000	-133.477
2994.000	122.783	27.798	0.000	-139.994
2996.000	122.740	28.536	0.000	-149.403
2998.000	122.783	28.745	0.000	-157.180
3000.000	122.751	29.296	0.000	-167.361
3002.000	122.771	29.935	0.000	-177.236
3004.000	122.763	30.336	0.000	174.515
3006.000	122.758	31.078	0.000	164.825
3008.000	122.776	31.155	0.000	155.364
3010.000	122.750	31.799	0.000	145.565
3012.000	122.783	31.913	0.000	136.552
3014.000	122.745	32.234	0.000	124.793
3016.000	122.776	32.569	0.000	115.451
3018.000	122.762	32.576	0.000	106.161
3020.000	122.761	33.109	0.000	94.167
3022.000	122.785	33.052	0.000	84.532
3024.000	122.738	33.362	0.000	71.717
3026.000	122.797	33.156	0.000	62.480
3028.000	122.729	33.033	0.000	50.193
3030.000	122.803	33.040	0.000	40.789
3032.000	122.739	32.469	0.000	28.251
3034.000	122.779	32.579	0.000	17.843
3036.000	122.759	32.038	0.000	6.528
3038.000	122.763	31.629	0.000	-4.449
3040.000	122.776	31.157	0.000	-15.890
3042.000	122.754	30.481	0.000	-26.481
3044.000	122.777	30.076	0.000	-35.199
3046.000	122.752	29.345	0.000	-49.150
3048.000	122.780	28.984	0.000	-59.221
3050.000	122.754	27.891	0.000	-71.953
3052.000	122.780	27.545	0.000	-80.653
3054.000	122.756	26.137	0.000	-93.766
3056.000	122.771	25.398	0.000	-109.234
3058.000	122.762	24.087	0.000	-121.126
3060.000	122.774	23.300	0.000	-139.996
3062.000	122.767	21.833	0.000	-154.315
3064.000	122.764	20.823	0.000	-179.471
3066.000	122.773	20.063	0.000	155.993
3068.000	122.749	19.881	0.000	121.048
3070.000	122.787	20.250	0.000	95.120
3072.000	122.746	20.421	0.000	73.645
3074.000	122.792	21.365	0.000	52.182
3076.000	122.745	22.123	0.000	37.288
3078.000	122.780	23.219	0.000	21.581
3080.000	122.766	23.573	0.000	8.290
3082.000	122.752	24.289	0.000	-5.051
3084.000	122.801	24.476	0.000	-15.244
3086.000	122.725	24.653	0.000	-26.756
3088.000	122.809	25.186	0.000	-33.461
3090.000	122.730	24.581	0.000	-46.270
3092.000	122.786	24.742	0.000	-53.064
3094.000	122.770	24.552	0.000	-58.849
3096.000	122.749	24.816	0.000	-70.929
3098.000	122.799	24.181	0.000	-74.487
3100.000	122.727	23.807	0.000	-79.945
3102.000	122.800	23.757	0.000	-86.554
3104.000	122.750	23.335	0.000	-89.883
3106.000	122.770	22.934	0.000	-92.732
3108.000	122.787	22.538	0.000	-92.246
3110.000	122.735	22.353	0.000	-94.676
3112.000	122.802	22.787	0.000	-87.164
3114.000	122.741	23.808	0.000	-89.196
3116.000	122.786	24.291	0.000	-88.641
3118.000	122.763	25.220	0.000	-90.428
3120.000	122.768	26.049	0.000	-92.554
3122.000	122.764	27.426	0.000	-98.069
3124.000	122.772	28.787	0.000	-102.412
3126.000	122.749	29.578	0.000	-110.271
3128.000	122.803	30.630	0.000	-118.529
3130.000	122.732	31.162	0.000	-127.634
3132.000	122.802	32.388	0.000	-137.700
3134.000	122.744	32.727	0.000	-146.445
3136.000	122.763	33.125	0.000	-157.603
3138.000	122.798	33.788	0.000	-165.813
3140.000	122.718	33.715	0.000	-179.264
3142.000	122.836	34.227	0.000	173.208
3144.000	122.703	33.567	0.000	159.468
3146.000	122.813	33.801	0.000	150.962
3148.000	122.739	33.158	0.000	140.180
3150.000	122.770	33.005	0.000	131.000
3152.000	122.791	32.377	0.000	122.769
3154.000	122.738	31.929	0.000	112.812
3156.000	122.794	31.350	0.000	107.732
3158.000	122.751	30.947	0.000	99.105
3160.000	122.764	30.056	0.000	95.260
3162.000	122.784	29.651	0.000	89.368
3164.000	122.755	29.188	0.000	85.752
3166.000	122.783	28.971	0.000	80.209
3168.000	122.767	28.804	0.000	75.832
3170.000	122.748	28.065	0.000	71.757
3172.000	122.795	28.366	0.000	68.409
3174.000	122.736	27.875	0.000	63.905
3176.000	122.792	28.254	0.000	57.147
3178.000	122.766	27.719	0.000	53.353
3180.000	122.746	27.730	0.000	46.942
3182.000	122.802	27.382	0.000	42.800
3184.000	122.721	27.172	0.000	38.215
3186.000	122.804	27.157	0.000	33.084
3188.000	122.747	26.696	0.000	29.357
3190.000	122.773	26.835	0.000	23.183
3192.000	122.778	26.644	0.000	20.645
3194.000	122.750	26.795	0.000	15.641
3196.000	122.774	26.645	0.000	11.224
3198.000	122.765	26.920	0.000	6.007
3200.000	122.760	26.894	0.000	1.108
3202.000	122.780	26.969	0.000	-5.850
3204.000	122.766	26.939	0.000	-11.112
3206.000	122.746	26.862	0.000	-20.153
3208.000	122.806	26.982	0.000	-23.259
3210.000	122.705	26.591	0.000	-30.942
3212.000	122.828	26.384	0.000	-37.218
3214.000	122.723	25.685	0.000	-44.141
3216.000	122.791	25.742	0.000	-51.576
3218.000	122.772	25.305	0.000	-58.768
3220.000	122.734	25.337	0.000	-64.662
3222.000	122.801	24.906	0.000	-69.347
3224.000	122.736	25.014	0.000	-78.339
3226.000	122.780	24.819	0.000	-84.319
3228.000	122.773	24.685	0.000	-94.983
3230.000	122.756	24.250	0.000	-100.767
3232.000	122.767	23.765	0.000	-111.777
3234.000	122.779	22.729	0.000	-119.222
3236.000	122.727	21.745	0.000	-130.913
3238.000	122.809	20.862	0.000	-137.914
3240.000	122.730	19.429	0.000	-148.459
3242.000	122.782	17.807	0.000	-160.048
3244.000	122.782	15.935	0.000	-165.865
3246.000	122.728	14.783	0.000	-173.506
3248.000	122.805	11.507	0.000	-179.393
3250.000	122.726	8.690	0.000	-175.876
3252.000	122.781	10.806	0.000	-40.661
3254.000	122.774	13.686	0.000	-46.393
3256.000	122.752	15.148	0.000	-53.576
3258.000	122.770	16.914	0.000	-69.034
3260.000	122.779	17.194	0.000	-74.354
3262.000	122.718	18.665	0.000	-81.654
3264.000	122.817	19.879	0.000	-90.701
3266.000	122.711	19.460	0.000	-98.011
3268.000	122.800	19.892	0.000	-109.050
3270.000	122.758	19.481	0.000	-116.679
3272.000	122.751	19.724	0.000	-126.308
3274.000	122.780	18.966	0.000	-132.219
3276.000	122.746	18.959	0.000	-133.731
3278.000	122.758	18.871	0.000	-135.349
3280.000	122.772	18.275	0.000	-139.326
3282.000	122.759	18.614	0.000	-137.539
3284.000	122.756	19.271	0.000	-137.457
3286.000	122.789	19.114	0.000	-136.463
3288.000	122.727	19.788	0.000	-144.872
3290.000	122.779	20.242	0.000	-149.806
3292.000	122.755	20.522	0.000	-157.968
3294.000	122.747	20.890	0.000	-165.189
3296.000	122.785	20.868	0.000	-171.307
3298.000	122.758	21.476	0.000	-175.553
3300.000	122.744	21.148	0.000	174.864
3302.000	122.801	21.039	0.000	166.654
3304.000	122.707	20.816	0.000	156.422
3306.000	122.789	20.514	0.000	150.172
3308.000	122.756	19.853	0.000	144.530
3310.000	122.732	19.281	0.000	142.836
3312.000	122.808	18.038	0.000	135.653
3314.000	122.728	16.650	0.000	123.959
3316.000	122.773	16.335	0.000	124.551
3318.000	122.757	15.407	0.000	127.733
3320.000	122.755	14.877	0.000	130.200
3322.000	122.737	14.351	0.000	140.438
3324.000	122.804	15.187	0.000	144.729
3326.000	122.699	15.278	0.000	140.774
3328.000	122.819	15.644	0.000	137.590
3330.000	122.727	15.670	0.000	135.899
3332.000	122.761	16.128	0.000	135.668
3334.000	122.767	16.133	0.000	134.371
3336.000	122.748	16.162	0.000	129.255
3338.000	122.734	16.848	0.000	125.485
3340.000	122.795	17.530	0.000	122.547
3342.000	122.721	17.062	0.000	115.959
3344.000	122.779	17.526	0.000	112.652
3346.000	122.771	16.837	0.000	106.139
3348.000	122.722	17.811	0.000	101.833
3350.000	122.789	18.114	0.000	96.905
3352.000	122.728	18.449	0.000	86.783
3354.000	122.755	18.390	0.000	81.290
3356.000	122.755	18.256	0.000	73.997
3358.000	122.770	17.673	0.000	61.564
3360.000	122.729	16.377	0.000	43.284
3362.000	122.795	15.402	0.000	40.454
3364.000	122.731	14.842	0.000	30.175
3366.000	122.748	14.335	0.000	18.093
3368.000	122.769	12.976	0.000	4.691
3370.000	122.738	12.341	0.000	-20.028
3372.000	122.738	11.452	0.000	-34.996
3374.000	122.804	9.784	0.000	-107.473
3376.000	122.698	9.839	0.000	-139.151
3378.000	122.797	10.305	0.000	-143.198
3380.000	122.754	10.586	0.000	-165.165
3382.000	122.717	10.219	0.000	-172.748
3384.000	122.781	11.178	0.000	-162.241
3386.000	122.743	12.939	0.000	-168.800
3388.000	122.716	13.893	0.000	179.712
3390.000	122.797	15.752	0.000	176.466
3392.000	122.733	17.108	0.000	172.338
3394.000	122.732	18.052	0.000	157.068
3396.000	122.808	18.970	0.000	152.584
3398.000	122.699	20.590	0.000	142.214
3400.000	122.768	21.825	0.000	137.634
3402.000	122.759	23.020	0.000	127.762
3404.000	122.720	23.589	0.000	121.106
3406.000	122.744	24.640	0.000	112.789
3408.000	122.787	25.315	0.000	105.419
3410.000	122.698	25.913	0.000	95.442
3412.000	122.788	27.003	0.000	87.959
3414.000	122.756	27.486	0.000	76.350
3416.000	122.719	28.236	0.000	66.764
3418.000	122.763	28.614	0.000	58.063
3420.000	122.764	28.997	0.000	46.949
3422.000	122.687	28.966	0.000	37.733
3424.000	122.797	29.512	0.000	28.034
3426.000	122.724	29.169	0.000	19.581
3428.000	122.736	29.283	0.000	11.214
3430.000	122.775	29.291	0.000	0.925
3432.000	122.744	28.892	0.000	-7.980
3434.000	122.723	28.859	0.000	-12.733
3436.000	122.775	28.775	0.000	-20.725
3438.000	122.732	28.393	0.000	-24.514
3440.000	122.711	28.691	0.000	-32.577
3442.000	122.772	27.969	0.000	-36.398
3444.000	122.737	28.402	0.000	-41.392
3446.000	122.709	28.043	0.000	-46.248
3448.000	122.804	28.600	0.000	-50.366
3450.000	122.725	28.132	0.000	-54.972
3452.000	122.715	28.523	0.000	-60.782
3454.000	122.806	28.926	0.000	-66.400
3456.000	122.690	28.961	0.000	-73.275
3458.000	122.738	29.260	0.000	-77.766
3460.000	122.761	29.619	0.000	-86.095
3462.000	122.725	29.750	0.000	-91.727
3464.000	122.704	29.806	0.000	-99.751
3466.000	122.819	29.950	0.000	-105.516
3468.000	122.672	29.599	0.000	-112.348
3470.000	122.775	30.052	0.000	-118.855
3472.000	122.760	29.732	0.000	-126.340
3474.000	122.718	29.764	0.000	-131.198
3476.000	122.728	29.620	0.000	-137.439
3478.000	122.773	29.594	0.000	-143.682
3480.000	122.688	29.258	0.000	-148.688
3482.000	122.743	29.658	0.000	-154.821
3484.000	122.746	29.137	0.000	-159.472
3486.000	122.739	29.601	0.000	-162.416
3488.000	122.702	29.404	0.000	-170.946
3490.000	122.803	29.772	0.000	-174.177
3492.000	122.703	29.868	0.000	178.413
3494.000	122.736	30.153	0.000	174.344
3496.000	122.765	30.310	0.000	168.011
3498.000	122.717	30.499	0.000	162.572
3500.000	122.705	30.384	0.000	154.562
3502.000	122.763	30.606	0.000	147.705
3504.000	122.711	30.417	0.000	141.656
3506.000	122.712	30.752	0.000	133.970
3508.000	122.757	30.413	0.000	126.525
3510.000	122.750	30.896	0.000	119.554
3512.000	122.694	30.580	0.000	111.059
3514.000	122.779	30.384	0.000	104.276
3516.000	122.741	30.564	0.000	98.133
3518.000	122.683	30.312	0.000	89.013
3520.000	122.772	30.454	0.000	86.194
3522.000	122.731	30.710	0.000	75.218
3524.000	122.676	30.244	0.000	70.243
3526.000	122.754	30.433	0.000	62.430
3528.000	122.746	30.174	0.000	55.519
3530.000	122.673	30.118	0.000	46.314
3532.000	122.762	30.076	0.000	40.110
3534.000	122.767	30.466	0.000	30.026
3536.000	122.672	30.063	0.000	22.417
3538.000	122.772	30.441	0.000	14.930
3540.000	122.757	30.300	0.000	2.749
3542.000	122.675	30.199	0.000	-6.339
3544.000	122.746	30.326	0.000	-16.990
3546.000	122.736	29.938	0.000	-30.097
3548.000	122.699	29.505	0.000	-39.236
3550.000	122.699	29.459	0.000	-51.064
3552.000	122.757	28.709	0.000	-62.788
3554.000	122.712	28.440	0.000	-72.071
3556.000	122.694	27.765	0.000	-85.318
3558.000	122.769	27.092	0.000	-97.177
3560.000	122.745	26.646	0.000	-107.828
3562.000	122.668	25.764	0.000	-122.958
3564.000	122.785	25.429	0.000	-130.852
3566.000	122.729	25.040	0.000	-146.825
3568.000	122.680	23.935	0.000	-154.613
3570.000	122.733	23.282	0.000	-167.447
3572.000	122.755	22.275	0.000	-175.304
3574.000	122.653	21.633	0.000	169.689
3576.000	122.720	20.638	0.000	161.701
3578.000	122.764	20.213	0.000	149.568
3580.000	122.677	19.978	0.000	140.079
3582.000	122.696	20.225	0.000	128.425
3584.000	122.804	20.129	0.000	112.126
3586.000	122.677	19.249	0.000	101.221
3588.000	122.711	18.740	0.000	91.792
3590.000	122.764	19.238	0.000	78.215
3592.000	122.735	19.479	0.000	73.397
3594.000	122.656	19.004	0.000	61.807
3596.000	122.763	19.206	0.000	45.336
3598.000	122.727	18.448	0.000	33.518
3600.000	122.650	18.374	0.000	18.157
3602.000	122.724	18.533	0.000	10.271
3604.000	122.754	18.461	0.000	-0.225
3606.000	122.646	18.252	0.000	-7.144
3608.000	122.721	17.963	0.000	-12.123
3610.000	122.759	17.873	0.000	-27.056
3612.000	122.684	17.231	0.000	-32.489
3614.000	122.716	17.601	0.000	-40.537
3616.000	122.737	17.406	0.000	-49.654
3618.000	122.746	18.072	0.000	-48.875
3620.000	122.682	17.855	0.000	-55.926
3622.000	122.713	18.129	0.000	-64.768
3624.000	122.768	17.909	0.000	-71.381
3626.000	122.657	18.360	0.000	-80.324
3628.000	122.693	18.458	0.000	-88.158
3630.000	122.746	18.783	0.000	-95.898
3632.000	122.691	18.787	0.000	-96.683
3634.000	122.641	18.130	0.000	-99.427
3636.000	122.754	18.635	0.000	-107.189
3638.000	122.712	18.484	0.000	-114.636
3640.000	122.656	18.761	0.000	-120.716
3642.000	122.719	19.795	0.000	-129.005
3644.000	122.770	20.025	0.000	-132.999
3646.000	122.663	19.595	0.000	-149.129
3648.000	122.702	20.207	0.000	-154.515
3650.000	122.776	20.112	0.000	-164.114
3652.000	122.693	19.435	0.000	-170.193
3654.000	122.682	19.408	0.000	179.224
3656.000	122.733	19.649	0.000	172.032
3658.000	122.730	19.538	0.000	165.794
3660.000	122.665	18.809	0.000	161.543
3662.000	122.671	17.970	0.000	158.466
3664.000	122.756	17.794	0.000	147.704
3666.000	122.670	17.444	0.000	141.362
3668.000	122.633	16.999	0.000	137.711
3670.000	122.751	17.514	0.000	139.383
3672.000	122.695	17.900	0.000	133.600
3674.000	122.657	17.254	0.000	131.713
3676.000	122.690	16.824	0.000	124.827
3678.000	122.767	17.549	0.000	119.060
3680.000	122.668	17.703	0.000	115.682
3682.000	122.687	17.958	0.000	113.010
3684.000	122.729	17.461	0.000	103.451
3686.000	122.773	17.426	0.000	96.616
3688.000	122.617	17.263	0.000	87.120
3690.000	122.736	16.917	0.000	86.488
3692.000	122.764	16.292	0.000	75.970
3694.000	122.663	16.667	0.000	66.828
3696.000	122.642	17.248	0.000	60.963
3698.000	122.770	17.456	0.000	53.647
3700.000	122.681	17.382	0.000	40.913
3702.000	122.633	16.557	0.000	38.464
3704.000	122.679	14.506	0.000	27.215
3706.000	122.762	13.311	0.000	6.363
3708.000	122.601	11.799	0.000	-1.150
3710.000	122.673	11.085	0.000	6.518
3712.000	122.718	10.630	0.000	12.713
3714.000	122.697	10.354	0.000	14.622
3716.000	122.635	9.735	0.000	82.683
3718.000	122.707	11.049	0.000	116.946
3720.000	122.718	11.123	0.000	110.427
3722.000	122.704	12.603	0.000	95.234
3724.000	122.657	14.789	0.000	76.589
3726.000	122.714	15.300	0.000	66.679
3728.000	122.769	16.395	0.000	67.057
3730.000	122.653	17.190	0.000	56.225
3732.000	122.673	17.827	0.000	49.695
3734.000	122.774	18.703	0.000	37.558
3736.000	122.696	19.377	0.000	26.237
3738.000	122.642	19.713	0.000	13.214
3740.000	122.704	19.474	0.000	2.793
3742.000	122.730	19.668	0.000	-7.202
3744.000	122.674	19.891	0.000	-14.235
3746.000	122.601	20.269	0.000	-28.333
3748.000	122.739	19.787	0.000	-36.471
3750.000	122.689	19.517	0.000	-49.361
3752.000	122.622	19.070	0.000	-59.721
3754.000	122.623	18.144	0.000	-65.824
3756.000	122.746	18.702	0.000	-68.375
3758.000	122.641	17.968	0.000	-80.762
3760.000	122.621	16.791	0.000	-88.944
3762.000	122.661	16.848	0.000	-100.588
3764.000	122.734	16.580	0.000	-108.347
3766.000	122.637	15.800	0.000	-120.424
3768.000	122.629	15.549	0.000	-134.988
3770.000	122.701	14.881	0.000	-148.839
3772.000	122.748	14.378	0.000	-145.858
3774.000	122.613	11.886	0.000	-145.274
3776.000	122.688	10.743	0.000	-157.142
3778.000	122.711	10.559	0.000	-158.768
3780.000	122.745	9.233	0.000	-150.690
3782.000	122.645	9.394	0.000	-158.128
3784.000	122.660	9.580	0.000	-125.220
3786.000	122.778	9.258	0.000	-121.630
3788.000	122.725	8.595	0.000	-142.744
3790.000	122.601	9.265	0.000	-151.041
3792.000	122.716	9.388	0.000	-111.728
3794.000	122.787	10.384	0.000	-107.807
3796.000	122.651	9.735	0.000	-135.736
3798.000	122.617	9.389	0.000	-119.913
3800.000	122.743	9.292	0.000	-116.611
3802.000	122.726	10.317	0.000	-114.535
3804.000	122.628	10.200	0.000	-104.861
3806.000	122.623	9.793	0.000	-119.061
3808.000	122.713	11.037	0.000	-119.131
3810.000	122.715	12.386	0.000	-110.816
3812.000	122.575	11.838	0.000	-114.661
3814.000	122.632	12.985	0.000	-121.154
3816.000	122.703	13.569	0.000	-121.557
3818.000	122.656	13.336	0.000	-122.217
3820.000	122.598	13.772	0.000	-134.561
3822.000	122.591	14.406	0.000	-144.862
3824.000	122.700	14.122	0.000	-152.625
3826.000	122.654	14.686	0.000	-153.898
3828.000	122.567	15.638	0.000	-166.275
3830.000	122.595	16.574	0.000	-172.185
3832.000	122.709	17.256	0.000	-171.019
3834.000	122.634	17.107	0.000	179.505
3836.000	122.569	17.026	0.000	170.437
3838.000	122.600	17.560	0.000	160.017
3840.000	122.716	18.115	0.000	155.246
3842.000	122.638	17.997	0.000	146.423
3844.000	122.582	17.983	0.000	133.973
3846.000	122.582	17.641	0.000	121.447
3848.000	122.775	18.234	0.000	123.013
3850.000	122.636	17.856	0.000	106.568
3852.000	122.555	17.109	0.000	96.393
3854.000	122.667	17.045	0.000	87.927
3856.000	122.749	17.367	0.000	74.155
3858.000	122.640	17.356	0.000	65.658
3860.000	122.608	16.711	0.000	60.751
3862.000	122.660	16.455	0.000	50.439
3864.000	122.763	15.923	0.000	36.198
3866.000	122.679	15.131	0.000	23.537
3868.000	122.615	14.339	0.000	11.413
3870.000	122.675	13.266	0.000	-11.908
3872.000	122.772	13.412	0.000	-15.260
3874.000	122.722	12.814	0.000	-27.402
3876.000	122.618	11.113	0.000	-44.881
3878.000	122.689	11.064	0.000	-73.704
3880.000	122.779	10.841	0.000	-94.147
3882.000	122.764	10.351	0.000	-107.532
3884.000	122.628	9.062	0.000	-131.269
3886.000	122.667	8.498	0.000	-149.435
3888.000	122.847	9.102	0.000	-168.352
3890.000	122.756	10.161	0.000	176.823
3892.000	122.628	10.087	0.000	162.446
3894.000	122.722	11.030	0.000	130.030
3896.000	122.810	11.372	0.000	118.962
3898.000	122.771	10.223	0.000	118.134
3900.000	122.693	11.260	0.000	94.484
3902.000	122.681	11.919	0.000	79.857
3904.000	122.816	11.763	0.000	71.972
3906.000	122.807	12.964	0.000	71.471
3908.000	122.711	11.845	0.000	60.144
3910.000	122.676	11.399	0.000	39.149
3912.000	122.814	12.398	0.000	34.010
3914.000	122.824	12.981	0.000	24.426
3916.000	122.727	12.267	0.000	37.007
3918.000	122.721	12.427	0.000	23.037
3920.000	122.755	11.152	0.000	3.863
3922.000	122.838	11.307	0.000	0.078
3924.000	122.804	11.948	0.000	-22.830
3926.000	122.697	11.835	0.000	-41.474
3928.000	122.729	11.683	0.000	-47.221
3930.000	122.878	12.542	0.000	-51.847
3932.000	122.809	12.048	0.000	-65.096
3934.000	122.748	11.710	0.000	-76.823
3936.000	122.692	11.112	0.000	-75.767
3938.000	122.867	12.204	0.000	-73.620
3940.000	122.874	12.224	0.000	-81.827
3942.000	122.757	11.166	0.000	-86.776
3944.000	122.696	10.472	0.000	-104.271
3946.000	122.852	10.990	0.000	-112.954
3948.000	122.896	11.759	0.000	-107.861
3950.000	122.790	10.448	0.000	-106.083
3952.000	122.736	9.756	0.000	-123.966
3954.000	122.822	10.431	0.000	-118.819
3956.000	122.870	10.647	0.000	-120.925
3958.000	122.871	9.676	0.000	-128.720
3960.000	122.808	11.001	0.000	-137.128
3962.000	122.730	10.444	0.000	-139.311
3964.000	122.898	8.835	0.000	-146.815
3966.000	122.933	10.286	0.000	-149.486
3968.000	122.825	10.196	0.000	-154.324
3970.000	122.764	9.523	0.000	-174.441
3972.000	122.853	9.077	0.000	-172.783
3974.000	122.942	8.179	0.000	-170.609
3976.000	122.919	9.097	0.000	172.380
3978.000	122.788	9.973	0.000	178.937
3980.000	122.812	10.676	0.000	-178.136
3982.000	122.935	10.659	0.000	160.780
3984.000	122.975	10.017	0.000	104.039
3986.000	122.853	10.083	0.000	129.840
3988.000	122.797	9.055	0.000	141.343
3990.000	122.901	8.731	0.000	94.097
3992.000	122.970	9.587	0.000	56.778
3994.000	122.936	8.886	0.000	-11.195
3996.000	122.851	8.164	0.000	-24.061
3998.000	122.804	8.056	0.000	4.135
4000.000	122.967	8.936	0.000	-44.505
