1000.000	122.542	30.306	0.000	74.890
2.000	122.500	30.147	0.000	68.377
4.000	122.473	29.137	0.000	60.562
6.000	122.468	28.014	0.000	56.449
8.000	122.490	26.400	0.000	54.949
10.000	122.523	24.659	0.000	50.160
12.000	122.547	23.388	0.000	45.946
14.000	122.556	22.445	0.000	46.402
16.000	122.546	22.732	0.000	49.523
18.000	122.525	23.830	0.000	46.408
20.000	122.513	24.923	0.000	40.657
22.000	122.515	26.148	0.000	40.112
24.000	122.531	26.281	0.000	32.300
26.000	122.553	25.168	0.000	23.668
28.000	122.562	23.558	0.000	13.725
30.000	122.550	22.128	0.000	-1.557
32.000	122.526	21.274	0.000	-17.075
34.000	122.498	20.914	0.000	-23.235
36.000	122.493	19.696	0.000	-32.630
38.000	122.518	19.276	0.000	-38.883
40.000	122.564	19.296	0.000	-33.021
42.000	122.610	18.739	0.000	-34.213
44.000	122.628	16.509	0.000	-28.743
46.000	122.600	15.495	0.000	-36.356
48.000	122.539	14.382	0.000	-31.258
50.000	122.471	15.489	0.000	-47.169
52.000	122.437	14.570	0.000	-57.664
54.000	122.468	14.069	0.000	-34.634
56.000	122.551	14.327	0.000	-50.606
58.000	122.648	14.492	0.000	-71.996
60.000	122.708	12.995	0.000	-68.905
62.000	122.690	13.066	0.000	-62.733
64.000	122.600	13.229	0.000	-60.707
66.000	122.476	13.612	0.000	-67.658
68.000	122.385	13.736	0.000	-102.184
70.000	122.391	13.346	0.000	-120.384
72.000	122.500	13.754	0.000	-85.153
74.000	122.656	10.881	0.000	-83.451
76.000	122.776	11.338	0.000	-111.159
78.000	122.790	13.044	0.000	-126.486
80.000	122.685	13.324	0.000	-76.619
82.000	122.506	14.006	0.000	-71.579
84.000	122.347	14.062	0.000	-113.139
86.000	122.315	13.812	0.000	-85.572
88.000	122.440	13.280	0.000	-79.318
90.000	122.651	13.467	0.000	-127.876
92.000	122.833	13.027	0.000	152.742
94.000	122.880	13.402	0.000	-133.324
96.000	122.764	13.949	0.000	-120.162
98.000	122.535	11.883	0.000	-85.777
100.000	122.316	12.956	0.000	-158.251
102.000	122.253	12.548	0.000	-88.920
104.000	122.398	12.461	0.000	109.441
106.000	122.662	13.640	0.000	98.421
108.000	122.888	13.852	0.000	120.522
110.000	122.950	13.058	0.000	119.427
112.000	122.811	12.651	0.000	135.937
114.000	122.537	13.660	0.000	129.539
116.000	122.281	13.314	0.000	99.551
118.000	122.220	13.133	0.000	3.004
120.000	122.404	11.822	0.000	72.712
122.000	122.707	12.479	0.000	76.483
124.000	122.944	13.675	0.000	95.846
126.000	122.982	13.581	0.000	120.134
128.000	122.802	13.124	0.000	136.216
130.000	122.497	13.542	0.000	123.489
132.000	122.251	13.297	0.000	131.106
134.000	122.241	12.615	0.000	119.971
136.000	122.474	13.265	0.000	75.573
138.000	122.782	12.337	0.000	136.092
140.000	122.977	12.107	0.000	118.714
142.000	122.953	12.372	0.000	113.344
144.000	122.729	12.042	0.000	101.348
146.000	122.436	12.518	0.000	93.939
148.000	122.264	13.066	0.000	87.709
150.000	122.337	13.158	0.000	40.053
152.000	122.590	12.160	0.000	-1.643
154.000	122.842	12.469	0.000	71.578
156.000	122.946	13.298	0.000	70.016
158.000	122.854	12.704	0.000	15.890
160.000	122.632	11.463	0.000	166.872
162.000	122.423	12.954	0.000	-175.745
164.000	122.362	13.385	0.000	51.101
166.000	122.482	12.500	0.000	42.191
168.000	122.678	13.794	0.000	55.163
170.000	122.821	13.918	0.000	76.659
172.000	122.841	13.785	0.000	43.312
174.000	122.744	13.637	0.000	39.237
176.000	122.607	12.830	0.000	47.864
178.000	122.512	12.952	0.000	38.285
180.000	122.504	12.219	0.000	14.288
182.000	122.568	12.496	0.000	-53.736
184.000	122.654	13.037	0.000	58.016
186.000	122.722	13.319	0.000	13.766
188.000	122.756	13.134	0.000	13.600
190.000	122.749	13.444	0.000	8.282
192.000	122.703	13.104	0.000	20.871
194.000	122.622	13.762	0.000	11.531
196.000	122.538	13.502	0.000	-14.257
198.000	122.505	12.627	0.000	-48.634
200.000	122.563	13.684	0.000	-53.799
202.000	122.703	14.319	0.000	-70.457
204.000	122.838	13.881	0.000	-48.996
206.000	122.874	13.572	0.000	-47.032
208.000	122.767	13.273	0.000	-47.436
210.000	122.562	12.457	0.000	-29.097
212.000	122.403	12.459	0.000	-27.572
214.000	122.428	13.000	0.000	-65.501
216.000	122.640	13.727	0.000	-65.460
218.000	122.887	12.898	0.000	-93.111
220.000	122.989	12.740	0.000	-98.623
222.000	122.870	12.649	0.000	-113.682
224.000	122.594	11.917	0.000	-117.232
226.000	122.358	12.318	0.000	-102.068
228.000	122.365	13.554	0.000	-91.291
230.000	122.614	13.035	0.000	-126.344
232.000	122.905	11.173	0.000	-111.019
234.000	123.023	11.359	0.000	-72.628
236.000	122.896	12.174	0.000	-83.838
238.000	122.614	13.028	0.000	-111.020
240.000	122.385	13.836	0.000	-139.218
242.000	122.399	12.796	0.000	-145.816
244.000	122.627	12.753	0.000	-135.412
246.000	122.873	11.631	0.000	-134.151
248.000	122.964	11.061	0.000	-151.815
250.000	122.857	12.213	0.000	173.489
252.000	122.650	12.577	0.000	150.480
254.000	122.497	12.447	0.000	148.008
256.000	122.502	12.157	0.000	156.752
258.000	122.630	10.742	0.000	135.700
260.000	122.770	11.393	0.000	127.772
262.000	122.841	11.964	0.000	153.231
264.000	122.825	12.860	0.000	61.804
266.000	122.753	13.072	0.000	53.374
268.000	122.663	11.862	0.000	-128.830
270.000	122.586	11.599	0.000	-52.913
272.000	122.562	12.741	0.000	-144.609
274.000	122.621	12.429	0.000	-82.986
276.000	122.754	11.484	0.000	-50.340
278.000	122.883	12.101	0.000	77.828
280.000	122.905	12.630	0.000	69.843
282.000	122.777	11.815	0.000	-2.694
284.000	122.564	11.510	0.000	3.821
286.000	122.440	10.698	0.000	51.727
288.000	122.540	10.804	0.000	83.669
290.000	122.798	11.292	0.000	-177.148
292.000	123.003	12.407	0.000	54.288
294.000	122.985	11.877	0.000	-27.940
296.000	122.746	11.375	0.000	1.099
298.000	122.468	12.648	0.000	-96.763
300.000	122.403	12.083	0.000	-127.590
302.000	122.617	12.217	0.000	-98.205
304.000	122.905	12.473	0.000	-1.067
306.000	123.030	12.395	0.000	-99.421
308.000	122.908	11.752	0.000	-131.580
310.000	122.650	12.349	0.000	-95.719
312.000	122.474	12.364	0.000	123.735
314.000	122.522	12.448	0.000	148.285
316.000	122.722	12.612	0.000	-172.876
318.000	122.889	12.265	0.000	158.171
320.000	122.918	12.780	0.000	-139.593
322.000	122.824	11.989	0.000	-152.417
324.000	122.693	12.197	0.000	-113.297
326.000	122.609	13.806	0.000	-141.151
328.000	122.600	12.880	0.000	-160.687
330.000	122.666	10.996	0.000	168.287
332.000	122.780	11.956	0.000	-144.717
334.000	122.891	12.314	0.000	172.683
336.000	122.916	12.695	0.000	-157.377
338.000	122.804	12.118	0.000	-175.059
340.000	122.609	12.161	0.000	150.851
342.000	122.494	11.826	0.000	56.650
344.000	122.599	10.959	0.000	146.695
346.000	122.853	11.371	0.000	167.301
348.000	123.032	13.167	0.000	179.038
350.000	122.972	13.347	0.000	174.813
352.000	122.704	11.684	0.000	-147.565
354.000	122.465	11.223	0.000	-172.139
356.000	122.494	11.552	0.000	152.011
358.000	122.764	12.143	0.000	-165.866
360.000	123.003	13.909	0.000	-159.422
362.000	123.014	13.015	0.000	-153.415
364.000	122.808	12.132	0.000	162.759
366.000	122.579	11.800	0.000	156.953
368.000	122.531	12.649	0.000	142.606
370.000	122.674	12.607	0.000	-169.029
372.000	122.852	12.129	0.000	-101.656
374.000	122.929	11.628	0.000	-163.700
376.000	122.889	12.952	0.000	-172.981
378.000	122.782	13.977	0.000	105.151
380.000	122.670	12.771	0.000	173.816
382.000	122.609	12.054	0.000	-127.169
384.000	122.649	12.806	0.000	7.117
386.000	122.796	11.289	0.000	-132.177
388.000	122.954	11.415	0.000	-153.298
390.000	122.979	11.241	0.000	-97.777
392.000	122.811	11.052	0.000	-128.021
394.000	122.571	11.420	0.000	-121.280
396.000	122.504	11.214	0.000	109.800
398.000	122.710	12.400	0.000	98.027
400.000	122.988	13.534	0.000	142.110
402.000	123.067	13.394	0.000	145.621
404.000	122.875	12.306	0.000	-165.878
406.000	122.591	12.794	0.000	-172.710
408.000	122.504	13.163	0.000	177.245
410.000	122.690	12.834	0.000	93.088
412.000	122.931	12.656	0.000	96.375
414.000	123.007	10.973	0.000	128.675
416.000	122.892	10.676	0.000	135.775
418.000	122.717	10.985	0.000	162.118
420.000	122.626	12.187	0.000	161.142
422.000	122.659	12.336	0.000	133.640
424.000	122.767	12.607	0.000	86.760
426.000	122.890	12.614	0.000	1.679
428.000	122.961	11.552	0.000	42.035
430.000	122.910	10.782	0.000	64.701
432.000	122.734	12.244	0.000	60.619
434.000	122.568	11.844	0.000	-35.265
436.000	122.611	11.198	0.000	19.084
438.000	122.858	11.491	0.000	-1.047
440.000	123.064	12.806	0.000	0.284
442.000	123.013	12.130	0.000	0.185
444.000	122.737	11.612	0.000	48.541
446.000	122.517	11.836	0.000	126.262
448.000	122.604	10.853	0.000	149.545
450.000	122.884	12.904	0.000	55.381
452.000	123.050	11.567	0.000	76.685
454.000	122.969	12.835	0.000	36.689
456.000	122.756	13.916	0.000	-46.176
458.000	122.626	13.319	0.000	-98.870
460.000	122.667	12.688	0.000	-69.627
462.000	122.797	11.268	0.000	-27.230
464.000	122.912	10.799	0.000	-137.768
466.000	122.962	11.756	0.000	-135.101
468.000	122.911	12.668	0.000	-143.102
470.000	122.756	13.510	0.000	-171.603
472.000	122.606	13.323	0.000	154.322
474.000	122.644	13.654	0.000	151.033
476.000	122.884	12.982	0.000	-127.552
478.000	123.080	12.669	0.000	-167.250
480.000	123.010	11.772	0.000	137.002
482.000	122.718	10.598	0.000	-130.004
484.000	122.524	12.178	0.000	96.895
486.000	122.669	12.071	0.000	-96.023
488.000	122.962	11.683	0.000	-116.931
490.000	123.076	12.862	0.000	-25.995
492.000	122.928	12.388	0.000	91.942
494.000	122.708	12.335	0.000	122.770
496.000	122.641	12.591	0.000	-142.761
498.000	122.738	10.903	0.000	168.475
500.000	122.868	12.449	0.000	136.199
502.000	122.952	12.466	0.000	156.508
504.000	122.965	13.108	0.000	140.829
506.000	122.871	11.839	0.000	132.568
508.000	122.693	10.824	0.000	144.930
510.000	122.608	11.516	0.000	-146.830
512.000	122.774	11.840	0.000	-99.845
514.000	123.042	12.047	0.000	-28.681
516.000	123.099	12.356	0.000	-17.103
518.000	122.850	12.571	0.000	-133.158
520.000	122.566	12.710	0.000	-153.090
522.000	122.609	12.347	0.000	-134.025
524.000	122.912	11.230	0.000	109.901
526.000	123.090	12.987	0.000	71.257
528.000	122.982	12.515	0.000	129.141
530.000	122.759	10.181	0.000	76.933
532.000	122.672	10.778	0.000	155.395
534.000	122.746	12.010	0.000	110.814
536.000	122.854	11.142	0.000	46.290
538.000	122.942	11.208	0.000	-92.966
540.000	122.991	11.620	0.000	45.497
542.000	122.921	11.418	0.000	22.317
544.000	122.720	11.394	0.000	16.616
546.000	122.602	11.467	0.000	22.149
548.000	122.785	11.871	0.000	50.613
550.000	123.083	12.370	0.000	-127.746
552.000	123.119	13.095	0.000	85.219
554.000	122.823	12.446	0.000	61.526
556.000	122.555	11.859	0.000	68.036
558.000	122.676	11.495	0.000	146.760
560.000	122.986	11.054	0.000	62.127
562.000	123.088	11.647	0.000	19.182
564.000	122.928	11.829	0.000	84.770
566.000	122.752	12.810	0.000	-47.527
568.000	122.728	12.447	0.000	170.790
570.000	122.785	11.282	0.000	60.111
572.000	122.861	11.335	0.000	24.639
574.000	122.974	11.987	0.000	4.000
576.000	123.034	13.245	0.000	-15.067
578.000	122.888	12.663	0.000	63.250
580.000	122.634	11.462	0.000	-134.873
582.000	122.638	11.788	0.000	-116.322
584.000	122.964	12.544	0.000	-149.487
586.000	123.180	12.414	0.000	138.336
588.000	122.997	11.875	0.000	3.046
590.000	122.646	11.324	0.000	-60.703
592.000	122.610	11.882	0.000	-61.269
594.000	122.892	12.100	0.000	-87.788
596.000	123.072	11.529	0.000	-174.490
598.000	122.990	11.673	0.000	-98.248
600.000	122.839	11.504	0.000	-80.460
602.000	122.778	11.271	0.000	-130.561
604.000	122.766	11.488	0.000	-105.295
606.000	122.801	11.206	0.000	-106.033
608.000	122.956	11.714	0.000	-142.550
610.000	123.090	12.135	0.000	-146.929
612.000	122.964	11.690	0.000	-95.032
614.000	122.658	11.168	0.000	-93.307
616.000	122.615	10.941	0.000	75.831
618.000	122.950	12.050	0.000	2.261
620.000	123.184	11.995	0.000	-131.252
622.000	123.015	12.297	0.000	-118.196
624.000	122.690	11.262	0.000	-116.491
626.000	122.657	11.054	0.000	-141.729
628.000	122.887	11.164	0.000	142.325
630.000	123.029	10.159	0.000	111.466
632.000	122.993	11.665	0.000	-176.712
634.000	122.906	12.137	0.000	73.127
636.000	122.814	11.263	0.000	-31.603
638.000	122.730	11.187	0.000	-84.676
640.000	122.797	11.567	0.000	-76.234
642.000	123.027	11.084	0.000	-89.981
644.000	123.126	10.379	0.000	-64.731
646.000	122.902	10.601	0.000	-79.641
648.000	122.622	10.941	0.000	-135.690
650.000	122.712	11.216	0.000	-118.514
652.000	123.037	11.860	0.000	-90.632
654.000	123.142	11.259	0.000	-103.692
656.000	122.933	10.717	0.000	-104.752
658.000	122.717	10.436	0.000	-78.744
660.000	122.737	10.912	0.000	-77.294
662.000	122.898	11.452	0.000	-89.485
664.000	123.021	10.825	0.000	145.101
666.000	123.034	10.621	0.000	-96.109
668.000	122.911	11.915	0.000	-127.137
670.000	122.736	11.831	0.000	-113.520
672.000	122.727	11.822	0.000	-73.431
674.000	122.948	12.592	0.000	-59.093
676.000	123.121	11.174	0.000	-97.412
678.000	123.016	11.240	0.000	-116.617
680.000	122.758	11.937	0.000	-137.483
682.000	122.685	12.439	0.000	-162.854
684.000	122.880	12.155	0.000	-96.863
686.000	123.081	11.486	0.000	-113.401
688.000	123.070	11.093	0.000	-179.664
690.000	122.870	11.659	0.000	-171.500
692.000	122.701	11.982	0.000	-131.680
694.000	122.778	11.547	0.000	166.216
696.000	123.014	11.587	0.000	174.990
698.000	123.113	12.332	0.000	155.955
700.000	122.954	13.165	0.000	-144.782
702.000	122.744	12.280	0.000	-138.067
704.000	122.750	10.362	0.000	-147.088
706.000	122.931	11.076	0.000	-84.554
708.000	123.060	12.006	0.000	-92.955
710.000	123.034	11.681	0.000	-108.604
712.000	122.878	10.704	0.000	-138.000
714.000	122.723	10.814	0.000	-86.725
716.000	122.781	11.614	0.000	-73.959
718.000	123.042	12.299	0.000	-122.744
720.000	123.160	12.598	0.000	-154.839
722.000	122.931	12.383	0.000	-157.185
724.000	122.657	11.733	0.000	-164.579
726.000	122.773	11.170	0.000	-162.730
728.000	123.070	10.820	0.000	-139.257
730.000	123.108	9.922	0.000	-150.061
732.000	122.911	10.678	0.000	-164.799
734.000	122.790	11.881	0.000	-153.086
736.000	122.817	12.153	0.000	-158.943
738.000	122.895	11.735	0.000	-135.329
740.000	123.023	11.855	0.000	-137.542
742.000	123.093	10.853	0.000	-135.213
744.000	122.913	11.869	0.000	160.075
746.000	122.665	12.347	0.000	170.590
748.000	122.800	12.361	0.000	-133.959
750.000	123.149	12.408	0.000	-150.642
752.000	123.153	11.954	0.000	-144.503
754.000	122.817	12.267	0.000	-98.026
756.000	122.682	12.050	0.000	-78.656
758.000	122.904	12.294	0.000	-90.484
760.000	123.070	12.401	0.000	-140.215
762.000	123.028	12.068	0.000	-135.641
764.000	122.931	12.058	0.000	-147.695
766.000	122.831	11.460	0.000	-153.572
768.000	122.777	11.522	0.000	-159.992
770.000	122.929	12.344	0.000	-172.063
772.000	123.142	12.623	0.000	-178.285
774.000	123.059	12.192	0.000	-136.881
776.000	122.748	11.993	0.000	-139.393
778.000	122.710	11.551	0.000	-161.326
780.000	123.006	11.265	0.000	179.883
782.000	123.158	11.281	0.000	-148.916
784.000	122.994	11.212	0.000	-112.021
786.000	122.782	10.510	0.000	-112.563
788.000	122.779	11.178	0.000	-175.623
790.000	122.946	11.113	0.000	174.745
792.000	123.093	11.911	0.000	-170.410
794.000	123.051	11.576	0.000	160.427
796.000	122.845	12.086	0.000	126.691
798.000	122.747	11.487	0.000	137.656
800.000	122.910	10.875	0.000	-177.141
802.000	123.096	11.465	0.000	-122.457
804.000	123.070	11.239	0.000	-162.880
806.000	122.879	11.470	0.000	-160.472
808.000	122.748	12.470	0.000	-167.778
810.000	122.859	12.590	0.000	-175.168
812.000	123.102	11.556	0.000	-172.113
814.000	123.135	11.519	0.000	169.209
816.000	122.863	11.388	0.000	-170.840
818.000	122.693	11.676	0.000	-154.821
820.000	122.920	11.919	0.000	-179.317
822.000	123.143	11.907	0.000	-179.067
824.000	123.044	10.490	0.000	-168.408
826.000	122.849	10.925	0.000	178.869
828.000	122.821	11.821	0.000	-173.919
830.000	122.890	12.593	0.000	-135.845
832.000	123.010	12.129	0.000	-163.304
834.000	123.115	10.869	0.000	174.392
836.000	122.976	12.129	0.000	-141.201
838.000	122.708	11.564	0.000	-136.090
840.000	122.817	11.227	0.000	-169.161
842.000	123.166	10.401	0.000	-162.314
844.000	123.146	10.984	0.000	-135.277
846.000	122.812	11.704	0.000	-134.291
848.000	122.745	11.280	0.000	135.268
850.000	122.970	11.570	0.000	156.596
852.000	123.079	12.072	0.000	-179.082
854.000	123.030	11.362	0.000	-159.850
856.000	122.927	10.765	0.000	-144.365
858.000	122.801	11.493	0.000	-161.950
860.000	122.848	12.146	0.000	170.514
862.000	123.093	12.096	0.000	109.298
864.000	123.141	11.784	0.000	158.562
866.000	122.872	11.763	0.000	151.454
868.000	122.724	11.398	0.000	-161.143
870.000	122.938	11.714	0.000	-151.392
872.000	123.140	11.203	0.000	178.511
874.000	123.067	10.921	0.000	140.362
876.000	122.844	11.518	0.000	-144.512
878.000	122.770	11.366	0.000	-153.682
880.000	122.960	11.417	0.000	164.417
882.000	123.139	10.352	0.000	163.092
884.000	123.038	9.696	0.000	92.316
886.000	122.820	9.965	0.000	-129.729
888.000	122.819	9.790	0.000	157.150
890.000	122.981	10.917	0.000	165.316
892.000	123.088	11.113	0.000	-172.141
894.000	123.053	11.597	0.000	-163.364
896.000	122.859	11.737	0.000	-160.273
898.000	122.749	10.500	0.000	-126.603
900.000	122.997	10.034	0.000	-113.403
902.000	123.215	11.413	0.000	-127.844
904.000	122.989	11.290	0.000	-102.513
906.000	122.712	11.350	0.000	-89.128
908.000	122.887	11.461	0.000	-162.872
910.000	123.114	10.718	0.000	-159.836
912.000	123.055	9.940	0.000	-130.829
914.000	122.931	11.627	0.000	-138.097
916.000	122.859	10.384	0.000	-144.926
918.000	122.847	9.258	0.000	-173.757
920.000	123.036	9.851	0.000	127.573
922.000	123.170	9.740	0.000	178.687
924.000	122.929	10.638	0.000	-171.138
926.000	122.709	11.426	0.000	117.667
928.000	122.947	11.400	0.000	158.892
930.000	123.178	11.353	0.000	-171.516
932.000	123.043	11.633	0.000	-172.743
934.000	122.824	12.119	0.000	174.238
936.000	122.825	11.462	0.000	143.641
938.000	122.997	11.312	0.000	161.147
940.000	123.126	12.430	0.000	-179.851
942.000	123.020	11.683	0.000	175.787
944.000	122.810	10.219	0.000	178.134
946.000	122.845	11.210	0.000	-142.058
948.000	123.051	11.460	0.000	-164.395
950.000	123.111	9.345	0.000	-135.927
952.000	122.979	9.632	0.000	129.469
954.000	122.802	10.563	0.000	133.392
956.000	122.844	10.819	0.000	-179.691
958.000	123.123	11.560	0.000	-157.335
960.000	123.161	12.039	0.000	-174.434
962.000	122.833	11.384	0.000	148.247
964.000	122.758	10.201	0.000	128.277
966.000	123.055	11.017	0.000	94.068
968.000	123.125	10.735	0.000	156.892
970.000	122.964	10.932	0.000	-178.137
972.000	122.886	11.377	0.000	-145.831
974.000	122.860	11.379	0.000	166.405
976.000	122.967	10.517	0.000	160.828
978.000	123.164	11.380	0.000	169.046
980.000	123.025	11.538	0.000	-177.808
982.000	122.724	10.999	0.000	158.442
984.000	122.894	11.057	0.000	155.290
986.000	123.184	11.265	0.000	141.053
988.000	123.068	11.385	0.000	165.982
990.000	122.835	9.900	0.000	143.185
992.000	122.842	10.054	0.000	106.314
994.000	122.998	10.993	0.000	118.800
996.000	123.120	11.685	0.000	136.065
998.000	123.025	11.060	0.000	163.998
1000.000	122.811	11.310	0.000	167.479
1002.000	122.867	10.927	0.000	166.620
1004.000	123.083	11.715	0.000	158.204
1006.000	123.102	11.966	0.000	164.415
1008.000	122.942	10.809	0.000	143.158
1010.000	122.801	11.961	0.000	129.349
1012.000	122.910	12.379	0.000	144.585
1014.000	123.175	11.603	0.000	157.151
1016.000	123.090	10.948	0.000	152.340
1018.000	122.757	10.732	0.000	139.342
1020.000	122.861	10.881	0.000	124.483
1022.000	123.137	11.289	0.000	165.948
1024.000	123.061	11.647	0.000	179.823
1026.000	122.920	10.749	0.000	171.463
1028.000	122.885	10.943	0.000	155.077
1030.000	122.887	12.004	0.000	143.942
1032.000	123.091	12.132	0.000	156.690
1034.000	123.150	11.192	0.000	162.350
1036.000	122.820	10.504	0.000	153.306
1038.000	122.781	10.238	0.000	144.559
1040.000	123.125	11.230	0.000	134.448
1042.000	123.138	12.082	0.000	149.179
1044.000	122.896	12.359	0.000	165.323
1046.000	122.833	10.979	0.000	173.175
1048.000	122.949	11.333	0.000	177.567
1050.000	123.112	11.881	0.000	174.881
1052.000	123.072	10.556	0.000	158.785
1054.000	122.833	10.521	0.000	136.586
1056.000	122.854	11.215	0.000	118.196
1058.000	123.071	11.823	0.000	113.638
1060.000	123.098	12.321	0.000	153.244
1062.000	122.967	11.374	0.000	146.025
1064.000	122.814	10.913	0.000	120.570
1066.000	122.901	11.849	0.000	106.559
1068.000	123.190	11.347	0.000	121.514
1070.000	123.077	11.116	0.000	115.763
1072.000	122.741	11.217	0.000	113.262
1074.000	122.917	10.383	0.000	109.297
1076.000	123.142	9.770	0.000	125.081
1078.000	123.021	10.872	0.000	148.662
1080.000	122.934	10.787	0.000	161.044
1082.000	122.876	11.004	0.000	75.226
1084.000	122.912	12.285	0.000	116.644
1086.000	123.164	11.448	0.000	157.004
1088.000	123.069	11.504	0.000	140.338
1090.000	122.743	11.867	0.000	139.618
1092.000	122.919	12.353	0.000	155.474
1094.000	123.167	11.446	0.000	165.855
1096.000	123.041	11.403	0.000	129.555
1098.000	122.864	11.643	0.000	120.494
1100.000	122.854	12.081	0.000	100.960
1102.000	123.039	11.590	0.000	97.653
1104.000	123.146	11.794	0.000	123.714
1106.000	122.925	10.987	0.000	144.471
1108.000	122.814	10.815	0.000	119.028
1110.000	122.997	10.254	0.000	116.324
1112.000	123.089	10.406	0.000	91.663
1114.000	123.046	11.391	0.000	86.755
1116.000	122.865	11.198	0.000	109.981
1118.000	122.816	11.235	0.000	122.868
1120.000	123.145	11.031	0.000	105.980
1122.000	123.152	10.935	0.000	124.930
1124.000	122.783	9.312	0.000	131.747
1126.000	122.873	11.294	0.000	81.150
1128.000	123.108	10.875	0.000	91.936
1130.000	123.042	10.250	0.000	89.895
1132.000	122.968	10.456	0.000	70.026
1134.000	122.862	11.002	0.000	65.738
1136.000	122.905	11.684	0.000	119.721
1138.000	123.167	11.673	0.000	55.365
1140.000	123.052	10.617	0.000	64.869
1142.000	122.770	11.580	0.000	53.994
1144.000	122.927	11.953	0.000	45.122
1146.000	123.134	11.854	0.000	65.525
1148.000	123.057	10.660	0.000	44.903
1150.000	122.854	11.150	0.000	111.898
1152.000	122.849	11.608	0.000	78.105
1154.000	123.098	11.352	0.000	61.496
1156.000	123.105	11.808	0.000	-4.792
1158.000	122.876	11.755	0.000	123.518
1160.000	122.871	11.128	0.000	129.981
1162.000	122.998	11.159	0.000	133.047
1164.000	123.099	11.028	0.000	172.299
1166.000	123.028	12.393	0.000	172.478
1168.000	122.779	11.071	0.000	145.393
1170.000	122.934	10.328	0.000	89.125
1172.000	123.211	11.061	0.000	143.531
1174.000	122.983	10.800	0.000	-143.971
1176.000	122.787	11.226	0.000	167.911
1178.000	122.979	11.086	0.000	-179.992
1180.000	123.089	10.566	0.000	177.003
1182.000	123.033	10.382	0.000	-130.927
1184.000	122.889	11.771	0.000	-155.226
1186.000	122.856	12.350	0.000	150.257
1188.000	123.069	11.401	0.000	143.552
1190.000	123.121	12.331	0.000	154.332
1192.000	122.885	10.763	0.000	-178.397
1194.000	122.815	10.982	0.000	-171.744
1196.000	123.064	12.319	0.000	-179.616
1198.000	123.147	12.141	0.000	-170.601
1200.000	122.885	12.277	0.000	168.974
1202.000	122.820	12.036	0.000	153.880
1204.000	123.056	11.911	0.000	154.850
1206.000	123.095	12.631	0.000	173.821
1208.000	122.947	12.208	0.000	164.337
1210.000	122.854	11.498	0.000	133.577
1212.000	122.945	12.308	0.000	121.398
1214.000	123.127	11.436	0.000	127.447
1216.000	123.025	10.858	0.000	136.755
1218.000	122.794	10.174	0.000	134.201
1220.000	122.933	11.341	0.000	148.447
1222.000	123.156	12.131	0.000	159.628
1224.000	123.018	10.648	0.000	149.469
1226.000	122.794	11.409	0.000	151.508
1228.000	122.946	12.709	0.000	147.156
1230.000	123.128	12.067	0.000	139.622
1232.000	122.997	9.775	0.000	115.543
1234.000	122.875	11.184	0.000	116.828
1236.000	122.901	11.763	0.000	124.577
1238.000	123.044	11.288	0.000	115.792
1240.000	123.122	11.158	0.000	117.073
1242.000	122.851	11.764	0.000	117.086
1244.000	122.821	12.491	0.000	104.747
1246.000	123.153	11.489	0.000	119.890
1248.000	123.066	10.942	0.000	145.824
1250.000	122.831	10.908	0.000	140.894
1252.000	122.902	12.751	0.000	118.343
1254.000	123.052	13.439	0.000	124.121
1256.000	123.086	13.024	0.000	121.449
1258.000	122.889	12.109	0.000	119.454
1260.000	122.844	10.956	0.000	109.830
1262.000	123.063	11.975	0.000	107.900
1264.000	123.081	12.512	0.000	115.224
1266.000	122.921	12.697	0.000	104.402
1268.000	122.818	13.027	0.000	104.423
1270.000	123.031	14.069	0.000	101.336
1272.000	123.171	13.534	0.000	111.995
1274.000	122.842	12.625	0.000	109.214
1276.000	122.840	13.726	0.000	94.170
1278.000	123.107	15.310	0.000	104.085
1280.000	123.024	14.382	0.000	112.143
1282.000	122.938	13.599	0.000	117.168
1284.000	122.863	13.651	0.000	115.297
1286.000	122.967	13.393	0.000	118.445
1288.000	123.166	14.772	0.000	123.871
1290.000	122.903	15.465	0.000	131.661
1292.000	122.796	16.354	0.000	126.579
1294.000	123.075	17.664	0.000	127.056
1296.000	123.090	17.977	0.000	133.188
1298.000	122.899	18.054	0.000	133.657
1300.000	122.831	20.884	0.000	130.486
1302.000	123.046	23.063	0.000	128.857
1304.000	123.101	24.170	0.000	129.534
1306.000	122.879	25.548	0.000	121.770
1308.000	122.874	27.681	0.000	110.954
1310.000	123.004	30.189	0.000	102.098
1312.000	123.091	32.179	0.000	97.701
1314.000	122.947	32.760	0.000	87.952
1316.000	122.777	34.220	0.000	68.452
1318.000	123.072	36.973	0.000	56.381
1320.000	123.127	37.839	0.000	51.676
1322.000	122.828	37.369	0.000	35.286
1324.000	122.879	39.124	0.000	13.667
1326.000	123.059	40.546	0.000	7.586
1328.000	123.047	40.428	0.000	-2.863
1330.000	122.900	40.890	0.000	-19.822
1332.000	122.854	41.541	0.000	-33.542
1334.000	123.034	42.617	0.000	-49.130
1336.000	123.093	43.559	0.000	-56.575
1338.000	122.875	42.613	0.000	-67.180
1340.000	122.823	43.319	0.000	-93.494
1342.000	123.107	45.084	0.000	-100.609
1344.000	123.068	44.302	0.000	-106.497
1346.000	122.806	43.641	0.000	-129.072
1348.000	122.920	44.763	0.000	-143.342
1350.000	123.070	45.129	0.000	-152.520
1352.000	123.019	44.919	0.000	-163.729
1354.000	122.864	44.498	0.000	-178.853
1356.000	122.879	44.989	0.000	163.236
1358.000	123.090	45.770	0.000	152.982
1360.000	123.028	45.356	0.000	143.575
1362.000	122.826	44.419	0.000	126.722
1364.000	122.896	44.897	0.000	106.031
1366.000	123.123	45.672	0.000	98.184
1368.000	123.003	44.323	0.000	91.054
1370.000	122.767	43.162	0.000	65.715
1372.000	123.010	44.012	0.000	53.290
1374.000	123.079	42.934	0.000	47.135
1376.000	122.925	41.226	0.000	30.804
1378.000	122.882	40.132	0.000	19.456
1380.000	122.911	38.792	0.000	8.451
1382.000	123.127	38.460	0.000	5.152
1384.000	122.954	36.707	0.000	8.031
1386.000	122.767	35.286	0.000	-3.337
1388.000	123.061	36.730	0.000	-6.115
1390.000	123.071	36.240	0.000	-2.609
1392.000	122.875	34.906	0.000	-11.711
1394.000	122.847	35.270	0.000	-21.666
1396.000	123.043	35.415	0.000	-22.731
1398.000	123.061	34.933	0.000	-24.710
1400.000	122.841	33.979	0.000	-30.944
1402.000	122.895	33.865	0.000	-37.718
1404.000	123.028	34.286	0.000	-37.830
1406.000	123.051	34.129	0.000	-34.088
1408.000	122.845	33.367	0.000	-36.062
1410.000	122.850	34.674	0.000	-43.146
1412.000	123.151	36.603	0.000	-38.795
1414.000	122.961	36.486	0.000	-38.296
1416.000	122.796	37.546	0.000	-54.622
1418.000	122.990	39.953	0.000	-61.157
1420.000	123.050	40.574	0.000	-66.077
1422.000	122.946	40.919	0.000	-80.897
1424.000	122.831	41.612	0.000	-95.091
1426.000	122.965	42.472	0.000	-111.280
1428.000	123.088	43.537	0.000	-122.214
1430.000	122.909	42.714	0.000	-131.697
1432.000	122.797	42.520	0.000	-160.842
1434.000	123.058	44.099	0.000	-173.972
1436.000	123.066	43.114	0.000	177.552
1438.000	122.804	41.630	0.000	148.066
1440.000	122.910	41.992	0.000	124.758
1442.000	123.051	41.366	0.000	105.890
1444.000	122.992	40.026	0.000	81.423
1446.000	122.840	38.537	0.000	51.102
1448.000	122.902	38.340	0.000	14.306
1450.000	123.086	38.646	0.000	-11.126
1452.000	122.956	38.022	0.000	-37.721
1454.000	122.807	37.932	0.000	-71.927
1456.000	122.957	39.583	0.000	-100.094
1458.000	123.117	40.386	0.000	-112.883
1460.000	122.857	39.143	0.000	-133.163
1462.000	122.830	40.229	0.000	-162.824
1464.000	123.077	41.021	0.000	-172.140
1466.000	122.972	39.958	0.000	170.892
1468.000	122.892	39.739	0.000	151.356
1470.000	122.854	39.190	0.000	134.218
1472.000	123.045	39.360	0.000	116.405
1474.000	123.038	38.649	0.000	109.822
1476.000	122.760	36.179	0.000	90.029
1478.000	122.966	36.355	0.000	69.672
1480.000	123.078	35.390	0.000	66.596
1482.000	122.899	32.419	0.000	53.835
1484.000	122.816	30.995	0.000	34.960
1486.000	123.015	29.821	0.000	28.443
1488.000	123.039	27.703	0.000	22.526
1490.000	122.844	25.066	0.000	17.077
1492.000	122.880	22.956	0.000	11.928
1494.000	123.010	21.717	0.000	8.335
1496.000	123.032	19.778	0.000	10.388
1498.000	122.797	17.290	0.000	11.721
1500.000	122.903	16.709	0.000	6.647
1502.000	123.114	16.692	0.000	22.474
1504.000	122.883	13.967	0.000	35.945
1506.000	122.818	13.924	0.000	26.545
1508.000	123.011	14.037	0.000	24.784
1510.000	123.017	13.675	0.000	36.234
1512.000	122.860	13.185	0.000	36.313
1514.000	122.862	13.386	0.000	52.041
1516.000	123.011	13.110	0.000	49.504
1518.000	123.026	13.183	0.000	48.962
1520.000	122.782	12.528	0.000	47.877
1522.000	122.919	12.911	0.000	45.864
1524.000	123.104	13.663	0.000	52.436
1526.000	122.856	11.618	0.000	68.649
1528.000	122.843	11.591	0.000	51.063
1530.000	122.992	11.639	0.000	52.351
1532.000	123.020	11.191	0.000	41.671
1534.000	122.837	12.237	0.000	54.844
1536.000	122.869	12.851	0.000	48.596
1538.000	123.038	11.315	0.000	42.005
1540.000	122.964	10.794	0.000	25.985
1542.000	122.803	11.345	0.000	30.949
1544.000	122.921	12.136	0.000	54.894
1546.000	123.106	11.787	0.000	64.541
1548.000	122.814	10.727	0.000	59.263
1550.000	122.860	10.884	0.000	34.049
1552.000	123.032	11.784	0.000	58.735
1554.000	122.951	11.723	0.000	57.537
1556.000	122.853	12.230	0.000	46.320
1558.000	122.864	11.959	0.000	26.312
1560.000	123.068	10.756	0.000	20.464
1562.000	122.913	10.214	0.000	55.128
1564.000	122.783	10.614	0.000	58.605
1566.000	123.004	11.314	0.000	12.605
1568.000	123.026	11.342	0.000	16.415
1570.000	122.794	10.318	0.000	32.093
1572.000	122.895	11.072	0.000	31.701
1574.000	123.033	12.082	0.000	32.019
1576.000	122.917	10.068	0.000	26.352
1578.000	122.819	10.099	0.000	17.577
1580.000	122.933	11.391	0.000	18.127
1582.000	123.044	11.415	0.000	27.743
1584.000	122.840	9.941	0.000	55.939
1586.000	122.825	10.496	0.000	1.089
1588.000	123.046	11.218	0.000	27.618
1590.000	122.956	10.178	0.000	129.541
1592.000	122.762	10.163	0.000	-48.907
1594.000	122.984	9.875	0.000	-32.766
1596.000	122.991	9.425	0.000	8.165
1598.000	122.865	8.868	0.000	28.737
1600.000	122.838	10.293	0.000	11.971
1602.000	122.981	11.487	0.000	-2.707
1604.000	123.012	11.586	0.000	102.624
1606.000	122.750	11.289	0.000	97.618
1608.000	122.948	10.273	0.000	-15.441
1610.000	123.031	8.366	0.000	83.217
1612.000	122.840	9.053	0.000	8.280
1614.000	122.826	10.319	0.000	-13.404
1616.000	123.017	9.670	0.000	5.024
1618.000	122.941	9.175	0.000	5.284
1620.000	122.808	9.803	0.000	-28.576
1622.000	122.904	9.909	0.000	-32.645
1624.000	123.016	9.791	0.000	-35.465
1626.000	122.881	10.144	0.000	-28.230
1628.000	122.779	10.453	0.000	-89.149
1630.000	123.041	11.099	0.000	-77.118
1632.000	122.944	11.459	0.000	-95.069
1634.000	122.772	10.356	0.000	-50.722
1636.000	122.942	10.074	0.000	-8.256
1638.000	122.996	10.004	0.000	-83.273
1640.000	122.846	11.060	0.000	-146.551
1642.000	122.835	9.746	0.000	-132.014
1644.000	122.969	8.862	0.000	-175.182
1646.000	122.985	9.829	0.000	-164.762
1648.000	122.746	9.768	0.000	-122.956
1650.000	122.945	10.603	0.000	-84.902
1652.000	123.022	10.387	0.000	-134.468
1654.000	122.802	11.012	0.000	-167.178
1656.000	122.850	11.250	0.000	-120.178
1658.000	122.995	10.793	0.000	-173.661
1660.000	122.920	10.485	0.000	-70.336
1662.000	122.785	10.110	0.000	-174.998
1664.000	122.935	9.305	0.000	-113.105
1666.000	122.985	9.899	0.000	-40.204
1668.000	122.835	10.502	0.000	-86.506
1670.000	122.803	9.908	0.000	-156.071
1672.000	123.061	10.301	0.000	-146.139
1674.000	122.858	10.815	0.000	-127.635
1676.000	122.796	9.630	0.000	-116.846
1678.000	122.969	9.147	0.000	-124.124
1680.000	122.944	10.448	0.000	-126.952
1682.000	122.814	11.064	0.000	-159.645
1684.000	122.855	10.385	0.000	-175.050
1686.000	123.004	10.432	0.000	-160.131
1688.000	122.873	9.321	0.000	-169.269
1690.000	122.765	10.466	0.000	-145.350
1692.000	123.010	10.194	0.000	176.642
1694.000	122.926	10.335	0.000	-157.386
1696.000	122.768	10.621	0.000	-124.117
1698.000	122.926	10.537	0.000	-140.370
1700.000	122.965	9.898	0.000	-140.609
1702.000	122.833	9.909	0.000	-144.593
1704.000	122.815	11.068	0.000	-164.697
1706.000	122.992	10.815	0.000	-152.803
1708.000	122.895	11.398	0.000	-129.993
1710.000	122.772	10.777	0.000	-142.268
1712.000	122.933	9.905	0.000	-144.713
1714.000	122.996	10.535	0.000	-130.539
1716.000	122.735	10.212	0.000	-148.754
1718.000	122.923	12.025	0.000	-144.581
1720.000	122.946	12.372	0.000	-133.410
1722.000	122.860	11.932	0.000	-135.475
1724.000	122.790	11.216	0.000	-163.858
1726.000	122.969	11.021	0.000	-158.475
1728.000	122.927	11.889	0.000	-140.693
1730.000	122.750	11.657	0.000	-156.586
1732.000	122.922	12.193	0.000	-150.806
1734.000	122.979	12.516	0.000	-142.732
1736.000	122.762	12.368	0.000	-135.622
1738.000	122.872	12.211	0.000	-139.004
1740.000	122.967	12.914	0.000	-155.969
1742.000	122.846	13.828	0.000	-153.985
1744.000	122.790	13.583	0.000	-151.195
1746.000	122.948	14.888	0.000	-154.192
1748.000	122.929	14.696	0.000	-156.169
1750.000	122.751	14.139	0.000	-155.196
1752.000	122.900	14.839	0.000	-154.550
1754.000	122.982	14.258	0.000	-149.586
1756.000	122.756	14.830	0.000	-152.026
1758.000	122.866	16.693	0.000	-155.433
1760.000	122.965	16.613	0.000	-145.845
1762.000	122.831	17.590	0.000	-155.419
1764.000	122.799	17.594	0.000	-162.469
1766.000	122.926	18.362	0.000	-156.495
1768.000	122.943	17.994	0.000	-153.222
1770.000	122.722	18.132	0.000	-164.129
1772.000	122.930	19.820	0.000	-159.696
1774.000	122.942	19.264	0.000	-153.009
1776.000	122.767	19.623	0.000	-157.635
1778.000	122.849	21.336	0.000	-162.880
1780.000	122.968	21.887	0.000	-159.973
1782.000	122.810	21.944	0.000	-163.613
1784.000	122.800	22.413	0.000	-170.135
1786.000	122.933	24.043	0.000	-167.211
1788.000	122.905	23.967	0.000	-162.095
1790.000	122.730	24.285	0.000	-169.245
1792.000	122.931	26.222	0.000	-168.555
1794.000	122.930	26.006	0.000	-164.182
1796.000	122.739	26.361	0.000	-171.243
1798.000	122.886	28.379	0.000	-172.424
1800.000	122.934	28.648	0.000	-170.240
1802.000	122.798	29.310	0.000	-174.588
1804.000	122.803	30.559	0.000	-176.289
1806.000	122.947	32.140	0.000	-177.331
1808.000	122.864	32.265	0.000	-174.044
1810.000	122.732	33.343	0.000	173.658
1812.000	122.968	35.520	0.000	178.816
1814.000	122.867	35.259	0.000	178.371
1816.000	122.750	36.886	0.000	169.953
1818.000	122.899	38.520	0.000	171.107
1820.000	122.915	39.544	0.000	169.683
1822.000	122.765	40.423	0.000	163.420
1824.000	122.834	42.472	0.000	156.775
1826.000	122.945	44.127	0.000	155.419
1828.000	122.801	44.700	0.000	148.416
1830.000	122.771	46.595	0.000	133.586
1832.000	122.974	48.514	0.000	131.652
1834.000	122.812	48.132	0.000	124.095
1836.000	122.762	49.952	0.000	107.514
1838.000	122.938	51.210	0.000	106.122
1840.000	122.847	51.526	0.000	93.630
1842.000	122.773	52.437	0.000	81.360
1844.000	122.855	53.370	0.000	67.108
1846.000	122.944	54.014	0.000	62.079
1848.000	122.722	52.898	0.000	48.869
1850.000	122.863	54.377	0.000	35.501
1852.000	122.935	54.198	0.000	36.781
1854.000	122.757	53.408	0.000	22.243
1856.000	122.808	54.574	0.000	14.148
1858.000	122.941	54.770	0.000	9.807
1860.000	122.789	54.513	0.000	-0.009
1862.000	122.784	54.734	0.000	-12.899
1864.000	122.903	55.336	0.000	-20.536
1866.000	122.869	54.494	0.000	-24.756
1868.000	122.710	53.723	0.000	-38.501
1870.000	122.936	54.676	0.000	-41.265
1872.000	122.861	53.917	0.000	-40.986
1874.000	122.732	53.912	0.000	-55.574
1876.000	122.882	55.174	0.000	-59.341
1878.000	122.885	54.313	0.000	-66.109
1880.000	122.753	53.955	0.000	-79.460
1882.000	122.824	53.324	0.000	-87.951
1884.000	122.922	53.120	0.000	-92.255
1886.000	122.763	51.201	0.000	-92.847
1888.000	122.787	51.076	0.000	-101.898
1890.000	122.955	50.841	0.000	-91.605
1892.000	122.752	49.400	0.000	-94.081
1894.000	122.787	50.463	0.000	-93.602
1896.000	122.911	51.243	0.000	-90.287
1898.000	122.810	51.377	0.000	-92.040
1900.000	122.752	52.174	0.000	-100.128
1902.000	122.891	53.241	0.000	-102.544
1904.000	122.857	53.209	0.000	-103.774
1906.000	122.710	53.188	0.000	-113.314
1908.000	122.904	55.091	0.000	-116.195
1910.000	122.864	54.784	0.000	-114.995
1912.000	122.717	55.251	0.000	-131.086
1914.000	122.871	56.529	0.000	-133.998
1916.000	122.867	56.146	0.000	-140.433
1918.000	122.745	56.191	0.000	-150.929
1920.000	122.813	56.566	0.000	-159.558
1922.000	122.906	57.113	0.000	-163.483
1924.000	122.743	56.159	0.000	-170.013
1926.000	122.793	57.237	0.000	174.876
1928.000	122.927	57.357	0.000	176.982
1930.000	122.734	55.870	0.000	161.537
1932.000	122.794	56.318	0.000	152.545
1934.000	122.894	55.370	0.000	148.296
1936.000	122.777	54.086	0.000	142.950
1938.000	122.760	53.212	0.000	136.541
1940.000	122.885	53.214	0.000	139.123
1942.000	122.816	52.153	0.000	141.757
1944.000	122.714	52.232	0.000	136.626
1946.000	122.917	53.664	0.000	138.988
1948.000	122.798	53.013	0.000	139.550
1950.000	122.733	53.859	0.000	125.686
1952.000	122.878	54.618	0.000	126.752
1954.000	122.820	53.840	0.000	118.242
1956.000	122.734	53.779	0.000	110.410
1958.000	122.837	53.826	0.000	102.105
1960.000	122.873	53.655	0.000	102.537
1962.000	122.695	51.939	0.000	93.074
1964.000	122.861	52.726	0.000	89.438
1966.000	122.854	51.354	0.000	94.510
1968.000	122.719	50.489	0.000	87.627
1970.000	122.823	50.950	0.000	91.004
1972.000	122.868	50.648	0.000	93.940
1974.000	122.722	50.391	0.000	92.158
1976.000	122.807	51.183	0.000	90.907
1978.000	122.869	51.713	0.000	95.059
1980.000	122.741	51.422	0.000	93.373
1982.000	122.771	53.073	0.000	87.999
1984.000	122.910	53.880	0.000	93.159
1986.000	122.706	53.667	0.000	84.114
1988.000	122.800	55.472	0.000	78.973
1990.000	122.861	55.708	0.000	78.532
1992.000	122.751	56.070	0.000	69.341
1994.000	122.757	56.911	0.000	61.962
1996.000	122.878	58.114	0.000	56.038
1998.000	122.761	57.735	0.000	51.668
2000.000	122.729	58.623	0.000	33.166
2002.000	122.912	59.371	0.000	34.775
2004.000	122.728	57.985	0.000	21.945
2006.000	122.760	58.718	0.000	12.314
2008.000	122.864	58.548	0.000	7.483
2010.000	122.766	57.991	0.000	0.697
2012.000	122.732	57.848	0.000	-11.629
2014.000	122.866	58.175	0.000	-15.486
2016.000	122.781	57.048	0.000	-20.966
2018.000	122.702	56.460	0.000	-33.284
2020.000	122.899	56.992	0.000	-35.032
2022.000	122.751	55.226	0.000	-36.253
2024.000	122.734	55.272	0.000	-46.179
2026.000	122.858	55.083	0.000	-41.536
2028.000	122.772	54.489	0.000	-45.329
2030.000	122.721	54.714	0.000	-48.382
2032.000	122.848	55.774	0.000	-52.306
2034.000	122.795	55.693	0.000	-52.326
2036.000	122.692	56.010	0.000	-68.035
2038.000	122.883	57.322	0.000	-70.442
2040.000	122.757	56.038	0.000	-78.435
2042.000	122.723	56.405	0.000	-94.421
2044.000	122.849	56.203	0.000	-98.870
2046.000	122.775	55.146	0.000	-108.067
2048.000	122.717	54.232	0.000	-119.085
2050.000	122.834	54.033	0.000	-125.186
2052.000	122.797	52.657	0.000	-126.036
2054.000	122.686	51.680	0.000	-136.291
2056.000	122.872	52.199	0.000	-137.667
2058.000	122.760	50.875	0.000	-139.635
2060.000	122.717	50.657	0.000	-154.417
2062.000	122.841	50.597	0.000	-155.526
2064.000	122.771	48.878	0.000	-165.702
2066.000	122.713	47.792	0.000	-175.264
2068.000	122.824	46.577	0.000	176.291
2070.000	122.799	44.811	0.000	176.893
2072.000	122.677	41.658	0.000	168.298
2074.000	122.870	40.737	0.000	175.890
2076.000	122.750	38.229	0.000	-170.199
2078.000	122.716	39.123	0.000	-164.319
2080.000	122.832	40.139	0.000	-164.573
2082.000	122.767	40.028	0.000	-173.819
2084.000	122.706	39.292	0.000	165.663
2086.000	122.830	38.459	0.000	146.328
2088.000	122.776	35.767	0.000	117.122
2090.000	122.681	35.071	0.000	51.563
2092.000	122.868	38.132	0.000	12.824
2094.000	122.732	40.029	0.000	-18.153
2096.000	122.721	43.583	0.000	-45.164
2098.000	122.833	44.994	0.000	-54.665
2100.000	122.743	45.906	0.000	-72.137
2102.000	122.712	46.946	0.000	-86.445
2104.000	122.836	48.162	0.000	-97.712
2106.000	122.742	47.796	0.000	-104.734
2108.000	122.705	48.144	0.000	-123.747
2110.000	122.858	48.695	0.000	-124.787
2112.000	122.707	46.990	0.000	-135.458
2114.000	122.734	47.299	0.000	-143.767
2116.000	122.832	46.537	0.000	-144.205
2118.000	122.715	45.583	0.000	-146.480
2120.000	122.731	45.509	0.000	-149.398
2122.000	122.830	46.014	0.000	-144.375
2124.000	122.712	45.467	0.000	-144.915
2126.000	122.732	46.661	0.000	-149.500
2128.000	122.841	47.669	0.000	-145.618
2130.000	122.684	47.383	0.000	-153.420
2132.000	122.761	49.124	0.000	-159.493
2134.000	122.810	48.866	0.000	-161.247
2136.000	122.704	49.035	0.000	-170.545
2138.000	122.737	49.316	0.000	-178.611
2140.000	122.837	49.951	0.000	178.427
2142.000	122.670	48.605	0.000	171.221
2144.000	122.782	49.575	0.000	163.211
2146.000	122.801	48.739	0.000	164.801
2148.000	122.677	48.108	0.000	153.539
2150.000	122.783	48.450	0.000	151.659
2152.000	122.790	47.650	0.000	149.448
2154.000	122.682	46.997	0.000	143.919
2156.000	122.779	47.135	0.000	140.895
2158.000	122.797	46.583	0.000	142.754
2160.000	122.657	45.633	0.000	136.930
2162.000	122.822	46.299	0.000	137.963
2164.000	122.752	45.195	0.000	141.576
2166.000	122.683	45.277	0.000	135.689
2168.000	122.817	45.680	0.000	141.070
2170.000	122.734	44.901	0.000	139.505
2172.000	122.699	44.973	0.000	139.448
2174.000	122.811	45.462	0.000	141.956
2176.000	122.734	45.234	0.000	148.623
2178.000	122.697	46.316	0.000	145.167
2180.000	122.829	47.668	0.000	153.657
2182.000	122.698	47.651	0.000	148.244
2184.000	122.728	49.387	0.000	144.905
2186.000	122.805	49.996	0.000	143.819
2188.000	122.703	50.350	0.000	139.133
2190.000	122.720	51.564	0.000	131.690
2192.000	122.819	52.437	0.000	131.409
2194.000	122.675	52.377	0.000	123.277
2196.000	122.749	53.873	0.000	114.029
2198.000	122.808	54.352	0.000	113.813
2200.000	122.652	54.162	0.000	98.441
2202.000	122.794	55.392	0.000	94.220
2204.000	122.759	54.565	0.000	86.308
2206.000	122.683	54.414	0.000	77.159
2208.000	122.774	54.502	0.000	68.579
2210.000	122.776	53.985	0.000	68.538
2212.000	122.655	52.936	0.000	57.476
2214.000	122.814	53.488	0.000	58.897
2216.000	122.721	52.111	0.000	58.136
2218.000	122.688	52.575	0.000	52.732
2220.000	122.809	52.598	0.000	56.049
2222.000	122.700	52.346	0.000	53.115
2224.000	122.703	52.787	0.000	49.894
2226.000	122.807	53.601	0.000	51.366
2228.000	122.683	53.251	0.000	48.383
2230.000	122.724	54.497	0.000	42.460
2232.000	122.801	55.088	0.000	43.737
2234.000	122.659	55.075	0.000	33.954
2236.000	122.766	56.521	0.000	29.492
2238.000	122.756	56.098	0.000	24.802
2240.000	122.685	56.475	0.000	16.436
2242.000	122.749	56.777	0.000	8.858
2244.000	122.773	57.048	0.000	7.591
2246.000	122.652	56.538	0.000	-4.289
2248.000	122.797	57.576	0.000	-5.951
2250.000	122.721	56.512	0.000	-10.550
2252.000	122.682	57.105	0.000	-20.061
2254.000	122.792	57.231	0.000	-22.031
2256.000	122.703	56.912	0.000	-28.451
2258.000	122.692	57.228	0.000	-37.513
2260.000	122.803	57.610	0.000	-40.390
2262.000	122.671	56.799	0.000	-48.276
2264.000	122.723	57.293	0.000	-58.975
2266.000	122.797	57.140	0.000	-59.478
2268.000	122.643	56.025	0.000	-72.292
2270.000	122.781	56.351	0.000	-75.064
2272.000	122.734	54.915	0.000	-79.107
2274.000	122.675	54.346	0.000	-83.664
2276.000	122.771	54.142	0.000	-86.007
2278.000	122.731	53.547	0.000	-83.188
2280.000	122.668	53.115	0.000	-88.717
2282.000	122.794	53.940	0.000	-84.475
2284.000	122.691	53.197	0.000	-86.035
2286.000	122.706	54.249	0.000	-89.084
2288.000	122.773	54.426	0.000	-89.184
2290.000	122.687	54.770	0.000	-92.750
2292.000	122.710	55.665	0.000	-100.181
2294.000	122.783	56.310	0.000	-101.212
2296.000	122.651	56.111	0.000	-111.244
2298.000	122.756	57.224	0.000	-120.149
2300.000	122.753	57.140	0.000	-122.772
2302.000	122.655	56.903	0.000	-138.873
2304.000	122.780	57.272	0.000	-141.302
2306.000	122.711	56.207	0.000	-150.753
2308.000	122.676	55.792	0.000	-158.091
2310.000	122.784	55.893	0.000	-164.025
2312.000	122.685	54.707	0.000	-166.067
2314.000	122.704	54.686	0.000	-176.883
2316.000	122.780	54.273	0.000	-174.005
2318.000	122.660	53.165	0.000	177.022
2320.000	122.737	53.346	0.000	175.613
2322.000	122.753	52.659	0.000	174.028
2324.000	122.661	52.186	0.000	169.514
2326.000	122.754	52.450	0.000	167.254
2328.000	122.738	51.938	0.000	167.640
2330.000	122.648	51.688	0.000	160.842
2332.000	122.805	52.370	0.000	162.089
2334.000	122.668	51.430	0.000	159.117
2336.000	122.710	52.211	0.000	154.178
2338.000	122.766	51.971	0.000	155.099
2340.000	122.666	51.911	0.000	149.673
2342.000	122.726	52.363	0.000	145.912
2344.000	122.761	52.773	0.000	145.574
2346.000	122.642	52.499	0.000	137.797
2348.000	122.781	53.901	0.000	135.386
2350.000	122.700	53.102	0.000	131.890
2352.000	122.680	53.957	0.000	122.176
2354.000	122.769	54.150	0.000	119.161
2356.000	122.685	54.021	0.000	111.190
2358.000	122.695	54.501	0.000	100.524
2360.000	122.776	54.582	0.000	96.254
2362.000	122.651	53.777	0.000	85.168
2364.000	122.742	54.101	0.000	75.501
2366.000	122.743	53.313	0.000	73.247
2368.000	122.649	52.500	0.000	60.133
2370.000	122.778	52.268	0.000	60.194
2372.000	122.692	50.983	0.000	53.994
2374.000	122.679	50.546	0.000	50.808
2376.000	122.784	50.603	0.000	49.851
2378.000	122.654	49.695	0.000	49.140
2380.000	122.733	50.450	0.000	43.980
2382.000	122.744	50.234	0.000	46.674
2384.000	122.656	50.362	0.000	37.424
2386.000	122.756	51.101	0.000	35.379
2388.000	122.710	50.959	0.000	28.887
2390.000	122.673	51.055	0.000	20.002
2392.000	122.762	51.613	0.000	13.495
2394.000	122.689	50.926	0.000	7.445
2396.000	122.689	51.065	0.000	-4.585
2398.000	122.777	51.046	0.000	-7.023
2400.000	122.639	50.143	0.000	-18.350
2402.000	122.754	50.741	0.000	-24.811
2404.000	122.722	49.727	0.000	-31.112
2406.000	122.658	49.305	0.000	-40.392
2408.000	122.771	49.237	0.000	-48.476
2410.000	122.686	48.315	0.000	-51.146
2412.000	122.688	47.871	0.000	-64.334
2414.000	122.770	47.565	0.000	-63.519
2416.000	122.654	46.352	0.000	-74.153
2418.000	122.736	46.460	0.000	-78.954
2420.000	122.730	45.726	0.000	-84.531
2422.000	122.663	45.089	0.000	-94.048
2424.000	122.752	45.055	0.000	-101.568
2426.000	122.709	43.963	0.000	-107.431
2428.000	122.662	43.029	0.000	-119.618
2430.000	122.792	42.744	0.000	-122.806
2432.000	122.643	40.794	0.000	-131.528
2434.000	122.739	40.498	0.000	-138.026
2436.000	122.736	38.881	0.000	-141.391
2438.000	122.651	37.737	0.000	-147.238
2440.000	122.766	37.051	0.000	-152.236
2442.000	122.694	35.689	0.000	-153.107
2444.000	122.679	34.602	0.000	-161.831
2446.000	122.773	34.110	0.000	-158.816
2448.000	122.653	32.414	0.000	-164.606
2450.000	122.733	31.938	0.000	-166.286
2452.000	122.730	30.549	0.000	-167.848
2454.000	122.663	29.866	0.000	-170.937
2456.000	122.749	29.377	0.000	-172.987
2458.000	122.706	27.998	0.000	-174.321
2460.000	122.670	27.174	0.000	-179.897
2462.000	122.779	26.898	0.000	-178.481
2464.000	122.648	25.672	0.000	179.060
2466.000	122.740	25.428	0.000	178.112
2468.000	122.721	24.132	0.000	173.729
2470.000	122.667	23.454	0.000	171.993
2472.000	122.754	22.676	0.000	172.890
2474.000	122.692	21.682	0.000	174.997
2476.000	122.698	21.561	0.000	168.140
2478.000	122.753	20.748	0.000	171.745
2480.000	122.664	19.974	0.000	165.260
2482.000	122.732	20.073	0.000	165.602
2484.000	122.725	19.231	0.000	166.077
2486.000	122.667	18.650	0.000	156.515
2488.000	122.759	18.160	0.000	158.011
2490.000	122.684	17.488	0.000	157.615
2492.000	122.701	16.931	0.000	153.504
2494.000	122.757	16.199	0.000	157.134
2496.000	122.651	14.262	0.000	152.085
2498.000	122.757	14.066	0.000	165.585
2500.000	122.699	14.743	0.000	157.037
2502.000	122.682	14.480	0.000	146.662
2504.000	122.763	12.584	0.000	145.100
2506.000	122.667	11.076	0.000	153.823
2508.000	122.725	11.638	0.000	161.391
2510.000	122.738	11.355	0.000	164.282
2512.000	122.659	10.988	0.000	161.278
2514.000	122.759	11.060	0.000	177.062
2516.000	122.694	9.823	0.000	176.984
2518.000	122.686	9.890	0.000	155.170
2520.000	122.771	10.005	0.000	154.603
2522.000	122.645	10.666	0.000	153.798
2524.000	122.758	10.528	0.000	154.817
2526.000	122.700	10.083	0.000	169.661
2528.000	122.698	7.842	0.000	-176.558
2530.000	122.744	9.741	0.000	-169.955
2532.000	122.689	10.651	0.000	168.360
2534.000	122.710	10.436	0.000	-168.544
2536.000	122.746	10.495	0.000	-144.820
2538.000	122.660	11.299	0.000	-139.007
2540.000	122.763	10.850	0.000	-158.153
2542.000	122.687	9.722	0.000	-156.674
2544.000	122.703	9.909	0.000	-139.412
2546.000	122.753	10.756	0.000	-168.517
2548.000	122.660	10.950	0.000	179.889
2550.000	122.750	10.531	0.000	-174.132
2552.000	122.711	10.204	0.000	-174.932
2554.000	122.681	10.860	0.000	-156.797
2556.000	122.769	10.421	0.000	-132.004
2558.000	122.665	9.502	0.000	-130.140
2560.000	122.736	10.370	0.000	-148.001
2562.000	122.726	11.255	0.000	-142.088
2564.000	122.673	11.553	0.000	-171.844
2566.000	122.763	10.899	0.000	-158.077
2568.000	122.681	9.992	0.000	-142.355
2570.000	122.718	10.516	0.000	-157.561
2572.000	122.749	10.559	0.000	-161.157
2574.000	122.663	11.127	0.000	-144.131
2576.000	122.762	12.143	0.000	-148.476
2578.000	122.691	11.570	0.000	-163.086
2580.000	122.706	11.865	0.000	-165.585
2582.000	122.753	11.741	0.000	-144.309
2584.000	122.668	11.547	0.000	-168.402
2586.000	122.756	11.072	0.000	179.520
2588.000	122.705	10.172	0.000	-160.998
2590.000	122.695	10.483	0.000	-177.774
2592.000	122.760	10.162	0.000	173.845
2594.000	122.672	8.971	0.000	-178.220
2596.000	122.742	9.364	0.000	165.408
2598.000	122.725	10.402	0.000	159.970
2600.000	122.686	9.040	0.000	175.861
2602.000	122.763	9.961	0.000	-159.830
2604.000	122.677	9.817	0.000	173.464
2606.000	122.738	9.805	0.000	158.750
2608.000	122.728	10.849	0.000	166.899
2610.000	122.681	10.708	0.000	169.626
2612.000	122.762	9.178	0.000	153.704
2614.000	122.693	10.019	0.000	164.877
2616.000	122.715	9.351	0.000	159.521
2618.000	122.758	8.735	0.000	129.220
2620.000	122.662	9.240	0.000	159.398
2622.000	122.778	9.469	0.000	168.526
2624.000	122.684	9.645	0.000	158.546
2626.000	122.721	10.691	0.000	137.820
2628.000	122.753	10.533	0.000	106.317
2630.000	122.672	10.218	0.000	128.720
2632.000	122.764	10.226	0.000	163.697
2634.000	122.703	10.421	0.000	159.357
2636.000	122.709	9.713	0.000	-163.194
2638.000	122.761	9.523	0.000	140.492
2640.000	122.666	9.441	0.000	154.493
2642.000	122.770	8.427	0.000	170.246
2644.000	122.700	9.435	0.000	143.684
2646.000	122.714	10.550	0.000	131.204
2648.000	122.761	9.950	0.000	139.423
2650.000	122.680	9.806	0.000	32.736
2652.000	122.755	8.749	0.000	58.214
2654.000	122.714	10.281	0.000	-177.144
2656.000	122.702	10.741	0.000	-153.986
2658.000	122.771	8.446	0.000	137.546
2660.000	122.666	9.528	0.000	152.910
2662.000	122.772	9.869	0.000	-102.329
2664.000	122.705	7.688	0.000	-116.439
2666.000	122.715	8.387	0.000	-88.976
2668.000	122.756	9.462	0.000	-47.464
2670.000	122.685	9.572	0.000	148.818
2672.000	122.754	9.865	0.000	157.459
2674.000	122.721	9.502	0.000	-168.044
2676.000	122.705	8.979	0.000	-134.402
2678.000	122.771	8.947	0.000	-163.285
2680.000	122.673	9.669	0.000	-177.145
2682.000	122.771	10.029	0.000	-112.336
2684.000	122.712	10.313	0.000	-135.518
2686.000	122.706	10.170	0.000	146.314
2688.000	122.785	10.282	0.000	141.310
2690.000	122.664	10.323	0.000	-151.129
2692.000	122.782	9.830	0.000	-131.028
2694.000	122.698	10.089	0.000	-127.350
2696.000	122.737	9.706	0.000	-137.831
2698.000	122.742	10.401	0.000	-152.429
2700.000	122.702	10.284	0.000	-139.184
2702.000	122.755	9.753	0.000	166.969
2704.000	122.723	9.815	0.000	146.503
2706.000	122.712	9.797	0.000	-169.579
2708.000	122.773	9.771	0.000	-169.082
2710.000	122.678	9.892	0.000	-177.221
2712.000	122.781	8.706	0.000	-176.377
2714.000	122.697	9.242	0.000	160.060
2716.000	122.739	10.329	0.000	172.991
2718.000	122.752	10.724	0.000	-163.106
2720.000	122.692	10.255	0.000	174.341
2722.000	122.775	11.169	0.000	155.561
2724.000	122.707	10.366	0.000	152.450
2726.000	122.733	10.216	0.000	-163.893
2728.000	122.760	10.668	0.000	173.945
2730.000	122.684	10.847	0.000	145.807
2732.000	122.788	10.208	0.000	152.691
2734.000	122.686	8.307	0.000	129.991
2736.000	122.769	10.366	0.000	130.408
2738.000	122.722	9.324	0.000	128.881
2740.000	122.726	11.080	0.000	155.582
2742.000	122.760	11.179	0.000	-178.696
2744.000	122.704	10.978	0.000	166.412
2746.000	122.753	10.424	0.000	148.037
2748.000	122.737	10.905	0.000	145.025
2750.000	122.717	10.558	0.000	131.575
2752.000	122.772	9.629	0.000	133.855
2754.000	122.695	9.410	0.000	140.000
2756.000	122.769	10.085	0.000	130.344
2758.000	122.726	11.186	0.000	132.107
2760.000	122.719	11.672	0.000	124.185
2762.000	122.777	10.698	0.000	122.341
2764.000	122.688	11.891	0.000	140.481
2766.000	122.790	11.324	0.000	134.399
2768.000	122.694	10.194	0.000	139.565
2770.000	122.765	9.323	0.000	122.740
2772.000	122.738	10.123	0.000	117.168
2774.000	122.719	9.685	0.000	131.980
2776.000	122.777	10.341	0.000	155.325
2778.000	122.703	10.470	0.000	135.920
2780.000	122.761	10.041	0.000	130.671
2782.000	122.745	10.107	0.000	128.366
2784.000	122.713	10.245	0.000	147.326
2786.000	122.781	10.616	0.000	147.123
2788.000	122.691	8.470	0.000	128.769
2790.000	122.784	10.569	0.000	143.286
2792.000	122.716	9.872	0.000	155.389
2794.000	122.747	9.470	0.000	139.770
2796.000	122.753	10.200	0.000	139.685
2798.000	122.728	9.956	0.000	120.346
2800.000	122.758	9.766	0.000	104.240
2802.000	122.733	10.338	0.000	140.627
2804.000	122.736	9.903	0.000	148.404
2806.000	122.768	8.729	0.000	135.156
2808.000	122.703	10.144	0.000	133.193
2810.000	122.795	10.797	0.000	118.248
2812.000	122.695	10.636	0.000	119.340
2814.000	122.776	10.535	0.000	129.440
2816.000	122.735	9.291	0.000	143.003
2818.000	122.728	9.939	0.000	138.341
2820.000	122.780	9.870	0.000	125.142
2822.000	122.698	8.837	0.000	130.480
2824.000	122.795	8.380	0.000	146.702
2826.000	122.703	10.132	0.000	126.060
2828.000	122.776	10.808	0.000	134.748
2830.000	122.734	10.626	0.000	134.864
2832.000	122.740	10.578	0.000	126.738
2834.000	122.769	10.963	0.000	134.026
2836.000	122.723	11.224	0.000	136.603
2838.000	122.765	12.046	0.000	137.548
2840.000	122.746	11.473	0.000	132.807
2842.000	122.733	11.301	0.000	137.422
2844.000	122.777	10.485	0.000	126.589
2846.000	122.706	11.145	0.000	113.673
2848.000	122.789	11.147	0.000	132.525
2850.000	122.720	11.871	0.000	125.565
2852.000	122.760	11.792	0.000	129.790
2854.000	122.756	11.875	0.000	137.540
2856.000	122.727	12.303	0.000	129.599
2858.000	122.784	11.817	0.000	120.226
2860.000	122.709	12.346	0.000	122.708
2862.000	122.786	13.464	0.000	128.145
2864.000	122.721	12.695	0.000	124.878
2866.000	122.772	12.483	0.000	122.009
2868.000	122.748	12.483	0.000	125.134
2870.000	122.739	14.052	0.000	122.577
2872.000	122.770	14.047	0.000	125.905
2874.000	122.730	13.515	0.000	123.837
2876.000	122.768	14.083	0.000	118.305
2878.000	122.749	14.259	0.000	112.545
2880.000	122.739	14.315	0.000	108.095
2882.000	122.775	14.746	0.000	117.233
2884.000	122.730	15.406	0.000	110.760
2886.000	122.771	15.333	0.000	115.031
2888.000	122.748	15.848	0.000	111.205
2890.000	122.741	16.519	0.000	104.749
2892.000	122.785	16.386	0.000	104.276
2894.000	122.716	16.123	0.000	99.969
2896.000	122.801	16.125	0.000	98.263
2898.000	122.702	16.294	0.000	91.156
2900.000	122.799	17.386	0.000	96.090
2902.000	122.724	17.891	0.000	95.665
2904.000	122.769	18.416	0.000	95.531
2906.000	122.764	18.545	0.000	89.313
2908.000	122.722	18.374	0.000	88.690
2910.000	122.806	19.292	0.000	83.851
2912.000	122.701	20.002	0.000	78.690
2914.000	122.809	20.532	0.000	80.381
2916.000	122.715	20.458	0.000	75.859
2918.000	122.776	21.174	0.000	71.640
2920.000	122.757	21.284	0.000	70.321
2922.000	122.743	21.654	0.000	63.785
2924.000	122.784	21.958	0.000	66.768
2926.000	122.725	22.389	0.000	61.827
2928.000	122.787	23.023	0.000	57.632
2930.000	122.731	23.020	0.000	54.451
2932.000	122.776	23.195	0.000	52.463
2934.000	122.751	23.272	0.000	50.188
2936.000	122.752	23.865	0.000	42.093
2938.000	122.776	23.861	0.000	44.474
2940.000	122.738	23.931	0.000	38.585
2942.000	122.778	24.491	0.000	38.173
2944.000	122.744	24.790	0.000	35.321
2946.000	122.760	25.064	0.000	32.667
2948.000	122.767	25.546	0.000	32.432
2950.000	122.745	26.386	0.000	26.236
2952.000	122.782	26.916	0.000	25.444
2954.000	122.738	27.276	0.000	19.393
2956.000	122.771	28.073	0.000	17.758
2958.000	122.755	28.197	0.000	11.810
2960.000	122.755	28.946	0.000	7.757
2962.000	122.778	29.072	0.000	5.496
2964.000	122.734	29.544	0.000	-2.019
2966.000	122.787	29.789	0.000	-2.337
2968.000	122.736	30.151	0.000	-11.184
2970.000	122.783	30.497	0.000	-12.061
2972.000	122.749	30.602	0.000	-18.867
2974.000	122.762	31.068	0.000	-21.641
2976.000	122.766	31.292	0.000	-25.883
2978.000	122.748	31.771	0.000	-29.965
2980.000	122.786	31.724	0.000	-32.885
2982.000	122.733	31.948	0.000	-39.104
2984.000	122.786	32.400	0.000	-41.539
2986.000	122.739	32.218	0.000	-46.736
2988.000	122.771	32.862	0.000	-50.584
2990.000	122.768	32.580	0.000	-54.159
2992.000	122.749	33.293	0.000	-59.573
2994.000	122.781	33.153	0.000	-61.767
2996.000	122.739	33.629	0.000	-66.608
2998.000	122.781	33.578	0.000	-68.952
3000.000	122.749	33.894	0.000	-72.689
3002.000	122.771	34.123	0.000	-77.026
3004.000	122.761	34.182	0.000	-80.767
3006.000	122.758	34.609	0.000	-85.602
3008.000	122.772	34.455	0.000	-89.483
3010.000	122.750	34.888	0.000	-93.226
3012.000	122.782	34.837	0.000	-97.156
3014.000	122.744	35.041	0.000	-101.756
3016.000	122.775	35.336	0.000	-105.081
3018.000	122.757	35.347	0.000	-108.573
3020.000	122.761	35.903	0.000	-112.442
3022.000	122.783	35.855	0.000	-114.964
3024.000	122.740	36.305	0.000	-120.927
3026.000	122.794	36.337	0.000	-123.291
3028.000	122.727	36.551	0.000	-129.777
3030.000	122.801	37.073	0.000	-132.801
3032.000	122.739	36.965	0.000	-138.994
3034.000	122.780	37.349	0.000	-142.266
3036.000	122.757	37.208	0.000	-148.552
3038.000	122.760	37.339	0.000	-153.252
3040.000	122.773	37.230	0.000	-157.966
3042.000	122.754	37.207	0.000	-163.014
3044.000	122.778	37.302	0.000	-165.712
3046.000	122.750	37.039	0.000	-171.511
3048.000	122.778	37.315	0.000	-173.183
3050.000	122.749	36.968	0.000	-178.570
3052.000	122.780	37.463	0.000	179.199
3054.000	122.755	37.073	0.000	175.143
3056.000	122.773	37.623	0.000	170.116
3058.000	122.758	37.430	0.000	168.913
3060.000	122.771	37.922	0.000	161.757
3062.000	122.764	37.648	0.000	161.007
3064.000	122.765	37.849	0.000	153.107
3066.000	122.774	37.780	0.000	150.034
3068.000	122.746	37.782	0.000	144.016
3070.000	122.784	38.012	0.000	138.983
3072.000	122.741	37.686	0.000	134.951
3074.000	122.793	37.905	0.000	128.599
3076.000	122.745	37.461	0.000	125.154
3078.000	122.781	37.645	0.000	117.978
3080.000	122.761	37.022	0.000	114.333
3082.000	122.747	36.855	0.000	108.191
3084.000	122.799	36.453	0.000	104.253
3086.000	122.725	35.905	0.000	99.517
3088.000	122.812	35.808	0.000	96.664
3090.000	122.727	34.845	0.000	92.790
3092.000	122.783	34.715	0.000	90.513
3094.000	122.763	33.777	0.000	87.952
3096.000	122.749	33.637	0.000	85.042
3098.000	122.800	32.953	0.000	85.135
3100.000	122.728	32.524	0.000	82.869
3102.000	122.797	32.090	0.000	82.313
3104.000	122.743	31.506	0.000	83.206
3106.000	122.767	31.110	0.000	84.396
3108.000	122.785	30.525	0.000	88.288
3110.000	122.739	30.471	0.000	88.864
3112.000	122.800	30.531	0.000	96.403
3114.000	122.738	30.967	0.000	98.628
3116.000	122.779	31.306	0.000	104.561
3118.000	122.760	32.412	0.000	105.434
3120.000	122.769	33.193	0.000	107.041
3122.000	122.766	34.499	0.000	104.925
3124.000	122.773	35.562	0.000	103.934
3126.000	122.742	36.286	0.000	99.864
3128.000	122.799	37.565	0.000	95.438
3130.000	122.727	38.039	0.000	90.742
3132.000	122.805	39.141	0.000	83.891
3134.000	122.745	39.502	0.000	78.375
3136.000	122.762	39.986	0.000	69.859
3138.000	122.793	40.675	0.000	65.141
3140.000	122.711	40.689	0.000	55.147
3142.000	122.834	41.408	0.000	51.324
3144.000	122.704	41.005	0.000	40.971
3146.000	122.817	41.450	0.000	36.181
3148.000	122.737	41.035	0.000	28.464
3150.000	122.764	41.262	0.000	22.051
3152.000	122.783	41.026	0.000	16.184
3154.000	122.736	40.988	0.000	8.981
3156.000	122.795	40.756	0.000	4.239
3158.000	122.755	40.772	0.000	-3.733
3160.000	122.762	40.247	0.000	-7.673
3162.000	122.778	40.216	0.000	-15.130
3164.000	122.748	39.817	0.000	-19.794
3166.000	122.778	39.486	0.000	-25.306
3168.000	122.770	39.268	0.000	-29.747
3170.000	122.750	38.526	0.000	-34.800
3172.000	122.798	38.498	0.000	-39.577
3174.000	122.729	37.489	0.000	-43.305
3176.000	122.786	37.558	0.000	-48.259
3178.000	122.759	36.724	0.000	-50.545
3180.000	122.747	36.471	0.000	-54.106
3182.000	122.807	35.938	0.000	-57.284
3184.000	122.722	35.437	0.000	-59.765
3186.000	122.801	35.210	0.000	-62.593
3188.000	122.737	34.313	0.000	-63.523
3190.000	122.767	34.286	0.000	-65.996
3192.000	122.775	33.682	0.000	-64.797
3194.000	122.756	33.569	0.000	-66.116
3196.000	122.777	32.834	0.000	-65.905
3198.000	122.765	32.945	0.000	-66.596
3200.000	122.752	32.868	0.000	-65.169
3202.000	122.772	32.935	0.000	-66.223
3204.000	122.761	33.044	0.000	-65.459
3206.000	122.747	33.310	0.000	-68.753
3208.000	122.811	33.648	0.000	-67.654
3210.000	122.707	33.672	0.000	-72.344
3212.000	122.825	34.125	0.000	-73.288
3214.000	122.713	34.021	0.000	-77.694
3216.000	122.785	34.578	0.000	-81.193
3218.000	122.769	34.241	0.000	-84.450
3220.000	122.739	34.558	0.000	-89.047
3222.000	122.804	34.269	0.000	-90.826
3224.000	122.738	34.366	0.000	-96.956
3226.000	122.772	33.866	0.000	-98.642
3228.000	122.766	33.691	0.000	-105.107
3230.000	122.748	33.312	0.000	-104.739
3232.000	122.767	33.191	0.000	-109.593
3234.000	122.783	32.765	0.000	-110.065
3236.000	122.731	32.328	0.000	-111.701
3238.000	122.808	32.000	0.000	-109.578
3240.000	122.723	31.811	0.000	-107.331
3242.000	122.774	31.993	0.000	-105.572
3244.000	122.775	32.350	0.000	-103.595
3246.000	122.730	33.088	0.000	-101.639
3248.000	122.809	33.735	0.000	-101.476
3250.000	122.731	34.652	0.000	-103.620
3252.000	122.777	35.470	0.000	-105.609
3254.000	122.768	36.476	0.000	-112.617
3256.000	122.742	36.857	0.000	-115.542
3258.000	122.764	37.784	0.000	-124.475
3260.000	122.780	38.033	0.000	-129.855
3262.000	122.721	38.407	0.000	-137.305
3264.000	122.822	38.883	0.000	-144.972
3266.000	122.708	38.536	0.000	-151.591
3268.000	122.796	39.196	0.000	-160.795
3270.000	122.746	38.472	0.000	-167.168
3272.000	122.747	38.893	0.000	-175.358
3274.000	122.778	38.305	0.000	177.264
3276.000	122.750	38.161	0.000	169.434
3278.000	122.761	37.823	0.000	163.476
3280.000	122.773	37.348	0.000	154.348
3282.000	122.752	36.719	0.000	150.219
3284.000	122.748	36.310	0.000	139.635
3286.000	122.780	35.496	0.000	134.734
3288.000	122.726	34.951	0.000	126.237
3290.000	122.781	33.648	0.000	120.090
3292.000	122.759	32.497	0.000	113.745
3294.000	122.750	31.221	0.000	106.758
3296.000	122.780	29.196	0.000	101.271
3298.000	122.751	27.044	0.000	97.215
3300.000	122.734	23.380	0.000	98.535
3302.000	122.797	19.725	0.000	119.757
3304.000	122.706	19.039	0.000	158.687
3306.000	122.793	22.678	0.000	-172.972
3308.000	122.759	24.919	0.000	-170.182
3310.000	122.732	27.671	0.000	-174.942
3312.000	122.803	29.344	0.000	179.946
3314.000	122.719	30.381	0.000	173.909
3316.000	122.766	31.291	0.000	167.954
3318.000	122.753	31.590	0.000	160.170
3320.000	122.757	32.433	0.000	154.134
3322.000	122.740	32.230	0.000	145.455
3324.000	122.807	32.712	0.000	142.376
3326.000	122.697	32.305	0.000	134.569
3328.000	122.814	32.410	0.000	130.619
3330.000	122.717	32.108	0.000	125.596
3332.000	122.754	31.909	0.000	122.482
3334.000	122.763	31.498	0.000	119.718
3336.000	122.750	31.708	0.000	118.251
3338.000	122.737	31.581	0.000	115.925
3340.000	122.798	31.885	0.000	112.662
3342.000	122.718	31.601	0.000	109.200
3344.000	122.775	32.217	0.000	105.578
3346.000	122.761	32.091	0.000	103.186
3348.000	122.717	32.577	0.000	96.881
3350.000	122.784	32.298	0.000	93.753
3352.000	122.729	32.515	0.000	87.146
3354.000	122.757	32.183	0.000	82.170
3356.000	122.757	32.179	0.000	74.195
3358.000	122.768	31.958	0.000	72.195
3360.000	122.725	31.623	0.000	65.197
3362.000	122.788	31.204	0.000	61.171
3364.000	122.723	30.903	0.000	55.325
3366.000	122.744	30.521	0.000	48.592
3368.000	122.765	29.714	0.000	45.749
3370.000	122.742	29.703	0.000	37.478
3372.000	122.737	28.436	0.000	33.012
3374.000	122.805	27.892	0.000	27.982
3376.000	122.695	26.101	0.000	21.518
3378.000	122.791	25.076	0.000	18.170
3380.000	122.748	23.505	0.000	14.472
3382.000	122.711	21.067	0.000	13.517
3384.000	122.776	18.992	0.000	19.849
3386.000	122.744	16.702	0.000	34.656
3388.000	122.715	15.251	0.000	72.695
3390.000	122.799	17.858	0.000	93.812
3392.000	122.731	19.900	0.000	98.278
3394.000	122.730	22.232	0.000	99.087
3396.000	122.802	23.643	0.000	101.347
3398.000	122.695	25.113	0.000	92.845
3400.000	122.762	26.111	0.000	91.987
3402.000	122.757	27.205	0.000	84.569
3404.000	122.718	27.464	0.000	82.395
3406.000	122.743	28.386	0.000	75.363
3408.000	122.787	28.539	0.000	70.714
3410.000	122.696	28.771	0.000	65.070
3412.000	122.787	29.244	0.000	60.279
3414.000	122.751	29.190	0.000	55.814
3416.000	122.715	29.401	0.000	53.145
3418.000	122.758	29.493	0.000	49.422
3420.000	122.762	29.768	0.000	44.963
3422.000	122.684	29.599	0.000	43.446
3424.000	122.795	30.098	0.000	38.123
3426.000	122.722	29.877	0.000	36.229
3428.000	122.734	30.103	0.000	34.789
3430.000	122.773	30.418	0.000	29.742
3432.000	122.742	30.442	0.000	26.664
3434.000	122.719	30.756	0.000	25.062
3436.000	122.774	30.981	0.000	18.816
3438.000	122.726	30.970	0.000	18.656
3440.000	122.711	31.594	0.000	14.578
3442.000	122.766	31.200	0.000	13.418
3444.000	122.735	31.898	0.000	8.581
3446.000	122.704	31.670	0.000	4.412
3448.000	122.802	32.485	0.000	1.526
3450.000	122.722	31.997	0.000	-2.031
3452.000	122.713	32.303	0.000	-6.440
3454.000	122.805	32.546	0.000	-10.062
3456.000	122.689	32.784	0.000	-16.151
3458.000	122.736	33.103	0.000	-17.661
3460.000	122.758	33.204	0.000	-24.968
3462.000	122.721	33.268	0.000	-28.095
3464.000	122.698	33.355	0.000	-33.870
3466.000	122.815	33.601	0.000	-38.530
3468.000	122.666	33.259	0.000	-43.813
3470.000	122.773	33.616	0.000	-48.169
3472.000	122.758	33.227	0.000	-53.231
3474.000	122.718	33.213	0.000	-56.514
3476.000	122.728	33.038	0.000	-60.564
3478.000	122.774	33.206	0.000	-65.871
3480.000	122.684	32.886	0.000	-67.643
3482.000	122.740	33.193	0.000	-72.374
3484.000	122.738	32.602	0.000	-77.319
3486.000	122.731	33.217	0.000	-78.346
3488.000	122.695	33.145	0.000	-86.076
3490.000	122.797	33.136	0.000	-86.772
3492.000	122.701	33.015	0.000	-93.707
3494.000	122.737	33.073	0.000	-97.308
3496.000	122.767	33.096	0.000	-102.121
3498.000	122.721	33.077	0.000	-105.006
3500.000	122.706	32.802	0.000	-111.491
3502.000	122.762	32.854	0.000	-115.602
3504.000	122.705	32.533	0.000	-119.720
3506.000	122.706	32.897	0.000	-125.766
3508.000	122.745	32.310	0.000	-130.527
3510.000	122.741	32.501	0.000	-134.058
3512.000	122.686	31.913	0.000	-139.010
3514.000	122.774	31.620	0.000	-143.613
3516.000	122.741	31.467	0.000	-146.502
3518.000	122.687	31.062	0.000	-153.283
3520.000	122.776	30.868	0.000	-151.139
3522.000	122.738	30.921	0.000	-156.493
3524.000	122.677	29.941	0.000	-156.629
3526.000	122.752	30.075	0.000	-159.039
3528.000	122.739	29.842	0.000	-160.182
3530.000	122.663	29.650	0.000	-164.398
3532.000	122.748	29.788	0.000	-164.218
3534.000	122.756	30.425	0.000	-167.103
3536.000	122.662	30.186	0.000	-170.036
3538.000	122.768	30.700	0.000	-172.423
3540.000	122.758	30.875	0.000	-178.559
3542.000	122.680	31.134	0.000	178.554
3544.000	122.754	31.622	0.000	173.958
3546.000	122.746	31.720	0.000	167.629
3548.000	122.702	31.543	0.000	162.618
3550.000	122.702	31.894	0.000	156.421
3552.000	122.750	31.486	0.000	148.645
3554.000	122.701	31.719	0.000	143.913
3556.000	122.679	31.526	0.000	137.790
3558.000	122.752	31.149	0.000	131.697
3560.000	122.731	30.954	0.000	127.309
3562.000	122.658	30.407	0.000	118.079
3564.000	122.780	30.225	0.000	117.559
3566.000	122.733	30.210	0.000	109.960
3568.000	122.686	29.334	0.000	109.563
3570.000	122.745	29.542	0.000	102.977
3572.000	122.766	29.062	0.000	101.254
3574.000	122.662	28.790	0.000	96.452
3576.000	122.722	28.547	0.000	94.000
3578.000	122.762	28.607	0.000	88.297
3580.000	122.667	28.478	0.000	84.855
3582.000	122.679	28.428	0.000	79.336
3584.000	122.786	28.510	0.000	75.516
3586.000	122.658	27.946	0.000	69.267
3588.000	122.693	27.665	0.000	65.640
3590.000	122.753	27.499	0.000	59.911
3592.000	122.730	27.483	0.000	52.073
3594.000	122.659	26.838	0.000	47.798
3596.000	122.774	26.791	0.000	41.256
3598.000	122.741	26.159	0.000	35.364
3600.000	122.665	25.905	0.000	29.848
3602.000	122.738	25.521	0.000	24.142
3604.000	122.762	24.972	0.000	20.254
3606.000	122.648	24.336	0.000	14.065
3608.000	122.713	24.217	0.000	9.766
3610.000	122.748	24.117	0.000	1.435
3612.000	122.660	22.554	0.000	-1.311
3614.000	122.694	23.107	0.000	-10.088
3616.000	122.712	22.130	0.000	-17.433
3618.000	122.725	21.597	0.000	-21.532
3620.000	122.667	20.705	0.000	-31.043
3622.000	122.707	19.745	0.000	-41.277
3624.000	122.768	18.526	0.000	-52.593
3626.000	122.668	17.709	0.000	-64.009
3628.000	122.708	15.885	0.000	-77.457
3630.000	122.765	14.741	0.000	-99.655
3632.000	122.712	12.622	0.000	-127.760
3634.000	122.658	11.459	0.000	177.955
3636.000	122.765	13.235	0.000	148.203
3638.000	122.717	14.439	0.000	121.058
3640.000	122.650	16.089	0.000	104.106
3642.000	122.706	17.345	0.000	88.164
3644.000	122.749	18.551	0.000	73.687
3646.000	122.638	20.087	0.000	62.868
3648.000	122.672	20.560	0.000	53.898
3650.000	122.751	21.206	0.000	43.251
3652.000	122.668	20.972	0.000	34.492
3654.000	122.664	21.726	0.000	27.465
3656.000	122.725	21.888	0.000	18.345
3658.000	122.729	21.759	0.000	8.600
3660.000	122.673	22.096	0.000	-0.421
3662.000	122.688	21.734	0.000	-8.115
3664.000	122.777	21.768	0.000	-16.026
3666.000	122.694	21.180	0.000	-21.806
3668.000	122.656	20.586	0.000	-29.660
3670.000	122.772	20.547	0.000	-36.828
3672.000	122.711	20.160	0.000	-41.406
3674.000	122.664	19.358	0.000	-46.787
3676.000	122.688	19.218	0.000	-53.243
3678.000	122.758	18.609	0.000	-59.665
3680.000	122.647	17.834	0.000	-58.620
3682.000	122.663	18.027	0.000	-60.119
3684.000	122.697	16.829	0.000	-64.458
3686.000	122.741	16.242	0.000	-60.516
3688.000	122.584	15.966	0.000	-64.916
3690.000	122.706	16.103	0.000	-57.987
3692.000	122.741	16.471	0.000	-60.674
3694.000	122.646	16.435	0.000	-61.375
3696.000	122.633	16.113	0.000	-57.211
3698.000	122.772	17.042	0.000	-53.022
3700.000	122.689	17.210	0.000	-60.504
3702.000	122.650	17.311	0.000	-62.662
3704.000	122.703	18.535	0.000	-63.783
3706.000	122.791	18.927	0.000	-68.665
3708.000	122.629	18.759	0.000	-71.776
3710.000	122.703	19.755	0.000	-76.321
3712.000	122.745	19.763	0.000	-83.792
3714.000	122.718	19.761	0.000	-85.851
3716.000	122.648	19.686	0.000	-86.269
3718.000	122.716	20.079	0.000	-90.817
3720.000	122.716	19.457	0.000	-94.671
3722.000	122.690	19.979	0.000	-92.702
3724.000	122.641	20.624	0.000	-100.421
3726.000	122.687	20.709	0.000	-106.287
3728.000	122.736	21.389	0.000	-108.127
3730.000	122.618	21.787	0.000	-116.544
3732.000	122.634	21.699	0.000	-122.983
3734.000	122.735	22.246	0.000	-125.515
3736.000	122.659	22.706	0.000	-129.019
3738.000	122.608	22.899	0.000	-137.150
3740.000	122.677	23.380	0.000	-143.830
3742.000	122.708	23.512	0.000	-149.824
3744.000	122.660	23.480	0.000	-154.638
3746.000	122.596	23.487	0.000	-163.594
3748.000	122.743	23.236	0.000	-172.965
3750.000	122.698	22.855	0.000	179.460
3752.000	122.641	23.051	0.000	171.225
3754.000	122.647	22.366	0.000	162.979
3756.000	122.776	22.117	0.000	156.822
3758.000	122.674	21.918	0.000	146.029
3760.000	122.656	21.133	0.000	143.579
3762.000	122.698	20.936	0.000	135.800
3764.000	122.767	19.985	0.000	135.314
3766.000	122.669	18.949	0.000	132.784
3768.000	122.659	18.568	0.000	130.023
3770.000	122.725	18.325	0.000	124.262
3772.000	122.767	18.455	0.000	123.072
3774.000	122.624	17.363	0.000	119.385
3776.000	122.694	17.186	0.000	122.538
3778.000	122.709	16.487	0.000	118.251
3780.000	122.734	15.755	0.000	118.174
3782.000	122.630	16.259	0.000	114.817
3784.000	122.638	15.438	0.000	114.910
3786.000	122.749	15.232	0.000	108.521
3788.000	122.692	14.965	0.000	103.275
3790.000	122.564	14.361	0.000	93.151
3792.000	122.673	14.062	0.000	90.737
3794.000	122.744	13.471	0.000	96.676
3796.000	122.607	11.632	0.000	100.728
3798.000	122.570	11.914	0.000	103.248
3800.000	122.701	11.416	0.000	110.930
3802.000	122.682	10.479	0.000	127.800
3804.000	122.585	11.936	0.000	127.713
3806.000	122.586	12.939	0.000	122.386
3808.000	122.680	13.560	0.000	121.655
3810.000	122.683	14.700	0.000	116.078
3812.000	122.549	14.165	0.000	111.013
3814.000	122.612	13.007	0.000	115.801
3816.000	122.688	13.608	0.000	112.163
3818.000	122.642	13.652	0.000	114.127
3820.000	122.595	13.890	0.000	112.561
3822.000	122.592	13.726	0.000	107.257
3824.000	122.705	13.519	0.000	105.675
3826.000	122.661	14.458	0.000	112.705
3828.000	122.585	15.491	0.000	105.023
3830.000	122.614	15.643	0.000	101.863
3832.000	122.731	16.318	0.000	99.189
3834.000	122.661	16.234	0.000	92.099
3836.000	122.601	17.001	0.000	82.616
3838.000	122.634	16.744	0.000	74.215
3840.000	122.752	16.956	0.000	75.353
3842.000	122.675	16.952	0.000	70.765
3844.000	122.625	16.993	0.000	61.844
3846.000	122.622	16.538	0.000	56.584
3848.000	122.816	16.830	0.000	59.897
3850.000	122.682	17.029	0.000	52.951
3852.000	122.599	16.889	0.000	53.737
3854.000	122.710	16.365	0.000	46.771
3856.000	122.793	17.241	0.000	43.786
3858.000	122.685	17.320	0.000	37.308
3860.000	122.650	17.205	0.000	35.083
3862.000	122.703	17.945	0.000	29.942
3864.000	122.804	18.231	0.000	27.190
3866.000	122.719	18.534	0.000	19.965
3868.000	122.656	19.220	0.000	15.289
3870.000	122.713	18.695	0.000	6.720
3872.000	122.807	18.610	0.000	0.253
3874.000	122.760	18.383	0.000	-14.144
3876.000	122.653	17.935	0.000	-23.044
3878.000	122.723	18.188	0.000	-27.890
3880.000	122.810	17.788	0.000	-36.387
3882.000	122.796	17.023	0.000	-44.965
3884.000	122.661	16.215	0.000	-55.194
3886.000	122.694	15.255	0.000	-60.584
3888.000	122.876	14.007	0.000	-57.391
3890.000	122.786	12.992	0.000	-60.349
3892.000	122.654	12.492	0.000	-58.611
3894.000	122.747	12.866	0.000	-52.809
3896.000	122.837	11.945	0.000	-48.655
3898.000	122.796	11.988	0.000	-62.791
3900.000	122.717	12.143	0.000	-52.780
3902.000	122.706	13.235	0.000	-47.002
3904.000	122.840	13.135	0.000	-49.270
3906.000	122.830	12.340	0.000	-49.081
3908.000	122.737	13.955	0.000	-52.342
3910.000	122.701	14.774	0.000	-55.950
3912.000	122.837	14.126	0.000	-59.564
3914.000	122.851	14.493	0.000	-62.692
3916.000	122.750	14.712	0.000	-71.648
3918.000	122.750	15.586	0.000	-75.257
3920.000	122.781	14.979	0.000	-88.705
3922.000	122.865	15.268	0.000	-89.325
3924.000	122.832	16.604	0.000	-96.414
3926.000	122.728	16.406	0.000	-105.055
3928.000	122.757	15.687	0.000	-107.520
3930.000	122.909	14.785	0.000	-115.043
3932.000	122.842	15.098	0.000	-130.172
3934.000	122.783	15.422	0.000	-134.628
3936.000	122.725	14.782	0.000	-142.976
3938.000	122.903	15.034	0.000	-146.651
3940.000	122.911	14.753	0.000	-159.855
3942.000	122.796	14.705	0.000	-167.541
3944.000	122.735	14.374	0.000	-167.970
3946.000	122.890	13.587	0.000	-165.866
3948.000	122.940	13.260	0.000	175.265
3950.000	122.832	12.124	0.000	168.774
3952.000	122.777	12.516	0.000	169.829
3954.000	122.868	12.472	0.000	158.444
3956.000	122.915	10.762	0.000	150.367
3958.000	122.911	11.278	0.000	157.374
3960.000	122.854	12.154	0.000	154.550
3962.000	122.775	11.931	0.000	148.576
3964.000	122.941	11.683	0.000	142.608
3966.000	122.974	11.971	0.000	144.070
3968.000	122.866	11.666	0.000	132.694
3970.000	122.805	10.579	0.000	126.781
3972.000	122.891	10.254	0.000	105.471
3974.000	122.978	9.833	0.000	91.083
3976.000	122.951	9.922	0.000	86.889
3978.000	122.818	10.003	0.000	75.376
3980.000	122.841	10.748	0.000	52.942
3982.000	122.957	10.780	0.000	46.148
3984.000	122.993	11.146	0.000	26.554
3986.000	122.868	9.884	0.000	8.727
3988.000	122.807	10.732	0.000	-4.460
3990.000	122.908	10.797	0.000	-12.376
3992.000	122.970	10.121	0.000	-24.233
3994.000	122.927	9.626	0.000	-10.041
3996.000	122.842	11.164	0.000	-29.980
3998.000	122.789	11.516	0.000	-51.579
4000.000	122.946	11.258	0.000	-49.539
