1000.000	122.575	27.821	0.000	-85.520
2.000	122.535	27.570	0.000	-92.405
4.000	122.507	26.845	0.000	-97.279
6.000	122.502	25.757	0.000	-99.129
8.000	122.525	24.199	0.000	-99.989
10.000	122.557	23.480	0.000	-99.498
12.000	122.581	22.744	0.000	-102.463
14.000	122.591	22.803	0.000	-104.598
16.000	122.580	23.451	0.000	-109.893
18.000	122.560	24.315	0.000	-120.021
20.000	122.549	24.677	0.000	-124.204
22.000	122.550	25.213	0.000	-131.236
24.000	122.567	24.912	0.000	-138.585
26.000	122.588	23.981	0.000	-148.751
28.000	122.596	22.967	0.000	-163.786
30.000	122.586	21.307	0.000	-178.959
32.000	122.560	20.115	0.000	168.368
34.000	122.533	18.642	0.000	158.032
36.000	122.528	17.431	0.000	153.296
38.000	122.553	17.923	0.000	148.968
40.000	122.599	17.107	0.000	164.247
42.000	122.646	16.348	0.000	157.037
44.000	122.663	14.844	0.000	157.742
46.000	122.636	15.784	0.000	153.526
48.000	122.575	15.152	0.000	152.608
50.000	122.506	14.372	0.000	139.071
52.000	122.473	12.953	0.000	133.173
54.000	122.504	14.175	0.000	127.099
56.000	122.586	14.060	0.000	111.862
58.000	122.684	14.023	0.000	140.851
60.000	122.743	14.737	0.000	149.322
62.000	122.726	13.378	0.000	166.005
64.000	122.636	13.265	0.000	138.565
66.000	122.511	13.055	0.000	129.390
68.000	122.421	13.606	0.000	150.303
70.000	122.428	13.325	0.000	145.603
72.000	122.536	13.330	0.000	94.772
74.000	122.692	13.664	0.000	108.225
76.000	122.812	14.139	0.000	121.910
78.000	122.825	12.709	0.000	153.178
80.000	122.721	12.930	0.000	132.800
82.000	122.541	13.605	0.000	151.842
84.000	122.383	12.142	0.000	-119.791
86.000	122.352	12.206	0.000	159.520
88.000	122.476	12.615	0.000	62.620
90.000	122.688	12.829	0.000	110.445
92.000	122.869	12.957	0.000	132.566
94.000	122.916	11.821	0.000	139.528
96.000	122.800	11.967	0.000	-172.218
98.000	122.572	12.265	0.000	-162.962
100.000	122.353	13.893	0.000	127.679
102.000	122.290	12.899	0.000	107.347
104.000	122.435	12.838	0.000	91.078
106.000	122.699	13.661	0.000	112.898
108.000	122.925	13.413	0.000	110.937
110.000	122.986	13.477	0.000	134.799
112.000	122.847	13.810	0.000	99.937
114.000	122.574	12.925	0.000	33.033
116.000	122.318	12.902	0.000	34.169
118.000	122.258	12.764	0.000	122.178
120.000	122.441	12.644	0.000	49.705
122.000	122.744	12.879	0.000	-4.047
124.000	122.981	12.914	0.000	-52.846
126.000	123.018	13.897	0.000	-79.993
128.000	122.839	13.202	0.000	-86.768
130.000	122.534	12.417	0.000	-49.303
132.000	122.288	13.481	0.000	-75.877
134.000	122.279	13.813	0.000	-97.892
136.000	122.511	11.939	0.000	-128.897
138.000	122.819	12.196	0.000	-132.892
140.000	123.014	12.924	0.000	-169.718
142.000	122.990	13.572	0.000	-179.558
144.000	122.767	11.793	0.000	-87.343
146.000	122.474	11.640	0.000	-105.190
148.000	122.302	13.129	0.000	164.668
150.000	122.375	13.128	0.000	-161.523
152.000	122.626	13.394	0.000	154.522
154.000	122.879	13.076	0.000	137.867
156.000	122.983	13.800	0.000	121.930
158.000	122.891	12.473	0.000	111.819
160.000	122.670	12.580	0.000	102.338
162.000	122.460	12.569	0.000	120.426
164.000	122.400	13.215	0.000	128.151
166.000	122.520	13.403	0.000	122.760
168.000	122.715	13.040	0.000	118.238
170.000	122.859	13.808	0.000	129.907
172.000	122.878	12.146	0.000	140.141
174.000	122.782	12.109	0.000	87.390
176.000	122.645	13.533	0.000	118.134
178.000	122.549	13.304	0.000	90.097
180.000	122.542	12.375	0.000	115.938
182.000	122.606	12.551	0.000	111.694
184.000	122.691	12.683	0.000	56.050
186.000	122.760	12.473	0.000	15.196
188.000	122.794	12.733	0.000	6.264
190.000	122.787	13.147	0.000	23.940
192.000	122.741	13.284	0.000	36.865
194.000	122.660	14.246	0.000	4.182
196.000	122.576	13.741	0.000	-19.564
198.000	122.542	14.030	0.000	-21.690
200.000	122.601	14.239	0.000	-31.351
202.000	122.741	12.196	0.000	-40.780
204.000	122.876	12.109	0.000	-46.194
206.000	122.913	13.732	0.000	-51.606
208.000	122.804	13.581	0.000	-75.762
210.000	122.600	13.762	0.000	-89.918
212.000	122.441	13.538	0.000	-75.473
214.000	122.465	13.235	0.000	-90.644
216.000	122.679	13.519	0.000	-88.313
218.000	122.925	12.811	0.000	-95.349
220.000	123.027	12.861	0.000	-71.264
222.000	122.909	13.187	0.000	-96.517
224.000	122.632	13.288	0.000	-111.904
226.000	122.397	13.640	0.000	-101.135
228.000	122.403	13.911	0.000	-130.634
230.000	122.652	13.237	0.000	-124.929
232.000	122.943	12.398	0.000	-103.090
234.000	123.061	12.778	0.000	-112.862
236.000	122.935	13.163	0.000	-113.554
238.000	122.652	13.045	0.000	-133.471
240.000	122.423	13.560	0.000	-136.524
242.000	122.437	13.402	0.000	-170.773
244.000	122.665	12.308	0.000	-157.475
246.000	122.912	12.829	0.000	-140.014
248.000	123.001	12.661	0.000	-133.709
250.000	122.895	12.866	0.000	-147.419
252.000	122.689	13.451	0.000	-164.301
254.000	122.535	12.828	0.000	-179.378
256.000	122.540	13.186	0.000	166.348
258.000	122.668	12.725	0.000	149.088
260.000	122.808	12.126	0.000	114.242
262.000	122.879	12.671	0.000	98.702
264.000	122.863	13.456	0.000	112.475
266.000	122.792	11.951	0.000	159.210
268.000	122.701	11.457	0.000	-106.961
270.000	122.624	12.791	0.000	-107.542
272.000	122.600	12.745	0.000	-137.215
274.000	122.659	12.855	0.000	169.687
276.000	122.792	12.122	0.000	147.345
278.000	122.921	12.926	0.000	-156.263
280.000	122.944	12.790	0.000	116.785
282.000	122.815	11.691	0.000	-45.662
284.000	122.602	13.376	0.000	-70.859
286.000	122.478	12.329	0.000	177.113
288.000	122.577	12.962	0.000	167.186
290.000	122.837	12.490	0.000	115.714
292.000	123.041	11.754	0.000	153.748
294.000	123.023	11.543	0.000	-76.063
296.000	122.784	11.748	0.000	-35.484
298.000	122.505	12.361	0.000	-79.071
300.000	122.441	12.082	0.000	-170.315
302.000	122.654	12.249	0.000	155.178
304.000	122.943	12.474	0.000	176.854
306.000	123.068	13.593	0.000	-66.322
308.000	122.946	13.793	0.000	125.456
310.000	122.688	12.524	0.000	136.925
312.000	122.512	12.897	0.000	96.597
314.000	122.561	12.667	0.000	139.186
316.000	122.760	13.058	0.000	176.026
318.000	122.927	12.446	0.000	6.983
320.000	122.957	12.620	0.000	-17.939
322.000	122.862	12.110	0.000	-55.037
324.000	122.732	12.389	0.000	-76.881
326.000	122.646	11.422	0.000	12.444
328.000	122.638	12.442	0.000	-86.012
330.000	122.703	12.685	0.000	-107.862
332.000	122.818	12.086	0.000	-61.234
334.000	122.930	13.309	0.000	-68.735
336.000	122.954	12.457	0.000	-74.170
338.000	122.843	11.462	0.000	-53.346
340.000	122.647	11.733	0.000	-52.180
342.000	122.532	12.141	0.000	-38.808
344.000	122.637	11.544	0.000	-58.157
346.000	122.891	12.954	0.000	-70.825
348.000	123.070	12.762	0.000	-66.575
350.000	123.009	12.973	0.000	-52.197
352.000	122.743	12.695	0.000	-63.067
354.000	122.502	11.705	0.000	-101.478
356.000	122.532	12.846	0.000	-122.614
358.000	122.802	12.661	0.000	-129.519
360.000	123.041	13.247	0.000	-130.754
362.000	123.052	13.143	0.000	-125.138
364.000	122.846	11.788	0.000	-105.459
366.000	122.617	12.627	0.000	-58.003
368.000	122.569	13.193	0.000	-97.422
370.000	122.712	12.156	0.000	-84.520
372.000	122.889	12.155	0.000	-171.837
374.000	122.967	12.383	0.000	-150.589
376.000	122.927	13.087	0.000	-156.171
378.000	122.820	12.865	0.000	-121.802
380.000	122.708	13.206	0.000	-172.087
382.000	122.646	13.001	0.000	-138.648
384.000	122.686	12.739	0.000	-168.728
386.000	122.834	12.962	0.000	157.206
388.000	122.991	13.187	0.000	163.950
390.000	123.017	12.648	0.000	-174.221
392.000	122.848	12.456	0.000	-135.976
394.000	122.608	12.497	0.000	-174.128
396.000	122.541	12.313	0.000	-140.008
398.000	122.747	12.307	0.000	-104.405
400.000	123.025	12.514	0.000	-127.796
402.000	123.104	12.367	0.000	-141.554
404.000	122.913	13.147	0.000	-137.707
406.000	122.628	11.771	0.000	-118.456
408.000	122.541	12.019	0.000	153.532
410.000	122.727	12.096	0.000	140.775
412.000	122.968	12.296	0.000	-172.558
414.000	123.044	12.155	0.000	-156.418
416.000	122.930	12.466	0.000	156.918
418.000	122.755	13.315	0.000	142.984
420.000	122.664	12.821	0.000	158.416
422.000	122.696	11.153	0.000	148.879
424.000	122.803	11.987	0.000	136.115
426.000	122.927	12.316	0.000	165.645
428.000	122.998	12.448	0.000	119.740
430.000	122.947	12.118	0.000	134.761
432.000	122.770	11.615	0.000	74.985
434.000	122.605	11.193	0.000	-124.720
436.000	122.647	10.891	0.000	-159.011
438.000	122.895	11.261	0.000	-150.705
440.000	123.102	12.664	0.000	153.119
442.000	123.050	11.958	0.000	74.802
444.000	122.774	11.310	0.000	66.562
446.000	122.553	11.027	0.000	84.059
448.000	122.641	11.639	0.000	-158.170
450.000	122.920	12.692	0.000	-164.730
452.000	123.087	12.781	0.000	-81.301
454.000	123.006	12.160	0.000	161.297
456.000	122.793	11.947	0.000	-161.109
458.000	122.663	11.265	0.000	167.038
460.000	122.703	12.199	0.000	-170.190
462.000	122.834	12.258	0.000	-26.492
464.000	122.948	11.978	0.000	-147.610
466.000	122.999	12.133	0.000	-161.668
468.000	122.948	11.917	0.000	-146.902
470.000	122.793	9.901	0.000	116.624
472.000	122.642	10.982	0.000	153.364
474.000	122.680	12.081	0.000	176.646
476.000	122.920	11.328	0.000	-152.305
478.000	123.117	12.573	0.000	-138.340
480.000	123.046	12.797	0.000	-152.353
482.000	122.754	12.446	0.000	-173.967
484.000	122.561	12.217	0.000	171.116
486.000	122.705	11.620	0.000	163.567
488.000	122.999	12.260	0.000	127.360
490.000	123.112	12.773	0.000	144.005
492.000	122.964	12.387	0.000	-164.335
494.000	122.745	12.334	0.000	123.009
496.000	122.677	12.488	0.000	144.592
498.000	122.774	12.527	0.000	164.558
500.000	122.903	12.227	0.000	-167.329
502.000	122.988	11.112	0.000	153.149
504.000	123.002	11.171	0.000	155.976
506.000	122.908	10.778	0.000	115.647
508.000	122.729	10.809	0.000	74.462
510.000	122.643	11.188	0.000	129.808
512.000	122.809	11.608	0.000	-108.658
514.000	123.078	12.559	0.000	-123.927
516.000	123.135	12.687	0.000	-20.564
518.000	122.886	11.494	0.000	-124.815
520.000	122.601	10.881	0.000	-43.616
522.000	122.644	11.747	0.000	167.023
524.000	122.947	11.398	0.000	158.315
526.000	123.125	11.838	0.000	-91.035
528.000	123.018	11.998	0.000	-28.394
530.000	122.795	11.780	0.000	-171.750
532.000	122.707	13.241	0.000	168.502
534.000	122.780	13.236	0.000	-13.588
536.000	122.889	12.079	0.000	17.868
538.000	122.977	11.942	0.000	90.795
540.000	123.026	11.104	0.000	153.738
542.000	122.956	11.506	0.000	161.872
544.000	122.755	12.407	0.000	-171.907
546.000	122.636	12.716	0.000	20.233
548.000	122.820	12.175	0.000	50.946
550.000	123.118	12.029	0.000	59.981
552.000	123.154	12.155	0.000	161.172
554.000	122.858	12.685	0.000	175.347
556.000	122.589	11.431	0.000	-87.268
558.000	122.710	12.662	0.000	85.393
560.000	123.021	13.215	0.000	28.227
562.000	123.123	11.932	0.000	36.852
564.000	122.963	10.965	0.000	13.229
566.000	122.786	12.326	0.000	74.415
568.000	122.762	12.421	0.000	82.132
570.000	122.820	11.046	0.000	115.213
572.000	122.895	11.130	0.000	77.095
574.000	123.008	11.810	0.000	124.048
576.000	123.068	12.452	0.000	127.292
578.000	122.923	11.901	0.000	83.266
580.000	122.668	11.760	0.000	-127.460
582.000	122.671	10.985	0.000	-156.978
584.000	122.998	11.432	0.000	-134.442
586.000	123.214	12.267	0.000	-165.319
588.000	123.032	11.999	0.000	174.863
590.000	122.680	11.825	0.000	-82.295
592.000	122.643	11.417	0.000	-94.107
594.000	122.926	11.772	0.000	159.299
596.000	123.106	13.107	0.000	89.875
598.000	123.024	12.812	0.000	-135.755
600.000	122.873	12.246	0.000	-108.696
602.000	122.812	12.222	0.000	-127.843
604.000	122.799	12.129	0.000	-82.478
606.000	122.835	13.374	0.000	-97.532
608.000	122.989	13.157	0.000	-113.532
610.000	123.124	12.398	0.000	-144.059
612.000	122.998	11.658	0.000	-153.793
614.000	122.691	11.170	0.000	164.790
616.000	122.648	11.401	0.000	178.528
618.000	122.982	11.285	0.000	-132.118
620.000	123.218	11.145	0.000	-115.810
622.000	123.049	11.238	0.000	-131.421
624.000	122.723	11.401	0.000	47.002
626.000	122.689	11.384	0.000	154.983
628.000	122.920	11.087	0.000	172.114
630.000	123.062	11.788	0.000	-132.606
632.000	123.026	11.512	0.000	-134.494
634.000	122.938	10.448	0.000	-121.020
636.000	122.846	11.507	0.000	-128.194
638.000	122.763	12.744	0.000	-171.423
640.000	122.830	12.202	0.000	-158.507
642.000	123.059	11.570	0.000	-136.798
644.000	123.158	11.652	0.000	-101.802
646.000	122.935	11.119	0.000	-118.784
648.000	122.654	11.960	0.000	-123.722
650.000	122.743	12.053	0.000	-132.313
652.000	123.069	11.917	0.000	-119.500
654.000	123.174	11.420	0.000	-136.235
656.000	122.967	11.775	0.000	-91.104
658.000	122.748	12.200	0.000	-144.746
660.000	122.768	12.339	0.000	178.856
662.000	122.930	12.515	0.000	-162.577
664.000	123.054	12.694	0.000	-166.357
666.000	123.066	11.844	0.000	-155.077
668.000	122.943	11.555	0.000	170.258
670.000	122.767	12.648	0.000	156.268
672.000	122.759	13.189	0.000	148.456
674.000	122.980	11.699	0.000	157.735
676.000	123.153	12.947	0.000	-170.103
678.000	123.048	12.725	0.000	-139.593
680.000	122.790	10.708	0.000	-143.478
682.000	122.716	11.892	0.000	-177.260
684.000	122.911	11.866	0.000	168.062
686.000	123.113	11.186	0.000	-138.065
688.000	123.102	11.670	0.000	-156.160
690.000	122.901	11.022	0.000	-178.872
692.000	122.731	10.282	0.000	163.831
694.000	122.808	11.327	0.000	160.017
696.000	123.045	12.483	0.000	-148.314
698.000	123.145	12.612	0.000	-157.746
700.000	122.986	12.019	0.000	-135.742
702.000	122.775	11.750	0.000	-124.628
704.000	122.781	11.410	0.000	174.863
706.000	122.961	11.597	0.000	-168.358
708.000	123.091	12.115	0.000	-152.783
710.000	123.065	11.493	0.000	-141.013
712.000	122.909	10.761	0.000	-171.243
714.000	122.753	12.302	0.000	172.717
716.000	122.810	11.870	0.000	-175.789
718.000	123.073	11.119	0.000	-176.763
720.000	123.191	12.733	0.000	179.395
722.000	122.961	12.650	0.000	148.785
724.000	122.687	12.481	0.000	160.270
726.000	122.803	12.939	0.000	132.899
728.000	123.101	13.057	0.000	147.440
730.000	123.139	12.807	0.000	162.286
732.000	122.941	12.426	0.000	160.219
734.000	122.819	11.937	0.000	144.227
736.000	122.847	10.544	0.000	121.164
738.000	122.924	11.796	0.000	130.786
740.000	123.053	11.833	0.000	145.897
742.000	123.123	11.137	0.000	150.745
744.000	122.943	12.100	0.000	157.789
746.000	122.694	12.182	0.000	170.762
748.000	122.829	10.964	0.000	176.829
750.000	123.178	12.553	0.000	-176.195
752.000	123.184	12.847	0.000	-170.966
754.000	122.847	13.065	0.000	134.274
756.000	122.710	13.313	0.000	123.100
758.000	122.933	12.577	0.000	121.016
760.000	123.100	12.260	0.000	115.522
762.000	123.058	11.295	0.000	128.704
764.000	122.961	10.571	0.000	133.564
766.000	122.860	10.760	0.000	122.434
768.000	122.805	11.692	0.000	115.758
770.000	122.957	12.928	0.000	99.088
772.000	123.171	13.210	0.000	113.447
774.000	123.088	12.946	0.000	129.833
776.000	122.777	10.875	0.000	122.066
778.000	122.737	11.165	0.000	159.292
780.000	123.034	12.262	0.000	116.614
782.000	123.187	12.551	0.000	100.985
784.000	123.023	12.203	0.000	118.934
786.000	122.810	12.504	0.000	101.935
788.000	122.806	11.280	0.000	138.286
790.000	122.975	12.459	0.000	142.593
792.000	123.122	12.094	0.000	105.295
794.000	123.079	11.360	0.000	122.132
796.000	122.873	11.501	0.000	152.358
798.000	122.775	11.664	0.000	103.942
800.000	122.937	11.624	0.000	142.721
802.000	123.125	11.895	0.000	135.225
804.000	123.099	10.768	0.000	145.848
806.000	122.907	9.874	0.000	166.931
808.000	122.774	10.843	0.000	-59.744
810.000	122.886	10.729	0.000	35.490
812.000	123.130	10.866	0.000	73.809
814.000	123.164	10.984	0.000	127.755
816.000	122.891	11.905	0.000	142.000
818.000	122.719	11.258	0.000	45.543
820.000	122.946	11.581	0.000	106.264
822.000	123.171	11.511	0.000	130.424
824.000	123.071	11.279	0.000	111.554
826.000	122.876	11.300	0.000	79.154
828.000	122.847	11.060	0.000	62.637
830.000	122.916	10.880	0.000	93.141
832.000	123.037	11.847	0.000	-169.785
834.000	123.142	12.214	0.000	144.190
836.000	123.004	11.513	0.000	126.752
838.000	122.734	9.299	0.000	149.254
840.000	122.842	9.958	0.000	82.193
842.000	123.193	10.765	0.000	58.050
844.000	123.174	10.932	0.000	103.846
846.000	122.838	12.493	0.000	-177.174
848.000	122.770	12.259	0.000	-162.037
850.000	122.996	11.736	0.000	-107.067
852.000	123.106	12.187	0.000	166.309
854.000	123.057	11.680	0.000	174.291
856.000	122.953	11.045	0.000	145.418
858.000	122.826	11.452	0.000	81.280
860.000	122.873	10.779	0.000	79.878
862.000	123.119	10.487	0.000	156.828
864.000	123.168	10.632	0.000	85.624
866.000	122.898	11.441	0.000	30.301
868.000	122.749	11.703	0.000	79.122
870.000	122.962	11.262	0.000	91.533
872.000	123.166	10.424	0.000	176.127
874.000	123.093	10.133	0.000	143.639
876.000	122.869	12.024	0.000	124.041
878.000	122.794	11.939	0.000	105.766
880.000	122.985	11.147	0.000	131.663
882.000	123.166	12.165	0.000	140.579
884.000	123.063	11.839	0.000	104.505
886.000	122.845	11.373	0.000	126.148
888.000	122.843	11.263	0.000	175.344
890.000	123.006	11.848	0.000	119.521
892.000	123.114	11.646	0.000	128.134
894.000	123.078	11.761	0.000	159.370
896.000	122.883	11.816	0.000	107.588
898.000	122.772	11.159	0.000	39.221
900.000	123.022	11.445	0.000	83.189
902.000	123.241	11.334	0.000	149.759
904.000	123.014	11.166	0.000	111.071
906.000	122.735	11.304	0.000	54.687
908.000	122.911	10.430	0.000	51.941
910.000	123.139	10.442	0.000	68.468
912.000	123.079	10.785	0.000	110.314
914.000	122.955	11.345	0.000	103.058
916.000	122.883	10.861	0.000	84.932
918.000	122.871	11.356	0.000	67.011
920.000	123.060	11.554	0.000	2.604
922.000	123.195	9.807	0.000	59.398
924.000	122.953	10.638	0.000	179.306
926.000	122.732	11.721	0.000	112.498
928.000	122.970	11.592	0.000	120.935
930.000	123.202	11.934	0.000	108.987
932.000	123.067	11.719	0.000	119.248
934.000	122.847	11.333	0.000	122.911
936.000	122.847	11.192	0.000	100.013
938.000	123.020	11.133	0.000	83.368
940.000	123.150	10.875	0.000	26.025
942.000	123.043	11.071	0.000	92.952
944.000	122.833	10.399	0.000	-134.571
946.000	122.867	10.616	0.000	80.327
948.000	123.074	11.173	0.000	65.985
950.000	123.135	11.102	0.000	63.428
952.000	123.002	10.538	0.000	69.686
954.000	122.824	11.225	0.000	59.942
956.000	122.866	11.828	0.000	59.190
958.000	123.147	11.681	0.000	93.465
960.000	123.185	11.321	0.000	132.601
962.000	122.855	10.359	0.000	62.384
964.000	122.779	10.911	0.000	29.099
966.000	123.077	10.412	0.000	52.027
968.000	123.148	10.959	0.000	40.926
970.000	122.986	10.795	0.000	28.379
972.000	122.908	11.202	0.000	-3.527
974.000	122.882	10.786	0.000	-1.040
976.000	122.989	11.252	0.000	-7.004
978.000	123.188	10.805	0.000	26.102
980.000	123.048	9.957	0.000	32.999
982.000	122.745	11.469	0.000	23.216
984.000	122.915	10.920	0.000	-23.309
986.000	123.207	10.763	0.000	22.517
988.000	123.091	11.534	0.000	117.529
990.000	122.856	11.546	0.000	93.237
992.000	122.863	11.350	0.000	61.821
994.000	123.019	11.779	0.000	29.526
996.000	123.143	10.519	0.000	1.872
998.000	123.046	10.863	0.000	26.511
1000.000	122.831	11.940	0.000	34.003
1002.000	122.887	11.052	0.000	-2.321
1004.000	123.105	9.748	0.000	10.046
1006.000	123.124	10.348	0.000	-14.209
1008.000	122.964	11.041	0.000	-10.785
1010.000	122.820	10.776	0.000	-40.663
1012.000	122.930	10.519	0.000	-3.561
1014.000	123.197	10.037	0.000	19.491
1016.000	123.112	9.900	0.000	42.094
1018.000	122.776	10.299	0.000	54.869
1020.000	122.881	9.242	0.000	17.372
1022.000	123.158	11.265	0.000	-13.818
1024.000	123.082	11.672	0.000	48.005
1026.000	122.940	10.994	0.000	64.428
1028.000	122.905	10.830	0.000	23.040
1030.000	122.906	11.100	0.000	-39.072
1032.000	123.111	10.444	0.000	35.922
1034.000	123.172	10.558	0.000	33.322
1036.000	122.840	11.846	0.000	-31.833
1038.000	122.799	11.483	0.000	-73.882
1040.000	123.146	10.896	0.000	-29.285
1042.000	123.159	10.338	0.000	-62.723
1044.000	122.915	10.687	0.000	-65.065
1046.000	122.851	11.825	0.000	-84.722
1048.000	122.968	12.220	0.000	-77.789
1050.000	123.132	11.018	0.000	-44.355
1052.000	123.092	10.901	0.000	-63.318
1054.000	122.851	11.267	0.000	-53.999
1056.000	122.872	10.974	0.000	-36.284
1058.000	123.090	11.079	0.000	-139.495
1060.000	123.118	10.944	0.000	-95.165
1062.000	122.987	10.744	0.000	-98.230
1064.000	122.831	10.914	0.000	-118.059
1066.000	122.919	10.249	0.000	-129.839
1068.000	123.211	9.997	0.000	-131.914
1070.000	123.097	10.497	0.000	-114.007
1072.000	122.758	10.917	0.000	-114.129
1074.000	122.935	10.892	0.000	-60.698
1076.000	123.162	11.397	0.000	-58.983
1078.000	123.040	10.842	0.000	-78.480
1080.000	122.952	12.815	0.000	-110.604
1082.000	122.893	12.303	0.000	-131.632
1084.000	122.929	11.088	0.000	-120.399
1086.000	123.183	11.079	0.000	-103.990
1088.000	123.088	11.799	0.000	-114.196
1090.000	122.759	10.598	0.000	-139.151
1092.000	122.936	11.307	0.000	-144.660
1094.000	123.186	11.350	0.000	-145.101
1096.000	123.060	10.724	0.000	-179.071
1098.000	122.881	10.649	0.000	-175.273
1100.000	122.871	9.939	0.000	170.251
1102.000	123.057	10.795	0.000	-94.276
1104.000	123.165	11.343	0.000	-62.176
1106.000	122.942	11.796	0.000	-109.672
1108.000	122.830	11.021	0.000	-129.822
1110.000	123.014	11.399	0.000	-164.302
1112.000	123.107	12.263	0.000	-169.430
1114.000	123.064	11.419	0.000	-174.375
1116.000	122.881	9.702	0.000	-138.671
1118.000	122.831	10.647	0.000	-121.914
1120.000	123.164	10.409	0.000	-147.918
1122.000	123.171	11.146	0.000	-143.445
1124.000	122.798	11.337	0.000	-137.387
1126.000	122.889	10.001	0.000	-168.822
1128.000	123.126	11.266	0.000	-177.289
1130.000	123.059	10.853	0.000	-152.979
1132.000	122.985	11.413	0.000	-116.986
1134.000	122.878	10.348	0.000	-76.336
1136.000	122.920	9.682	0.000	-126.929
1138.000	123.184	10.902	0.000	-162.812
1140.000	123.069	12.162	0.000	-154.004
1142.000	122.785	12.303	0.000	-169.222
1144.000	122.943	10.781	0.000	178.305
1146.000	123.152	10.304	0.000	168.028
1148.000	123.074	10.749	0.000	177.560
1150.000	122.869	10.664	0.000	-129.551
1152.000	122.864	11.587	0.000	-151.853
1154.000	123.115	11.412	0.000	-160.682
1156.000	123.122	10.712	0.000	168.826
1158.000	122.891	11.117	0.000	-148.382
1160.000	122.887	11.031	0.000	167.006
1162.000	123.014	10.598	0.000	161.286
1164.000	123.116	10.570	0.000	158.482
1166.000	123.045	12.045	0.000	159.842
1168.000	122.793	11.644	0.000	156.542
1170.000	122.949	10.610	0.000	151.978
1172.000	123.228	11.413	0.000	135.413
1174.000	122.998	10.975	0.000	132.555
1176.000	122.800	12.017	0.000	121.610
1178.000	122.994	11.905	0.000	128.079
1180.000	123.105	12.668	0.000	148.511
1182.000	123.048	12.278	0.000	140.342
1184.000	122.904	11.207	0.000	144.522
1186.000	122.870	11.183	0.000	132.720
1188.000	123.084	11.273	0.000	130.382
1190.000	123.137	11.700	0.000	137.727
1192.000	122.899	13.036	0.000	161.005
1194.000	122.828	12.786	0.000	154.834
1196.000	123.079	12.561	0.000	147.221
1198.000	123.163	12.324	0.000	153.736
1200.000	122.899	11.401	0.000	140.117
1202.000	122.833	12.005	0.000	148.547
1204.000	123.072	13.063	0.000	139.438
1206.000	123.110	12.191	0.000	113.419
1208.000	122.961	10.889	0.000	92.767
1210.000	122.868	11.374	0.000	112.283
1212.000	122.959	11.982	0.000	125.426
1214.000	123.142	11.447	0.000	138.407
1216.000	123.040	11.178	0.000	129.853
1218.000	122.806	11.046	0.000	129.899
1220.000	122.946	12.296	0.000	109.833
1222.000	123.171	13.134	0.000	96.079
1224.000	123.033	12.160	0.000	94.149
1226.000	122.805	11.017	0.000	74.411
1228.000	122.960	11.538	0.000	80.333
1230.000	123.143	10.570	0.000	81.287
1232.000	123.010	11.646	0.000	62.978
1234.000	122.888	11.238	0.000	70.533
1236.000	122.914	11.410	0.000	72.103
1238.000	123.058	11.415	0.000	80.176
1240.000	123.137	11.922	0.000	97.982
1242.000	122.864	12.950	0.000	84.786
1244.000	122.833	12.183	0.000	67.015
1246.000	123.167	11.646	0.000	84.722
1248.000	123.080	11.367	0.000	102.426
1250.000	122.842	11.777	0.000	73.212
1252.000	122.915	12.476	0.000	42.942
1254.000	123.065	11.417	0.000	39.912
1256.000	123.099	12.049	0.000	68.428
1258.000	122.902	11.953	0.000	79.970
1260.000	122.856	11.569	0.000	71.689
1262.000	123.076	11.942	0.000	56.330
1264.000	123.095	11.554	0.000	49.877
1266.000	122.933	11.848	0.000	49.941
1268.000	122.828	10.875	0.000	61.538
1270.000	123.043	12.329	0.000	38.832
1272.000	123.185	12.558	0.000	56.992
1274.000	122.853	11.689	0.000	63.973
1276.000	122.851	12.711	0.000	31.881
1278.000	123.120	13.467	0.000	33.268
1280.000	123.036	11.996	0.000	41.071
1282.000	122.950	11.583	0.000	30.167
1284.000	122.874	13.099	0.000	44.325
1286.000	122.978	13.151	0.000	35.278
1288.000	123.179	11.403	0.000	43.398
1290.000	122.915	10.081	0.000	53.260
1292.000	122.806	11.385	0.000	33.060
1294.000	123.087	11.953	0.000	47.286
1296.000	123.103	11.531	0.000	64.991
1298.000	122.910	11.209	0.000	80.801
1300.000	122.842	12.293	0.000	92.259
1302.000	123.057	14.159	0.000	87.709
1304.000	123.113	16.791	0.000	91.451
1306.000	122.889	18.441	0.000	87.885
1308.000	122.885	20.375	0.000	80.656
1310.000	123.015	23.451	0.000	70.820
1312.000	123.103	25.953	0.000	64.085
1314.000	122.958	27.181	0.000	53.744
1316.000	122.787	28.912	0.000	31.045
1318.000	123.083	31.834	0.000	18.000
1320.000	123.139	32.849	0.000	12.340
1322.000	122.838	32.544	0.000	-6.899
1324.000	122.889	34.535	0.000	-31.338
1326.000	123.070	36.094	0.000	-39.941
1328.000	123.058	36.000	0.000	-53.009
1330.000	122.911	36.539	0.000	-72.089
1332.000	122.864	37.258	0.000	-88.401
1334.000	123.044	38.356	0.000	-107.106
1336.000	123.105	39.318	0.000	-117.252
1338.000	122.885	38.298	0.000	-130.619
1340.000	122.831	38.986	0.000	-159.904
1342.000	123.117	40.734	0.000	-168.379
1344.000	123.079	40.025	0.000	-176.019
1346.000	122.815	39.600	0.000	158.741
1348.000	122.930	40.942	0.000	141.201
1350.000	123.080	41.435	0.000	128.599
1352.000	123.029	41.363	0.000	113.886
1354.000	122.874	41.025	0.000	94.988
1356.000	122.888	41.687	0.000	73.023
1358.000	123.100	42.574	0.000	59.044
1360.000	123.038	42.197	0.000	46.485
1362.000	122.835	41.229	0.000	26.563
1364.000	122.905	41.762	0.000	2.495
1366.000	123.133	42.637	0.000	-7.838
1368.000	123.013	41.261	0.000	-17.371
1370.000	122.774	40.117	0.000	-45.121
1372.000	123.019	41.074	0.000	-58.751
1374.000	123.088	40.037	0.000	-66.149
1376.000	122.934	38.497	0.000	-83.687
1378.000	122.891	37.511	0.000	-96.087
1380.000	122.919	36.528	0.000	-109.057
1382.000	123.136	36.558	0.000	-114.975
1384.000	122.963	35.072	0.000	-115.335
1386.000	122.775	34.100	0.000	-132.830
1388.000	123.070	35.664	0.000	-141.053
1390.000	123.080	34.944	0.000	-142.738
1392.000	122.883	33.073	0.000	-159.230
1394.000	122.856	32.504	0.000	-177.740
1396.000	123.052	31.516	0.000	174.915
1398.000	123.070	29.200	0.000	167.334
1400.000	122.849	25.791	0.000	162.040
1402.000	122.903	22.660	0.000	174.516
1404.000	123.036	23.518	0.000	-151.475
1406.000	123.060	26.063	0.000	-138.047
1408.000	122.853	27.628	0.000	-144.460
1410.000	122.857	30.316	0.000	-158.537
1412.000	123.160	32.401	0.000	-161.236
1414.000	122.970	31.971	0.000	-165.513
1416.000	122.803	32.478	0.000	173.861
1418.000	122.998	34.463	0.000	164.429
1420.000	123.059	34.498	0.000	159.645
1422.000	122.954	34.431	0.000	144.250
1424.000	122.839	34.977	0.000	129.626
1426.000	122.972	35.613	0.000	112.953
1428.000	123.096	36.438	0.000	100.963
1430.000	122.917	35.471	0.000	90.450
1432.000	122.803	35.021	0.000	58.705
1434.000	123.066	36.180	0.000	41.698
1436.000	123.075	34.642	0.000	29.027
1438.000	122.810	32.176	0.000	-5.750
1440.000	122.918	31.340	0.000	-35.199
1442.000	123.059	29.854	0.000	-62.227
1444.000	122.999	27.859	0.000	-96.331
1446.000	122.847	26.650	0.000	-136.355
1448.000	122.909	27.439	0.000	-175.885
1450.000	123.093	28.879	0.000	162.424
1452.000	122.963	28.989	0.000	142.264
1454.000	122.813	29.291	0.000	113.626
1456.000	122.964	31.021	0.000	92.310
1458.000	123.125	31.848	0.000	84.683
1460.000	122.864	30.728	0.000	66.733
1462.000	122.836	31.930	0.000	37.471
1464.000	123.085	32.676	0.000	29.936
1466.000	122.979	31.540	0.000	14.050
1468.000	122.899	31.312	0.000	-7.721
1470.000	122.861	30.513	0.000	-25.338
1472.000	123.051	30.626	0.000	-44.408
1474.000	123.045	29.821	0.000	-52.924
1476.000	122.766	27.261	0.000	-76.427
1478.000	122.972	27.555	0.000	-97.755
1480.000	123.085	26.441	0.000	-103.175
1482.000	122.905	23.343	0.000	-120.643
1484.000	122.823	22.082	0.000	-144.047
1486.000	123.021	20.888	0.000	-153.605
1488.000	123.045	18.375	0.000	-160.664
1490.000	122.850	15.517	0.000	-173.116
1492.000	122.886	14.047	0.000	173.183
1494.000	123.016	13.395	0.000	168.085
1496.000	123.039	13.367	0.000	161.974
1498.000	122.803	12.875	0.000	157.746
1500.000	122.909	13.128	0.000	142.664
1502.000	123.121	12.725	0.000	146.869
1504.000	122.888	11.417	0.000	146.177
1506.000	122.824	10.528	0.000	158.098
1508.000	123.017	10.453	0.000	157.841
1510.000	123.023	10.290	0.000	134.802
1512.000	122.866	10.384	0.000	142.705
1514.000	122.867	11.430	0.000	174.654
1516.000	123.017	10.370	0.000	116.346
1518.000	123.033	9.855	0.000	123.942
1520.000	122.787	9.401	0.000	78.198
1522.000	122.924	10.612	0.000	77.229
1524.000	123.110	10.583	0.000	49.451
1526.000	122.861	10.798	0.000	61.691
1528.000	122.848	10.970	0.000	-177.791
1530.000	122.997	8.735	0.000	131.946
1532.000	123.025	9.763	0.000	169.745
1534.000	122.843	9.791	0.000	116.237
1536.000	122.874	9.986	0.000	-105.772
1538.000	123.043	10.368	0.000	-161.821
1540.000	122.969	10.195	0.000	85.876
1542.000	122.808	10.935	0.000	139.475
1544.000	122.926	10.488	0.000	116.852
1546.000	123.111	10.153	0.000	86.497
1548.000	122.819	9.732	0.000	15.073
1550.000	122.864	9.933	0.000	-7.773
1552.000	123.038	10.665	0.000	-75.439
1554.000	122.956	9.302	0.000	-134.566
1556.000	122.858	9.692	0.000	152.231
1558.000	122.869	10.746	0.000	153.452
1560.000	123.073	11.415	0.000	112.963
1562.000	122.918	11.129	0.000	125.679
1564.000	122.787	9.556	0.000	160.039
1566.000	123.008	10.301	0.000	138.404
1568.000	123.031	10.410	0.000	-150.317
1570.000	122.798	10.591	0.000	119.108
1572.000	122.899	11.623	0.000	-126.305
1574.000	123.038	11.602	0.000	-178.786
1576.000	122.921	10.129	0.000	131.138
1578.000	122.824	10.795	0.000	114.939
1580.000	122.937	10.485	0.000	74.783
1582.000	123.048	10.812	0.000	114.311
1584.000	122.845	11.040	0.000	86.843
1586.000	122.829	10.090	0.000	90.347
1588.000	123.050	9.280	0.000	133.031
1590.000	122.960	9.789	0.000	-175.946
1592.000	122.766	9.063	0.000	170.352
1594.000	122.988	8.953	0.000	94.630
1596.000	122.995	10.253	0.000	89.272
1598.000	122.870	10.162	0.000	79.860
1600.000	122.843	11.124	0.000	76.134
1602.000	122.984	11.067	0.000	61.736
1604.000	123.016	9.947	0.000	17.943
1606.000	122.754	9.997	0.000	-11.489
1608.000	122.951	9.669	0.000	56.260
1610.000	123.034	9.938	0.000	74.214
1612.000	122.843	11.083	0.000	-56.990
1614.000	122.830	9.553	0.000	-59.642
1616.000	123.021	8.574	0.000	24.559
1618.000	122.944	10.180	0.000	-178.004
1620.000	122.812	9.404	0.000	-6.251
1622.000	122.908	9.903	0.000	50.918
1624.000	123.020	9.603	0.000	73.807
1626.000	122.884	8.741	0.000	107.277
1628.000	122.782	10.046	0.000	2.602
1630.000	123.044	11.820	0.000	-73.833
1632.000	122.948	11.279	0.000	-105.486
1634.000	122.775	10.955	0.000	-91.623
1636.000	122.945	9.660	0.000	102.239
1638.000	122.999	10.993	0.000	-81.911
1640.000	122.849	10.960	0.000	-128.951
1642.000	122.839	10.397	0.000	-156.586
1644.000	122.972	10.525	0.000	-110.129
1646.000	122.989	10.234	0.000	-67.951
1648.000	122.749	11.358	0.000	-24.335
1650.000	122.948	10.480	0.000	16.010
1652.000	123.025	9.989	0.000	-18.055
1654.000	122.805	10.671	0.000	-46.577
1656.000	122.853	10.239	0.000	-10.944
1658.000	122.998	9.275	0.000	-60.631
1660.000	122.923	9.928	0.000	-90.566
1662.000	122.788	10.440	0.000	-9.588
1664.000	122.938	9.784	0.000	-77.533
1666.000	122.988	9.824	0.000	-66.171
1668.000	122.838	11.525	0.000	-77.207
1670.000	122.806	11.865	0.000	-80.482
1672.000	123.064	10.964	0.000	-68.441
1674.000	122.861	10.367	0.000	-61.713
1676.000	122.799	8.609	0.000	-108.972
1678.000	122.971	9.641	0.000	-118.891
1680.000	122.946	10.432	0.000	-100.174
1682.000	122.817	10.613	0.000	-78.539
1684.000	122.858	9.819	0.000	-108.883
1686.000	123.006	9.841	0.000	-112.937
1688.000	122.877	10.214	0.000	-155.132
1690.000	122.767	11.118	0.000	-135.741
1692.000	123.013	10.475	0.000	-125.120
1694.000	122.929	10.950	0.000	-138.016
1696.000	122.770	10.671	0.000	-111.214
1698.000	122.928	10.939	0.000	-126.130
1700.000	122.967	10.098	0.000	-155.286
1702.000	122.836	10.989	0.000	-151.782
1704.000	122.818	10.862	0.000	-126.889
1706.000	122.993	10.059	0.000	-107.533
1708.000	122.898	10.190	0.000	-93.518
1710.000	122.774	10.973	0.000	-160.447
1712.000	122.935	12.104	0.000	-114.743
1714.000	122.998	10.984	0.000	-118.809
1716.000	122.738	9.896	0.000	-142.766
1718.000	122.926	11.899	0.000	-121.606
1720.000	122.947	10.413	0.000	-110.284
1722.000	122.862	10.073	0.000	-127.091
1724.000	122.793	10.315	0.000	-138.948
1726.000	122.970	10.957	0.000	-138.880
1728.000	122.929	11.316	0.000	-132.662
1730.000	122.752	9.750	0.000	-125.721
1732.000	122.924	10.753	0.000	-149.974
1734.000	122.981	10.103	0.000	-145.254
1736.000	122.764	9.548	0.000	-158.165
1738.000	122.874	9.885	0.000	-166.750
1740.000	122.968	10.943	0.000	-147.547
1742.000	122.848	11.239	0.000	-141.595
1744.000	122.792	12.503	0.000	-140.200
1746.000	122.949	12.494	0.000	-130.725
1748.000	122.931	12.979	0.000	-135.009
1750.000	122.753	12.148	0.000	-151.951
1752.000	122.901	11.948	0.000	-149.329
1754.000	122.984	11.469	0.000	-139.813
1756.000	122.757	11.449	0.000	-149.312
1758.000	122.868	13.676	0.000	-149.398
1760.000	122.966	13.585	0.000	-144.179
1762.000	122.832	14.313	0.000	-156.165
1764.000	122.801	13.640	0.000	-147.862
1766.000	122.927	14.349	0.000	-153.313
1768.000	122.945	14.433	0.000	-144.718
1770.000	122.723	13.352	0.000	-151.162
1772.000	122.932	15.538	0.000	-154.985
1774.000	122.943	15.748	0.000	-153.305
1776.000	122.768	14.913	0.000	-153.719
1778.000	122.851	16.290	0.000	-158.441
1780.000	122.969	16.932	0.000	-158.949
1782.000	122.811	17.801	0.000	-159.840
1784.000	122.801	18.483	0.000	-163.432
1786.000	122.934	19.146	0.000	-160.572
1788.000	122.907	19.285	0.000	-159.665
1790.000	122.731	19.244	0.000	-169.595
1792.000	122.932	21.010	0.000	-167.148
1794.000	122.932	20.829	0.000	-163.110
1796.000	122.740	21.700	0.000	-174.591
1798.000	122.888	23.746	0.000	-174.471
1800.000	122.935	23.822	0.000	-169.599
1802.000	122.799	24.296	0.000	-175.168
1804.000	122.805	25.391	0.000	-177.540
1806.000	122.948	27.299	0.000	179.952
1808.000	122.866	27.618	0.000	-175.797
1810.000	122.733	28.703	0.000	172.946
1812.000	122.969	30.981	0.000	175.722
1814.000	122.868	30.765	0.000	176.120
1816.000	122.751	32.328	0.000	166.729
1818.000	122.900	34.318	0.000	166.301
1820.000	122.916	35.485	0.000	164.433
1822.000	122.766	36.534	0.000	157.835
1824.000	122.835	38.799	0.000	150.200
1826.000	122.946	40.521	0.000	148.042
1828.000	122.803	41.315	0.000	139.630
1830.000	122.772	43.411	0.000	123.074
1832.000	122.975	45.375	0.000	119.052
1834.000	122.812	45.006	0.000	109.604
1836.000	122.763	46.701	0.000	91.440
1838.000	122.940	47.867	0.000	89.938
1840.000	122.847	48.155	0.000	77.893
1842.000	122.774	49.186	0.000	66.123
1844.000	122.856	50.374	0.000	51.668
1846.000	122.945	51.302	0.000	45.962
1848.000	122.723	50.474	0.000	30.817
1850.000	122.864	52.137	0.000	14.905
1852.000	122.936	51.946	0.000	13.944
1854.000	122.757	50.960	0.000	-2.624
1856.000	122.809	51.928	0.000	-11.345
1858.000	122.942	52.040	0.000	-15.211
1860.000	122.790	51.891	0.000	-24.462
1862.000	122.785	52.358	0.000	-37.249
1864.000	122.903	53.225	0.000	-45.668
1866.000	122.870	52.558	0.000	-51.292
1868.000	122.711	51.850	0.000	-67.086
1870.000	122.937	52.724	0.000	-71.101
1872.000	122.862	51.869	0.000	-70.726
1874.000	122.732	51.923	0.000	-84.054
1876.000	122.884	53.413	0.000	-86.412
1878.000	122.886	52.978	0.000	-92.987
1880.000	122.753	53.247	0.000	-106.616
1882.000	122.824	53.213	0.000	-116.945
1884.000	122.923	53.657	0.000	-123.898
1886.000	122.764	52.185	0.000	-128.729
1888.000	122.788	52.606	0.000	-144.773
1890.000	122.956	52.489	0.000	-140.164
1892.000	122.753	50.767	0.000	-150.397
1894.000	122.788	51.215	0.000	-156.218
1896.000	122.912	51.156	0.000	-156.430
1898.000	122.810	50.579	0.000	-158.600
1900.000	122.753	50.930	0.000	-165.711
1902.000	122.891	51.930	0.000	-168.053
1904.000	122.858	51.956	0.000	-170.934
1906.000	122.711	51.822	0.000	175.816
1908.000	122.904	53.325	0.000	167.935
1910.000	122.865	52.373	0.000	166.222
1912.000	122.717	51.479	0.000	147.848
1914.000	122.873	51.724	0.000	145.141
1916.000	122.867	50.240	0.000	142.982
1918.000	122.746	49.373	0.000	138.767
1920.000	122.814	49.308	0.000	138.031
1922.000	122.907	49.849	0.000	141.792
1924.000	122.743	49.258	0.000	141.475
1926.000	122.793	51.100	0.000	132.801
1928.000	122.928	51.786	0.000	137.891
1930.000	122.734	51.253	0.000	124.056
1932.000	122.794	52.499	0.000	116.302
1934.000	122.895	52.294	0.000	111.160
1936.000	122.778	51.681	0.000	103.985
1938.000	122.760	51.402	0.000	94.119
1940.000	122.886	51.720	0.000	93.231
1942.000	122.816	50.712	0.000	92.414
1944.000	122.714	50.654	0.000	84.849
1946.000	122.918	51.990	0.000	86.465
1948.000	122.798	51.394	0.000	87.229
1950.000	122.733	52.496	0.000	73.612
1952.000	122.879	53.527	0.000	73.959
1954.000	122.821	53.102	0.000	63.591
1956.000	122.735	53.277	0.000	53.640
1958.000	122.837	53.430	0.000	42.782
1960.000	122.873	53.333	0.000	41.690
1962.000	122.696	51.795	0.000	30.649
1964.000	122.862	52.865	0.000	25.324
1966.000	122.854	51.732	0.000	27.831
1968.000	122.719	51.148	0.000	16.340
1970.000	122.824	51.673	0.000	15.119
1972.000	122.868	51.314	0.000	13.345
1974.000	122.722	50.816	0.000	6.990
1976.000	122.808	51.253	0.000	1.044
1978.000	122.869	51.364	0.000	1.236
1980.000	122.741	50.486	0.000	-3.374
1982.000	122.772	51.425	0.000	-11.271
1984.000	122.911	51.788	0.000	-7.363
1986.000	122.706	51.051	0.000	-16.761
1988.000	122.800	52.534	0.000	-23.397
1990.000	122.862	52.481	0.000	-25.717
1992.000	122.751	52.411	0.000	-37.946
1994.000	122.757	52.669	0.000	-48.745
1996.000	122.878	53.063	0.000	-58.720
1998.000	122.761	51.823	0.000	-65.448
2000.000	122.729	51.038	0.000	-87.592
2002.000	122.912	50.591	0.000	-88.094
2004.000	122.728	46.931	0.000	-99.009
2006.000	122.760	44.935	0.000	-106.439
2008.000	122.864	41.833	0.000	-96.306
2010.000	122.767	39.516	0.000	-74.232
2012.000	122.732	40.814	0.000	-54.477
2014.000	122.867	43.252	0.000	-44.061
2016.000	122.782	44.386	0.000	-43.849
2018.000	122.702	45.874	0.000	-53.524
2020.000	122.900	47.847	0.000	-54.600
2022.000	122.751	47.242	0.000	-58.891
2024.000	122.734	48.342	0.000	-72.720
2026.000	122.859	48.459	0.000	-72.357
2028.000	122.772	47.796	0.000	-81.203
2030.000	122.722	47.402	0.000	-86.934
2032.000	122.849	47.508	0.000	-90.846
2034.000	122.796	46.533	0.000	-86.805
2036.000	122.691	45.682	0.000	-91.695
2038.000	122.884	46.696	0.000	-81.756
2040.000	122.758	45.947	0.000	-75.593
2042.000	122.723	47.805	0.000	-75.689
2044.000	122.850	49.347	0.000	-71.030
2046.000	122.775	50.408	0.000	-74.361
2048.000	122.718	51.685	0.000	-82.641
2050.000	122.834	53.482	0.000	-87.415
2052.000	122.798	53.718	0.000	-90.495
2054.000	122.686	54.476	0.000	-104.271
2056.000	122.873	56.150	0.000	-107.836
2058.000	122.760	55.765	0.000	-111.927
2060.000	122.717	56.866	0.000	-127.601
2062.000	122.841	57.781	0.000	-128.751
2064.000	122.771	57.546	0.000	-139.612
2066.000	122.714	58.072	0.000	-148.892
2068.000	122.824	58.881	0.000	-158.948
2070.000	122.799	58.910	0.000	-161.063
2072.000	122.677	58.709	0.000	-178.950
2074.000	122.872	59.936	0.000	179.112
2076.000	122.749	58.591	0.000	171.018
2078.000	122.717	59.062	0.000	158.183
2080.000	122.833	59.130	0.000	153.727
2082.000	122.768	58.611	0.000	146.749
2084.000	122.706	58.348	0.000	135.334
2086.000	122.830	58.684	0.000	130.540
2088.000	122.777	57.878	0.000	127.005
2090.000	122.681	57.487	0.000	115.829
2092.000	122.869	58.397	0.000	114.977
2094.000	122.732	57.178	0.000	111.969
2096.000	122.721	57.905	0.000	101.133
2098.000	122.834	58.020	0.000	101.820
2100.000	122.743	57.724	0.000	93.515
2102.000	122.712	57.981	0.000	86.042
2104.000	122.837	58.752	0.000	79.823
2106.000	122.743	58.235	0.000	76.660
2108.000	122.705	58.617	0.000	60.675
2110.000	122.859	59.388	0.000	60.953
2112.000	122.707	58.105	0.000	49.683
2114.000	122.734	58.902	0.000	39.405
2116.000	122.832	58.595	0.000	34.418
2118.000	122.715	58.049	0.000	25.475
2120.000	122.732	58.018	0.000	13.190
2122.000	122.830	58.233	0.000	9.277
2124.000	122.713	56.943	0.000	0.511
2126.000	122.732	57.018	0.000	-12.568
2128.000	122.842	56.999	0.000	-14.214
2130.000	122.684	55.329	0.000	-24.531
2132.000	122.762	55.854	0.000	-33.256
2134.000	122.810	54.730	0.000	-34.188
2136.000	122.705	54.071	0.000	-43.262
2138.000	122.737	53.737	0.000	-50.032
2140.000	122.838	54.055	0.000	-52.237
2142.000	122.669	52.631	0.000	-59.793
2144.000	122.783	53.530	0.000	-69.828
2146.000	122.802	52.571	0.000	-70.247
2148.000	122.677	51.636	0.000	-85.301
2150.000	122.783	51.742	0.000	-90.315
2152.000	122.790	50.711	0.000	-95.904
2154.000	122.682	49.715	0.000	-105.531
2156.000	122.779	49.535	0.000	-112.650
2158.000	122.798	48.725	0.000	-114.539
2160.000	122.656	47.396	0.000	-126.020
2162.000	122.823	47.702	0.000	-130.510
2164.000	122.752	46.337	0.000	-132.080
2166.000	122.683	45.860	0.000	-146.434
2168.000	122.818	45.761	0.000	-148.224
2170.000	122.734	44.298	0.000	-158.119
2172.000	122.699	43.698	0.000	-167.313
2174.000	122.812	43.415	0.000	-176.681
2176.000	122.735	42.368	0.000	178.390
2178.000	122.697	41.510	0.000	157.137
2180.000	122.830	41.473	0.000	151.544
2182.000	122.698	39.358	0.000	130.446
2184.000	122.728	39.123	0.000	108.235
2186.000	122.805	37.998	0.000	88.347
2188.000	122.703	36.968	0.000	63.068
2190.000	122.721	37.298	0.000	33.966
2192.000	122.820	37.785	0.000	17.041
2194.000	122.675	37.581	0.000	-5.562
2196.000	122.749	39.021	0.000	-25.424
2198.000	122.809	39.692	0.000	-32.322
2200.000	122.652	39.769	0.000	-55.411
2202.000	122.795	41.250	0.000	-64.633
2204.000	122.759	40.554	0.000	-77.002
2206.000	122.684	40.484	0.000	-89.208
2208.000	122.773	40.755	0.000	-101.124
2210.000	122.777	40.456	0.000	-103.753
2212.000	122.655	39.729	0.000	-119.140
2214.000	122.815	40.408	0.000	-122.074
2216.000	122.721	39.065	0.000	-127.682
2218.000	122.687	39.283	0.000	-139.357
2220.000	122.810	38.952	0.000	-140.477
2222.000	122.701	38.226	0.000	-148.340
2224.000	122.703	37.988	0.000	-157.763
2226.000	122.808	37.974	0.000	-162.172
2228.000	122.683	36.401	0.000	-168.601
2230.000	122.724	36.065	0.000	-176.835
2232.000	122.802	35.541	0.000	-175.874
2234.000	122.659	34.107	0.000	177.056
2236.000	122.767	34.449	0.000	173.819
2238.000	122.756	33.265	0.000	170.829
2240.000	122.685	33.060	0.000	161.263
2242.000	122.750	32.579	0.000	150.254
2244.000	122.774	31.869	0.000	142.037
2246.000	122.651	29.611	0.000	116.253
2248.000	122.798	29.292	0.000	93.914
2250.000	122.721	27.919	0.000	59.139
2252.000	122.682	29.710	0.000	14.581
2254.000	122.793	32.252	0.000	-10.393
2256.000	122.703	34.189	0.000	-33.032
2258.000	122.692	36.690	0.000	-54.492
2260.000	122.804	38.631	0.000	-65.382
2262.000	122.671	39.308	0.000	-80.243
2264.000	122.723	41.264	0.000	-96.347
2266.000	122.798	42.137	0.000	-100.719
2268.000	122.642	42.362	0.000	-119.023
2270.000	122.781	43.699	0.000	-125.155
2272.000	122.734	43.265	0.000	-134.430
2274.000	122.675	43.664	0.000	-144.206
2276.000	122.771	44.359	0.000	-152.264
2278.000	122.732	44.311	0.000	-154.560
2280.000	122.668	44.495	0.000	-166.736
2282.000	122.795	45.679	0.000	-167.714
2284.000	122.691	45.201	0.000	-175.115
2286.000	122.707	46.447	0.000	176.371
2288.000	122.773	46.674	0.000	171.449
2290.000	122.686	46.959	0.000	163.015
2292.000	122.710	47.625	0.000	150.870
2294.000	122.784	48.026	0.000	146.793
2296.000	122.651	47.398	0.000	133.848
2298.000	122.756	48.082	0.000	123.103
2300.000	122.753	47.670	0.000	120.156
2302.000	122.654	46.968	0.000	104.465
2304.000	122.780	47.082	0.000	102.916
2306.000	122.711	45.776	0.000	95.819
2308.000	122.676	45.307	0.000	91.016
2310.000	122.784	45.469	0.000	87.976
2312.000	122.686	44.513	0.000	88.498
2314.000	122.704	44.999	0.000	80.723
2316.000	122.781	45.032	0.000	85.248
2318.000	122.660	44.724	0.000	77.475
2320.000	122.737	45.605	0.000	76.545
2322.000	122.754	45.646	0.000	73.925
2324.000	122.661	46.034	0.000	67.317
2326.000	122.754	47.093	0.000	62.346
2328.000	122.738	47.170	0.000	58.622
2330.000	122.647	47.517	0.000	45.922
2332.000	122.806	48.500	0.000	41.857
2334.000	122.669	47.679	0.000	32.912
2336.000	122.711	48.380	0.000	21.966
2338.000	122.766	47.954	0.000	18.330
2340.000	122.666	47.543	0.000	8.187
2342.000	122.726	47.602	0.000	0.818
2344.000	122.761	47.619	0.000	-2.472
2346.000	122.642	46.879	0.000	-12.275
2348.000	122.781	47.836	0.000	-16.824
2350.000	122.700	46.631	0.000	-21.027
2352.000	122.681	46.987	0.000	-31.692
2354.000	122.769	46.775	0.000	-34.739
2356.000	122.685	46.269	0.000	-42.246
2358.000	122.695	46.345	0.000	-52.106
2360.000	122.776	46.153	0.000	-55.061
2362.000	122.651	45.076	0.000	-63.951
2364.000	122.742	45.237	0.000	-71.271
2366.000	122.743	44.432	0.000	-71.327
2368.000	122.648	43.752	0.000	-80.814
2370.000	122.779	43.803	0.000	-78.160
2372.000	122.692	43.012	0.000	-82.430
2374.000	122.679	43.141	0.000	-84.689
2376.000	122.784	43.886	0.000	-85.725
2378.000	122.654	43.463	0.000	-88.605
2380.000	122.733	44.723	0.000	-97.063
2382.000	122.745	44.747	0.000	-97.770
2384.000	122.656	45.002	0.000	-110.762
2386.000	122.756	45.740	0.000	-115.947
2388.000	122.711	45.496	0.000	-125.368
2390.000	122.673	45.449	0.000	-136.936
2392.000	122.762	45.786	0.000	-145.304
2394.000	122.690	44.870	0.000	-152.543
2396.000	122.688	44.766	0.000	-165.743
2398.000	122.777	44.557	0.000	-168.931
2400.000	122.640	43.377	0.000	179.331
2402.000	122.753	43.787	0.000	172.882
2404.000	122.722	42.649	0.000	167.188
2406.000	122.658	42.173	0.000	158.373
2408.000	122.771	42.090	0.000	151.232
2410.000	122.686	41.262	0.000	148.732
2412.000	122.688	40.938	0.000	135.885
2414.000	122.769	40.788	0.000	135.923
2416.000	122.653	39.735	0.000	124.599
2418.000	122.736	39.917	0.000	118.642
2420.000	122.730	39.217	0.000	111.601
2422.000	122.662	38.485	0.000	100.746
2424.000	122.752	38.400	0.000	92.197
2426.000	122.709	37.141	0.000	85.650
2428.000	122.661	36.113	0.000	72.458
2430.000	122.792	35.724	0.000	68.881
2432.000	122.643	33.683	0.000	60.599
2434.000	122.738	33.310	0.000	53.814
2436.000	122.736	31.569	0.000	50.546
2438.000	122.651	30.277	0.000	44.289
2440.000	122.766	29.353	0.000	40.195
2442.000	122.694	27.991	0.000	40.042
2444.000	122.679	26.805	0.000	31.297
2446.000	122.772	26.431	0.000	36.140
2448.000	122.652	24.890	0.000	31.605
2450.000	122.734	24.298	0.000	28.781
2452.000	122.729	23.116	0.000	26.179
2454.000	122.663	22.552	0.000	27.158
2456.000	122.749	21.687	0.000	25.011
2458.000	122.705	20.678	0.000	25.263
2460.000	122.669	19.970	0.000	24.458
2462.000	122.779	20.197	0.000	23.763
2464.000	122.647	19.067	0.000	20.072
2466.000	122.739	19.163	0.000	22.612
2468.000	122.721	17.533	0.000	21.582
2470.000	122.667	17.116	0.000	18.569
2472.000	122.753	16.930	0.000	15.866
2474.000	122.691	15.840	0.000	16.752
2476.000	122.698	15.786	0.000	20.348
2478.000	122.752	15.565	0.000	20.625
2480.000	122.663	15.684	0.000	10.757
2482.000	122.732	15.757	0.000	14.330
2484.000	122.724	15.235	0.000	14.370
2486.000	122.665	13.939	0.000	12.049
2488.000	122.759	15.185	0.000	13.991
2490.000	122.683	14.722	0.000	8.521
2492.000	122.699	13.925	0.000	7.116
2494.000	122.756	13.971	0.000	7.891
2496.000	122.650	13.525	0.000	1.365
2498.000	122.756	13.968	0.000	5.022
2500.000	122.698	13.718	0.000	-2.199
2502.000	122.682	13.159	0.000	-1.860
2504.000	122.761	12.901	0.000	-3.291
2506.000	122.666	11.884	0.000	-4.652
2508.000	122.724	12.600	0.000	-7.617
2510.000	122.737	13.188	0.000	-12.618
2512.000	122.657	12.726	0.000	-20.196
2514.000	122.758	11.786	0.000	-25.345
2516.000	122.693	12.319	0.000	-24.136
2518.000	122.684	11.728	0.000	-19.468
2520.000	122.770	11.652	0.000	-17.800
2522.000	122.645	11.775	0.000	-31.801
2524.000	122.757	10.908	0.000	-25.411
2526.000	122.698	11.056	0.000	-32.390
2528.000	122.697	12.031	0.000	-50.074
2530.000	122.743	11.315	0.000	-53.978
2532.000	122.687	10.716	0.000	-49.315
2534.000	122.710	10.209	0.000	-42.036
2536.000	122.745	11.046	0.000	-54.546
2538.000	122.658	11.058	0.000	-62.424
2540.000	122.762	10.345	0.000	-36.736
2542.000	122.687	10.066	0.000	-48.331
2544.000	122.701	10.145	0.000	-59.127
2546.000	122.751	10.398	0.000	-54.108
2548.000	122.659	11.162	0.000	-50.049
2550.000	122.749	11.708	0.000	-68.490
2552.000	122.709	11.395	0.000	-81.470
2554.000	122.680	10.975	0.000	-88.824
2556.000	122.767	10.512	0.000	-101.275
2558.000	122.663	11.110	0.000	-112.073
2560.000	122.735	11.045	0.000	-98.084
2562.000	122.725	10.231	0.000	-97.824
2564.000	122.671	10.280	0.000	-101.640
2566.000	122.761	10.874	0.000	-89.912
2568.000	122.680	9.437	0.000	-96.898
2570.000	122.717	8.076	0.000	-95.741
2572.000	122.747	8.083	0.000	-100.425
2574.000	122.660	9.269	0.000	-95.488
2576.000	122.761	9.106	0.000	-113.582
2578.000	122.689	9.120	0.000	-119.736
2580.000	122.704	9.629	0.000	-112.858
2582.000	122.751	9.487	0.000	-108.461
2584.000	122.667	9.111	0.000	-152.626
2586.000	122.753	10.014	0.000	-133.583
2588.000	122.704	10.237	0.000	-109.249
2590.000	122.693	9.789	0.000	-152.915
2592.000	122.758	10.028	0.000	-156.375
2594.000	122.669	9.838	0.000	-143.953
2596.000	122.741	9.699	0.000	-123.139
2598.000	122.723	10.553	0.000	-146.480
2600.000	122.683	11.238	0.000	-151.332
2602.000	122.761	10.412	0.000	-143.320
2604.000	122.676	9.371	0.000	-162.234
2606.000	122.736	9.080	0.000	-165.538
2608.000	122.726	8.794	0.000	-177.463
2610.000	122.680	9.704	0.000	-173.166
2612.000	122.760	11.383	0.000	-135.042
2614.000	122.691	10.684	0.000	-158.583
2616.000	122.712	10.802	0.000	-142.079
2618.000	122.756	10.335	0.000	-112.693
2620.000	122.660	9.740	0.000	-167.599
2622.000	122.775	8.917	0.000	170.130
2624.000	122.682	9.483	0.000	143.699
2626.000	122.720	11.090	0.000	160.550
2628.000	122.750	11.454	0.000	-161.055
2630.000	122.669	10.972	0.000	172.892
2632.000	122.762	10.075	0.000	-175.738
2634.000	122.701	10.604	0.000	156.176
2636.000	122.705	11.075	0.000	162.126
2638.000	122.759	11.198	0.000	158.114
2640.000	122.664	11.028	0.000	160.385
2642.000	122.767	10.517	0.000	-175.792
2644.000	122.696	10.343	0.000	178.660
2646.000	122.712	9.877	0.000	164.052
2648.000	122.758	10.679	0.000	175.347
2650.000	122.677	10.150	0.000	-179.633
2652.000	122.752	10.577	0.000	148.230
2654.000	122.711	10.943	0.000	145.397
2656.000	122.700	10.448	0.000	128.540
2658.000	122.767	9.927	0.000	136.729
2660.000	122.663	10.546	0.000	146.449
2662.000	122.770	9.762	0.000	119.850
2664.000	122.702	9.419	0.000	119.040
2666.000	122.711	8.142	0.000	145.601
2668.000	122.754	9.542	0.000	161.206
2670.000	122.683	10.135	0.000	125.102
2672.000	122.751	9.986	0.000	120.076
2674.000	122.717	9.944	0.000	129.631
2676.000	122.703	10.829	0.000	130.601
2678.000	122.768	10.347	0.000	127.803
2680.000	122.669	9.435	0.000	157.154
2682.000	122.767	9.794	0.000	134.611
2684.000	122.710	9.508	0.000	112.822
2686.000	122.702	9.642	0.000	110.471
2688.000	122.781	10.198	0.000	95.938
2690.000	122.661	10.613	0.000	91.496
2692.000	122.779	10.872	0.000	106.403
2694.000	122.694	10.084	0.000	106.602
2696.000	122.732	9.874	0.000	100.290
2698.000	122.739	10.661	0.000	92.301
2700.000	122.699	8.516	0.000	119.849
2702.000	122.750	9.249	0.000	102.493
2704.000	122.719	9.350	0.000	77.390
2706.000	122.708	8.949	0.000	104.242
2708.000	122.770	9.524	0.000	119.239
2710.000	122.673	9.483	0.000	66.130
2712.000	122.777	10.210	0.000	104.050
2714.000	122.693	9.973	0.000	74.496
2716.000	122.736	10.391	0.000	83.865
2718.000	122.748	9.676	0.000	84.196
2720.000	122.687	9.393	0.000	79.452
2722.000	122.771	9.717	0.000	98.334
2724.000	122.704	9.477	0.000	112.894
2726.000	122.728	10.924	0.000	114.113
2728.000	122.756	10.106	0.000	116.205
2730.000	122.680	9.027	0.000	28.931
2732.000	122.784	8.406	0.000	90.733
2734.000	122.681	8.903	0.000	115.801
2736.000	122.764	9.619	0.000	125.568
2738.000	122.719	9.183	0.000	-144.401
2740.000	122.721	8.776	0.000	127.416
2742.000	122.755	8.517	0.000	-22.680
2744.000	122.699	9.294	0.000	75.344
2746.000	122.750	9.358	0.000	95.261
2748.000	122.733	9.231	0.000	106.357
2750.000	122.711	9.560	0.000	65.961
2752.000	122.767	9.215	0.000	54.752
2754.000	122.690	8.343	0.000	35.128
2756.000	122.764	8.576	0.000	-101.527
2758.000	122.721	9.732	0.000	-107.823
2760.000	122.714	9.821	0.000	-142.528
2762.000	122.773	7.931	0.000	-101.694
2764.000	122.684	8.844	0.000	100.304
2766.000	122.784	9.369	0.000	111.604
2768.000	122.689	9.149	0.000	117.944
2770.000	122.760	8.437	0.000	-169.616
2772.000	122.733	9.181	0.000	-118.362
2774.000	122.713	8.791	0.000	50.548
2776.000	122.771	9.032	0.000	144.488
2778.000	122.699	8.785	0.000	-159.409
2780.000	122.756	10.092	0.000	-177.501
2782.000	122.739	9.513	0.000	133.621
2784.000	122.706	9.439	0.000	-123.781
2786.000	122.777	9.302	0.000	-122.944
2788.000	122.686	9.287	0.000	-161.116
2790.000	122.778	8.618	0.000	-173.553
2792.000	122.709	9.592	0.000	107.977
2794.000	122.742	9.809	0.000	59.851
2796.000	122.748	10.149	0.000	113.689
2798.000	122.722	9.713	0.000	-176.835
2800.000	122.752	9.665	0.000	-123.998
2802.000	122.727	8.934	0.000	-118.792
2804.000	122.732	8.063	0.000	-121.465
2806.000	122.762	8.254	0.000	-6.823
2808.000	122.696	8.778	0.000	17.238
2810.000	122.789	8.300	0.000	37.271
2812.000	122.690	7.691	0.000	-11.423
2814.000	122.770	7.444	0.000	-71.206
2816.000	122.728	7.662	0.000	-148.377
2818.000	122.721	9.353	0.000	-114.907
2820.000	122.774	9.155	0.000	-56.340
2822.000	122.692	8.919	0.000	-60.044
2824.000	122.788	8.709	0.000	-60.435
2826.000	122.695	9.539	0.000	-76.145
2828.000	122.769	10.004	0.000	-89.816
2830.000	122.729	10.269	0.000	-93.490
2832.000	122.733	9.965	0.000	-104.599
2834.000	122.762	9.700	0.000	-153.708
2836.000	122.716	10.500	0.000	-97.011
2838.000	122.759	11.015	0.000	-60.264
2840.000	122.739	10.696	0.000	-64.310
2842.000	122.724	9.422	0.000	-168.700
2844.000	122.770	8.844	0.000	-145.566
2846.000	122.700	10.817	0.000	-91.196
2848.000	122.783	10.793	0.000	-19.585
2850.000	122.712	9.465	0.000	-93.057
2852.000	122.753	9.206	0.000	38.605
2854.000	122.750	9.279	0.000	-78.373
2856.000	122.720	8.961	0.000	-62.166
2858.000	122.777	9.297	0.000	-85.152
2860.000	122.700	9.710	0.000	-59.715
2862.000	122.779	9.626	0.000	-65.361
2864.000	122.714	9.764	0.000	-74.482
2866.000	122.764	9.340	0.000	-75.683
2868.000	122.740	10.082	0.000	-97.838
2870.000	122.731	10.317	0.000	-114.063
2872.000	122.764	9.389	0.000	-109.396
2874.000	122.722	9.129	0.000	-86.349
2876.000	122.761	9.290	0.000	-63.659
2878.000	122.740	10.375	0.000	-58.367
2880.000	122.732	10.768	0.000	-69.132
2882.000	122.769	10.451	0.000	-85.030
2884.000	122.721	10.394	0.000	-112.709
2886.000	122.762	11.463	0.000	-98.840
2888.000	122.739	11.623	0.000	-99.627
2890.000	122.734	11.616	0.000	-109.902
2892.000	122.777	11.550	0.000	-98.932
2894.000	122.708	12.887	0.000	-99.487
2896.000	122.792	13.529	0.000	-102.339
2898.000	122.694	13.255	0.000	-108.314
2900.000	122.792	14.130	0.000	-98.884
2902.000	122.716	14.310	0.000	-100.644
2904.000	122.760	14.465	0.000	-109.172
2906.000	122.755	14.232	0.000	-112.960
2908.000	122.714	15.051	0.000	-115.491
2910.000	122.798	15.986	0.000	-119.926
2912.000	122.692	16.409	0.000	-126.146
2914.000	122.799	16.452	0.000	-127.223
2916.000	122.706	16.688	0.000	-129.706
2918.000	122.768	17.635	0.000	-134.035
2920.000	122.749	18.166	0.000	-140.664
2922.000	122.733	18.644	0.000	-144.341
2924.000	122.774	18.540	0.000	-143.003
2926.000	122.715	19.006	0.000	-149.769
2928.000	122.779	19.625	0.000	-149.554
2930.000	122.722	19.255	0.000	-153.775
2932.000	122.766	20.178	0.000	-162.056
2934.000	122.741	20.223	0.000	-164.258
2936.000	122.742	20.312	0.000	-166.943
2938.000	122.768	21.122	0.000	-167.116
2940.000	122.729	21.490	0.000	-173.933
2942.000	122.768	21.815	0.000	-174.337
2944.000	122.733	21.878	0.000	-175.642
2946.000	122.751	22.591	0.000	-178.482
2948.000	122.759	23.499	0.000	-178.507
2950.000	122.735	23.837	0.000	177.116
2952.000	122.771	24.877	0.000	176.252
2954.000	122.726	25.408	0.000	168.252
2956.000	122.763	26.117	0.000	167.291
2958.000	122.746	26.388	0.000	160.737
2960.000	122.744	27.438	0.000	154.001
2962.000	122.766	27.750	0.000	150.665
2964.000	122.723	28.479	0.000	143.784
2966.000	122.778	28.832	0.000	140.883
2968.000	122.726	29.430	0.000	132.261
2970.000	122.773	29.904	0.000	130.364
2972.000	122.737	30.065	0.000	121.354
2974.000	122.752	30.574	0.000	119.041
2976.000	122.756	30.674	0.000	113.461
2978.000	122.739	31.238	0.000	106.659
2980.000	122.774	31.325	0.000	103.283
2982.000	122.720	31.696	0.000	95.527
2984.000	122.776	32.171	0.000	91.696
2986.000	122.729	32.118	0.000	85.285
2988.000	122.761	32.960	0.000	79.665
2990.000	122.756	32.701	0.000	74.765
2992.000	122.737	33.389	0.000	68.408
2994.000	122.770	33.286	0.000	63.666
2996.000	122.728	33.700	0.000	56.935
2998.000	122.771	33.641	0.000	52.750
3000.000	122.737	33.913	0.000	45.743
3002.000	122.759	34.088	0.000	40.197
3004.000	122.748	34.017	0.000	34.726
3006.000	122.748	34.428	0.000	28.363
3008.000	122.762	34.102	0.000	23.332
3010.000	122.738	34.398	0.000	17.363
3012.000	122.769	34.175	0.000	12.495
3014.000	122.730	34.284	0.000	5.730
3016.000	122.765	34.258	0.000	0.806
3018.000	122.746	33.852	0.000	-4.256
3020.000	122.750	34.136	0.000	-9.678
3022.000	122.769	33.660	0.000	-12.145
3024.000	122.728	33.838	0.000	-18.980
3026.000	122.782	33.550	0.000	-21.734
3028.000	122.715	33.351	0.000	-28.257
3030.000	122.790	33.402	0.000	-30.862
3032.000	122.725	33.072	0.000	-35.663
3034.000	122.767	33.211	0.000	-39.107
3036.000	122.743	32.745	0.000	-44.165
3038.000	122.749	32.642	0.000	-47.687
3040.000	122.761	32.387	0.000	-50.329
3042.000	122.741	32.130	0.000	-54.469
3044.000	122.764	31.993	0.000	-55.398
3046.000	122.736	31.481	0.000	-59.165
3048.000	122.766	31.641	0.000	-59.571
3050.000	122.737	31.122	0.000	-61.683
3052.000	122.768	31.380	0.000	-60.752
3054.000	122.740	30.967	0.000	-61.358
3056.000	122.758	31.684	0.000	-62.304
3058.000	122.746	31.731	0.000	-59.795
3060.000	122.759	32.484	0.000	-62.804
3062.000	122.752	32.615	0.000	-59.867
3064.000	122.749	33.397	0.000	-64.536
3066.000	122.760	33.884	0.000	-65.210
3068.000	122.732	34.544	0.000	-69.443
3070.000	122.771	35.318	0.000	-73.417
3072.000	122.729	35.671	0.000	-76.830
3074.000	122.779	36.572	0.000	-82.936
3076.000	122.731	36.709	0.000	-86.423
3078.000	122.765	37.506	0.000	-93.875
3080.000	122.748	37.454	0.000	-98.408
3082.000	122.734	37.999	0.000	-105.747
3084.000	122.787	38.221	0.000	-110.376
3086.000	122.710	38.192	0.000	-117.299
3088.000	122.796	38.710	0.000	-121.944
3090.000	122.711	38.278	0.000	-127.984
3092.000	122.770	38.801	0.000	-132.819
3094.000	122.751	38.426	0.000	-137.189
3096.000	122.734	38.789	0.000	-143.012
3098.000	122.785	38.615	0.000	-146.218
3100.000	122.711	38.712	0.000	-152.465
3102.000	122.783	38.865	0.000	-156.397
3104.000	122.729	38.905	0.000	-160.929
3106.000	122.755	39.045	0.000	-165.676
3108.000	122.770	39.000	0.000	-169.510
3110.000	122.723	39.099	0.000	-175.961
3112.000	122.783	39.092	0.000	-177.922
3114.000	122.724	39.210	0.000	174.997
3116.000	122.765	39.075	0.000	173.023
3118.000	122.746	39.357	0.000	167.178
3120.000	122.754	39.244	0.000	164.123
3122.000	122.749	39.428	0.000	158.437
3124.000	122.756	39.624	0.000	154.185
3126.000	122.726	39.537	0.000	149.240
3128.000	122.785	39.975	0.000	144.380
3130.000	122.713	39.648	0.000	139.384
3132.000	122.789	40.094	0.000	133.112
3134.000	122.729	39.868	0.000	128.616
3136.000	122.744	39.924	0.000	121.166
3138.000	122.778	40.118	0.000	117.641
3140.000	122.696	39.738	0.000	109.150
3142.000	122.820	40.148	0.000	106.810
3144.000	122.688	39.406	0.000	98.040
3146.000	122.799	39.615	0.000	94.263
3148.000	122.719	39.026	0.000	87.703
3150.000	122.748	39.069	0.000	82.324
3152.000	122.768	38.715	0.000	77.329
3154.000	122.721	38.514	0.000	70.342
3156.000	122.779	38.123	0.000	66.217
3158.000	122.737	37.911	0.000	58.876
3160.000	122.744	37.246	0.000	55.167
3162.000	122.761	36.985	0.000	48.567
3164.000	122.733	36.319	0.000	44.705
3166.000	122.762	35.794	0.000	38.915
3168.000	122.754	35.286	0.000	34.198
3170.000	122.732	34.192	0.000	29.483
3172.000	122.779	33.950	0.000	24.910
3174.000	122.711	32.333	0.000	20.683
3176.000	122.769	31.845	0.000	16.275
3178.000	122.745	30.309	0.000	14.504
3180.000	122.731	28.734	0.000	12.716
3182.000	122.790	27.216	0.000	12.613
3184.000	122.703	24.889	0.000	18.065
3186.000	122.782	23.110	0.000	32.296
3188.000	122.720	22.122	0.000	64.089
3190.000	122.752	24.421	0.000	83.713
3192.000	122.759	27.150	0.000	93.709
3194.000	122.739	29.632	0.000	93.686
3196.000	122.758	31.331	0.000	89.879
3198.000	122.745	33.127	0.000	85.541
3200.000	122.733	34.356	0.000	80.082
3202.000	122.755	35.613	0.000	73.534
3204.000	122.745	36.531	0.000	69.359
3206.000	122.731	37.547	0.000	60.519
3208.000	122.793	38.365	0.000	56.124
3210.000	122.687	38.812	0.000	46.490
3212.000	122.804	39.499	0.000	41.543
3214.000	122.695	39.523	0.000	33.261
3216.000	122.768	40.259	0.000	26.723
3218.000	122.752	40.212	0.000	20.586
3220.000	122.722	40.803	0.000	12.820
3222.000	122.784	40.701	0.000	8.331
3224.000	122.717	41.013	0.000	-0.226
3226.000	122.752	40.948	0.000	-3.973
3228.000	122.747	41.239	0.000	-12.427
3230.000	122.731	41.161	0.000	-15.370
3232.000	122.750	41.377	0.000	-23.556
3234.000	122.765	41.419	0.000	-27.736
3236.000	122.711	41.626	0.000	-34.861
3238.000	122.787	41.589	0.000	-39.402
3240.000	122.702	41.680	0.000	-45.736
3242.000	122.755	41.762	0.000	-51.755
3244.000	122.757	41.872	0.000	-57.113
3246.000	122.713	41.906	0.000	-63.671
3248.000	122.789	41.773	0.000	-69.421
3250.000	122.710	41.780	0.000	-76.475
3252.000	122.755	41.673	0.000	-81.613
3254.000	122.746	41.764	0.000	-89.837
3256.000	122.723	41.393	0.000	-94.026
3258.000	122.746	41.537	0.000	-102.414
3260.000	122.762	41.128	0.000	-107.868
3262.000	122.702	40.832	0.000	-114.641
3264.000	122.801	40.865	0.000	-121.143
3266.000	122.686	40.052	0.000	-126.148
3268.000	122.773	40.342	0.000	-133.309
3270.000	122.726	39.322	0.000	-137.867
3272.000	122.728	39.439	0.000	-143.954
3274.000	122.760	38.640	0.000	-149.460
3276.000	122.732	38.284	0.000	-155.668
3278.000	122.741	37.799	0.000	-160.025
3280.000	122.750	37.282	0.000	-167.369
3282.000	122.730	36.702	0.000	-169.599
3284.000	122.727	36.302	0.000	-178.167
3286.000	122.760	35.421	0.000	179.502
3288.000	122.707	34.861	0.000	173.561
3290.000	122.762	33.616	0.000	169.993
3292.000	122.739	32.386	0.000	165.736
3294.000	122.728	31.133	0.000	161.594
3296.000	122.757	29.330	0.000	160.988
3298.000	122.729	27.918	0.000	164.428
3300.000	122.712	26.062	0.000	172.310
3302.000	122.777	25.424	0.000	-167.884
3304.000	122.687	26.099	0.000	-151.986
3306.000	122.773	28.513	0.000	-142.673
3308.000	122.737	30.222	0.000	-141.528
3310.000	122.709	32.492	0.000	-144.270
3312.000	122.779	33.742	0.000	-149.768
3314.000	122.696	34.819	0.000	-156.438
3316.000	122.744	35.914	0.000	-164.208
3318.000	122.733	36.343	0.000	-172.465
3320.000	122.737	37.398	0.000	-179.183
3322.000	122.719	37.338	0.000	170.463
3324.000	122.784	38.025	0.000	163.923
3326.000	122.674	37.767	0.000	152.879
3328.000	122.789	37.913	0.000	145.490
3330.000	122.694	37.546	0.000	136.300
3332.000	122.732	37.533	0.000	128.409
3334.000	122.743	37.071	0.000	120.385
3336.000	122.730	36.747	0.000	111.891
3338.000	122.716	36.040	0.000	104.229
3340.000	122.776	35.632	0.000	98.124
3342.000	122.694	34.566	0.000	93.201
3344.000	122.750	34.167	0.000	88.100
3346.000	122.736	33.183	0.000	84.417
3348.000	122.694	32.819	0.000	80.292
3350.000	122.762	31.972	0.000	79.153
3352.000	122.709	31.629	0.000	75.699
3354.000	122.736	31.183	0.000	76.151
3356.000	122.735	30.896	0.000	71.903
3358.000	122.744	30.606	0.000	72.026
3360.000	122.699	30.612	0.000	66.750
3362.000	122.762	30.358	0.000	65.011
3364.000	122.699	30.311	0.000	61.782
3366.000	122.721	29.909	0.000	54.511
3368.000	122.743	29.405	0.000	52.030
3370.000	122.720	29.417	0.000	45.747
3372.000	122.716	28.614	0.000	43.010
3374.000	122.780	28.502	0.000	38.675
3376.000	122.670	27.356	0.000	32.106
3378.000	122.765	26.843	0.000	30.222
3380.000	122.722	26.228	0.000	27.646
3382.000	122.686	25.287	0.000	25.008
3384.000	122.753	24.191	0.000	26.907
3386.000	122.722	23.007	0.000	28.594
3388.000	122.693	22.294	0.000	33.137
3390.000	122.776	22.538	0.000	35.875
3392.000	122.706	22.055	0.000	42.960
3394.000	122.704	22.482	0.000	44.396
3396.000	122.775	23.033	0.000	47.367
3398.000	122.669	23.562	0.000	43.881
3400.000	122.737	23.742	0.000	46.084
3402.000	122.733	24.680	0.000	41.837
3404.000	122.695	24.848	0.000	41.373
3406.000	122.721	25.620	0.000	35.379
3408.000	122.764	25.793	0.000	31.909
3410.000	122.671	25.625	0.000	25.931
3412.000	122.760	26.134	0.000	23.657
3414.000	122.725	26.123	0.000	18.555
3416.000	122.688	25.990	0.000	12.771
3418.000	122.732	25.867	0.000	8.360
3420.000	122.736	25.832	0.000	3.154
3422.000	122.661	25.200	0.000	0.855
3424.000	122.771	24.951	0.000	-3.875
3426.000	122.699	24.775	0.000	-6.881
3428.000	122.710	25.074	0.000	-9.616
3430.000	122.747	25.170	0.000	-13.343
3432.000	122.714	24.650	0.000	-16.375
3434.000	122.691	24.544	0.000	-17.717
3436.000	122.746	24.690	0.000	-22.063
3438.000	122.699	24.451	0.000	-20.562
3440.000	122.685	24.924	0.000	-27.490
3442.000	122.742	24.020	0.000	-32.256
3444.000	122.712	24.962	0.000	-35.980
3446.000	122.680	24.381	0.000	-40.039
3448.000	122.778	24.554	0.000	-43.875
3450.000	122.696	23.976	0.000	-47.847
3452.000	122.685	23.529	0.000	-54.960
3454.000	122.776	23.064	0.000	-60.680
3456.000	122.661	22.521	0.000	-64.325
3458.000	122.708	21.912	0.000	-63.505
3460.000	122.731	21.231	0.000	-66.596
3462.000	122.696	20.737	0.000	-65.212
3464.000	122.674	21.019	0.000	-65.458
3466.000	122.790	21.086	0.000	-67.063
3468.000	122.642	20.855	0.000	-66.572
3470.000	122.747	21.348	0.000	-65.981
3472.000	122.731	20.803	0.000	-69.173
3474.000	122.688	21.575	0.000	-75.647
3476.000	122.699	21.853	0.000	-79.380
3478.000	122.744	21.620	0.000	-83.078
3480.000	122.656	21.155	0.000	-89.294
3482.000	122.713	21.464	0.000	-97.339
3484.000	122.713	20.748	0.000	-101.752
3486.000	122.706	20.671	0.000	-102.588
3488.000	122.671	20.019	0.000	-107.850
3490.000	122.771	19.234	0.000	-104.890
3492.000	122.674	18.680	0.000	-111.825
3494.000	122.708	17.822	0.000	-106.212
3496.000	122.738	17.293	0.000	-103.361
3498.000	122.690	17.711	0.000	-105.710
3500.000	122.676	17.869	0.000	-107.836
3502.000	122.733	17.446	0.000	-107.441
3504.000	122.677	17.064	0.000	-103.152
3506.000	122.679	17.377	0.000	-102.704
3508.000	122.719	17.413	0.000	-105.860
3510.000	122.716	18.101	0.000	-102.960
3512.000	122.661	19.040	0.000	-101.060
3514.000	122.747	19.236	0.000	-99.558
3516.000	122.713	19.775	0.000	-104.960
3518.000	122.658	20.786	0.000	-115.486
3520.000	122.746	21.106	0.000	-113.825
3522.000	122.706	21.566	0.000	-120.958
3524.000	122.646	21.063	0.000	-123.310
3526.000	122.722	21.580	0.000	-132.537
3528.000	122.710	21.826	0.000	-138.169
3530.000	122.635	21.869	0.000	-145.522
3532.000	122.721	22.091	0.000	-147.715
3534.000	122.730	22.551	0.000	-155.249
3536.000	122.635	21.983	0.000	-159.876
3538.000	122.741	22.279	0.000	-165.167
3540.000	122.730	21.871	0.000	-174.358
3542.000	122.650	21.227	0.000	177.844
3544.000	122.723	21.905	0.000	172.732
3546.000	122.715	21.344	0.000	165.349
3548.000	122.670	20.888	0.000	156.286
3550.000	122.670	21.264	0.000	147.423
3552.000	122.720	20.361	0.000	141.002
3554.000	122.672	19.964	0.000	132.921
3556.000	122.650	19.029	0.000	124.253
3558.000	122.725	17.742	0.000	116.750
3560.000	122.704	16.653	0.000	110.024
3562.000	122.631	14.938	0.000	93.247
3564.000	122.752	13.439	0.000	86.021
3566.000	122.704	11.153	0.000	72.609
3568.000	122.656	8.953	0.000	64.950
3570.000	122.714	8.340	0.000	-150.261
3572.000	122.734	10.280	0.000	-129.683
3574.000	122.630	13.281	0.000	-146.058
3576.000	122.689	14.884	0.000	-151.816
3578.000	122.730	14.674	0.000	-164.998
3580.000	122.635	15.663	0.000	-168.962
3582.000	122.649	16.892	0.000	176.360
3584.000	122.756	17.971	0.000	172.440
3586.000	122.629	18.385	0.000	163.091
3588.000	122.665	18.445	0.000	153.001
3590.000	122.725	18.553	0.000	146.996
3592.000	122.702	18.278	0.000	139.564
3594.000	122.630	18.375	0.000	127.832
3596.000	122.744	18.654	0.000	118.199
3598.000	122.710	17.970	0.000	112.817
3600.000	122.632	17.922	0.000	105.337
3602.000	122.705	17.461	0.000	97.162
3604.000	122.729	17.193	0.000	90.240
3606.000	122.615	16.181	0.000	79.835
3608.000	122.679	15.107	0.000	74.526
3610.000	122.716	13.893	0.000	62.193
3612.000	122.629	12.695	0.000	60.250
3614.000	122.664	12.165	0.000	41.850
3616.000	122.682	11.068	0.000	41.537
3618.000	122.696	9.960	0.000	35.698
3620.000	122.638	10.083	0.000	6.694
3622.000	122.678	11.028	0.000	-27.387
3624.000	122.739	9.566	0.000	-81.870
3626.000	122.638	9.518	0.000	-112.270
3628.000	122.677	10.747	0.000	-127.729
3630.000	122.733	12.340	0.000	-142.746
3632.000	122.679	13.758	0.000	-149.614
3634.000	122.624	14.050	0.000	-161.863
3636.000	122.731	15.791	0.000	175.780
3638.000	122.682	16.816	0.000	166.777
3640.000	122.616	17.216	0.000	164.411
3642.000	122.672	17.692	0.000	151.256
3644.000	122.716	18.853	0.000	140.432
3646.000	122.606	19.029	0.000	130.096
3648.000	122.640	18.753	0.000	121.218
3650.000	122.720	19.471	0.000	114.836
3652.000	122.638	19.084	0.000	106.515
3654.000	122.635	19.281	0.000	96.049
3656.000	122.696	19.292	0.000	86.313
3658.000	122.699	18.421	0.000	78.470
3660.000	122.643	17.856	0.000	70.228
3662.000	122.656	17.626	0.000	63.811
3664.000	122.746	17.420	0.000	63.115
3666.000	122.662	17.029	0.000	58.649
3668.000	122.623	16.370	0.000	52.029
3670.000	122.738	16.607	0.000	48.062
3672.000	122.676	16.760	0.000	40.901
3674.000	122.629	16.595	0.000	41.684
3676.000	122.653	16.771	0.000	36.837
3678.000	122.723	16.403	0.000	29.741
3680.000	122.612	16.183	0.000	28.059
3682.000	122.628	16.767	0.000	17.594
3684.000	122.663	16.232	0.000	2.878
3686.000	122.707	15.173	0.000	-0.747
3688.000	122.551	14.377	0.000	-17.685
3690.000	122.674	13.770	0.000	-22.291
3692.000	122.710	13.390	0.000	-32.779
3694.000	122.614	11.885	0.000	-32.343
3696.000	122.603	11.008	0.000	-52.040
3698.000	122.741	10.999	0.000	-64.707
3700.000	122.659	9.833	0.000	-78.591
3702.000	122.619	9.460	0.000	-95.907
3704.000	122.672	8.973	0.000	-115.462
3706.000	122.759	9.084	0.000	-136.906
3708.000	122.596	10.426	0.000	-159.773
3710.000	122.670	10.919	0.000	165.182
3712.000	122.711	12.267	0.000	146.568
3714.000	122.683	12.781	0.000	141.203
3716.000	122.612	14.150	0.000	120.006
3718.000	122.679	16.209	0.000	102.776
3720.000	122.680	16.747	0.000	91.454
3722.000	122.654	17.987	0.000	89.467
3724.000	122.604	19.535	0.000	71.500
3726.000	122.650	20.089	0.000	60.397
3728.000	122.700	21.048	0.000	51.799
3730.000	122.582	21.397	0.000	38.249
3732.000	122.598	22.180	0.000	33.306
3734.000	122.701	22.789	0.000	24.788
3736.000	122.625	23.250	0.000	16.265
3738.000	122.574	23.479	0.000	6.550
3740.000	122.644	23.636	0.000	-1.937
3742.000	122.675	23.737	0.000	-11.299
3744.000	122.628	23.794	0.000	-17.794
3746.000	122.564	24.030	0.000	-25.757
3748.000	122.711	24.297	0.000	-34.708
3750.000	122.666	24.517	0.000	-42.779
3752.000	122.609	24.854	0.000	-50.651
3754.000	122.615	24.469	0.000	-58.679
3756.000	122.744	25.120	0.000	-63.317
3758.000	122.641	24.537	0.000	-74.004
3760.000	122.623	24.483	0.000	-76.535
3762.000	122.665	24.564	0.000	-87.992
3764.000	122.733	24.299	0.000	-95.498
3766.000	122.635	24.397	0.000	-103.343
3768.000	122.624	24.376	0.000	-109.518
3770.000	122.689	24.007	0.000	-117.303
3772.000	122.731	24.305	0.000	-122.814
3774.000	122.588	23.642	0.000	-128.750
3776.000	122.657	23.422	0.000	-135.178
3778.000	122.672	22.724	0.000	-145.582
3780.000	122.697	22.273	0.000	-147.428
3782.000	122.592	22.078	0.000	-154.925
3784.000	122.600	21.317	0.000	-158.709
3786.000	122.711	20.670	0.000	-164.156
3788.000	122.653	19.955	0.000	-165.243
3790.000	122.526	19.361	0.000	-169.480
3792.000	122.635	18.953	0.000	-164.150
3794.000	122.706	19.380	0.000	-162.054
3796.000	122.569	19.031	0.000	-165.884
3798.000	122.532	18.206	0.000	-164.761
3800.000	122.663	19.751	0.000	-168.140
3802.000	122.645	20.320	0.000	-176.343
3804.000	122.549	20.904	0.000	-173.597
3806.000	122.550	20.827	0.000	-178.244
3808.000	122.643	20.880	0.000	174.800
3810.000	122.648	21.198	0.000	170.166
3812.000	122.513	21.604	0.000	163.990
3814.000	122.577	21.735	0.000	157.565
3816.000	122.654	21.282	0.000	149.993
3818.000	122.608	20.688	0.000	145.158
3820.000	122.561	20.774	0.000	140.325
3822.000	122.557	20.749	0.000	135.556
3824.000	122.671	20.780	0.000	128.050
3826.000	122.628	19.989	0.000	123.174
3828.000	122.551	20.828	0.000	117.956
3830.000	122.580	20.146	0.000	108.964
3832.000	122.698	20.351	0.000	109.236
3834.000	122.628	19.981	0.000	101.243
3836.000	122.567	19.375	0.000	98.919
3838.000	122.600	18.639	0.000	92.417
3840.000	122.719	18.718	0.000	90.835
3842.000	122.641	17.758	0.000	85.114
3844.000	122.592	18.051	0.000	79.337
3846.000	122.589	17.562	0.000	71.697
3848.000	122.783	18.118	0.000	77.018
3850.000	122.648	17.642	0.000	71.511
3852.000	122.565	16.346	0.000	69.230
3854.000	122.676	16.214	0.000	64.414
3856.000	122.759	16.555	0.000	64.788
3858.000	122.651	16.302	0.000	61.958
3860.000	122.616	15.379	0.000	60.740
3862.000	122.669	15.955	0.000	51.847
3864.000	122.769	15.877	0.000	47.374
3866.000	122.685	15.760	0.000	46.820
3868.000	122.622	16.464	0.000	36.703
3870.000	122.679	15.923	0.000	19.928
3872.000	122.773	15.935	0.000	21.163
3874.000	122.726	15.922	0.000	14.033
3876.000	122.618	14.767	0.000	3.824
3878.000	122.689	14.373	0.000	-5.969
3880.000	122.775	13.663	0.000	-22.389
3882.000	122.762	12.629	0.000	-37.734
3884.000	122.625	11.979	0.000	-62.473
3886.000	122.659	12.337	0.000	-74.344
3888.000	122.841	11.244	0.000	-85.436
3890.000	122.751	12.158	0.000	-106.021
3892.000	122.619	12.357	0.000	-126.930
3894.000	122.712	11.650	0.000	-164.144
3896.000	122.802	12.379	0.000	178.784
3898.000	122.761	12.504	0.000	167.150
3900.000	122.682	13.381	0.000	148.551
3902.000	122.671	13.648	0.000	134.197
3904.000	122.805	14.705	0.000	125.492
3906.000	122.795	15.198	0.000	118.212
3908.000	122.702	15.480	0.000	111.329
3910.000	122.666	16.309	0.000	94.360
3912.000	122.802	16.863	0.000	91.859
3914.000	122.815	17.704	0.000	72.762
3916.000	122.716	17.353	0.000	66.827
3918.000	122.714	18.025	0.000	59.368
3920.000	122.746	17.749	0.000	47.718
3922.000	122.830	17.554	0.000	44.640
3924.000	122.797	17.606	0.000	34.195
3926.000	122.693	18.242	0.000	19.591
3928.000	122.723	18.305	0.000	13.700
3930.000	122.875	18.069	0.000	12.663
3932.000	122.806	17.381	0.000	0.091
3934.000	122.748	17.399	0.000	-13.947
3936.000	122.690	17.722	0.000	-24.331
3938.000	122.869	18.586	0.000	-29.120
3940.000	122.876	17.654	0.000	-38.978
3942.000	122.761	16.385	0.000	-39.680
3944.000	122.701	15.980	0.000	-53.006
3946.000	122.856	16.430	0.000	-58.597
3948.000	122.905	15.870	0.000	-73.853
3950.000	122.797	13.853	0.000	-84.197
3952.000	122.743	13.609	0.000	-93.148
3954.000	122.833	13.424	0.000	-105.989
3956.000	122.880	12.464	0.000	-112.592
3958.000	122.877	11.028	0.000	-105.571
3960.000	122.819	10.180	0.000	-124.657
3962.000	122.740	9.829	0.000	-139.631
3964.000	122.907	10.040	0.000	-119.875
3966.000	122.939	10.511	0.000	-137.898
3968.000	122.831	10.619	0.000	-161.825
3970.000	122.770	9.357	0.000	-92.883
3972.000	122.855	8.389	0.000	-28.134
3974.000	122.942	9.037	0.000	-71.587
3976.000	122.915	10.084	0.000	5.027
3978.000	122.782	11.454	0.000	-22.174
3980.000	122.804	11.573	0.000	-29.918
3982.000	122.920	10.040	0.000	-44.404
3984.000	122.955	11.244	0.000	-33.657
3986.000	122.831	12.597	0.000	-50.570
3988.000	122.768	12.819	0.000	-47.649
3990.000	122.869	12.852	0.000	-53.658
3992.000	122.931	12.846	0.000	-67.975
3994.000	122.888	13.751	0.000	-69.038
3996.000	122.802	13.799	0.000	-67.349
3998.000	122.749	14.026	0.000	-79.495
4000.000	122.906	14.362	0.000	-79.670
