1000.000	122.570	21.625	0.000	99.129
2.000	122.527	21.744	0.000	93.017
4.000	122.499	21.039	0.000	86.920
6.000	122.496	19.743	0.000	80.797
8.000	122.516	18.074	0.000	74.929
10.000	122.549	17.462	0.000	73.000
12.000	122.575	16.510	0.000	68.221
14.000	122.582	16.872	0.000	63.317
16.000	122.573	17.656	0.000	60.353
18.000	122.554	17.992	0.000	58.473
20.000	122.539	18.398	0.000	50.654
22.000	122.543	18.353	0.000	45.540
24.000	122.559	18.605	0.000	39.392
26.000	122.579	18.221	0.000	35.932
28.000	122.590	17.693	0.000	28.013
30.000	122.578	16.287	0.000	23.569
32.000	122.551	15.438	0.000	8.696
34.000	122.527	14.127	0.000	-6.826
36.000	122.520	14.295	0.000	-17.312
38.000	122.545	15.229	0.000	-23.999
40.000	122.593	15.277	0.000	-38.833
42.000	122.637	14.103	0.000	-25.158
44.000	122.655	12.858	0.000	18.168
46.000	122.629	11.266	0.000	12.218
48.000	122.566	12.523	0.000	19.194
50.000	122.499	13.529	0.000	-4.660
52.000	122.466	13.124	0.000	-21.319
54.000	122.494	12.403	0.000	4.911
56.000	122.580	13.712	0.000	-19.917
58.000	122.676	13.816	0.000	-36.191
60.000	122.734	13.514	0.000	-27.521
62.000	122.719	12.842	0.000	6.456
64.000	122.627	11.717	0.000	-4.214
66.000	122.503	12.621	0.000	22.070
68.000	122.414	13.310	0.000	11.532
70.000	122.418	13.450	0.000	-94.072
72.000	122.529	13.267	0.000	-50.254
74.000	122.685	11.511	0.000	-178.724
76.000	122.803	12.793	0.000	-90.544
78.000	122.819	13.239	0.000	63.830
80.000	122.713	12.396	0.000	75.949
82.000	122.533	13.551	0.000	122.890
84.000	122.376	14.469	0.000	121.880
86.000	122.342	14.098	0.000	102.403
88.000	122.468	14.324	0.000	69.580
90.000	122.681	13.736	0.000	46.117
92.000	122.860	12.592	0.000	28.935
94.000	122.909	14.081	0.000	69.634
96.000	122.793	13.897	0.000	23.018
98.000	122.563	12.685	0.000	-3.406
100.000	122.346	13.134	0.000	-8.503
102.000	122.281	11.445	0.000	31.404
104.000	122.427	11.892	0.000	1.158
106.000	122.692	13.305	0.000	-17.671
108.000	122.916	13.302	0.000	-14.264
110.000	122.979	13.947	0.000	-25.089
112.000	122.840	13.435	0.000	-18.889
114.000	122.565	13.312	0.000	-28.110
116.000	122.311	13.984	0.000	-45.610
118.000	122.249	13.254	0.000	-57.556
120.000	122.433	12.142	0.000	-14.876
122.000	122.737	12.190	0.000	-77.963
124.000	122.972	13.466	0.000	-57.893
126.000	123.011	12.880	0.000	-36.138
128.000	122.831	13.047	0.000	-125.819
130.000	122.525	12.087	0.000	-140.643
132.000	122.281	13.190	0.000	-80.669
134.000	122.269	12.332	0.000	41.888
136.000	122.502	12.680	0.000	23.988
138.000	122.812	13.092	0.000	120.249
140.000	123.005	12.983	0.000	74.419
142.000	122.983	12.260	0.000	17.936
144.000	122.759	11.639	0.000	16.933
146.000	122.465	13.141	0.000	-11.523
148.000	122.295	12.337	0.000	-29.152
150.000	122.365	11.543	0.000	-12.729
152.000	122.619	10.871	0.000	-14.110
154.000	122.872	11.220	0.000	-4.437
156.000	122.974	12.999	0.000	-13.697
158.000	122.884	13.427	0.000	56.918
160.000	122.661	13.540	0.000	23.654
162.000	122.452	11.903	0.000	-37.170
164.000	122.393	12.686	0.000	-63.101
166.000	122.510	11.815	0.000	-34.712
168.000	122.708	11.655	0.000	-30.283
170.000	122.851	13.381	0.000	-49.022
172.000	122.869	12.673	0.000	-60.422
174.000	122.775	13.484	0.000	-43.967
176.000	122.636	14.292	0.000	-51.862
178.000	122.541	13.730	0.000	-53.044
180.000	122.534	11.458	0.000	-45.959
182.000	122.597	12.811	0.000	-73.381
184.000	122.684	13.331	0.000	-81.010
186.000	122.752	13.478	0.000	-81.173
188.000	122.785	13.699	0.000	-75.818
190.000	122.780	12.310	0.000	-75.391
192.000	122.732	13.388	0.000	-66.579
194.000	122.652	13.754	0.000	-73.024
196.000	122.568	12.443	0.000	-95.526
198.000	122.534	12.050	0.000	-97.622
200.000	122.594	13.549	0.000	-127.014
202.000	122.732	13.226	0.000	-109.338
204.000	122.868	13.112	0.000	-115.069
206.000	122.904	13.358	0.000	-108.011
208.000	122.796	13.386	0.000	-94.716
210.000	122.592	12.268	0.000	-93.511
212.000	122.431	12.043	0.000	-66.111
214.000	122.458	12.386	0.000	-109.538
216.000	122.670	13.547	0.000	-144.276
218.000	122.917	13.018	0.000	-108.411
220.000	123.020	13.227	0.000	-64.321
222.000	122.900	12.833	0.000	-92.937
224.000	122.624	11.600	0.000	-109.680
226.000	122.388	12.041	0.000	-98.630
228.000	122.394	12.237	0.000	-145.898
230.000	122.645	12.217	0.000	-57.059
232.000	122.934	12.446	0.000	-61.547
234.000	123.053	12.394	0.000	-54.927
236.000	122.927	12.574	0.000	-64.683
238.000	122.643	11.919	0.000	-105.088
240.000	122.415	13.061	0.000	-110.127
242.000	122.428	13.559	0.000	-112.389
244.000	122.657	13.749	0.000	-110.302
246.000	122.903	12.812	0.000	-102.793
248.000	122.993	12.383	0.000	-136.156
250.000	122.888	13.041	0.000	-138.624
252.000	122.679	12.035	0.000	-145.254
254.000	122.527	12.404	0.000	-119.277
256.000	122.531	12.282	0.000	-151.110
258.000	122.659	12.336	0.000	-140.836
260.000	122.801	11.577	0.000	-141.325
262.000	122.870	12.326	0.000	-115.744
264.000	122.855	12.233	0.000	-119.391
266.000	122.783	13.153	0.000	-153.644
268.000	122.692	12.331	0.000	-147.093
270.000	122.616	12.425	0.000	-130.919
272.000	122.591	12.275	0.000	168.404
274.000	122.651	11.694	0.000	-160.119
276.000	122.784	11.957	0.000	-121.120
278.000	122.913	12.191	0.000	-118.008
280.000	122.936	12.166	0.000	-54.990
282.000	122.806	12.546	0.000	-55.950
284.000	122.594	11.860	0.000	-114.034
286.000	122.469	12.719	0.000	-139.722
288.000	122.569	13.250	0.000	-108.468
290.000	122.828	13.231	0.000	-110.258
292.000	123.032	13.550	0.000	-115.967
294.000	123.016	13.985	0.000	-126.137
296.000	122.775	12.587	0.000	-126.485
298.000	122.498	12.126	0.000	-101.780
300.000	122.432	12.278	0.000	-61.838
302.000	122.646	12.754	0.000	-111.692
304.000	122.936	11.838	0.000	-135.766
306.000	123.060	12.236	0.000	-116.705
308.000	122.939	13.104	0.000	-126.900
310.000	122.680	13.643	0.000	-135.866
312.000	122.503	12.251	0.000	-117.278
314.000	122.552	12.835	0.000	-158.780
316.000	122.751	13.541	0.000	-157.697
318.000	122.920	13.993	0.000	-155.653
320.000	122.948	12.683	0.000	-151.024
322.000	122.854	12.376	0.000	-128.032
324.000	122.723	12.895	0.000	-103.273
326.000	122.638	13.406	0.000	-166.818
328.000	122.630	14.122	0.000	-145.306
330.000	122.695	12.740	0.000	-146.722
332.000	122.811	11.993	0.000	-157.905
334.000	122.921	13.328	0.000	-153.594
336.000	122.946	13.649	0.000	-141.224
338.000	122.834	13.448	0.000	-152.383
340.000	122.638	13.166	0.000	172.304
342.000	122.524	12.235	0.000	168.012
344.000	122.628	12.409	0.000	163.798
346.000	122.883	12.610	0.000	176.522
348.000	123.062	12.831	0.000	176.466
350.000	123.001	12.591	0.000	-178.320
352.000	122.735	12.511	0.000	-168.479
354.000	122.494	12.026	0.000	179.390
356.000	122.524	12.988	0.000	170.262
358.000	122.793	12.629	0.000	163.238
360.000	123.034	12.063	0.000	156.536
362.000	123.044	12.012	0.000	154.535
364.000	122.838	11.044	0.000	-177.494
366.000	122.609	11.695	0.000	-158.912
368.000	122.560	12.186	0.000	-168.333
370.000	122.704	12.305	0.000	149.801
372.000	122.881	12.106	0.000	172.159
374.000	122.959	12.778	0.000	-179.938
376.000	122.918	13.175	0.000	144.789
378.000	122.812	12.591	0.000	155.563
380.000	122.700	13.423	0.000	158.655
382.000	122.638	11.299	0.000	145.003
384.000	122.678	11.814	0.000	130.355
386.000	122.825	12.803	0.000	165.209
388.000	122.984	12.401	0.000	168.007
390.000	123.008	11.528	0.000	-137.700
392.000	122.841	12.142	0.000	150.499
394.000	122.600	12.603	0.000	158.368
396.000	122.533	11.810	0.000	117.223
398.000	122.739	13.835	0.000	144.150
400.000	123.017	13.187	0.000	123.551
402.000	123.097	11.936	0.000	139.422
404.000	122.904	13.061	0.000	162.661
406.000	122.620	11.752	0.000	127.397
408.000	122.532	11.826	0.000	119.709
410.000	122.719	12.864	0.000	149.646
412.000	122.960	12.069	0.000	138.090
414.000	123.036	11.887	0.000	143.025
416.000	122.922	12.727	0.000	144.125
418.000	122.746	12.432	0.000	-131.271
420.000	122.656	11.632	0.000	-54.147
422.000	122.688	11.509	0.000	-137.492
424.000	122.796	11.749	0.000	169.626
426.000	122.919	12.532	0.000	108.772
428.000	122.990	12.359	0.000	111.440
430.000	122.939	11.685	0.000	-85.879
432.000	122.762	11.973	0.000	134.662
434.000	122.597	13.000	0.000	-152.868
436.000	122.639	12.201	0.000	-95.527
438.000	122.887	11.137	0.000	-138.064
440.000	123.093	11.952	0.000	-152.351
442.000	123.042	10.986	0.000	-142.853
444.000	122.766	11.566	0.000	158.434
446.000	122.545	12.022	0.000	141.861
448.000	122.633	11.359	0.000	-169.468
450.000	122.912	11.099	0.000	-138.183
452.000	123.079	11.719	0.000	-146.379
454.000	122.998	11.756	0.000	-145.223
456.000	122.785	12.701	0.000	-133.416
458.000	122.654	12.798	0.000	-160.322
460.000	122.696	12.129	0.000	-173.879
462.000	122.826	11.816	0.000	-77.280
464.000	122.941	11.618	0.000	-175.224
466.000	122.991	12.478	0.000	-161.810
468.000	122.940	11.952	0.000	-129.138
470.000	122.785	11.131	0.000	-119.386
472.000	122.634	11.132	0.000	-66.047
474.000	122.673	11.360	0.000	-142.441
476.000	122.912	12.009	0.000	-139.422
478.000	123.109	11.368	0.000	-127.826
480.000	123.038	11.026	0.000	-145.788
482.000	122.746	11.018	0.000	168.464
484.000	122.553	11.307	0.000	-147.124
486.000	122.697	12.496	0.000	171.087
488.000	122.991	13.143	0.000	178.244
490.000	123.104	13.044	0.000	-171.246
492.000	122.957	12.161	0.000	-149.963
494.000	122.737	10.772	0.000	-160.910
496.000	122.669	11.659	0.000	-166.666
498.000	122.766	12.169	0.000	-148.335
500.000	122.896	12.544	0.000	-158.827
502.000	122.981	12.897	0.000	167.279
504.000	122.994	12.604	0.000	158.498
506.000	122.899	12.245	0.000	-166.911
508.000	122.721	12.070	0.000	-173.484
510.000	122.636	11.946	0.000	-148.496
512.000	122.802	13.094	0.000	-170.727
514.000	123.070	11.709	0.000	-144.149
516.000	123.127	11.501	0.000	153.770
518.000	122.878	12.930	0.000	170.718
520.000	122.593	12.888	0.000	165.933
522.000	122.637	12.511	0.000	154.305
524.000	122.939	12.523	0.000	158.347
526.000	123.118	13.631	0.000	169.933
528.000	123.010	13.226	0.000	-177.187
530.000	122.788	11.025	0.000	-129.619
532.000	122.699	10.695	0.000	113.145
534.000	122.773	11.370	0.000	140.377
536.000	122.881	10.944	0.000	146.721
538.000	122.970	12.356	0.000	151.067
540.000	123.019	12.758	0.000	179.984
542.000	122.948	12.492	0.000	-146.222
544.000	122.747	11.833	0.000	96.423
546.000	122.629	12.052	0.000	143.813
548.000	122.813	11.973	0.000	-179.441
550.000	123.110	12.642	0.000	179.565
552.000	123.147	11.880	0.000	155.818
554.000	122.850	11.554	0.000	127.146
556.000	122.582	11.832	0.000	153.175
558.000	122.703	11.765	0.000	170.338
560.000	123.014	12.001	0.000	160.729
562.000	123.116	12.075	0.000	179.148
564.000	122.956	11.574	0.000	174.356
566.000	122.779	11.771	0.000	-167.426
568.000	122.755	12.033	0.000	134.431
570.000	122.812	12.652	0.000	136.169
572.000	122.888	12.584	0.000	-167.989
574.000	123.001	11.972	0.000	121.419
576.000	123.061	12.322	0.000	160.337
578.000	122.915	12.004	0.000	-160.655
580.000	122.660	11.922	0.000	-166.742
582.000	122.665	12.255	0.000	175.740
584.000	122.991	12.744	0.000	155.355
586.000	123.207	12.551	0.000	157.323
588.000	123.024	12.569	0.000	145.623
590.000	122.673	11.381	0.000	170.856
592.000	122.636	11.462	0.000	176.456
594.000	122.919	13.074	0.000	-170.984
596.000	123.098	13.002	0.000	-178.362
598.000	123.017	12.275	0.000	-178.359
600.000	122.866	13.095	0.000	149.850
602.000	122.805	12.715	0.000	153.389
604.000	122.792	12.301	0.000	162.884
606.000	122.828	11.746	0.000	160.133
608.000	122.983	11.724	0.000	82.278
610.000	123.117	12.569	0.000	117.001
612.000	122.990	11.573	0.000	-177.194
614.000	122.683	11.550	0.000	-117.840
616.000	122.641	11.414	0.000	-166.741
618.000	122.976	10.910	0.000	170.667
620.000	123.211	11.383	0.000	141.950
622.000	123.042	10.810	0.000	177.262
624.000	122.716	11.755	0.000	171.723
626.000	122.683	12.278	0.000	155.914
628.000	122.913	11.590	0.000	145.742
630.000	123.055	11.755	0.000	136.517
632.000	123.019	11.184	0.000	111.151
634.000	122.932	10.993	0.000	69.789
636.000	122.839	11.251	0.000	-161.825
638.000	122.755	11.219	0.000	-179.931
640.000	122.823	12.382	0.000	130.307
642.000	123.053	11.627	0.000	126.829
644.000	123.152	11.161	0.000	156.754
646.000	122.927	11.889	0.000	118.615
648.000	122.647	12.105	0.000	158.246
650.000	122.737	10.773	0.000	-149.421
652.000	123.063	11.668	0.000	160.515
654.000	123.167	12.396	0.000	136.581
656.000	122.959	11.998	0.000	126.109
658.000	122.741	11.694	0.000	110.284
660.000	122.762	11.882	0.000	137.183
662.000	122.923	11.469	0.000	162.782
664.000	123.047	11.229	0.000	145.153
666.000	123.059	11.841	0.000	136.292
668.000	122.936	12.924	0.000	122.983
670.000	122.760	11.159	0.000	167.135
672.000	122.752	12.198	0.000	152.624
674.000	122.973	12.541	0.000	133.355
676.000	123.147	12.373	0.000	121.355
678.000	123.041	11.908	0.000	130.618
680.000	122.783	11.324	0.000	110.466
682.000	122.709	12.042	0.000	127.748
684.000	122.905	11.405	0.000	124.121
686.000	123.106	12.241	0.000	87.950
688.000	123.095	12.674	0.000	122.487
690.000	122.894	11.706	0.000	144.001
692.000	122.725	11.570	0.000	169.069
694.000	122.802	11.303	0.000	156.366
696.000	123.039	11.962	0.000	122.388
698.000	123.138	13.322	0.000	137.652
700.000	122.979	13.562	0.000	154.392
702.000	122.768	12.479	0.000	167.415
704.000	122.774	11.120	0.000	162.560
706.000	122.955	11.006	0.000	156.372
708.000	123.085	11.105	0.000	128.388
710.000	123.058	12.507	0.000	132.420
712.000	122.902	11.934	0.000	136.251
714.000	122.747	11.799	0.000	95.665
716.000	122.805	11.450	0.000	93.891
718.000	123.067	11.999	0.000	84.260
720.000	123.185	12.299	0.000	101.753
722.000	122.954	11.877	0.000	119.477
724.000	122.681	11.578	0.000	53.208
726.000	122.796	11.897	0.000	-146.570
728.000	123.094	11.130	0.000	163.046
730.000	123.132	11.155	0.000	130.092
732.000	122.935	11.245	0.000	82.426
734.000	122.813	10.367	0.000	170.821
736.000	122.840	11.239	0.000	114.526
738.000	122.918	11.647	0.000	113.549
740.000	123.047	11.268	0.000	106.815
742.000	123.117	11.691	0.000	99.830
744.000	122.936	11.556	0.000	69.535
746.000	122.687	11.283	0.000	66.350
748.000	122.823	10.744	0.000	98.586
750.000	123.173	10.519	0.000	82.158
752.000	123.177	11.093	0.000	87.202
754.000	122.840	10.782	0.000	105.564
756.000	122.704	12.168	0.000	96.237
758.000	122.927	12.583	0.000	83.855
760.000	123.094	11.252	0.000	107.563
762.000	123.052	11.251	0.000	155.824
764.000	122.955	11.836	0.000	116.294
766.000	122.853	11.698	0.000	128.706
768.000	122.799	11.101	0.000	131.920
770.000	122.952	12.025	0.000	-176.445
772.000	123.166	12.388	0.000	102.126
774.000	123.082	12.221	0.000	122.239
776.000	122.770	10.738	0.000	122.734
778.000	122.731	11.503	0.000	101.156
780.000	123.028	11.547	0.000	56.661
782.000	123.181	10.936	0.000	74.573
784.000	123.017	11.261	0.000	139.138
786.000	122.804	11.061	0.000	-91.436
788.000	122.800	11.173	0.000	-29.235
790.000	122.969	10.789	0.000	164.083
792.000	123.116	10.283	0.000	107.516
794.000	123.074	10.680	0.000	82.450
796.000	122.867	11.635	0.000	90.071
798.000	122.768	12.382	0.000	85.288
800.000	122.932	11.209	0.000	-23.436
802.000	123.119	10.308	0.000	-28.859
804.000	123.093	10.333	0.000	141.375
806.000	122.900	10.819	0.000	115.390
808.000	122.769	10.884	0.000	52.941
810.000	122.881	10.484	0.000	141.530
812.000	123.124	10.126	0.000	165.657
814.000	123.157	10.973	0.000	149.791
816.000	122.885	11.535	0.000	-151.835
818.000	122.714	10.864	0.000	-125.828
820.000	122.941	11.094	0.000	-49.126
822.000	123.165	11.277	0.000	-152.887
824.000	123.066	10.708	0.000	174.081
826.000	122.871	10.767	0.000	4.757
828.000	122.841	11.661	0.000	-57.032
830.000	122.911	10.982	0.000	-107.176
832.000	123.032	10.420	0.000	-127.147
834.000	123.137	10.936	0.000	-72.156
836.000	122.997	11.684	0.000	-91.750
838.000	122.728	11.442	0.000	-71.274
840.000	122.837	11.697	0.000	43.718
842.000	123.187	10.298	0.000	73.303
844.000	123.168	10.935	0.000	56.157
846.000	122.833	11.172	0.000	18.134
848.000	122.764	10.596	0.000	35.753
850.000	122.991	11.661	0.000	-20.688
852.000	123.100	11.290	0.000	153.747
854.000	123.051	11.823	0.000	136.037
856.000	122.947	11.046	0.000	171.894
858.000	122.821	10.903	0.000	87.733
860.000	122.868	10.222	0.000	10.010
862.000	123.114	9.923	0.000	-80.319
864.000	123.162	11.181	0.000	-160.139
866.000	122.892	10.487	0.000	62.822
868.000	122.743	10.065	0.000	95.583
870.000	122.958	10.404	0.000	67.306
872.000	123.161	10.981	0.000	13.726
874.000	123.087	10.609	0.000	72.844
876.000	122.864	10.802	0.000	55.356
878.000	122.789	11.164	0.000	50.263
880.000	122.980	11.098	0.000	65.410
882.000	123.160	11.639	0.000	-148.929
884.000	123.058	11.763	0.000	-155.858
886.000	122.839	10.840	0.000	153.436
888.000	122.838	10.647	0.000	120.512
890.000	123.001	11.167	0.000	52.078
892.000	123.109	10.299	0.000	35.330
894.000	123.073	10.307	0.000	36.323
896.000	122.877	10.057	0.000	58.127
898.000	122.767	11.363	0.000	85.819
900.000	123.017	10.548	0.000	97.370
902.000	123.236	10.707	0.000	18.565
904.000	123.009	11.226	0.000	-66.820
906.000	122.731	11.464	0.000	-0.329
908.000	122.906	11.333	0.000	35.754
910.000	123.134	10.885	0.000	87.231
912.000	123.074	11.480	0.000	77.919
914.000	122.950	11.405	0.000	124.410
916.000	122.878	12.026	0.000	-154.668
918.000	122.866	11.140	0.000	-112.714
920.000	123.056	10.276	0.000	114.736
922.000	123.190	10.717	0.000	161.381
924.000	122.948	10.845	0.000	98.031
926.000	122.727	11.307	0.000	38.932
928.000	122.966	11.651	0.000	82.931
930.000	123.198	11.573	0.000	144.063
932.000	123.062	12.299	0.000	156.615
934.000	122.842	11.915	0.000	-48.020
936.000	122.842	12.206	0.000	-111.946
938.000	123.016	10.753	0.000	-146.237
940.000	123.145	10.006	0.000	-17.560
942.000	123.038	10.953	0.000	83.233
944.000	122.828	11.779	0.000	53.756
946.000	122.862	11.030	0.000	93.127
948.000	123.069	10.225	0.000	-120.784
950.000	123.130	9.670	0.000	-117.838
952.000	122.997	9.634	0.000	6.921
954.000	122.819	10.252	0.000	5.085
956.000	122.862	10.237	0.000	122.863
958.000	123.142	11.210	0.000	70.467
960.000	123.179	10.777	0.000	-165.139
962.000	122.850	10.206	0.000	-107.099
964.000	122.775	10.374	0.000	2.602
966.000	123.073	10.573	0.000	-98.218
968.000	123.143	9.433	0.000	-132.407
970.000	122.982	10.228	0.000	122.499
972.000	122.903	10.001	0.000	-5.924
974.000	122.877	9.916	0.000	-58.941
976.000	122.985	9.805	0.000	-48.101
978.000	123.183	10.544	0.000	134.591
980.000	123.043	10.769	0.000	-127.871
982.000	122.740	11.827	0.000	170.251
984.000	122.911	11.514	0.000	-161.122
986.000	123.203	10.821	0.000	173.306
988.000	123.086	10.518	0.000	145.572
990.000	122.851	10.397	0.000	137.031
992.000	122.858	12.224	0.000	159.032
994.000	123.015	12.775	0.000	94.332
996.000	123.138	11.641	0.000	125.073
998.000	123.042	11.009	0.000	-164.453
1000.000	122.827	10.622	0.000	-88.965
1002.000	122.883	10.931	0.000	-104.630
1004.000	123.101	10.876	0.000	0.775
1006.000	123.120	11.665	0.000	64.921
1008.000	122.959	11.396	0.000	166.110
1010.000	122.816	11.375	0.000	147.077
1012.000	122.926	11.351	0.000	6.698
1014.000	123.193	11.419	0.000	162.111
1016.000	123.107	11.436	0.000	158.750
1018.000	122.771	10.962	0.000	-153.224
1020.000	122.877	10.577	0.000	172.106
1022.000	123.154	9.887	0.000	170.267
1024.000	123.078	11.241	0.000	145.347
1026.000	122.936	10.280	0.000	130.055
1028.000	122.900	11.060	0.000	96.001
1030.000	122.902	11.301	0.000	101.755
1032.000	123.108	10.625	0.000	156.445
1034.000	123.167	9.702	0.000	153.430
1036.000	122.835	9.665	0.000	67.327
1038.000	122.795	10.716	0.000	51.680
1040.000	123.142	10.168	0.000	91.819
1042.000	123.155	9.620	0.000	95.836
1044.000	122.911	10.614	0.000	67.750
1046.000	122.847	10.779	0.000	122.677
1048.000	122.964	10.461	0.000	96.166
1050.000	123.128	10.401	0.000	104.751
1052.000	123.088	9.956	0.000	-54.845
1054.000	122.847	10.337	0.000	-162.843
1056.000	122.868	11.212	0.000	-17.575
1058.000	123.087	11.549	0.000	-150.990
1060.000	123.114	10.568	0.000	-174.747
1062.000	122.982	10.053	0.000	-162.194
1064.000	122.827	10.770	0.000	-139.498
1066.000	122.916	11.157	0.000	45.898
1068.000	123.207	11.825	0.000	139.744
1070.000	123.093	11.379	0.000	114.271
1072.000	122.754	11.063	0.000	89.103
1074.000	122.931	11.289	0.000	118.123
1076.000	123.158	11.517	0.000	45.072
1078.000	123.036	11.613	0.000	41.129
1080.000	122.948	12.301	0.000	64.476
1082.000	122.889	10.876	0.000	108.789
1084.000	122.926	11.349	0.000	-157.832
1086.000	123.180	10.736	0.000	-115.823
1088.000	123.084	10.994	0.000	4.086
1090.000	122.755	10.580	0.000	22.313
1092.000	122.932	9.256	0.000	-11.562
1094.000	123.182	9.864	0.000	-90.249
1096.000	123.056	10.608	0.000	75.083
1098.000	122.877	10.774	0.000	41.517
1100.000	122.867	10.062	0.000	133.381
1102.000	123.053	11.313	0.000	112.939
1104.000	123.161	11.146	0.000	-6.441
1106.000	122.939	10.051	0.000	-19.143
1108.000	122.827	9.899	0.000	-75.105
1110.000	123.010	11.034	0.000	-126.768
1112.000	123.104	10.733	0.000	134.064
1114.000	123.060	9.985	0.000	-94.195
1116.000	122.877	10.978	0.000	-110.286
1118.000	122.828	11.232	0.000	-43.943
1120.000	123.160	10.232	0.000	-145.449
1122.000	123.167	10.724	0.000	66.633
1124.000	122.795	10.849	0.000	113.425
1126.000	122.885	10.280	0.000	74.210
1128.000	123.122	10.524	0.000	49.992
1130.000	123.056	11.289	0.000	-111.098
1132.000	122.981	10.439	0.000	-27.310
1134.000	122.874	10.572	0.000	-75.828
1136.000	122.917	11.258	0.000	-96.665
1138.000	123.181	10.558	0.000	-50.566
1140.000	123.065	9.914	0.000	-21.293
1142.000	122.781	10.787	0.000	34.687
1144.000	122.940	10.446	0.000	-32.748
1146.000	123.149	9.918	0.000	-117.383
1148.000	123.071	10.902	0.000	-62.705
1150.000	122.866	10.655	0.000	10.082
1152.000	122.861	9.794	0.000	-7.694
1154.000	123.112	10.353	0.000	-4.221
1156.000	123.119	10.623	0.000	-90.928
1158.000	122.888	10.068	0.000	-38.257
1160.000	122.883	11.473	0.000	-97.835
1162.000	123.011	11.741	0.000	-148.974
1164.000	123.113	12.000	0.000	167.824
1166.000	123.041	11.693	0.000	-124.433
1168.000	122.790	10.289	0.000	-59.329
1170.000	122.946	10.333	0.000	170.551
1172.000	123.225	9.902	0.000	-164.305
1174.000	122.995	10.673	0.000	-83.056
1176.000	122.797	11.869	0.000	-68.142
1178.000	122.991	11.603	0.000	-80.872
1180.000	123.102	11.116	0.000	-69.622
1182.000	123.045	10.401	0.000	-84.598
1184.000	122.900	9.731	0.000	-137.481
1186.000	122.867	8.909	0.000	131.639
1188.000	123.081	9.166	0.000	-161.570
1190.000	123.134	10.884	0.000	-139.013
1192.000	122.896	10.892	0.000	-143.407
1194.000	122.825	10.751	0.000	-131.086
1196.000	123.077	10.829	0.000	-86.067
1198.000	123.160	10.845	0.000	-97.333
1200.000	122.896	9.974	0.000	36.748
1202.000	122.830	10.193	0.000	117.270
1204.000	123.068	10.427	0.000	146.292
1206.000	123.107	10.359	0.000	173.155
1208.000	122.958	9.969	0.000	-112.411
1210.000	122.864	9.430	0.000	116.312
1212.000	122.956	10.517	0.000	130.248
1214.000	123.139	11.932	0.000	154.293
1216.000	123.037	11.893	0.000	172.241
1218.000	122.803	11.500	0.000	87.178
1220.000	122.944	10.363	0.000	97.390
1222.000	123.169	10.820	0.000	150.571
1224.000	123.029	10.858	0.000	143.205
1226.000	122.803	10.006	0.000	55.712
1228.000	122.957	10.008	0.000	101.313
1230.000	123.140	10.550	0.000	115.935
1232.000	123.008	9.451	0.000	142.983
1234.000	122.884	9.619	0.000	83.523
1236.000	122.911	10.772	0.000	67.095
1238.000	123.055	9.759	0.000	-100.982
1240.000	123.134	9.625	0.000	52.312
1242.000	122.861	9.851	0.000	71.059
1244.000	122.830	9.639	0.000	88.576
1246.000	123.165	9.747	0.000	102.872
1248.000	123.077	9.523	0.000	101.978
1250.000	122.840	10.831	0.000	145.652
1252.000	122.912	11.159	0.000	135.922
1254.000	123.062	9.685	0.000	78.685
1256.000	123.096	10.168	0.000	24.929
1258.000	122.899	9.807	0.000	16.231
1260.000	122.853	9.691	0.000	42.917
1262.000	123.073	10.266	0.000	47.424
1264.000	123.092	11.085	0.000	74.929
1266.000	122.930	9.826	0.000	48.990
1268.000	122.826	8.919	0.000	47.828
1270.000	123.041	10.519	0.000	38.087
1272.000	123.182	10.803	0.000	39.913
1274.000	122.851	10.796	0.000	-5.747
1276.000	122.848	11.494	0.000	-2.285
1278.000	123.118	11.861	0.000	29.178
1280.000	123.034	12.144	0.000	25.835
1282.000	122.947	11.587	0.000	30.216
1284.000	122.871	10.307	0.000	86.885
1286.000	122.976	9.207	0.000	5.910
1288.000	123.177	9.237	0.000	8.256
1290.000	122.912	9.807	0.000	97.749
1292.000	122.804	10.160	0.000	9.587
1294.000	123.085	10.134	0.000	-13.926
1296.000	123.100	10.567	0.000	118.002
1298.000	122.908	10.334	0.000	-26.168
1300.000	122.839	9.651	0.000	125.653
1302.000	123.055	10.115	0.000	156.231
1304.000	123.110	10.523	0.000	121.543
1306.000	122.887	13.806	0.000	101.339
1308.000	122.882	15.909	0.000	92.110
1310.000	123.013	18.004	0.000	72.911
1312.000	123.100	20.473	0.000	63.346
1314.000	122.955	21.640	0.000	46.621
1316.000	122.784	23.512	0.000	22.437
1318.000	123.081	26.322	0.000	8.675
1320.000	123.137	27.480	0.000	2.841
1322.000	122.835	27.660	0.000	-15.752
1324.000	122.887	30.085	0.000	-41.980
1326.000	123.068	32.067	0.000	-53.354
1328.000	123.056	32.462	0.000	-69.499
1330.000	122.908	33.147	0.000	-91.984
1332.000	122.861	33.948	0.000	-110.509
1334.000	123.042	35.031	0.000	-131.297
1336.000	123.102	35.974	0.000	-142.228
1338.000	122.882	35.073	0.000	-156.729
1340.000	122.829	36.010	0.000	173.117
1342.000	123.116	37.904	0.000	163.321
1344.000	123.077	37.217	0.000	154.567
1346.000	122.813	36.636	0.000	128.400
1348.000	122.927	37.740	0.000	110.757
1350.000	123.078	38.194	0.000	99.275
1352.000	123.027	38.133	0.000	85.622
1354.000	122.871	37.874	0.000	67.565
1356.000	122.886	38.612	0.000	47.169
1358.000	123.098	39.747	0.000	34.752
1360.000	123.036	39.593	0.000	22.278
1362.000	122.833	38.890	0.000	1.453
1364.000	122.903	39.802	0.000	-23.444
1366.000	123.132	40.902	0.000	-35.489
1368.000	123.011	39.816	0.000	-47.131
1370.000	122.773	39.067	0.000	-79.167
1372.000	123.017	40.277	0.000	-96.508
1374.000	123.086	39.549	0.000	-108.948
1376.000	122.932	38.540	0.000	-133.698
1378.000	122.889	38.130	0.000	-153.221
1380.000	122.918	37.650	0.000	-177.236
1382.000	123.135	38.130	0.000	164.099
1384.000	122.961	36.659	0.000	150.815
1386.000	122.773	35.384	0.000	116.113
1388.000	123.069	36.468	0.000	96.790
1390.000	123.078	35.562	0.000	85.618
1392.000	122.881	33.718	0.000	58.666
1394.000	122.854	33.776	0.000	33.642
1396.000	123.050	33.808	0.000	20.082
1398.000	123.068	33.065	0.000	5.540
1400.000	122.847	32.133	0.000	-12.404
1402.000	122.901	32.086	0.000	-30.810
1404.000	123.035	32.536	0.000	-43.867
1406.000	123.058	32.229	0.000	-53.698
1408.000	122.851	30.929	0.000	-68.552
1410.000	122.855	31.255	0.000	-89.599
1412.000	123.158	31.779	0.000	-96.578
1414.000	122.968	29.910	0.000	-103.348
1416.000	122.801	28.543	0.000	-124.413
1418.000	122.996	28.531	0.000	-134.937
1420.000	123.057	26.598	0.000	-137.309
1422.000	122.952	24.114	0.000	-138.855
1424.000	122.837	23.008	0.000	-134.422
1426.000	122.970	24.031	0.000	-128.784
1428.000	123.095	26.195	0.000	-124.685
1430.000	122.915	26.509	0.000	-126.661
1432.000	122.802	27.674	0.000	-149.230
1434.000	123.065	29.703	0.000	-159.840
1436.000	123.073	28.913	0.000	-164.445
1438.000	122.809	27.632	0.000	172.551
1440.000	122.916	27.826	0.000	157.181
1442.000	123.057	26.888	0.000	149.726
1444.000	122.997	25.522	0.000	141.452
1446.000	122.845	23.296	0.000	132.653
1448.000	122.907	22.118	0.000	125.856
1450.000	123.092	21.836	0.000	125.130
1452.000	122.961	20.590	0.000	124.493
1454.000	122.811	19.490	0.000	120.423
1456.000	122.963	19.453	0.000	117.400
1458.000	123.123	19.511	0.000	120.368
1460.000	122.862	17.727	0.000	120.608
1462.000	122.835	17.037	0.000	112.886
1464.000	123.083	16.734	0.000	113.675
1466.000	122.977	15.247	0.000	111.250
1468.000	122.897	15.677	0.000	104.901
1470.000	122.859	15.140	0.000	101.919
1472.000	123.051	14.856	0.000	95.716
1474.000	123.044	13.955	0.000	102.912
1476.000	122.764	12.888	0.000	94.659
1478.000	122.971	12.471	0.000	89.316
1480.000	123.084	12.463	0.000	109.205
1482.000	122.904	12.348	0.000	115.440
1484.000	122.821	12.483	0.000	109.482
1486.000	123.020	12.275	0.000	107.862
1488.000	123.044	12.436	0.000	116.468
1490.000	122.848	12.115	0.000	125.533
1492.000	122.884	11.459	0.000	128.356
1494.000	123.015	11.462	0.000	117.686
1496.000	123.037	12.788	0.000	116.881
1498.000	122.801	12.672	0.000	119.998
1500.000	122.908	12.546	0.000	111.190
1502.000	123.119	13.467	0.000	112.258
1504.000	122.887	12.253	0.000	107.869
1506.000	122.822	11.355	0.000	107.459
1508.000	123.015	12.277	0.000	114.158
1510.000	123.022	12.825	0.000	106.828
1512.000	122.864	12.710	0.000	109.162
1514.000	122.866	12.778	0.000	102.712
1516.000	123.016	11.889	0.000	89.467
1518.000	123.031	12.577	0.000	109.857
1520.000	122.785	12.522	0.000	99.287
1522.000	122.923	11.760	0.000	88.023
1524.000	123.108	12.719	0.000	102.565
1526.000	122.860	11.302	0.000	94.133
1528.000	122.846	11.905	0.000	85.129
1530.000	122.996	12.417	0.000	88.487
1532.000	123.024	11.594	0.000	99.492
1534.000	122.841	10.407	0.000	99.477
1536.000	122.873	10.540	0.000	114.660
1538.000	123.042	10.622	0.000	102.222
1540.000	122.968	10.718	0.000	90.331
1542.000	122.806	10.533	0.000	107.410
1544.000	122.925	11.750	0.000	97.274
1546.000	123.110	11.768	0.000	107.348
1548.000	122.817	11.482	0.000	103.534
1550.000	122.863	11.137	0.000	50.824
1552.000	123.036	11.448	0.000	80.427
1554.000	122.955	11.373	0.000	105.810
1556.000	122.856	12.144	0.000	88.377
1558.000	122.868	11.168	0.000	62.481
1560.000	123.072	10.078	0.000	74.837
1562.000	122.916	10.658	0.000	57.152
1564.000	122.786	11.062	0.000	72.832
1566.000	123.008	10.925	0.000	91.467
1568.000	123.030	10.144	0.000	75.406
1570.000	122.797	9.826	0.000	91.232
1572.000	122.898	10.494	0.000	110.432
1574.000	123.037	10.947	0.000	100.898
1576.000	122.920	10.858	0.000	88.712
1578.000	122.822	10.638	0.000	99.310
1580.000	122.936	11.090	0.000	45.176
1582.000	123.047	10.956	0.000	66.103
1584.000	122.843	10.486	0.000	90.192
1586.000	122.828	11.089	0.000	94.498
1588.000	123.049	9.818	0.000	106.920
1590.000	122.959	8.820	0.000	76.828
1592.000	122.765	9.400	0.000	76.778
1594.000	122.987	10.973	0.000	90.905
1596.000	122.994	9.704	0.000	92.789
1598.000	122.868	10.546	0.000	42.514
1600.000	122.841	11.109	0.000	80.484
1602.000	122.983	10.091	0.000	62.989
1604.000	123.014	9.891	0.000	48.943
1606.000	122.752	9.264	0.000	29.015
1608.000	122.951	10.353	0.000	61.140
1610.000	123.033	11.103	0.000	83.281
1612.000	122.842	10.024	0.000	112.879
1614.000	122.829	10.822	0.000	86.884
1616.000	123.020	9.712	0.000	75.664
1618.000	122.943	9.666	0.000	59.442
1620.000	122.810	11.158	0.000	74.807
1622.000	122.907	11.187	0.000	77.393
1624.000	123.019	11.446	0.000	70.108
1626.000	122.883	11.134	0.000	90.652
1628.000	122.781	10.922	0.000	94.710
1630.000	123.043	10.824	0.000	89.752
1632.000	122.946	10.225	0.000	88.533
1634.000	122.774	10.327	0.000	32.968
1636.000	122.944	10.292	0.000	51.275
1638.000	122.998	9.699	0.000	61.869
1640.000	122.848	10.392	0.000	62.215
1642.000	122.837	11.437	0.000	58.141
1644.000	122.972	10.990	0.000	67.728
1646.000	122.987	10.594	0.000	83.285
1648.000	122.748	10.441	0.000	49.892
1650.000	122.947	11.252	0.000	9.107
1652.000	123.024	10.643	0.000	40.506
1654.000	122.803	10.245	0.000	78.626
1656.000	122.852	9.662	0.000	5.162
1658.000	122.997	9.524	0.000	18.424
1660.000	122.922	10.043	0.000	36.409
1662.000	122.786	10.911	0.000	56.620
1664.000	122.937	10.991	0.000	45.991
1666.000	122.987	10.526	0.000	49.615
1668.000	122.837	10.154	0.000	45.434
1670.000	122.805	9.341	0.000	9.148
1672.000	123.063	9.434	0.000	14.246
1674.000	122.860	9.315	0.000	47.245
1676.000	122.798	9.303	0.000	17.462
1678.000	122.970	9.754	0.000	39.622
1680.000	122.945	10.523	0.000	48.360
1682.000	122.816	11.082	0.000	43.122
1684.000	122.857	10.377	0.000	-10.012
1686.000	123.006	11.241	0.000	44.324
1688.000	122.875	10.698	0.000	65.579
1690.000	122.766	10.563	0.000	-4.114
1692.000	123.012	9.713	0.000	-68.819
1694.000	122.928	10.065	0.000	-37.668
1696.000	122.769	11.201	0.000	-25.381
1698.000	122.928	11.199	0.000	13.461
1700.000	122.966	11.900	0.000	4.715
1702.000	122.835	10.759	0.000	-21.662
1704.000	122.817	10.943	0.000	-52.265
1706.000	122.993	11.072	0.000	-55.660
1708.000	122.897	9.197	0.000	-16.235
1710.000	122.773	10.911	0.000	14.388
1712.000	122.935	10.827	0.000	-54.325
1714.000	122.997	9.599	0.000	-25.293
1716.000	122.737	9.651	0.000	-20.292
1718.000	122.925	9.427	0.000	-54.528
1720.000	122.947	9.023	0.000	-47.295
1722.000	122.861	10.278	0.000	-55.985
1724.000	122.792	10.677	0.000	-74.126
1726.000	122.970	10.998	0.000	-76.967
1728.000	122.928	10.694	0.000	-73.957
1730.000	122.751	10.189	0.000	-92.969
1732.000	122.924	10.836	0.000	-105.333
1734.000	122.980	11.173	0.000	-97.358
1736.000	122.763	10.722	0.000	-108.738
1738.000	122.873	10.431	0.000	-102.002
1740.000	122.968	10.693	0.000	-86.856
1742.000	122.847	11.529	0.000	-110.573
1744.000	122.791	11.862	0.000	-128.163
1746.000	122.949	11.949	0.000	-123.873
1748.000	122.930	10.921	0.000	-116.231
1750.000	122.752	11.273	0.000	-115.172
1752.000	122.901	11.416	0.000	-135.960
1754.000	122.983	11.576	0.000	-108.821
1756.000	122.756	11.856	0.000	-111.106
1758.000	122.868	12.329	0.000	-130.336
1760.000	122.966	12.517	0.000	-127.719
1762.000	122.832	12.128	0.000	-123.665
1764.000	122.800	13.362	0.000	-132.555
1766.000	122.927	13.659	0.000	-149.864
1768.000	122.944	13.926	0.000	-137.360
1770.000	122.722	13.259	0.000	-134.987
1772.000	122.931	14.078	0.000	-142.484
1774.000	122.943	13.951	0.000	-146.925
1776.000	122.767	13.189	0.000	-150.620
1778.000	122.850	15.206	0.000	-148.521
1780.000	122.969	16.399	0.000	-144.881
1782.000	122.811	15.957	0.000	-159.580
1784.000	122.800	16.179	0.000	-164.559
1786.000	122.934	17.012	0.000	-160.450
1788.000	122.906	16.722	0.000	-150.771
1790.000	122.730	17.507	0.000	-159.728
1792.000	122.932	19.381	0.000	-165.400
1794.000	122.931	19.114	0.000	-159.699
1796.000	122.739	19.415	0.000	-173.403
1798.000	122.887	21.445	0.000	-172.859
1800.000	122.934	21.400	0.000	-168.020
1802.000	122.799	21.991	0.000	-171.802
1804.000	122.804	22.779	0.000	-172.112
1806.000	122.948	24.769	0.000	-176.659
1808.000	122.865	25.133	0.000	-174.302
1810.000	122.732	26.307	0.000	173.597
1812.000	122.969	28.635	0.000	179.270
1814.000	122.868	28.275	0.000	178.593
1816.000	122.750	30.078	0.000	168.387
1818.000	122.900	32.006	0.000	167.763
1820.000	122.916	33.027	0.000	165.273
1822.000	122.765	34.166	0.000	158.939
1824.000	122.834	36.488	0.000	150.887
1826.000	122.946	38.226	0.000	148.138
1828.000	122.802	38.963	0.000	139.570
1830.000	122.771	41.008	0.000	123.046
1832.000	122.975	42.993	0.000	119.209
1834.000	122.812	42.674	0.000	110.037
1836.000	122.762	44.547	0.000	92.288
1838.000	122.939	45.877	0.000	90.313
1840.000	122.847	46.348	0.000	76.726
1842.000	122.773	47.488	0.000	63.237
1844.000	122.855	48.791	0.000	46.932
1846.000	122.945	49.782	0.000	39.059
1848.000	122.722	48.922	0.000	20.250
1850.000	122.864	50.377	0.000	-0.780
1852.000	122.935	49.722	0.000	-5.779
1854.000	122.757	47.486	0.000	-27.172
1856.000	122.808	46.749	0.000	-39.271
1858.000	122.942	44.793	0.000	-39.502
1860.000	122.789	42.367	0.000	-35.309
1862.000	122.784	42.035	0.000	-23.496
1864.000	122.903	44.335	0.000	-10.246
1866.000	122.869	45.943	0.000	-5.954
1868.000	122.710	48.338	0.000	-18.765
1870.000	122.936	51.292	0.000	-24.375
1872.000	122.861	51.828	0.000	-31.017
1874.000	122.731	53.044	0.000	-54.430
1876.000	122.883	54.857	0.000	-63.916
1878.000	122.885	54.362	0.000	-76.433
1880.000	122.752	54.403	0.000	-94.799
1882.000	122.824	54.152	0.000	-107.676
1884.000	122.923	54.413	0.000	-116.107
1886.000	122.763	52.846	0.000	-121.637
1888.000	122.787	53.265	0.000	-137.700
1890.000	122.955	53.215	0.000	-132.929
1892.000	122.752	51.829	0.000	-143.359
1894.000	122.787	52.724	0.000	-149.779
1896.000	122.911	53.149	0.000	-152.379
1898.000	122.809	52.883	0.000	-158.671
1900.000	122.752	53.251	0.000	-170.952
1902.000	122.891	54.028	0.000	-176.649
1904.000	122.857	53.797	0.000	178.467
1906.000	122.710	53.472	0.000	163.723
1908.000	122.904	54.903	0.000	154.649
1910.000	122.864	53.918	0.000	151.599
1912.000	122.716	52.997	0.000	130.839
1914.000	122.872	53.165	0.000	126.166
1916.000	122.867	51.527	0.000	121.504
1918.000	122.745	50.408	0.000	114.658
1920.000	122.813	50.016	0.000	111.813
1922.000	122.907	50.245	0.000	114.072
1924.000	122.742	49.335	0.000	113.172
1926.000	122.793	50.846	0.000	103.513
1928.000	122.927	51.317	0.000	107.935
1930.000	122.733	50.506	0.000	93.116
1932.000	122.794	51.522	0.000	84.008
1934.000	122.895	51.017	0.000	77.358
1936.000	122.777	50.001	0.000	68.403
1938.000	122.760	49.062	0.000	56.683
1940.000	122.885	48.668	0.000	54.645
1942.000	122.816	46.800	0.000	54.583
1944.000	122.713	45.666	0.000	49.391
1946.000	122.918	46.121	0.000	54.707
1948.000	122.798	44.868	0.000	61.546
1950.000	122.733	45.373	0.000	56.737
1952.000	122.879	46.362	0.000	64.609
1954.000	122.820	46.305	0.000	62.390
1956.000	122.734	47.071	0.000	58.887
1958.000	122.836	48.121	0.000	52.863
1960.000	122.873	48.713	0.000	54.294
1962.000	122.695	47.922	0.000	43.422
1964.000	122.861	49.461	0.000	39.331
1966.000	122.854	48.613	0.000	42.775
1968.000	122.718	48.516	0.000	33.595
1970.000	122.823	49.602	0.000	35.134
1972.000	122.868	50.006	0.000	35.258
1974.000	122.721	50.561	0.000	29.166
1976.000	122.807	52.006	0.000	21.801
1978.000	122.869	52.844	0.000	19.153
1980.000	122.740	52.570	0.000	10.302
1982.000	122.771	53.938	0.000	-2.549
1984.000	122.911	54.402	0.000	-2.267
1986.000	122.706	53.510	0.000	-15.242
1988.000	122.799	54.733	0.000	-23.703
1990.000	122.861	54.497	0.000	-25.550
1992.000	122.751	54.318	0.000	-35.801
1994.000	122.756	54.704	0.000	-43.632
1996.000	122.878	55.472	0.000	-49.619
1998.000	122.760	54.773	0.000	-52.953
2000.000	122.729	55.297	0.000	-69.647
2002.000	122.912	55.933	0.000	-66.409
2004.000	122.728	54.564	0.000	-76.749
2006.000	122.759	55.441	0.000	-84.199
2008.000	122.864	55.509	0.000	-87.239
2010.000	122.766	55.326	0.000	-92.391
2012.000	122.731	55.778	0.000	-103.154
2014.000	122.867	56.672	0.000	-106.116
2016.000	122.781	56.306	0.000	-112.106
2018.000	122.701	56.728	0.000	-126.112
2020.000	122.899	58.118	0.000	-130.080
2022.000	122.750	57.135	0.000	-136.659
2024.000	122.734	58.116	0.000	-153.603
2026.000	122.859	58.301	0.000	-155.866
2028.000	122.772	57.950	0.000	-168.835
2030.000	122.721	58.045	0.000	-179.978
2032.000	122.848	58.764	0.000	168.631
2034.000	122.795	58.264	0.000	163.455
2036.000	122.691	57.894	0.000	142.478
2038.000	122.884	58.736	0.000	136.695
2040.000	122.757	57.000	0.000	126.852
2042.000	122.722	56.904	0.000	108.928
2044.000	122.849	56.393	0.000	103.576
2046.000	122.774	55.105	0.000	93.756
2048.000	122.717	54.119	0.000	82.719
2050.000	122.834	54.038	0.000	76.578
2052.000	122.797	52.770	0.000	74.864
2054.000	122.685	52.113	0.000	63.830
2056.000	122.872	53.014	0.000	62.054
2058.000	122.759	52.104	0.000	58.521
2060.000	122.716	52.633	0.000	41.615
2062.000	122.840	53.077	0.000	38.678
2064.000	122.771	52.177	0.000	25.177
2066.000	122.713	52.029	0.000	12.684
2068.000	122.824	51.984	0.000	-0.522
2070.000	122.798	51.221	0.000	-5.222
2072.000	122.676	49.806	0.000	-25.377
2074.000	122.871	50.154	0.000	-29.339
2076.000	122.749	47.744	0.000	-37.074
2078.000	122.716	47.024	0.000	-49.647
2080.000	122.832	46.308	0.000	-51.586
2082.000	122.767	45.197	0.000	-55.877
2084.000	122.705	44.543	0.000	-64.315
2086.000	122.830	44.588	0.000	-66.732
2088.000	122.776	43.818	0.000	-67.816
2090.000	122.680	43.935	0.000	-77.599
2092.000	122.869	45.257	0.000	-79.249
2094.000	122.732	44.501	0.000	-86.375
2096.000	122.721	45.643	0.000	-102.497
2098.000	122.834	45.877	0.000	-107.438
2100.000	122.743	45.703	0.000	-122.714
2102.000	122.711	45.985	0.000	-137.729
2104.000	122.837	46.705	0.000	-152.532
2106.000	122.742	45.991	0.000	-164.606
2108.000	122.705	45.875	0.000	166.597
2110.000	122.858	46.144	0.000	156.550
2112.000	122.706	43.927	0.000	133.178
2114.000	122.734	43.635	0.000	108.428
2116.000	122.832	42.143	0.000	90.799
2118.000	122.714	40.143	0.000	68.476
2120.000	122.731	38.428	0.000	42.611
2122.000	122.830	37.404	0.000	27.413
2124.000	122.712	35.365	0.000	9.058
2126.000	122.732	35.469	0.000	-14.688
2128.000	122.841	35.951	0.000	-25.768
2130.000	122.683	35.383	0.000	-47.028
2132.000	122.761	37.240	0.000	-64.664
2134.000	122.810	37.326	0.000	-75.376
2136.000	122.704	37.928	0.000	-93.539
2138.000	122.737	38.635	0.000	-110.241
2140.000	122.838	39.587	0.000	-119.524
2142.000	122.668	39.046	0.000	-133.762
2144.000	122.783	40.724	0.000	-148.993
2146.000	122.801	40.346	0.000	-154.903
2148.000	122.676	40.143	0.000	-175.432
2150.000	122.783	40.771	0.000	175.408
2152.000	122.789	40.263	0.000	165.888
2154.000	122.681	39.866	0.000	152.761
2156.000	122.779	40.204	0.000	142.076
2158.000	122.797	39.746	0.000	136.818
2160.000	122.656	38.820	0.000	123.051
2162.000	122.823	39.531	0.000	117.718
2164.000	122.752	38.650	0.000	115.131
2166.000	122.683	38.915	0.000	100.202
2168.000	122.818	39.484	0.000	98.197
2170.000	122.733	38.955	0.000	88.083
2172.000	122.699	39.572	0.000	77.052
2174.000	122.811	40.487	0.000	64.094
2176.000	122.734	40.184	0.000	55.449
2178.000	122.697	40.173	0.000	28.347
2180.000	122.829	40.427	0.000	19.585
2182.000	122.697	38.153	0.000	-2.583
2184.000	122.727	37.534	0.000	-23.837
2186.000	122.805	35.629	0.000	-38.542
2188.000	122.703	33.302	0.000	-57.401
2190.000	122.720	31.559	0.000	-84.406
2192.000	122.819	29.973	0.000	-102.930
2194.000	122.674	27.610	0.000	-135.838
2196.000	122.748	27.743	0.000	-174.912
2198.000	122.809	27.940	0.000	163.132
2200.000	122.651	27.765	0.000	126.541
2202.000	122.794	29.279	0.000	108.675
2204.000	122.758	28.686	0.000	90.073
2206.000	122.683	28.486	0.000	73.949
2208.000	122.773	28.295	0.000	62.947
2210.000	122.776	28.154	0.000	64.065
2212.000	122.654	28.374	0.000	49.488
2214.000	122.815	29.754	0.000	43.638
2216.000	122.720	28.611	0.000	34.173
2218.000	122.687	28.451	0.000	20.567
2220.000	122.810	27.667	0.000	20.032
2222.000	122.700	26.335	0.000	15.130
2224.000	122.702	26.385	0.000	14.758
2226.000	122.807	27.433	0.000	16.314
2228.000	122.682	26.867	0.000	9.331
2230.000	122.724	27.304	0.000	3.148
2232.000	122.802	27.158	0.000	4.893
2234.000	122.658	26.539	0.000	-0.477
2236.000	122.767	27.517	0.000	-2.225
2238.000	122.755	27.305	0.000	-4.844
2240.000	122.684	27.776	0.000	-12.653
2242.000	122.750	27.912	0.000	-20.777
2244.000	122.773	28.010	0.000	-21.471
2246.000	122.651	27.395	0.000	-30.898
2248.000	122.798	28.388	0.000	-32.504
2250.000	122.720	26.906	0.000	-36.154
2252.000	122.682	27.259	0.000	-42.099
2254.000	122.792	27.274	0.000	-40.127
2256.000	122.702	27.014	0.000	-43.340
2258.000	122.692	27.589	0.000	-47.443
2260.000	122.803	28.365	0.000	-47.093
2262.000	122.670	28.041	0.000	-53.042
2264.000	122.723	29.334	0.000	-60.221
2266.000	122.797	29.870	0.000	-57.516
2268.000	122.641	29.641	0.000	-70.466
2270.000	122.781	30.906	0.000	-73.676
2272.000	122.733	30.643	0.000	-81.977
2274.000	122.675	31.131	0.000	-91.678
2276.000	122.771	31.795	0.000	-100.641
2278.000	122.730	31.605	0.000	-104.381
2280.000	122.668	31.520	0.000	-120.436
2282.000	122.794	32.283	0.000	-125.269
2284.000	122.690	31.125	0.000	-134.765
2286.000	122.706	31.304	0.000	-146.559
2288.000	122.773	30.643	0.000	-152.437
2290.000	122.685	29.652	0.000	-159.997
2292.000	122.710	29.146	0.000	-171.125
2294.000	122.783	28.858	0.000	-172.303
2296.000	122.650	27.372	0.000	179.945
2298.000	122.756	27.483	0.000	174.056
2300.000	122.752	26.993	0.000	175.204
2302.000	122.654	26.754	0.000	163.394
2304.000	122.780	26.988	0.000	164.335
2306.000	122.710	25.778	0.000	154.998
2308.000	122.675	25.238	0.000	147.640
2310.000	122.784	25.307	0.000	139.070
2312.000	122.684	23.718	0.000	136.750
2314.000	122.703	23.027	0.000	126.679
2316.000	122.781	22.283	0.000	128.603
2318.000	122.659	19.560	0.000	118.559
2320.000	122.736	18.712	0.000	124.766
2322.000	122.753	17.158	0.000	131.878
2324.000	122.659	16.733	0.000	143.111
2326.000	122.754	16.993	0.000	154.394
2328.000	122.738	17.726	0.000	161.115
2330.000	122.646	19.093	0.000	159.195
2332.000	122.806	20.705	0.000	170.106
2334.000	122.668	20.575	0.000	166.340
2336.000	122.709	22.318	0.000	155.308
2338.000	122.766	22.873	0.000	154.271
2340.000	122.666	23.156	0.000	148.521
2342.000	122.725	24.049	0.000	141.913
2344.000	122.761	24.553	0.000	139.586
2346.000	122.641	24.464	0.000	130.733
2348.000	122.781	26.156	0.000	126.127
2350.000	122.700	25.634	0.000	121.479
2352.000	122.680	26.818	0.000	113.728
2354.000	122.768	27.019	0.000	109.371
2356.000	122.685	26.890	0.000	100.378
2358.000	122.694	27.529	0.000	87.974
2360.000	122.775	27.425	0.000	83.586
2362.000	122.651	27.000	0.000	73.085
2364.000	122.741	27.376	0.000	61.406
2366.000	122.742	26.713	0.000	58.136
2368.000	122.648	26.019	0.000	47.008
2370.000	122.778	25.920	0.000	49.090
2372.000	122.691	24.852	0.000	41.142
2374.000	122.679	24.628	0.000	37.882
2376.000	122.784	25.003	0.000	38.528
2378.000	122.653	24.249	0.000	37.835
2380.000	122.733	25.018	0.000	32.151
2382.000	122.744	25.236	0.000	35.126
2384.000	122.655	25.574	0.000	26.038
2386.000	122.756	26.103	0.000	23.027
2388.000	122.710	26.148	0.000	15.909
2390.000	122.672	26.395	0.000	7.508
2392.000	122.762	27.149	0.000	0.533
2394.000	122.689	26.562	0.000	-5.495
2396.000	122.687	26.795	0.000	-16.655
2398.000	122.777	26.974	0.000	-19.291
2400.000	122.639	26.124	0.000	-31.414
2402.000	122.752	26.846	0.000	-36.088
2404.000	122.722	26.007	0.000	-43.012
2406.000	122.657	26.050	0.000	-50.982
2408.000	122.770	25.958	0.000	-56.778
2410.000	122.686	25.408	0.000	-60.088
2412.000	122.688	25.274	0.000	-72.636
2414.000	122.768	24.823	0.000	-72.879
2416.000	122.653	24.124	0.000	-83.306
2418.000	122.736	24.396	0.000	-85.302
2420.000	122.729	23.640	0.000	-90.995
2422.000	122.662	23.332	0.000	-99.871
2424.000	122.752	23.365	0.000	-107.311
2426.000	122.708	22.279	0.000	-114.383
2428.000	122.661	21.479	0.000	-121.608
2430.000	122.792	21.444	0.000	-125.067
2432.000	122.642	20.202	0.000	-130.697
2434.000	122.737	20.259	0.000	-133.471
2436.000	122.736	18.995	0.000	-134.296
2438.000	122.650	18.519	0.000	-138.100
2440.000	122.765	18.669	0.000	-142.400
2442.000	122.694	17.849	0.000	-140.609
2444.000	122.678	17.445	0.000	-145.971
2446.000	122.771	16.506	0.000	-145.933
2448.000	122.652	15.849	0.000	-152.541
2450.000	122.733	16.112	0.000	-151.362
2452.000	122.728	15.629	0.000	-152.764
2454.000	122.663	15.108	0.000	-157.652
2456.000	122.749	14.575	0.000	-161.323
2458.000	122.704	14.544	0.000	-159.504
2460.000	122.669	15.145	0.000	-155.136
2462.000	122.779	14.309	0.000	-147.581
2464.000	122.646	15.145	0.000	-156.765
2466.000	122.739	15.272	0.000	-163.825
2468.000	122.721	14.061	0.000	-164.358
2470.000	122.665	13.660	0.000	-176.255
2472.000	122.752	14.301	0.000	-172.575
2474.000	122.692	13.905	0.000	-171.031
2476.000	122.697	13.753	0.000	176.052
2478.000	122.751	13.434	0.000	-171.470
2480.000	122.663	13.647	0.000	-163.597
2482.000	122.731	13.226	0.000	-179.264
2484.000	122.723	12.922	0.000	-178.700
2486.000	122.666	13.150	0.000	-179.287
2488.000	122.759	12.790	0.000	179.059
2490.000	122.682	13.119	0.000	177.899
2492.000	122.700	14.291	0.000	169.812
2494.000	122.757	14.553	0.000	168.548
2496.000	122.649	14.847	0.000	167.148
2498.000	122.756	15.048	0.000	164.493
2500.000	122.698	14.344	0.000	156.519
2502.000	122.681	13.847	0.000	158.196
2504.000	122.761	14.208	0.000	153.238
2506.000	122.667	13.276	0.000	152.500
2508.000	122.724	13.709	0.000	145.801
2510.000	122.736	14.074	0.000	150.828
2512.000	122.658	14.180	0.000	150.719
2514.000	122.758	13.381	0.000	155.097
2516.000	122.691	12.289	0.000	150.887
2518.000	122.684	12.569	0.000	148.360
2520.000	122.771	13.034	0.000	141.018
2522.000	122.644	13.516	0.000	127.290
2524.000	122.756	13.523	0.000	126.495
2526.000	122.699	12.802	0.000	125.116
2528.000	122.697	13.192	0.000	117.696
2530.000	122.742	12.845	0.000	119.742
2532.000	122.688	12.393	0.000	116.804
2534.000	122.710	12.531	0.000	121.226
2536.000	122.744	12.255	0.000	108.840
2538.000	122.658	12.456	0.000	105.284
2540.000	122.763	13.294	0.000	105.957
2542.000	122.685	11.966	0.000	105.810
2544.000	122.700	12.181	0.000	102.780
2546.000	122.752	12.569	0.000	104.480
2548.000	122.658	12.379	0.000	100.402
2550.000	122.748	12.094	0.000	94.813
2552.000	122.709	11.481	0.000	91.108
2554.000	122.681	11.380	0.000	89.738
2556.000	122.766	11.356	0.000	87.008
2558.000	122.663	11.287	0.000	79.029
2560.000	122.736	11.507	0.000	83.232
2562.000	122.725	10.928	0.000	79.511
2564.000	122.670	11.245	0.000	76.069
2566.000	122.762	11.481	0.000	68.039
2568.000	122.680	12.671	0.000	66.557
2570.000	122.716	12.142	0.000	54.847
2572.000	122.747	10.782	0.000	56.388
2574.000	122.662	10.895	0.000	64.118
2576.000	122.761	10.470	0.000	69.548
2578.000	122.688	10.187	0.000	48.431
2580.000	122.704	11.174	0.000	52.530
2582.000	122.752	10.474	0.000	41.996
2584.000	122.665	10.902	0.000	48.278
2586.000	122.753	10.377	0.000	49.512
2588.000	122.705	9.747	0.000	35.151
2590.000	122.693	10.845	0.000	27.615
2592.000	122.757	10.822	0.000	36.099
2594.000	122.670	9.004	0.000	36.561
2596.000	122.742	9.403	0.000	57.261
2598.000	122.722	10.901	0.000	35.645
2600.000	122.683	10.493	0.000	13.879
2602.000	122.763	9.582	0.000	2.998
2604.000	122.675	10.280	0.000	21.937
2606.000	122.735	10.036	0.000	-40.045
2608.000	122.727	10.270	0.000	-41.779
2610.000	122.680	10.813	0.000	-16.765
2612.000	122.759	10.618	0.000	-0.938
2614.000	122.690	10.020	0.000	-15.737
2616.000	122.714	10.194	0.000	-28.017
2618.000	122.756	10.571	0.000	-29.070
2620.000	122.658	8.942	0.000	-11.837
2622.000	122.776	9.760	0.000	-9.719
2624.000	122.683	10.255	0.000	-24.550
2626.000	122.719	9.651	0.000	-60.779
2628.000	122.749	9.001	0.000	-67.191
2630.000	122.671	9.403	0.000	-72.582
2632.000	122.762	9.503	0.000	-66.678
2634.000	122.699	9.681	0.000	-25.475
2636.000	122.706	10.114	0.000	65.787
2638.000	122.761	10.349	0.000	106.992
2640.000	122.663	10.549	0.000	-57.599
2642.000	122.766	10.036	0.000	-19.057
2644.000	122.698	8.630	0.000	-3.842
2646.000	122.713	9.407	0.000	-145.026
2648.000	122.757	9.658	0.000	-116.154
2650.000	122.676	9.391	0.000	-52.935
2652.000	122.754	8.639	0.000	-42.312
2654.000	122.711	8.652	0.000	-100.720
2656.000	122.698	8.080	0.000	-140.278
2658.000	122.768	9.810	0.000	-116.035
2660.000	122.665	9.765	0.000	-112.902
2662.000	122.770	8.553	0.000	-90.379
2664.000	122.701	8.255	0.000	-121.743
2666.000	122.712	8.672	0.000	-156.605
2668.000	122.755	9.520	0.000	-152.379
2670.000	122.681	9.597	0.000	-151.499
2672.000	122.750	8.954	0.000	130.028
2674.000	122.719	8.796	0.000	-142.691
2676.000	122.703	9.280	0.000	-126.761
2678.000	122.767	9.791	0.000	-94.595
2680.000	122.669	10.202	0.000	-112.810
2682.000	122.769	9.802	0.000	-110.158
2684.000	122.710	10.119	0.000	-117.908
2686.000	122.701	9.531	0.000	-176.714
2688.000	122.782	9.367	0.000	-138.203
2690.000	122.663	10.174	0.000	-178.192
2692.000	122.779	9.910	0.000	-155.363
2694.000	122.693	9.238	0.000	-135.704
2696.000	122.733	9.059	0.000	-166.103
2698.000	122.741	10.036	0.000	169.746
2700.000	122.698	11.389	0.000	174.285
2702.000	122.750	11.080	0.000	-161.594
2704.000	122.720	9.392	0.000	163.468
2706.000	122.710	8.286	0.000	161.548
2708.000	122.769	9.773	0.000	-138.322
2710.000	122.673	10.193	0.000	-147.253
2712.000	122.779	9.892	0.000	170.670
2714.000	122.694	9.165	0.000	-175.181
2716.000	122.734	10.082	0.000	-164.106
2718.000	122.747	10.200	0.000	-174.304
2720.000	122.690	10.149	0.000	177.532
2722.000	122.772	10.383	0.000	160.362
2724.000	122.702	10.265	0.000	157.168
2726.000	122.728	9.827	0.000	156.215
2728.000	122.758	8.933	0.000	-179.840
2730.000	122.680	9.137	0.000	159.172
2732.000	122.783	11.231	0.000	154.625
2734.000	122.681	10.302	0.000	147.093
2736.000	122.766	9.092	0.000	163.344
2738.000	122.720	10.282	0.000	149.050
2740.000	122.719	10.366	0.000	139.037
2742.000	122.756	10.481	0.000	140.225
2744.000	122.702	10.374	0.000	154.263
2746.000	122.750	9.518	0.000	150.865
2748.000	122.731	11.298	0.000	140.721
2750.000	122.712	11.578	0.000	133.070
2752.000	122.770	9.599	0.000	135.629
2754.000	122.691	10.320	0.000	141.918
2756.000	122.763	11.253	0.000	141.061
2758.000	122.721	10.935	0.000	138.773
2760.000	122.717	10.138	0.000	146.009
2762.000	122.773	10.446	0.000	118.964
2764.000	122.682	10.276	0.000	122.922
2766.000	122.785	10.600	0.000	122.712
2768.000	122.692	9.827	0.000	119.269
2770.000	122.761	11.293	0.000	111.902
2772.000	122.731	10.565	0.000	110.950
2774.000	122.713	9.177	0.000	123.490
2776.000	122.774	9.105	0.000	136.746
2778.000	122.700	7.868	0.000	156.804
2780.000	122.755	8.816	0.000	131.345
2782.000	122.739	9.520	0.000	146.378
2784.000	122.709	10.347	0.000	147.936
2786.000	122.779	9.431	0.000	123.251
2788.000	122.684	8.994	0.000	117.439
2790.000	122.778	9.518	0.000	113.540
2792.000	122.712	9.286	0.000	98.691
2794.000	122.744	9.480	0.000	98.696
2796.000	122.747	9.850	0.000	90.236
2798.000	122.721	11.643	0.000	102.858
2800.000	122.754	11.687	0.000	139.010
2802.000	122.729	10.310	0.000	147.950
2804.000	122.730	8.631	0.000	101.447
2806.000	122.761	10.077	0.000	109.374
2808.000	122.698	10.100	0.000	98.117
2810.000	122.792	9.499	0.000	138.392
2812.000	122.689	10.669	0.000	131.222
2814.000	122.769	11.244	0.000	90.083
2816.000	122.729	9.704	0.000	90.613
2818.000	122.725	9.073	0.000	111.456
2820.000	122.775	8.581	0.000	108.300
2822.000	122.690	9.263	0.000	79.153
2824.000	122.789	10.155	0.000	90.866
2826.000	122.699	8.944	0.000	89.730
2828.000	122.771	8.640	0.000	39.189
2830.000	122.727	9.356	0.000	76.855
2832.000	122.732	9.159	0.000	110.264
2834.000	122.765	8.775	0.000	119.669
2836.000	122.719	9.863	0.000	74.374
2838.000	122.758	10.191	0.000	88.035
2840.000	122.737	9.925	0.000	100.105
2842.000	122.726	8.392	0.000	103.551
2844.000	122.774	8.986	0.000	58.219
2846.000	122.700	9.639	0.000	66.337
2848.000	122.781	10.849	0.000	90.816
2850.000	122.712	10.792	0.000	80.150
2852.000	122.756	9.372	0.000	90.897
2854.000	122.752	10.650	0.000	91.031
2856.000	122.719	11.084	0.000	81.427
2858.000	122.776	10.431	0.000	80.246
2860.000	122.703	10.014	0.000	78.470
2862.000	122.782	8.948	0.000	91.588
2864.000	122.714	9.165	0.000	56.143
2866.000	122.763	10.953	0.000	51.373
2868.000	122.742	11.226	0.000	65.231
2870.000	122.735	11.056	0.000	66.702
2872.000	122.765	10.663	0.000	59.754
2874.000	122.720	9.803	0.000	38.470
2876.000	122.760	10.339	0.000	57.017
2878.000	122.743	9.611	0.000	76.901
2880.000	122.735	9.458	0.000	81.059
2882.000	122.768	10.239	0.000	56.649
2884.000	122.720	11.341	0.000	28.879
2886.000	122.764	11.331	0.000	36.881
2888.000	122.743	10.975	0.000	36.585
2890.000	122.735	10.518	0.000	40.512
2892.000	122.775	9.669	0.000	68.900
2894.000	122.707	10.620	0.000	42.594
2896.000	122.795	11.897	0.000	48.987
2898.000	122.698	11.548	0.000	58.961
2900.000	122.792	11.920	0.000	42.612
2902.000	122.714	11.705	0.000	44.154
2904.000	122.761	11.870	0.000	59.039
2906.000	122.759	11.675	0.000	55.497
2908.000	122.716	11.608	0.000	50.506
2910.000	122.797	12.288	0.000	46.969
2912.000	122.691	13.064	0.000	43.684
2914.000	122.802	12.725	0.000	44.220
2916.000	122.710	13.055	0.000	43.630
2918.000	122.769	13.295	0.000	34.390
2920.000	122.746	13.349	0.000	46.413
2922.000	122.733	13.906	0.000	39.158
2924.000	122.778	13.760	0.000	34.438
2926.000	122.719	13.683	0.000	39.196
2928.000	122.779	14.653	0.000	43.370
2930.000	122.720	14.866	0.000	39.031
2932.000	122.767	14.958	0.000	34.848
2934.000	122.745	15.460	0.000	33.739
2936.000	122.745	15.927	0.000	27.349
2938.000	122.767	17.268	0.000	30.968
2940.000	122.727	17.612	0.000	26.411
2942.000	122.770	17.752	0.000	26.444
2944.000	122.738	18.816	0.000	24.395
2946.000	122.753	19.764	0.000	18.391
2948.000	122.757	19.955	0.000	18.646
2950.000	122.734	20.489	0.000	15.522
2952.000	122.774	21.533	0.000	19.349
2954.000	122.731	22.351	0.000	14.190
2956.000	122.764	23.467	0.000	14.529
2958.000	122.744	23.657	0.000	7.757
2960.000	122.744	24.640	0.000	3.389
2962.000	122.770	25.191	0.000	1.370
2964.000	122.728	26.357	0.000	-4.372
2966.000	122.779	27.314	0.000	-5.119
2968.000	122.724	28.305	0.000	-13.536
2970.000	122.772	28.972	0.000	-13.883
2972.000	122.741	29.403	0.000	-21.964
2974.000	122.757	30.463	0.000	-24.330
2976.000	122.757	31.081	0.000	-29.096
2978.000	122.736	31.939	0.000	-35.123
2980.000	122.774	32.366	0.000	-38.915
2982.000	122.724	33.155	0.000	-46.649
2984.000	122.780	33.925	0.000	-51.069
2986.000	122.730	34.166	0.000	-57.460
2988.000	122.759	35.287	0.000	-63.076
2990.000	122.756	35.251	0.000	-68.956
2992.000	122.741	36.326	0.000	-76.243
2994.000	122.775	36.518	0.000	-81.810
2996.000	122.729	37.354	0.000	-89.662
2998.000	122.769	37.527	0.000	-94.997
3000.000	122.737	38.006	0.000	-102.166
3002.000	122.763	38.454	0.000	-109.421
3004.000	122.754	38.599	0.000	-115.242
3006.000	122.749	39.153	0.000	-122.161
3008.000	122.760	38.942	0.000	-128.010
3010.000	122.737	39.429	0.000	-135.176
3012.000	122.773	39.419	0.000	-140.927
3014.000	122.736	39.609	0.000	-148.090
3016.000	122.767	39.790	0.000	-153.602
3018.000	122.745	39.699	0.000	-159.717
3020.000	122.749	40.134	0.000	-166.069
3022.000	122.772	39.858	0.000	-170.512
3024.000	122.733	40.173	0.000	-178.311
3026.000	122.786	39.971	0.000	177.998
3028.000	122.715	39.876	0.000	170.962
3030.000	122.788	40.063	0.000	167.329
3032.000	122.726	39.728	0.000	160.612
3034.000	122.772	40.029	0.000	156.953
3036.000	122.748	39.756	0.000	151.072
3038.000	122.749	39.817	0.000	146.966
3040.000	122.759	39.621	0.000	142.272
3042.000	122.741	39.603	0.000	137.031
3044.000	122.769	39.657	0.000	134.339
3046.000	122.742	39.412	0.000	128.282
3048.000	122.769	39.621	0.000	125.884
3050.000	122.735	39.242	0.000	119.793
3052.000	122.767	39.613	0.000	117.499
3054.000	122.743	39.027	0.000	113.025
3056.000	122.765	39.431	0.000	108.211
3058.000	122.750	39.050	0.000	106.822
3060.000	122.759	39.368	0.000	100.075
3062.000	122.749	38.886	0.000	99.508
3064.000	122.750	38.944	0.000	92.710
3066.000	122.766	38.781	0.000	91.208
3068.000	122.738	38.628	0.000	87.044
3070.000	122.774	38.759	0.000	83.836
3072.000	122.727	38.381	0.000	81.443
3074.000	122.778	38.634	0.000	77.068
3076.000	122.734	38.199	0.000	76.426
3078.000	122.772	38.467	0.000	72.193
3080.000	122.753	38.047	0.000	71.511
3082.000	122.734	38.214	0.000	67.557
3084.000	122.784	38.161	0.000	66.696
3086.000	122.710	38.076	0.000	64.146
3088.000	122.801	38.570	0.000	64.043
3090.000	122.718	38.155	0.000	60.981
3092.000	122.773	38.730	0.000	59.436
3094.000	122.749	38.439	0.000	58.189
3096.000	122.732	39.045	0.000	55.412
3098.000	122.787	39.066	0.000	54.093
3100.000	122.717	39.427	0.000	50.839
3102.000	122.789	39.720	0.000	49.577
3104.000	122.731	40.001	0.000	46.881
3106.000	122.753	40.380	0.000	44.074
3108.000	122.769	40.663	0.000	42.613
3110.000	122.727	41.031	0.000	38.151
3112.000	122.790	41.391	0.000	37.858
3114.000	122.729	41.903	0.000	32.086
3116.000	122.766	42.100	0.000	30.804
3118.000	122.744	42.767	0.000	25.372
3120.000	122.753	42.953	0.000	22.185
3122.000	122.753	43.483	0.000	17.057
3124.000	122.764	43.948	0.000	12.728
3126.000	122.732	44.085	0.000	7.090
3128.000	122.786	44.676	0.000	1.890
3130.000	122.711	44.539	0.000	-3.044
3132.000	122.789	45.095	0.000	-9.191
3134.000	122.733	44.957	0.000	-13.202
3136.000	122.752	45.129	0.000	-20.332
3138.000	122.783	45.465	0.000	-23.170
3140.000	122.697	45.192	0.000	-30.770
3142.000	122.817	45.741	0.000	-32.258
3144.000	122.687	45.202	0.000	-39.728
3146.000	122.804	45.618	0.000	-41.985
3148.000	122.727	45.299	0.000	-47.312
3150.000	122.754	45.630	0.000	-51.062
3152.000	122.770	45.536	0.000	-54.649
3154.000	122.719	45.791	0.000	-59.903
3156.000	122.778	45.803	0.000	-62.340
3158.000	122.741	46.113	0.000	-68.132
3160.000	122.752	45.950	0.000	-70.456
3162.000	122.768	46.363	0.000	-76.161
3164.000	122.736	46.404	0.000	-79.575
3166.000	122.760	46.553	0.000	-84.957
3168.000	122.753	46.765	0.000	-88.874
3170.000	122.734	46.598	0.000	-93.535
3172.000	122.786	47.166	0.000	-98.288
3174.000	122.719	46.785	0.000	-102.193
3176.000	122.773	47.489	0.000	-108.199
3178.000	122.744	47.150	0.000	-111.721
3180.000	122.729	47.574	0.000	-117.754
3182.000	122.790	47.616	0.000	-122.386
3184.000	122.708	47.798	0.000	-127.906
3186.000	122.791	48.012	0.000	-133.865
3188.000	122.726	47.818	0.000	-138.612
3190.000	122.753	48.203	0.000	-145.965
3192.000	122.756	47.948	0.000	-150.494
3194.000	122.738	48.209	0.000	-157.936
3196.000	122.761	47.840	0.000	-163.804
3198.000	122.753	47.831	0.000	-170.599
3200.000	122.742	47.534	0.000	-176.345
3202.000	122.759	47.373	0.000	176.327
3204.000	122.744	47.069	0.000	171.960
3206.000	122.728	46.665	0.000	164.134
3208.000	122.793	46.418	0.000	160.803
3210.000	122.692	45.755	0.000	153.074
3212.000	122.813	45.489	0.000	150.263
3214.000	122.702	44.600	0.000	144.328
3216.000	122.770	44.379	0.000	140.869
3218.000	122.750	43.531	0.000	138.178
3220.000	122.720	43.398	0.000	134.370
3222.000	122.786	42.592	0.000	134.119
3224.000	122.724	42.344	0.000	130.324
3226.000	122.761	41.722	0.000	131.418
3228.000	122.753	41.604	0.000	128.013
3230.000	122.732	41.219	0.000	129.795
3232.000	122.748	41.200	0.000	126.534
3234.000	122.763	41.035	0.000	127.198
3236.000	122.714	41.082	0.000	124.917
3238.000	122.794	41.002	0.000	124.866
3240.000	122.711	41.048	0.000	123.012
3242.000	122.761	41.159	0.000	121.698
3244.000	122.758	41.328	0.000	120.251
3246.000	122.710	41.492	0.000	118.469
3248.000	122.788	41.553	0.000	116.909
3250.000	122.713	41.828	0.000	114.509
3252.000	122.763	41.970	0.000	113.844
3254.000	122.756	42.470	0.000	109.414
3256.000	122.729	42.605	0.000	109.048
3258.000	122.747	43.261	0.000	103.561
3260.000	122.760	43.340	0.000	101.180
3262.000	122.700	43.737	0.000	96.532
3264.000	122.804	44.279	0.000	91.409
3266.000	122.693	44.079	0.000	87.860
3268.000	122.783	44.899	0.000	81.449
3270.000	122.733	44.433	0.000	78.079
3272.000	122.730	45.072	0.000	72.766
3274.000	122.758	44.765	0.000	67.860
3276.000	122.729	44.944	0.000	63.228
3278.000	122.741	45.067	0.000	59.736
3280.000	122.756	45.196	0.000	53.413
3282.000	122.739	45.287	0.000	51.932
3284.000	122.736	45.655	0.000	44.288
3286.000	122.764	45.623	0.000	42.406
3288.000	122.707	46.240	0.000	35.372
3290.000	122.759	46.045	0.000	30.771
3292.000	122.738	46.445	0.000	25.181
3294.000	122.732	46.667	0.000	19.073
3296.000	122.765	46.702	0.000	12.449
3298.000	122.738	47.168	0.000	7.446
3300.000	122.720	46.859	0.000	-1.251
3302.000	122.780	47.236	0.000	-6.129
3304.000	122.686	46.870	0.000	-14.411
3306.000	122.771	47.213	0.000	-20.986
3308.000	122.738	46.872	0.000	-27.431
3310.000	122.714	46.958	0.000	-35.015
3312.000	122.789	46.833	0.000	-41.326
3314.000	122.705	46.605	0.000	-48.576
3316.000	122.751	46.657	0.000	-55.198
3318.000	122.734	46.061	0.000	-62.550
3320.000	122.735	46.359	0.000	-68.602
3322.000	122.717	45.648	0.000	-77.572
3324.000	122.785	45.805	0.000	-82.251
3326.000	122.680	45.076	0.000	-91.672
3328.000	122.799	44.972	0.000	-97.667
3330.000	122.704	44.373	0.000	-105.660
3332.000	122.739	44.132	0.000	-112.561
3334.000	122.745	43.564	0.000	-119.666
3336.000	122.728	43.177	0.000	-126.262
3338.000	122.713	42.400	0.000	-133.142
3340.000	122.776	42.024	0.000	-139.605
3342.000	122.699	41.016	0.000	-145.757
3344.000	122.760	40.639	0.000	-152.213
3346.000	122.747	39.715	0.000	-156.198
3348.000	122.702	39.381	0.000	-162.633
3350.000	122.765	38.438	0.000	-165.800
3352.000	122.707	37.933	0.000	-171.188
3354.000	122.733	37.189	0.000	-174.251
3356.000	122.734	36.745	0.000	179.992
3358.000	122.747	36.232	0.000	178.376
3360.000	122.708	35.725	0.000	171.016
3362.000	122.773	35.162	0.000	167.774
3364.000	122.709	34.821	0.000	163.418
3366.000	122.727	34.389	0.000	157.038
3368.000	122.744	33.529	0.000	154.938
3370.000	122.718	33.382	0.000	148.213
3372.000	122.713	32.086	0.000	145.501
3374.000	122.781	31.914	0.000	140.814
3376.000	122.675	30.987	0.000	135.980
3378.000	122.774	30.595	0.000	133.588
3380.000	122.733	29.928	0.000	128.264
3382.000	122.696	29.088	0.000	124.626
3384.000	122.758	28.756	0.000	123.796
3386.000	122.722	28.314	0.000	118.009
3388.000	122.690	27.210	0.000	116.160
3390.000	122.774	26.938	0.000	110.258
3392.000	122.708	26.171	0.000	109.058
3394.000	122.710	25.834	0.000	107.299
3396.000	122.785	25.175	0.000	104.877
3398.000	122.680	25.038	0.000	100.468
3400.000	122.746	24.342	0.000	101.194
3402.000	122.738	23.996	0.000	96.347
3404.000	122.696	23.116	0.000	97.127
3406.000	122.719	23.141	0.000	96.892
3408.000	122.761	23.079	0.000	97.362
3410.000	122.671	23.167	0.000	95.026
3412.000	122.765	23.688	0.000	96.778
3414.000	122.734	23.896	0.000	92.143
3416.000	122.699	24.090	0.000	88.020
3418.000	122.742	24.444	0.000	82.111
3420.000	122.744	24.891	0.000	76.356
3422.000	122.663	24.736	0.000	72.162
3424.000	122.770	25.069	0.000	66.230
3426.000	122.696	24.950	0.000	57.895
3428.000	122.708	25.167	0.000	53.194
3430.000	122.749	25.462	0.000	46.512
3432.000	122.721	25.030	0.000	38.411
3434.000	122.701	25.487	0.000	31.610
3436.000	122.758	25.618	0.000	21.925
3438.000	122.709	25.067	0.000	18.932
3440.000	122.692	25.478	0.000	10.280
3442.000	122.744	24.790	0.000	4.793
3444.000	122.710	25.299	0.000	-1.744
3446.000	122.677	24.669	0.000	-6.871
3448.000	122.776	25.316	0.000	-13.705
3450.000	122.698	24.952	0.000	-20.068
3452.000	122.692	24.929	0.000	-27.153
3454.000	122.786	24.818	0.000	-32.688
3456.000	122.673	24.913	0.000	-41.084
3458.000	122.719	25.021	0.000	-43.753
3460.000	122.739	25.104	0.000	-51.386
3462.000	122.699	25.352	0.000	-56.138
3464.000	122.674	25.216	0.000	-63.466
3466.000	122.787	25.454	0.000	-68.898
3468.000	122.639	24.996	0.000	-75.329
3470.000	122.747	25.548	0.000	-82.308
3472.000	122.735	25.387	0.000	-86.746
3474.000	122.697	25.278	0.000	-90.284
3476.000	122.711	25.370	0.000	-99.208
3478.000	122.757	25.581	0.000	-105.571
3480.000	122.666	25.060	0.000	-108.945
3482.000	122.720	25.586	0.000	-116.422
3484.000	122.715	24.841	0.000	-122.478
3486.000	122.705	25.078	0.000	-123.248
3488.000	122.667	24.931	0.000	-131.380
3490.000	122.769	24.843	0.000	-133.613
3492.000	122.674	24.843	0.000	-140.388
3494.000	122.713	25.099	0.000	-144.584
3496.000	122.746	25.051	0.000	-150.959
3498.000	122.702	24.821	0.000	-154.864
3500.000	122.689	24.640	0.000	-160.135
3502.000	122.744	24.838	0.000	-166.898
3504.000	122.685	24.662	0.000	-171.508
3506.000	122.683	24.754	0.000	-178.325
3508.000	122.719	23.725	0.000	177.044
3510.000	122.713	23.760	0.000	171.009
3512.000	122.658	23.158	0.000	165.227
3514.000	122.746	22.874	0.000	163.040
3516.000	122.715	22.321	0.000	160.607
3518.000	122.664	21.765	0.000	152.036
3520.000	122.755	21.651	0.000	152.408
3522.000	122.719	21.796	0.000	145.834
3524.000	122.659	20.587	0.000	143.915
3526.000	122.734	20.694	0.000	143.616
3528.000	122.718	20.042	0.000	143.998
3530.000	122.639	19.179	0.000	141.588
3532.000	122.721	18.274	0.000	145.459
3534.000	122.728	19.061	0.000	148.205
3536.000	122.632	18.290	0.000	151.402
3538.000	122.739	18.664	0.000	152.205
3540.000	122.730	19.192	0.000	147.951
3542.000	122.654	19.345	0.000	151.117
3544.000	122.731	19.797	0.000	151.173
3546.000	122.726	20.326	0.000	150.111
3548.000	122.683	20.537	0.000	149.643
3550.000	122.684	21.806	0.000	147.767
3552.000	122.731	21.716	0.000	141.766
3554.000	122.680	22.292	0.000	136.417
3556.000	122.654	22.641	0.000	131.365
3558.000	122.725	22.902	0.000	128.770
3560.000	122.702	22.950	0.000	125.585
3562.000	122.627	23.014	0.000	118.585
3564.000	122.750	23.239	0.000	115.321
3566.000	122.704	23.346	0.000	109.031
3568.000	122.659	22.906	0.000	112.930
3570.000	122.721	23.272	0.000	106.124
3572.000	122.745	23.005	0.000	104.126
3574.000	122.643	23.145	0.000	99.288
3576.000	122.703	22.923	0.000	98.260
3578.000	122.743	23.076	0.000	92.385
3580.000	122.646	23.209	0.000	89.481
3582.000	122.657	23.592	0.000	83.698
3584.000	122.761	23.764	0.000	80.364
3586.000	122.630	23.269	0.000	76.678
3588.000	122.663	23.142	0.000	73.414
3590.000	122.722	23.134	0.000	70.515
3592.000	122.699	22.902	0.000	66.106
3594.000	122.628	22.445	0.000	61.478
3596.000	122.745	22.667	0.000	59.499
3598.000	122.715	22.568	0.000	59.166
3600.000	122.641	22.754	0.000	57.797
3602.000	122.716	22.716	0.000	54.984
3604.000	122.742	22.732	0.000	54.464
3606.000	122.629	22.368	0.000	51.854
3608.000	122.693	22.618	0.000	54.880
3610.000	122.727	23.165	0.000	50.841
3612.000	122.637	22.717	0.000	50.209
3614.000	122.669	23.493	0.000	49.081
3616.000	122.684	23.556	0.000	45.367
3618.000	122.695	24.296	0.000	44.905
3620.000	122.636	24.556	0.000	40.759
3622.000	122.675	25.047	0.000	36.371
3624.000	122.736	25.193	0.000	36.309
3626.000	122.637	26.079	0.000	29.408
3628.000	122.678	26.166	0.000	26.064
3630.000	122.738	27.153	0.000	20.392
3632.000	122.687	27.508	0.000	15.948
3634.000	122.635	27.761	0.000	8.823
3636.000	122.744	28.272	0.000	4.780
3638.000	122.696	28.170	0.000	-4.576
3640.000	122.630	28.222	0.000	-8.555
3642.000	122.685	28.331	0.000	-18.527
3644.000	122.727	28.193	0.000	-20.458
3646.000	122.615	27.977	0.000	-29.326
3648.000	122.646	27.747	0.000	-32.593
3650.000	122.723	27.960	0.000	-37.260
3652.000	122.639	27.570	0.000	-42.065
3654.000	122.633	27.577	0.000	-45.477
3656.000	122.693	27.731	0.000	-50.808
3658.000	122.696	27.769	0.000	-55.105
3660.000	122.641	28.007	0.000	-60.637
3662.000	122.655	27.964	0.000	-65.034
3664.000	122.747	28.203	0.000	-70.460
3666.000	122.665	27.877	0.000	-75.585
3668.000	122.630	27.659	0.000	-81.748
3670.000	122.747	27.900	0.000	-85.674
3672.000	122.688	27.753	0.000	-92.626
3674.000	122.642	27.321	0.000	-96.136
3676.000	122.667	27.447	0.000	-101.528
3678.000	122.738	27.228	0.000	-107.098
3680.000	122.626	26.422	0.000	-108.763
3682.000	122.641	26.582	0.000	-112.999
3684.000	122.673	25.657	0.000	-119.433
3686.000	122.716	25.806	0.000	-119.541
3688.000	122.557	25.656	0.000	-125.934
3690.000	122.677	25.639	0.000	-123.456
3692.000	122.711	25.528	0.000	-128.957
3694.000	122.614	25.374	0.000	-131.179
3696.000	122.600	25.324	0.000	-133.221
3698.000	122.738	26.024	0.000	-135.761
3700.000	122.655	26.009	0.000	-141.520
3702.000	122.616	26.385	0.000	-144.042
3704.000	122.670	26.572	0.000	-148.430
3706.000	122.759	26.825	0.000	-153.202
3708.000	122.598	26.364	0.000	-156.328
3710.000	122.674	27.319	0.000	-162.485
3712.000	122.718	27.203	0.000	-172.087
3714.000	122.692	27.301	0.000	-177.631
3716.000	122.623	27.097	0.000	175.225
3718.000	122.692	27.372	0.000	167.264
3720.000	122.694	26.956	0.000	158.435
3722.000	122.668	26.880	0.000	153.895
3724.000	122.620	26.841	0.000	142.508
3726.000	122.665	25.987	0.000	133.855
3728.000	122.714	25.566	0.000	128.209
3730.000	122.595	24.745	0.000	120.255
3732.000	122.609	23.326	0.000	112.807
3734.000	122.710	22.847	0.000	103.838
3736.000	122.632	21.443	0.000	97.284
3738.000	122.579	19.806	0.000	95.119
3740.000	122.648	18.816	0.000	92.147
3742.000	122.677	17.281	0.000	97.200
3744.000	122.627	16.481	0.000	102.271
3746.000	122.562	15.347	0.000	96.968
3748.000	122.709	14.254	0.000	100.291
3750.000	122.663	14.330	0.000	98.080
3752.000	122.606	13.729	0.000	100.507
3754.000	122.611	12.429	0.000	105.814
3756.000	122.742	11.719	0.000	120.363
3758.000	122.640	11.745	0.000	117.788
3760.000	122.622	11.118	0.000	129.566
3762.000	122.665	11.831	0.000	127.108
3764.000	122.735	12.708	0.000	138.401
3766.000	122.638	12.755	0.000	142.344
3768.000	122.629	13.481	0.000	146.283
3770.000	122.696	14.432	0.000	149.447
3772.000	122.739	14.025	0.000	150.630
3774.000	122.597	14.481	0.000	148.916
3776.000	122.668	16.160	0.000	146.158
3778.000	122.684	16.614	0.000	140.040
3780.000	122.710	16.957	0.000	141.277
3782.000	122.606	17.486	0.000	132.057
3784.000	122.615	18.056	0.000	129.457
3786.000	122.726	18.059	0.000	127.050
3788.000	122.669	18.610	0.000	130.782
3790.000	122.542	18.735	0.000	124.031
3792.000	122.650	18.715	0.000	115.330
3794.000	122.721	19.294	0.000	108.840
3796.000	122.583	19.248	0.000	108.748
3798.000	122.545	19.112	0.000	107.729
3800.000	122.676	19.775	0.000	97.934
3802.000	122.657	19.444	0.000	92.667
3804.000	122.559	19.587	0.000	83.286
3806.000	122.559	20.048	0.000	76.409
3808.000	122.652	19.356	0.000	70.588
3810.000	122.654	19.071	0.000	62.838
3812.000	122.519	18.986	0.000	55.308
3814.000	122.582	17.323	0.000	47.340
3816.000	122.657	16.766	0.000	41.188
3818.000	122.611	15.998	0.000	41.428
3820.000	122.563	15.775	0.000	38.280
3822.000	122.558	15.178	0.000	39.269
3824.000	122.672	13.969	0.000	49.379
3826.000	122.627	13.105	0.000	61.753
3828.000	122.550	13.629	0.000	60.105
3830.000	122.579	13.730	0.000	56.377
3832.000	122.695	13.500	0.000	69.546
3834.000	122.625	13.974	0.000	71.535
3836.000	122.564	14.849	0.000	70.310
3838.000	122.597	14.801	0.000	68.612
3840.000	122.716	15.625	0.000	72.111
3842.000	122.638	16.593	0.000	71.708
3844.000	122.589	16.853	0.000	69.455
3846.000	122.585	16.485	0.000	63.130
3848.000	122.780	18.357	0.000	61.299
3850.000	122.645	19.177	0.000	50.854
3852.000	122.562	18.555	0.000	49.430
3854.000	122.673	19.541	0.000	46.791
3856.000	122.756	20.703	0.000	43.490
3858.000	122.648	20.440	0.000	31.464
3860.000	122.613	20.379	0.000	28.193
3862.000	122.668	21.843	0.000	21.498
3864.000	122.768	22.279	0.000	17.544
3866.000	122.683	22.243	0.000	10.223
3868.000	122.621	22.936	0.000	3.992
3870.000	122.678	22.854	0.000	-6.966
3872.000	122.772	23.256	0.000	-13.126
3874.000	122.725	23.565	0.000	-23.155
3876.000	122.617	22.526	0.000	-30.402
3878.000	122.689	22.640	0.000	-42.329
3880.000	122.776	22.520	0.000	-48.655
3882.000	122.762	22.386	0.000	-55.555
3884.000	122.626	22.003	0.000	-64.732
3886.000	122.660	21.013	0.000	-70.661
3888.000	122.842	20.854	0.000	-75.128
3890.000	122.751	20.510	0.000	-81.200
3892.000	122.620	19.816	0.000	-84.420
3894.000	122.713	20.047	0.000	-90.727
3896.000	122.803	20.156	0.000	-96.459
3898.000	122.762	19.654	0.000	-103.683
3900.000	122.683	18.623	0.000	-105.491
3902.000	122.672	17.979	0.000	-114.894
3904.000	122.806	17.996	0.000	-120.649
3906.000	122.795	17.816	0.000	-123.783
3908.000	122.703	17.178	0.000	-129.640
3910.000	122.666	16.728	0.000	-140.954
3912.000	122.803	16.164	0.000	-143.510
3914.000	122.816	16.195	0.000	-147.216
3916.000	122.715	14.714	0.000	-149.781
3918.000	122.714	15.427	0.000	-155.603
3920.000	122.746	14.943	0.000	-165.764
3922.000	122.830	14.122	0.000	-161.344
3924.000	122.796	12.838	0.000	-162.143
3926.000	122.692	11.940	0.000	-175.996
3928.000	122.721	11.820	0.000	-175.991
3930.000	122.873	12.250	0.000	-165.212
3932.000	122.805	10.736	0.000	-161.942
3934.000	122.746	11.296	0.000	-165.145
3936.000	122.687	10.901	0.000	-171.649
3938.000	122.866	11.690	0.000	-172.225
3940.000	122.874	12.544	0.000	178.119
3942.000	122.758	12.367	0.000	-179.232
3944.000	122.697	11.651	0.000	177.187
3946.000	122.853	11.272	0.000	172.366
3948.000	122.903	11.301	0.000	170.956
3950.000	122.794	10.879	0.000	171.709
3952.000	122.739	11.017	0.000	-172.594
3954.000	122.830	11.182	0.000	-178.699
3956.000	122.877	10.014	0.000	-179.363
3958.000	122.873	10.178	0.000	-164.312
3960.000	122.817	10.881	0.000	-173.107
3962.000	122.737	9.418	0.000	174.473
3964.000	122.905	10.527	0.000	178.274
3966.000	122.937	10.865	0.000	-174.703
3968.000	122.830	11.469	0.000	173.919
3970.000	122.769	11.201	0.000	169.161
3972.000	122.856	11.358	0.000	164.090
3974.000	122.944	11.183	0.000	164.480
3976.000	122.917	10.924	0.000	153.158
3978.000	122.784	11.330	0.000	146.310
3980.000	122.808	11.747	0.000	139.276
3982.000	122.925	12.140	0.000	141.757
3984.000	122.961	12.365	0.000	128.789
3986.000	122.838	10.886	0.000	110.056
3988.000	122.777	11.286	0.000	102.711
3990.000	122.879	11.272	0.000	102.821
3992.000	122.942	11.173	0.000	102.868
3994.000	122.900	10.958	0.000	97.198
3996.000	122.815	9.956	0.000	84.991
3998.000	122.763	9.438	0.000	72.224
4000.000	122.920	10.114	0.000	61.462
