1000.000	122.587	20.256	0.000	37.880
2.000	122.545	19.335	0.000	25.225
4.000	122.516	19.725	0.000	7.263
6.000	122.515	18.680	0.000	-8.340
8.000	122.537	17.696	0.000	-18.901
10.000	122.570	16.962	0.000	-41.635
12.000	122.597	16.220	0.000	-53.210
14.000	122.603	15.963	0.000	-54.083
16.000	122.592	15.073	0.000	-81.724
18.000	122.572	15.135	0.000	-103.174
20.000	122.557	14.412	0.000	-103.454
22.000	122.560	14.905	0.000	-113.464
24.000	122.579	14.526	0.000	-143.194
26.000	122.599	13.821	0.000	-146.007
28.000	122.610	14.235	0.000	-164.473
30.000	122.601	12.854	0.000	169.258
32.000	122.572	12.735	0.000	144.123
34.000	122.547	12.927	0.000	-179.365
36.000	122.539	13.124	0.000	-77.840
38.000	122.562	13.438	0.000	-122.775
40.000	122.610	13.508	0.000	-108.980
42.000	122.656	13.646	0.000	-130.343
44.000	122.674	12.863	0.000	-20.575
46.000	122.651	13.331	0.000	143.040
48.000	122.588	13.321	0.000	40.669
50.000	122.520	13.979	0.000	58.011
52.000	122.487	14.036	0.000	144.872
54.000	122.513	12.983	0.000	-149.655
56.000	122.596	12.250	0.000	-135.100
58.000	122.694	13.134	0.000	-50.021
60.000	122.752	14.121	0.000	-43.866
62.000	122.739	12.923	0.000	-60.889
64.000	122.650	12.662	0.000	96.033
66.000	122.525	13.319	0.000	123.153
68.000	122.436	12.447	0.000	-136.844
70.000	122.439	12.373	0.000	89.626
72.000	122.546	12.551	0.000	107.217
74.000	122.702	12.157	0.000	-148.097
76.000	122.820	12.811	0.000	-134.562
78.000	122.837	13.392	0.000	80.154
80.000	122.735	12.426	0.000	-65.744
82.000	122.555	12.370	0.000	-145.573
84.000	122.399	12.449	0.000	-132.974
86.000	122.365	14.092	0.000	-142.926
88.000	122.487	13.670	0.000	166.840
90.000	122.699	12.323	0.000	154.633
92.000	122.877	13.028	0.000	176.971
94.000	122.926	13.139	0.000	169.508
96.000	122.813	12.324	0.000	154.957
98.000	122.585	13.599	0.000	-136.750
100.000	122.369	12.121	0.000	170.298
102.000	122.305	10.120	0.000	161.405
104.000	122.447	12.565	0.000	146.778
106.000	122.710	12.944	0.000	172.773
108.000	122.933	11.823	0.000	130.809
110.000	122.995	12.370	0.000	112.734
112.000	122.859	13.305	0.000	104.198
114.000	122.587	13.154	0.000	156.515
116.000	122.335	13.154	0.000	-165.293
118.000	122.274	11.834	0.000	-109.422
120.000	122.454	12.597	0.000	177.832
122.000	122.755	13.715	0.000	67.630
124.000	122.989	13.527	0.000	74.202
126.000	123.027	13.092	0.000	60.262
128.000	122.850	13.516	0.000	41.488
130.000	122.547	12.483	0.000	55.979
132.000	122.305	12.115	0.000	-41.983
134.000	122.295	12.453	0.000	-6.494
136.000	122.524	12.146	0.000	30.965
138.000	122.831	13.598	0.000	-37.815
140.000	123.022	14.604	0.000	-59.143
142.000	122.998	13.921	0.000	-69.477
144.000	122.778	12.454	0.000	-58.861
146.000	122.487	12.372	0.000	-42.943
148.000	122.319	11.498	0.000	-58.254
150.000	122.391	12.692	0.000	-66.687
152.000	122.640	12.492	0.000	-144.895
154.000	122.890	13.377	0.000	-89.899
156.000	122.991	14.132	0.000	-97.226
158.000	122.900	13.166	0.000	-123.611
160.000	122.682	12.411	0.000	-110.008
162.000	122.474	12.908	0.000	-116.920
164.000	122.418	12.184	0.000	-141.889
166.000	122.535	11.976	0.000	-107.728
168.000	122.728	13.332	0.000	-76.975
170.000	122.869	13.400	0.000	-80.014
172.000	122.886	13.368	0.000	-100.795
174.000	122.792	12.610	0.000	-95.717
176.000	122.657	13.770	0.000	-118.493
178.000	122.564	12.626	0.000	-119.105
180.000	122.559	11.560	0.000	-133.645
182.000	122.620	11.949	0.000	-121.646
184.000	122.703	11.502	0.000	-119.085
186.000	122.770	12.849	0.000	-135.771
188.000	122.802	12.320	0.000	-147.669
190.000	122.798	11.729	0.000	-118.111
192.000	122.754	12.277	0.000	-137.388
194.000	122.675	12.593	0.000	-159.233
196.000	122.592	11.518	0.000	-145.727
198.000	122.556	12.039	0.000	-126.446
200.000	122.613	12.710	0.000	-164.325
202.000	122.750	11.876	0.000	-157.459
204.000	122.886	12.293	0.000	160.882
206.000	122.924	13.097	0.000	-166.587
208.000	122.818	13.269	0.000	-165.519
210.000	122.615	12.793	0.000	178.916
212.000	122.456	12.796	0.000	-140.752
214.000	122.479	12.334	0.000	-122.454
216.000	122.690	12.718	0.000	-176.532
218.000	122.935	13.027	0.000	177.531
220.000	123.038	12.422	0.000	-174.792
222.000	122.920	12.479	0.000	-158.166
224.000	122.646	13.738	0.000	-143.143
226.000	122.413	13.534	0.000	-151.259
228.000	122.418	12.880	0.000	-148.768
230.000	122.666	12.535	0.000	-175.468
232.000	122.953	12.968	0.000	-146.476
234.000	123.070	12.433	0.000	-177.348
236.000	122.945	12.565	0.000	167.269
238.000	122.665	11.275	0.000	-173.391
240.000	122.440	11.609	0.000	-157.764
242.000	122.454	13.186	0.000	177.346
244.000	122.679	13.131	0.000	165.976
246.000	122.922	12.511	0.000	136.205
248.000	123.010	13.177	0.000	153.694
250.000	122.905	12.976	0.000	159.240
252.000	122.701	13.673	0.000	169.928
254.000	122.551	13.333	0.000	152.647
256.000	122.557	14.146	0.000	149.654
258.000	122.682	13.421	0.000	155.425
260.000	122.819	13.021	0.000	158.474
262.000	122.888	13.035	0.000	153.030
264.000	122.873	13.137	0.000	166.157
266.000	122.805	12.724	0.000	147.089
268.000	122.716	12.521	0.000	101.390
270.000	122.641	11.463	0.000	141.199
272.000	122.614	12.742	0.000	143.694
274.000	122.670	12.944	0.000	124.206
276.000	122.802	13.631	0.000	98.666
278.000	122.931	13.149	0.000	95.896
280.000	122.956	13.188	0.000	110.287
282.000	122.829	13.168	0.000	104.457
284.000	122.617	12.900	0.000	93.467
286.000	122.493	12.324	0.000	102.460
288.000	122.590	11.497	0.000	116.044
290.000	122.847	11.007	0.000	75.256
292.000	123.051	12.168	0.000	53.570
294.000	123.034	13.379	0.000	97.192
296.000	122.797	13.402	0.000	128.401
298.000	122.521	12.613	0.000	-66.903
300.000	122.457	12.051	0.000	68.014
302.000	122.668	12.727	0.000	112.734
304.000	122.954	12.359	0.000	108.288
306.000	123.077	12.098	0.000	99.110
308.000	122.957	12.133	0.000	112.157
310.000	122.702	11.109	0.000	113.458
312.000	122.528	12.465	0.000	104.172
314.000	122.577	13.142	0.000	101.060
316.000	122.773	13.393	0.000	65.665
318.000	122.937	12.370	0.000	105.019
320.000	122.965	12.462	0.000	65.760
322.000	122.873	12.747	0.000	106.474
324.000	122.747	13.517	0.000	92.651
326.000	122.663	12.828	0.000	95.861
328.000	122.653	11.862	0.000	95.620
330.000	122.715	12.914	0.000	42.933
332.000	122.828	12.647	0.000	64.825
334.000	122.940	12.108	0.000	66.963
336.000	122.966	11.793	0.000	63.371
338.000	122.857	12.335	0.000	56.717
340.000	122.663	11.322	0.000	16.526
342.000	122.546	12.384	0.000	31.304
344.000	122.649	12.743	0.000	39.908
346.000	122.902	13.076	0.000	50.498
348.000	123.081	12.838	0.000	48.666
350.000	123.021	11.564	0.000	78.094
352.000	122.756	12.995	0.000	52.488
354.000	122.518	12.676	0.000	48.765
356.000	122.548	12.795	0.000	51.386
358.000	122.814	12.949	0.000	44.992
360.000	123.051	14.095	0.000	34.736
362.000	123.062	14.694	0.000	37.515
364.000	122.858	13.506	0.000	19.580
366.000	122.633	12.658	0.000	0.861
368.000	122.586	12.420	0.000	-4.017
370.000	122.726	13.236	0.000	1.219
372.000	122.900	14.581	0.000	-7.772
374.000	122.975	14.455	0.000	-19.334
376.000	122.937	13.017	0.000	-21.088
378.000	122.835	12.763	0.000	-21.938
380.000	122.725	12.704	0.000	-30.232
382.000	122.662	13.610	0.000	-44.169
384.000	122.698	13.552	0.000	-49.118
386.000	122.843	13.743	0.000	-52.852
388.000	123.002	14.525	0.000	-63.932
390.000	123.029	13.742	0.000	-64.035
392.000	122.863	13.955	0.000	-63.528
394.000	122.623	14.600	0.000	-70.283
396.000	122.555	14.287	0.000	-70.765
398.000	122.759	15.077	0.000	-70.660
400.000	123.036	15.407	0.000	-81.039
402.000	123.115	14.769	0.000	-84.289
404.000	122.925	14.793	0.000	-81.471
406.000	122.643	14.331	0.000	-79.119
408.000	122.557	14.486	0.000	-81.725
410.000	122.741	15.092	0.000	-90.691
412.000	122.978	14.789	0.000	-92.377
414.000	123.053	15.028	0.000	-102.826
416.000	122.940	15.883	0.000	-105.354
418.000	122.770	15.847	0.000	-107.197
420.000	122.681	14.734	0.000	-114.848
422.000	122.711	14.763	0.000	-127.890
424.000	122.814	15.201	0.000	-133.620
426.000	122.935	16.076	0.000	-124.431
428.000	123.009	16.737	0.000	-132.627
430.000	122.961	16.111	0.000	-142.472
432.000	122.787	14.668	0.000	-159.138
434.000	122.620	15.018	0.000	-166.131
436.000	122.659	15.737	0.000	-169.016
438.000	122.905	15.578	0.000	-168.397
440.000	123.112	16.346	0.000	-168.750
442.000	123.062	16.590	0.000	-175.606
444.000	122.787	15.702	0.000	-166.541
446.000	122.569	14.402	0.000	-173.733
448.000	122.655	14.557	0.000	176.445
450.000	122.932	15.121	0.000	165.863
452.000	123.096	15.262	0.000	155.462
454.000	123.016	14.380	0.000	151.733
456.000	122.806	14.654	0.000	151.586
458.000	122.679	14.150	0.000	152.748
460.000	122.719	13.331	0.000	160.655
462.000	122.844	13.166	0.000	142.815
464.000	122.957	13.779	0.000	141.721
466.000	123.008	12.899	0.000	130.327
468.000	122.962	13.858	0.000	143.072
470.000	122.809	13.938	0.000	145.966
472.000	122.657	13.383	0.000	133.963
474.000	122.691	14.554	0.000	119.379
476.000	122.929	13.320	0.000	118.158
478.000	123.128	13.327	0.000	124.044
480.000	123.059	13.187	0.000	120.950
482.000	122.769	13.963	0.000	100.862
484.000	122.575	13.676	0.000	91.654
486.000	122.718	13.910	0.000	94.208
488.000	123.009	13.685	0.000	98.589
490.000	123.122	13.290	0.000	105.196
492.000	122.975	13.278	0.000	109.535
494.000	122.759	12.610	0.000	91.978
496.000	122.693	13.230	0.000	81.024
498.000	122.788	13.386	0.000	69.136
500.000	122.913	13.400	0.000	68.870
502.000	122.996	13.607	0.000	58.471
504.000	123.013	13.732	0.000	81.420
506.000	122.923	13.168	0.000	58.944
508.000	122.746	12.196	0.000	79.663
510.000	122.655	12.097	0.000	56.171
512.000	122.818	11.656	0.000	12.063
514.000	123.086	11.583	0.000	43.427
516.000	123.147	12.298	0.000	64.863
518.000	122.901	12.241	0.000	64.662
520.000	122.616	11.728	0.000	37.359
522.000	122.657	11.029	0.000	-7.990
524.000	122.957	10.937	0.000	40.206
526.000	123.135	11.341	0.000	21.546
528.000	123.028	12.195	0.000	4.340
530.000	122.808	12.467	0.000	27.541
532.000	122.722	12.233	0.000	38.324
534.000	122.795	11.215	0.000	77.449
536.000	122.899	11.431	0.000	50.703
538.000	122.984	11.345	0.000	10.968
540.000	123.036	11.722	0.000	-81.269
542.000	122.971	10.699	0.000	147.390
544.000	122.771	11.787	0.000	76.521
546.000	122.649	12.149	0.000	12.877
548.000	122.827	11.820	0.000	20.731
550.000	123.126	12.303	0.000	31.927
552.000	123.166	12.004	0.000	42.318
554.000	122.873	12.030	0.000	79.252
556.000	122.604	11.991	0.000	140.140
558.000	122.722	10.992	0.000	-69.472
560.000	123.031	11.614	0.000	-46.390
562.000	123.132	11.413	0.000	14.014
564.000	122.974	10.564	0.000	60.390
566.000	122.800	11.028	0.000	70.970
568.000	122.777	10.931	0.000	83.270
570.000	122.833	10.681	0.000	-170.830
572.000	122.903	11.196	0.000	-82.520
574.000	123.015	11.883	0.000	-29.923
576.000	123.079	10.153	0.000	-3.892
578.000	122.938	10.605	0.000	74.433
580.000	122.683	10.702	0.000	-56.635
582.000	122.681	11.848	0.000	-26.580
584.000	123.005	12.282	0.000	-149.311
586.000	123.224	12.384	0.000	-146.691
588.000	123.045	12.023	0.000	159.594
590.000	122.695	12.893	0.000	-17.516
592.000	122.656	12.525	0.000	-97.315
594.000	122.936	11.947	0.000	150.361
596.000	123.114	10.696	0.000	-67.915
598.000	123.034	10.749	0.000	-105.226
600.000	122.885	10.330	0.000	151.130
602.000	122.826	10.331	0.000	168.359
604.000	122.813	10.996	0.000	131.517
606.000	122.844	12.239	0.000	77.643
608.000	122.996	12.715	0.000	70.523
610.000	123.133	11.236	0.000	50.339
612.000	123.012	10.104	0.000	-176.311
614.000	122.707	10.893	0.000	-172.546
616.000	122.659	11.214	0.000	-132.625
618.000	122.989	11.253	0.000	89.033
620.000	123.225	11.581	0.000	108.981
622.000	123.061	11.642	0.000	147.967
624.000	122.738	11.854	0.000	43.879
626.000	122.702	11.818	0.000	-59.646
628.000	122.929	12.211	0.000	123.115
630.000	123.070	12.191	0.000	170.428
632.000	123.035	11.734	0.000	-178.806
634.000	122.950	12.158	0.000	-175.036
636.000	122.860	12.258	0.000	-158.564
638.000	122.776	11.263	0.000	154.735
640.000	122.839	12.192	0.000	40.931
642.000	123.066	11.393	0.000	17.906
644.000	123.167	10.772	0.000	-51.470
646.000	122.949	11.023	0.000	17.931
648.000	122.670	11.041	0.000	110.762
650.000	122.753	11.866	0.000	18.062
652.000	123.075	11.236	0.000	12.536
654.000	123.182	11.621	0.000	-16.465
656.000	122.980	12.053	0.000	-125.779
658.000	122.763	11.842	0.000	-169.780
660.000	122.779	11.838	0.000	-142.969
662.000	122.938	11.678	0.000	14.666
664.000	123.062	11.624	0.000	140.142
666.000	123.076	10.613	0.000	-178.175
668.000	122.955	11.087	0.000	101.620
670.000	122.780	11.207	0.000	113.349
672.000	122.771	10.698	0.000	56.849
674.000	122.987	12.046	0.000	23.629
676.000	123.159	11.655	0.000	68.868
678.000	123.058	10.845	0.000	161.572
680.000	122.805	11.254	0.000	-134.125
682.000	122.729	12.302	0.000	145.786
684.000	122.917	11.042	0.000	-167.450
686.000	123.118	10.596	0.000	-76.833
688.000	123.112	11.357	0.000	174.296
690.000	122.915	11.110	0.000	106.918
692.000	122.744	11.789	0.000	76.200
694.000	122.816	11.872	0.000	136.682
696.000	123.053	11.101	0.000	-94.801
698.000	123.153	10.658	0.000	-25.470
700.000	122.996	11.451	0.000	-24.808
702.000	122.787	11.463	0.000	-43.890
704.000	122.793	11.636	0.000	-7.555
706.000	122.969	10.839	0.000	158.560
708.000	123.095	10.245	0.000	-105.165
710.000	123.073	10.249	0.000	108.870
712.000	122.924	10.011	0.000	-68.107
714.000	122.767	10.904	0.000	-42.868
716.000	122.817	11.440	0.000	17.605
718.000	123.077	11.520	0.000	-169.227
720.000	123.201	10.526	0.000	-131.550
722.000	122.974	11.120	0.000	-121.934
724.000	122.699	11.541	0.000	-137.915
726.000	122.811	11.152	0.000	-177.662
728.000	123.107	10.861	0.000	-176.228
730.000	123.146	12.236	0.000	112.092
732.000	122.951	11.216	0.000	103.161
734.000	122.832	10.902	0.000	-33.035
736.000	122.859	12.004	0.000	165.149
738.000	122.931	11.838	0.000	86.902
740.000	123.057	11.288	0.000	-165.588
742.000	123.132	10.067	0.000	-155.300
744.000	122.957	10.835	0.000	-100.559
746.000	122.706	12.132	0.000	7.827
748.000	122.834	11.628	0.000	-25.878
750.000	123.183	11.995	0.000	-53.955
752.000	123.193	10.880	0.000	-106.351
754.000	122.859	11.023	0.000	-99.760
756.000	122.721	11.678	0.000	-48.877
758.000	122.940	11.158	0.000	-47.829
760.000	123.105	10.124	0.000	-112.432
762.000	123.065	10.570	0.000	-160.695
764.000	122.971	10.875	0.000	-131.440
766.000	122.872	10.515	0.000	-167.170
768.000	122.815	10.743	0.000	151.149
770.000	122.962	10.684	0.000	148.071
772.000	123.176	10.940	0.000	137.372
774.000	123.098	10.464	0.000	145.444
776.000	122.790	11.057	0.000	-158.263
778.000	122.747	11.449	0.000	-164.922
780.000	123.037	10.586	0.000	-134.347
782.000	123.192	10.652	0.000	-114.901
784.000	123.034	10.881	0.000	-64.272
786.000	122.823	12.861	0.000	-94.448
788.000	122.814	11.955	0.000	-140.168
790.000	122.979	10.334	0.000	-177.134
792.000	123.128	11.159	0.000	-117.600
794.000	123.088	11.484	0.000	-142.681
796.000	122.883	11.560	0.000	-148.032
798.000	122.785	11.468	0.000	-161.000
800.000	122.944	11.075	0.000	166.357
802.000	123.128	10.541	0.000	-157.598
804.000	123.105	11.077	0.000	-137.095
806.000	122.920	10.999	0.000	-79.113
808.000	122.786	10.558	0.000	-172.535
810.000	122.890	12.041	0.000	165.570
812.000	123.132	11.386	0.000	-173.315
814.000	123.173	11.458	0.000	135.131
816.000	122.903	11.095	0.000	142.259
818.000	122.728	10.810	0.000	160.993
820.000	122.952	11.635	0.000	171.799
822.000	123.176	11.281	0.000	160.414
824.000	123.078	11.042	0.000	-166.024
826.000	122.886	10.914	0.000	136.607
828.000	122.858	10.950	0.000	164.666
830.000	122.923	11.465	0.000	-167.907
832.000	123.039	11.290	0.000	171.767
834.000	123.148	12.622	0.000	66.908
836.000	123.016	12.101	0.000	123.454
838.000	122.745	11.428	0.000	143.022
840.000	122.846	10.411	0.000	-77.276
842.000	123.195	10.648	0.000	-134.296
844.000	123.182	11.177	0.000	163.453
846.000	122.850	11.278	0.000	108.600
848.000	122.778	11.486	0.000	138.875
850.000	123.001	12.324	0.000	146.475
852.000	123.110	11.303	0.000	164.796
854.000	123.063	8.890	0.000	-100.977
856.000	122.963	8.962	0.000	-101.821
858.000	122.836	9.884	0.000	-165.961
860.000	122.879	10.757	0.000	172.335
862.000	123.121	9.918	0.000	155.014
864.000	123.174	11.247	0.000	-111.596
866.000	122.909	11.104	0.000	-105.799
868.000	122.759	9.790	0.000	-134.984
870.000	122.965	10.899	0.000	-152.295
872.000	123.168	10.114	0.000	77.966
874.000	123.101	10.252	0.000	159.926
876.000	122.881	10.206	0.000	-112.310
878.000	122.801	10.864	0.000	-100.830
880.000	122.988	11.319	0.000	171.237
882.000	123.170	10.737	0.000	158.633
884.000	123.071	11.063	0.000	148.691
886.000	122.854	10.850	0.000	-87.419
888.000	122.852	10.259	0.000	-19.647
890.000	123.010	10.049	0.000	-164.724
892.000	123.115	10.150	0.000	-140.097
894.000	123.085	10.137	0.000	-173.264
896.000	122.896	10.458	0.000	141.829
898.000	122.779	10.863	0.000	-177.362
900.000	123.022	11.675	0.000	-152.474
902.000	123.246	11.974	0.000	-176.688
904.000	123.025	11.186	0.000	171.606
906.000	122.744	9.532	0.000	-164.980
908.000	122.915	10.661	0.000	175.047
910.000	123.142	11.129	0.000	169.522
912.000	123.084	9.919	0.000	174.657
914.000	122.963	9.700	0.000	-158.083
916.000	122.893	10.774	0.000	-129.924
918.000	122.876	11.615	0.000	-133.709
920.000	123.061	10.741	0.000	-150.300
922.000	123.199	10.956	0.000	-155.750
924.000	122.964	11.502	0.000	122.250
926.000	122.741	10.945	0.000	178.200
928.000	122.972	10.069	0.000	-151.429
930.000	123.203	10.444	0.000	174.079
932.000	123.075	11.265	0.000	-161.180
934.000	122.857	10.762	0.000	162.586
936.000	122.852	10.277	0.000	-124.123
938.000	123.022	9.993	0.000	170.108
940.000	123.153	10.683	0.000	-173.785
942.000	123.050	11.264	0.000	-155.634
944.000	122.841	11.244	0.000	-172.004
946.000	122.873	11.010	0.000	-125.368
948.000	123.075	11.450	0.000	-117.637
950.000	123.136	11.797	0.000	-127.228
952.000	123.011	11.909	0.000	-161.518
954.000	122.834	11.566	0.000	152.681
956.000	122.867	11.001	0.000	-149.602
958.000	123.146	10.514	0.000	-154.220
960.000	123.191	10.241	0.000	-145.074
962.000	122.865	10.376	0.000	-148.931
964.000	122.784	10.984	0.000	162.513
966.000	123.079	10.997	0.000	144.238
968.000	123.151	10.915	0.000	149.194
970.000	122.991	11.067	0.000	174.502
972.000	122.916	9.737	0.000	-152.793
974.000	122.888	10.464	0.000	142.103
976.000	122.989	11.178	0.000	158.596
978.000	123.189	11.425	0.000	165.235
980.000	123.057	11.700	0.000	169.801
982.000	122.754	11.073	0.000	174.756
984.000	122.916	10.598	0.000	-174.748
986.000	123.207	10.606	0.000	135.996
988.000	123.096	11.029	0.000	159.042
990.000	122.865	10.254	0.000	120.938
992.000	122.867	9.552	0.000	109.250
994.000	123.019	11.946	0.000	116.938
996.000	123.145	11.242	0.000	94.521
998.000	123.052	10.106	0.000	69.288
1000.000	122.839	10.571	0.000	168.191
1002.000	122.891	9.979	0.000	-176.543
1004.000	123.105	10.482	0.000	-28.484
1006.000	123.125	10.906	0.000	136.125
1008.000	122.972	11.269	0.000	116.953
1010.000	122.829	11.587	0.000	112.579
1012.000	122.929	11.114	0.000	143.616
1014.000	123.196	12.024	0.000	136.271
1016.000	123.119	11.414	0.000	130.477
1018.000	122.784	10.732	0.000	144.037
1020.000	122.882	10.892	0.000	136.187
1022.000	123.159	10.686	0.000	-146.311
1024.000	123.084	9.785	0.000	-156.685
1026.000	122.946	10.507	0.000	155.984
1028.000	122.912	10.312	0.000	175.064
1030.000	122.908	11.107	0.000	-121.450
1032.000	123.109	11.275	0.000	167.646
1034.000	123.175	10.343	0.000	136.941
1036.000	122.849	10.429	0.000	-176.349
1038.000	122.802	10.914	0.000	158.474
1040.000	123.143	11.223	0.000	132.620
1042.000	123.161	12.005	0.000	159.688
1044.000	122.923	12.095	0.000	138.024
1046.000	122.856	11.611	0.000	93.751
1048.000	122.968	11.192	0.000	-1.293
1050.000	123.132	10.530	0.000	154.137
1052.000	123.096	10.867	0.000	165.264
1054.000	122.858	10.774	0.000	-179.182
1056.000	122.876	9.980	0.000	-179.615
1058.000	123.089	10.728	0.000	143.752
1060.000	123.118	12.009	0.000	161.754
1062.000	122.993	11.597	0.000	147.569
1064.000	122.839	11.203	0.000	78.957
1066.000	122.917	11.476	0.000	130.958
1068.000	123.208	9.742	0.000	158.765
1070.000	123.103	9.418	0.000	136.718
1072.000	122.764	9.794	0.000	129.414
1074.000	122.934	10.247	0.000	-130.255
1076.000	123.161	11.211	0.000	114.807
1078.000	123.042	11.508	0.000	74.371
1080.000	122.957	11.431	0.000	89.848
1082.000	122.899	11.792	0.000	105.992
1084.000	122.929	10.957	0.000	104.884
1086.000	123.180	11.166	0.000	86.299
1088.000	123.093	10.925	0.000	3.571
1090.000	122.767	11.460	0.000	91.102
1092.000	122.934	11.589	0.000	74.504
1094.000	123.183	10.938	0.000	77.942
1096.000	123.064	12.349	0.000	82.815
1098.000	122.888	11.305	0.000	63.346
1100.000	122.872	10.964	0.000	72.998
1102.000	123.055	10.497	0.000	79.475
1104.000	123.166	10.947	0.000	60.230
1106.000	122.947	10.263	0.000	60.860
1108.000	122.835	9.095	0.000	39.989
1110.000	123.013	10.075	0.000	33.654
1112.000	123.104	10.240	0.000	71.979
1114.000	123.067	10.763	0.000	38.165
1116.000	122.889	10.160	0.000	40.650
1118.000	122.831	10.433	0.000	48.697
1120.000	123.159	10.478	0.000	-4.441
1122.000	123.174	11.229	0.000	23.020
1124.000	122.805	11.326	0.000	25.188
1126.000	122.888	11.537	0.000	-5.997
1128.000	123.123	11.411	0.000	-27.299
1130.000	123.060	10.164	0.000	17.285
1132.000	122.988	10.647	0.000	0.467
1134.000	122.882	11.680	0.000	-50.040
1136.000	122.919	11.875	0.000	-69.213
1138.000	123.180	10.556	0.000	-46.589
1140.000	123.072	11.110	0.000	-42.225
1142.000	122.791	10.418	0.000	-51.212
1144.000	122.941	10.820	0.000	-78.370
1146.000	123.147	11.711	0.000	-74.181
1148.000	123.078	10.947	0.000	-62.262
1150.000	122.874	11.469	0.000	-97.790
1152.000	122.864	10.694	0.000	-94.463
1154.000	123.112	9.285	0.000	-46.600
1156.000	123.122	10.013	0.000	-83.874
1158.000	122.895	10.804	0.000	-120.072
1160.000	122.889	10.991	0.000	-84.422
1162.000	123.011	11.026	0.000	-77.132
1164.000	123.113	10.911	0.000	-73.915
1166.000	123.048	11.636	0.000	-95.466
1168.000	122.798	11.458	0.000	-134.254
1170.000	122.945	10.844	0.000	-141.598
1172.000	123.224	9.667	0.000	-126.338
1174.000	123.003	10.296	0.000	-127.307
1176.000	122.804	9.641	0.000	-150.279
1178.000	122.991	10.237	0.000	-152.655
1180.000	123.103	10.195	0.000	-159.258
1182.000	123.049	11.061	0.000	-163.435
1184.000	122.906	11.147	0.000	-156.377
1186.000	122.872	10.641	0.000	-153.130
1188.000	123.079	11.085	0.000	-136.098
1190.000	123.135	9.783	0.000	-143.802
1192.000	122.906	10.927	0.000	-132.444
1194.000	122.829	11.242	0.000	-134.569
1196.000	123.073	10.757	0.000	-179.043
1198.000	123.163	10.425	0.000	168.281
1200.000	122.904	10.647	0.000	111.614
1202.000	122.833	10.228	0.000	-123.547
1204.000	123.068	10.183	0.000	-87.409
1206.000	123.108	11.632	0.000	-106.178
1208.000	122.964	13.130	0.000	-126.689
1210.000	122.870	11.880	0.000	149.009
1212.000	122.956	10.705	0.000	-91.648
1214.000	123.138	10.419	0.000	-116.591
1216.000	123.042	11.021	0.000	-96.791
1218.000	122.811	11.106	0.000	-118.388
1220.000	122.943	11.241	0.000	-131.224
1222.000	123.165	10.935	0.000	-109.419
1224.000	123.036	10.870	0.000	-111.940
1226.000	122.809	10.383	0.000	-66.169
1228.000	122.955	11.097	0.000	-110.456
1230.000	123.140	12.103	0.000	-121.259
1232.000	123.011	11.419	0.000	-129.841
1234.000	122.889	10.003	0.000	-134.303
1236.000	122.915	10.920	0.000	-121.802
1238.000	123.051	12.627	0.000	-136.880
1240.000	123.135	12.668	0.000	-131.701
1242.000	122.870	11.666	0.000	-138.548
1244.000	122.830	12.386	0.000	-142.601
1246.000	123.161	12.893	0.000	-142.284
1248.000	123.080	12.082	0.000	-144.047
1250.000	122.846	11.685	0.000	-155.143
1252.000	122.913	12.795	0.000	-153.565
1254.000	123.060	12.803	0.000	-155.428
1256.000	123.098	12.408	0.000	-163.894
1258.000	122.904	13.088	0.000	-170.081
1260.000	122.856	12.911	0.000	174.020
1262.000	123.071	13.211	0.000	178.223
1264.000	123.091	13.754	0.000	-179.000
1266.000	122.937	13.242	0.000	-178.570
1268.000	122.830	13.426	0.000	176.346
1270.000	123.035	14.294	0.000	165.064
1272.000	123.183	14.460	0.000	163.808
1274.000	122.858	13.273	0.000	159.642
1276.000	122.848	14.685	0.000	147.191
1278.000	123.115	14.995	0.000	155.897
1280.000	123.034	14.421	0.000	155.134
1282.000	122.951	13.681	0.000	151.798
1284.000	122.875	13.612	0.000	145.810
1286.000	122.973	13.985	0.000	143.704
1288.000	123.174	14.828	0.000	137.919
1290.000	122.919	13.746	0.000	133.880
1292.000	122.807	14.217	0.000	121.092
1294.000	123.080	15.491	0.000	119.773
1296.000	123.100	14.695	0.000	127.430
1298.000	122.914	13.976	0.000	119.725
1300.000	122.840	14.290	0.000	107.892
1302.000	123.052	15.161	0.000	104.845
1304.000	123.110	15.170	0.000	99.820
1306.000	122.891	14.556	0.000	86.454
1308.000	122.885	12.860	0.000	74.095
1310.000	123.009	11.886	0.000	81.095
1312.000	123.098	12.562	0.000	124.991
1314.000	122.961	14.748	0.000	161.820
1316.000	122.787	17.453	0.000	139.411
1318.000	123.075	21.669	0.000	123.913
1320.000	123.136	23.100	0.000	113.160
1322.000	122.842	23.436	0.000	88.646
1324.000	122.886	25.818	0.000	56.268
1326.000	123.064	27.415	0.000	38.224
1328.000	123.056	27.194	0.000	13.559
1330.000	122.911	27.139	0.000	-20.058
1332.000	122.863	27.596	0.000	-51.781
1334.000	123.038	28.690	0.000	-90.833
1336.000	123.100	30.104	0.000	-120.767
1338.000	122.889	30.002	0.000	-150.878
1340.000	122.829	31.840	0.000	160.231
1342.000	123.109	34.462	0.000	138.006
1344.000	123.079	34.437	0.000	118.392
1346.000	122.817	34.486	0.000	80.616
1348.000	122.926	35.917	0.000	52.925
1350.000	123.074	36.436	0.000	32.051
1352.000	123.027	36.230	0.000	10.360
1354.000	122.875	35.488	0.000	-14.708
1356.000	122.885	35.219	0.000	-42.424
1358.000	123.094	35.286	0.000	-61.395
1360.000	123.036	34.188	0.000	-77.049
1362.000	122.838	32.079	0.000	-100.682
1364.000	122.900	31.153	0.000	-131.989
1366.000	123.125	30.439	0.000	-150.131
1368.000	123.015	27.267	0.000	-166.576
1370.000	122.775	22.694	0.000	152.966
1372.000	123.012	20.089	0.000	103.497
1374.000	123.085	18.058	0.000	36.985
1376.000	122.933	20.282	0.000	-32.760
1378.000	122.892	22.204	0.000	-64.951
1380.000	122.915	23.198	0.000	-94.124
1382.000	123.129	24.825	0.000	-110.761
1384.000	122.965	23.852	0.000	-124.024
1386.000	122.775	21.566	0.000	-160.916
1388.000	123.062	21.513	0.000	179.919
1390.000	123.077	19.021	0.000	174.166
1392.000	122.885	15.087	0.000	166.094
1394.000	122.853	12.865	0.000	-154.436
1396.000	123.046	14.760	0.000	-114.101
1398.000	123.067	16.751	0.000	-118.832
1400.000	122.850	18.014	0.000	-135.260
1402.000	122.901	19.575	0.000	-155.217
1404.000	123.030	20.662	0.000	-168.172
1406.000	123.057	20.860	0.000	-172.461
1408.000	122.856	20.270	0.000	-178.890
1410.000	122.852	20.035	0.000	158.986
1412.000	123.151	20.945	0.000	149.637
1414.000	122.971	19.458	0.000	138.894
1416.000	122.803	17.518	0.000	108.846
1418.000	122.992	16.474	0.000	92.779
1420.000	123.054	14.422	0.000	90.981
1422.000	122.953	11.060	0.000	99.818
1424.000	122.839	11.069	0.000	149.764
1426.000	122.967	12.863	0.000	144.878
1428.000	123.089	14.946	0.000	139.893
1430.000	122.919	14.692	0.000	130.478
1432.000	122.803	14.668	0.000	108.919
1434.000	123.057	15.095	0.000	100.149
1436.000	123.073	13.478	0.000	103.827
1438.000	122.812	11.162	0.000	93.881
1440.000	122.914	11.683	0.000	60.941
1442.000	123.053	11.087	0.000	68.469
1444.000	122.997	10.732	0.000	107.786
1446.000	122.848	9.943	0.000	95.798
1448.000	122.905	10.725	0.000	109.948
1450.000	123.087	12.745	0.000	111.462
1452.000	122.963	11.822	0.000	97.046
1454.000	122.815	12.406	0.000	90.469
1456.000	122.957	12.934	0.000	72.213
1458.000	123.119	12.712	0.000	59.730
1460.000	122.867	10.829	0.000	49.001
1462.000	122.832	10.617	0.000	45.224
1464.000	123.078	11.893	0.000	45.252
1466.000	122.976	11.169	0.000	43.454
1468.000	122.898	10.133	0.000	28.865
1470.000	122.859	10.908	0.000	-10.850
1472.000	123.043	10.608	0.000	102.659
1474.000	123.043	10.438	0.000	114.841
1476.000	122.769	10.961	0.000	103.566
1478.000	122.965	10.711	0.000	64.303
1480.000	123.079	9.965	0.000	38.457
1482.000	122.907	10.834	0.000	-24.624
1484.000	122.821	11.154	0.000	-8.738
1486.000	123.015	10.560	0.000	-11.706
1488.000	123.042	11.304	0.000	-68.164
1490.000	122.850	10.478	0.000	-79.771
1492.000	122.884	10.027	0.000	-133.099
1494.000	123.009	9.587	0.000	-160.797
1496.000	123.035	8.164	0.000	-150.572
1498.000	122.805	8.704	0.000	170.733
1500.000	122.903	10.079	0.000	-131.149
1502.000	123.114	10.327	0.000	-104.118
1504.000	122.891	9.143	0.000	-99.374
1506.000	122.822	9.759	0.000	-84.141
1508.000	123.010	8.953	0.000	-165.352
1510.000	123.020	9.057	0.000	-161.380
1512.000	122.866	10.725	0.000	-144.349
1514.000	122.866	9.922	0.000	-135.246
1516.000	123.009	10.462	0.000	-103.909
1518.000	123.030	10.629	0.000	-91.158
1520.000	122.790	9.784	0.000	-130.212
1522.000	122.917	8.785	0.000	-47.626
1524.000	123.104	9.944	0.000	169.892
1526.000	122.863	11.098	0.000	173.483
1528.000	122.846	10.452	0.000	155.225
1530.000	122.991	10.925	0.000	-163.408
1532.000	123.022	10.854	0.000	-162.130
1534.000	122.844	11.049	0.000	164.617
1536.000	122.871	10.561	0.000	158.447
1538.000	123.036	9.758	0.000	-168.618
1540.000	122.967	9.825	0.000	175.571
1542.000	122.810	9.256	0.000	105.572
1544.000	122.919	10.462	0.000	149.996
1546.000	123.106	11.455	0.000	169.491
1548.000	122.822	11.398	0.000	165.455
1550.000	122.860	11.533	0.000	176.857
1552.000	123.032	10.418	0.000	-169.919
1554.000	122.954	10.244	0.000	-177.644
1556.000	122.858	10.665	0.000	-150.004
1558.000	122.866	9.982	0.000	-155.045
1560.000	123.065	9.479	0.000	-178.800
1562.000	122.919	10.003	0.000	144.663
1564.000	122.788	10.785	0.000	146.280
1566.000	123.001	11.024	0.000	146.970
1568.000	123.029	11.587	0.000	166.273
1570.000	122.800	10.522	0.000	-171.070
1572.000	122.895	10.822	0.000	127.338
1574.000	123.032	11.561	0.000	161.518
1576.000	122.921	10.500	0.000	157.845
1578.000	122.824	10.013	0.000	-170.811
1580.000	122.932	10.322	0.000	177.552
1582.000	123.043	9.544	0.000	150.828
1584.000	122.847	9.616	0.000	-151.064
1586.000	122.827	10.428	0.000	100.352
1588.000	123.042	9.514	0.000	173.830
1590.000	122.961	9.234	0.000	173.079
1592.000	122.766	9.662	0.000	111.906
1594.000	122.982	9.307	0.000	76.644
1596.000	122.992	8.788	0.000	-145.784
1598.000	122.869	8.556	0.000	134.505
1600.000	122.842	8.479	0.000	126.599
1602.000	122.977	10.557	0.000	139.296
1604.000	123.013	11.426	0.000	-179.726
1606.000	122.757	10.346	0.000	166.937
1608.000	122.944	9.423	0.000	116.994
1610.000	123.030	9.744	0.000	139.839
1612.000	122.845	9.453	0.000	177.703
1614.000	122.828	10.212	0.000	163.747
1616.000	123.015	9.467	0.000	-104.795
1618.000	122.942	10.789	0.000	-170.733
1620.000	122.813	10.587	0.000	145.434
1622.000	122.904	9.789	0.000	125.564
1624.000	123.015	8.904	0.000	172.724
1626.000	122.885	9.564	0.000	153.184
1628.000	122.782	11.502	0.000	135.423
1630.000	123.036	10.239	0.000	140.958
1632.000	122.948	9.232	0.000	130.192
1634.000	122.776	9.746	0.000	104.974
1636.000	122.940	10.601	0.000	68.422
1638.000	122.997	9.972	0.000	69.639
1640.000	122.849	9.517	0.000	167.464
1642.000	122.839	9.379	0.000	153.328
1644.000	122.966	10.347	0.000	-169.274
1646.000	122.987	9.868	0.000	-162.551
1648.000	122.752	9.792	0.000	-158.276
1650.000	122.941	9.776	0.000	-17.953
1652.000	123.021	10.054	0.000	88.943
1654.000	122.807	11.034	0.000	116.434
1656.000	122.850	10.489	0.000	96.238
1658.000	122.994	10.052	0.000	91.176
1660.000	122.922	10.592	0.000	5.372
1662.000	122.788	10.946	0.000	7.375
1664.000	122.933	11.266	0.000	26.133
1666.000	122.984	10.451	0.000	-2.657
1668.000	122.841	10.816	0.000	-40.399
1670.000	122.803	10.609	0.000	91.984
1672.000	123.058	10.247	0.000	84.062
1674.000	122.863	10.342	0.000	100.722
1676.000	122.798	9.714	0.000	112.294
1678.000	122.966	9.674	0.000	90.394
1680.000	122.945	9.913	0.000	85.256
1682.000	122.817	9.951	0.000	88.258
1684.000	122.856	10.125	0.000	60.980
1686.000	123.000	10.096	0.000	71.527
1688.000	122.879	10.082	0.000	125.623
1690.000	122.767	10.997	0.000	65.947
1692.000	123.006	12.059	0.000	71.862
1694.000	122.930	10.982	0.000	121.618
1696.000	122.771	9.954	0.000	-69.292
1698.000	122.924	9.594	0.000	-28.627
1700.000	122.964	9.664	0.000	-56.851
1702.000	122.838	9.987	0.000	-72.528
1704.000	122.816	10.165	0.000	-168.459
1706.000	122.989	9.439	0.000	42.426
1708.000	122.897	9.269	0.000	1.265
1710.000	122.777	10.250	0.000	-120.516
1712.000	122.928	10.454	0.000	-28.218
1714.000	122.997	9.343	0.000	-26.180
1716.000	122.740	10.243	0.000	-100.741
1718.000	122.922	9.907	0.000	-72.603
1720.000	122.945	10.601	0.000	-39.855
1722.000	122.863	11.044	0.000	-72.532
1724.000	122.793	10.334	0.000	-78.471
1726.000	122.966	9.789	0.000	-116.801
1728.000	122.928	10.067	0.000	-52.359
1730.000	122.755	9.732	0.000	-66.425
1732.000	122.918	9.944	0.000	-150.401
1734.000	122.979	9.780	0.000	-149.790
1736.000	122.767	10.587	0.000	-128.068
1738.000	122.871	11.226	0.000	-87.093
1740.000	122.965	10.307	0.000	-97.433
1742.000	122.849	10.173	0.000	-106.941
1744.000	122.793	10.482	0.000	-85.899
1746.000	122.944	10.999	0.000	-62.922
1748.000	122.930	10.694	0.000	-91.504
1750.000	122.756	10.247	0.000	-77.556
1752.000	122.897	10.711	0.000	-81.099
1754.000	122.981	10.874	0.000	-128.404
1756.000	122.761	10.033	0.000	-80.921
1758.000	122.864	9.951	0.000	-107.513
1760.000	122.965	10.623	0.000	-130.262
1762.000	122.833	10.157	0.000	-117.660
1764.000	122.802	8.956	0.000	-145.876
1766.000	122.923	9.462	0.000	-144.309
1768.000	122.945	9.897	0.000	-157.405
1770.000	122.726	9.663	0.000	-166.218
1772.000	122.927	10.742	0.000	-142.674
1774.000	122.943	10.854	0.000	-153.549
1776.000	122.771	11.873	0.000	-148.799
1778.000	122.848	10.687	0.000	-133.715
1780.000	122.967	9.861	0.000	-133.276
1782.000	122.813	9.679	0.000	-164.549
1784.000	122.802	9.759	0.000	-135.211
1786.000	122.930	11.269	0.000	-121.854
1788.000	122.908	11.385	0.000	-134.384
1790.000	122.734	11.007	0.000	-133.220
1792.000	122.928	11.567	0.000	-137.323
1794.000	122.932	11.245	0.000	-140.397
1796.000	122.743	10.807	0.000	-149.981
1798.000	122.884	9.877	0.000	-125.070
1800.000	122.934	9.022	0.000	-111.145
1802.000	122.801	9.026	0.000	-120.530
1804.000	122.805	9.161	0.000	-104.283
1806.000	122.944	10.645	0.000	-76.556
1808.000	122.868	11.533	0.000	-69.381
1810.000	122.735	12.587	0.000	-47.712
1812.000	122.964	15.638	0.000	-37.428
1814.000	122.871	16.528	0.000	-48.301
1816.000	122.752	20.162	0.000	-58.955
1818.000	122.898	23.326	0.000	-61.537
1820.000	122.916	26.045	0.000	-69.113
1822.000	122.769	28.948	0.000	-79.942
1824.000	122.834	32.848	0.000	-93.243
1826.000	122.944	35.772	0.000	-104.115
1828.000	122.806	37.702	0.000	-122.226
1830.000	122.772	40.708	0.000	-150.132
1832.000	122.971	43.262	0.000	-163.655
1834.000	122.816	43.390	0.000	176.741
1836.000	122.763	45.288	0.000	145.733
1838.000	122.938	46.298	0.000	133.564
1840.000	122.848	45.950	0.000	111.356
1842.000	122.776	46.178	0.000	92.734
1844.000	122.854	46.450	0.000	74.178
1846.000	122.944	46.925	0.000	65.766
1848.000	122.727	45.808	0.000	50.973
1850.000	122.862	47.319	0.000	34.499
1852.000	122.935	47.400	0.000	32.896
1854.000	122.761	46.998	0.000	15.372
1856.000	122.808	48.420	0.000	3.859
1858.000	122.941	48.964	0.000	-4.236
1860.000	122.792	49.129	0.000	-17.179
1862.000	122.786	49.758	0.000	-32.889
1864.000	122.901	50.851	0.000	-44.003
1866.000	122.872	50.670	0.000	-52.026
1868.000	122.714	50.633	0.000	-70.273
1870.000	122.933	52.086	0.000	-78.658
1872.000	122.864	51.848	0.000	-83.356
1874.000	122.735	52.399	0.000	-102.852
1876.000	122.881	54.092	0.000	-110.965
1878.000	122.887	53.872	0.000	-121.910
1880.000	122.756	54.377	0.000	-138.881
1882.000	122.825	54.748	0.000	-152.284
1884.000	122.921	55.781	0.000	-162.798
1886.000	122.769	55.038	0.000	-171.806
1888.000	122.786	56.398	0.000	165.935
1890.000	122.955	56.918	0.000	163.810
1892.000	122.757	56.026	0.000	143.684
1894.000	122.788	56.814	0.000	127.586
1896.000	122.910	56.748	0.000	115.942
1898.000	122.813	55.840	0.000	103.953
1900.000	122.755	55.240	0.000	88.248
1902.000	122.890	55.299	0.000	80.933
1904.000	122.859	54.698	0.000	76.584
1906.000	122.715	54.185	0.000	64.729
1908.000	122.901	55.725	0.000	57.230
1910.000	122.868	55.279	0.000	55.189
1912.000	122.720	55.312	0.000	36.086
1914.000	122.871	56.366	0.000	30.427
1916.000	122.868	55.949	0.000	21.873
1918.000	122.750	56.111	0.000	9.587
1920.000	122.814	56.690	0.000	-1.723
1922.000	122.906	57.598	0.000	-9.201
1924.000	122.748	57.066	0.000	-19.401
1926.000	122.793	58.515	0.000	-40.172
1928.000	122.927	58.976	0.000	-43.258
1930.000	122.739	57.919	0.000	-64.845
1932.000	122.794	58.651	0.000	-79.845
1934.000	122.895	58.095	0.000	-91.259
1936.000	122.781	57.267	0.000	-104.046
1938.000	122.762	56.693	0.000	-120.536
1940.000	122.885	56.789	0.000	-128.947
1942.000	122.820	55.581	0.000	-137.269
1944.000	122.717	54.890	0.000	-153.635
1946.000	122.915	55.424	0.000	-161.473
1948.000	122.803	54.018	0.000	-166.504
1950.000	122.735	53.515	0.000	174.162
1952.000	122.878	53.554	0.000	171.442
1954.000	122.823	52.063	0.000	161.262
1956.000	122.738	51.484	0.000	151.979
1958.000	122.836	51.079	0.000	142.457
1960.000	122.875	50.853	0.000	141.499
1962.000	122.701	49.329	0.000	131.161
1964.000	122.860	50.402	0.000	124.178
1966.000	122.857	49.496	0.000	124.260
1968.000	122.723	49.070	0.000	109.702
1970.000	122.823	49.531	0.000	104.163
1972.000	122.870	49.104	0.000	97.684
1974.000	122.726	48.386	0.000	87.476
1976.000	122.808	48.409	0.000	77.609
1978.000	122.869	48.291	0.000	73.845
1980.000	122.746	47.248	0.000	66.146
1982.000	122.771	47.680	0.000	53.551
1984.000	122.912	47.732	0.000	52.582
1986.000	122.711	46.298	0.000	39.261
1988.000	122.800	46.702	0.000	27.743
1990.000	122.863	45.665	0.000	23.474
1992.000	122.755	43.987	0.000	12.019
1994.000	122.759	42.395	0.000	6.162
1996.000	122.877	40.898	0.000	7.703
1998.000	122.766	39.302	0.000	21.680
2000.000	122.730	40.629	0.000	29.030
2002.000	122.912	42.679	0.000	39.568
2004.000	122.733	43.514	0.000	31.117
2006.000	122.762	45.658	0.000	23.877
2008.000	122.864	46.741	0.000	17.185
2010.000	122.771	47.329	0.000	8.655
2012.000	122.734	48.272	0.000	-5.496
2014.000	122.867	49.436	0.000	-12.450
2016.000	122.786	49.399	0.000	-22.092
2018.000	122.705	49.834	0.000	-39.072
2020.000	122.898	51.158	0.000	-47.216
2022.000	122.756	50.124	0.000	-56.097
2024.000	122.736	50.623	0.000	-75.505
2026.000	122.860	50.526	0.000	-79.408
2028.000	122.776	49.728	0.000	-92.163
2030.000	122.725	49.382	0.000	-101.630
2032.000	122.848	49.665	0.000	-111.040
2034.000	122.800	49.040	0.000	-113.454
2036.000	122.695	48.512	0.000	-128.309
2038.000	122.884	49.443	0.000	-129.969
2040.000	122.762	48.264	0.000	-135.293
2042.000	122.725	48.897	0.000	-147.688
2044.000	122.850	49.229	0.000	-151.198
2046.000	122.779	49.000	0.000	-160.231
2048.000	122.721	48.965	0.000	-172.102
2050.000	122.835	49.625	0.000	179.132
2052.000	122.802	48.973	0.000	173.748
2054.000	122.690	48.453	0.000	158.793
2056.000	122.872	49.100	0.000	153.589
2058.000	122.765	47.989	0.000	150.467
2060.000	122.720	48.123	0.000	137.122
2062.000	122.842	48.705	0.000	137.411
2064.000	122.775	48.431	0.000	128.389
2066.000	122.718	49.040	0.000	119.523
2068.000	122.825	49.983	0.000	107.392
2070.000	122.803	50.192	0.000	102.039
2072.000	122.681	49.925	0.000	79.188
2074.000	122.871	50.983	0.000	71.547
2076.000	122.754	49.302	0.000	58.416
2078.000	122.720	49.063	0.000	39.594
2080.000	122.833	48.459	0.000	30.002
2082.000	122.772	47.189	0.000	18.944
2084.000	122.710	45.860	0.000	3.771
2086.000	122.831	45.254	0.000	-4.790
2088.000	122.781	43.503	0.000	-11.098
2090.000	122.685	41.721	0.000	-23.829
2092.000	122.869	41.320	0.000	-26.348
2094.000	122.738	38.852	0.000	-25.626
2096.000	122.723	38.061	0.000	-30.860
2098.000	122.836	37.869	0.000	-22.136
2100.000	122.748	38.257	0.000	-23.971
2102.000	122.715	39.573	0.000	-30.656
2104.000	122.838	41.281	0.000	-41.514
2106.000	122.748	41.447	0.000	-52.062
2108.000	122.708	42.310	0.000	-80.874
2110.000	122.859	43.187	0.000	-92.875
2112.000	122.713	41.879	0.000	-120.093
2114.000	122.737	42.393	0.000	-148.547
2116.000	122.834	41.927	0.000	-172.244
2118.000	122.720	41.327	0.000	158.753
2120.000	122.734	41.364	0.000	125.049
2122.000	122.832	41.908	0.000	103.294
2124.000	122.718	41.343	0.000	78.394
2126.000	122.734	42.128	0.000	51.404
2128.000	122.843	42.808	0.000	38.467
2130.000	122.691	42.167	0.000	18.426
2132.000	122.762	43.586	0.000	1.002
2134.000	122.814	43.415	0.000	-8.429
2136.000	122.710	43.727	0.000	-25.519
2138.000	122.740	44.168	0.000	-40.099
2140.000	122.840	45.232	0.000	-49.941
2142.000	122.675	44.515	0.000	-64.876
2144.000	122.784	45.846	0.000	-82.343
2146.000	122.806	45.412	0.000	-88.770
2148.000	122.682	45.024	0.000	-109.388
2150.000	122.785	45.545	0.000	-120.118
2152.000	122.794	45.048	0.000	-131.376
2154.000	122.687	44.585	0.000	-146.671
2156.000	122.781	44.812	0.000	-159.931
2158.000	122.801	44.411	0.000	-167.727
2160.000	122.662	43.488	0.000	175.420
2162.000	122.824	44.095	0.000	164.140
2164.000	122.758	42.939	0.000	156.672
2166.000	122.688	42.439	0.000	136.792
2168.000	122.821	42.341	0.000	130.356
2170.000	122.739	40.779	0.000	117.769
2172.000	122.704	40.012	0.000	106.147
2174.000	122.813	39.493	0.000	96.626
2176.000	122.741	38.512	0.000	94.163
2178.000	122.700	38.004	0.000	79.548
2180.000	122.831	38.445	0.000	79.436
2182.000	122.704	37.185	0.000	67.763
2184.000	122.731	37.804	0.000	56.313
2186.000	122.808	37.482	0.000	47.751
2188.000	122.709	36.894	0.000	35.699
2190.000	122.723	36.873	0.000	20.293
2192.000	122.823	36.785	0.000	13.038
2194.000	122.681	35.511	0.000	-1.641
2196.000	122.750	35.508	0.000	-17.718
2198.000	122.814	34.951	0.000	-22.476
2200.000	122.657	33.334	0.000	-39.455
2202.000	122.797	33.563	0.000	-47.317
2204.000	122.763	32.259	0.000	-55.702
2206.000	122.689	31.717	0.000	-66.642
2208.000	122.775	31.519	0.000	-77.093
2210.000	122.782	31.138	0.000	-80.690
2212.000	122.660	30.343	0.000	-96.685
2214.000	122.817	31.097	0.000	-102.888
2216.000	122.727	29.808	0.000	-111.814
2218.000	122.690	29.847	0.000	-127.433
2220.000	122.813	29.350	0.000	-133.896
2222.000	122.706	28.481	0.000	-145.446
2224.000	122.707	28.082	0.000	-157.453
2226.000	122.810	28.156	0.000	-164.276
2228.000	122.689	26.587	0.000	-173.257
2230.000	122.727	26.141	0.000	175.176
2232.000	122.805	25.496	0.000	174.414
2234.000	122.665	24.387	0.000	165.147
2236.000	122.769	25.009	0.000	158.957
2238.000	122.760	23.951	0.000	156.321
2240.000	122.690	23.737	0.000	145.576
2242.000	122.752	23.535	0.000	139.419
2244.000	122.778	23.599	0.000	134.364
2246.000	122.657	22.371	0.000	119.723
2248.000	122.800	22.881	0.000	114.743
2250.000	122.727	21.721	0.000	107.912
2252.000	122.686	20.944	0.000	92.566
2254.000	122.795	19.378	0.000	84.159
2256.000	122.709	17.759	0.000	72.625
2258.000	122.696	16.393	0.000	62.654
2260.000	122.807	15.520	0.000	61.967
2262.000	122.677	12.992	0.000	62.046
2264.000	122.726	11.829	0.000	68.448
2266.000	122.802	10.665	0.000	69.277
2268.000	122.648	10.328	0.000	90.347
2270.000	122.784	11.201	0.000	103.423
2272.000	122.739	12.096	0.000	124.149
2274.000	122.681	11.742	0.000	100.711
2276.000	122.774	10.965	0.000	98.956
2278.000	122.736	10.677	0.000	82.778
2280.000	122.673	10.842	0.000	51.772
2282.000	122.797	11.583	0.000	27.758
2284.000	122.697	13.659	0.000	-23.398
2286.000	122.710	15.710	0.000	-48.211
2288.000	122.777	17.353	0.000	-75.447
2290.000	122.693	19.217	0.000	-93.937
2292.000	122.714	21.074	0.000	-118.279
2294.000	122.788	22.488	0.000	-128.632
2296.000	122.658	23.328	0.000	-148.460
2298.000	122.758	25.197	0.000	-163.287
2300.000	122.758	25.517	0.000	-169.942
2302.000	122.659	26.040	0.000	169.223
2304.000	122.783	26.667	0.000	164.956
2306.000	122.715	26.433	0.000	153.524
2308.000	122.681	26.614	0.000	142.418
2310.000	122.786	27.608	0.000	133.211
2312.000	122.692	27.300	0.000	128.233
2314.000	122.707	28.077	0.000	117.150
2316.000	122.785	28.465	0.000	116.459
2318.000	122.666	28.553	0.000	103.171
2320.000	122.740	29.511	0.000	96.143
2322.000	122.758	29.667	0.000	88.368
2324.000	122.666	29.798	0.000	77.353
2326.000	122.757	30.373	0.000	67.690
2328.000	122.744	30.035	0.000	61.084
2330.000	122.652	29.861	0.000	47.204
2332.000	122.808	30.377	0.000	40.515
2334.000	122.675	29.113	0.000	31.905
2336.000	122.713	29.340	0.000	22.018
2338.000	122.771	28.968	0.000	18.021
2340.000	122.671	28.373	0.000	10.002
2342.000	122.729	28.009	0.000	3.876
2344.000	122.766	27.734	0.000	1.562
2346.000	122.648	26.790	0.000	-6.926
2348.000	122.783	27.626	0.000	-11.100
2350.000	122.707	26.451	0.000	-13.743
2352.000	122.684	26.841	0.000	-20.674
2354.000	122.772	26.535	0.000	-21.695
2356.000	122.691	26.371	0.000	-27.018
2358.000	122.698	26.593	0.000	-31.460
2360.000	122.779	26.760	0.000	-32.664
2362.000	122.658	26.469	0.000	-38.575
2364.000	122.743	27.180	0.000	-44.651
2366.000	122.749	27.049	0.000	-45.680
2368.000	122.653	27.097	0.000	-56.579
2370.000	122.781	27.812	0.000	-57.097
2372.000	122.697	27.642	0.000	-65.058
2374.000	122.684	27.988	0.000	-72.477
2376.000	122.786	28.830	0.000	-79.314
2378.000	122.660	28.513	0.000	-87.454
2380.000	122.735	29.416	0.000	-100.753
2382.000	122.749	29.211	0.000	-104.370
2384.000	122.661	28.852	0.000	-120.036
2386.000	122.759	28.881	0.000	-127.304
2388.000	122.715	28.416	0.000	-139.139
2390.000	122.678	28.009	0.000	-151.929
2392.000	122.765	27.988	0.000	-161.625
2394.000	122.696	26.841	0.000	-171.936
2396.000	122.691	26.020	0.000	171.262
2398.000	122.781	25.363	0.000	165.526
2400.000	122.645	23.783	0.000	152.184
2402.000	122.755	23.285	0.000	136.654
2404.000	122.728	21.013	0.000	123.630
2406.000	122.662	18.604	0.000	106.533
2408.000	122.773	15.920	0.000	82.819
2410.000	122.693	13.449	0.000	54.135
2412.000	122.690	11.854	0.000	-11.101
2414.000	122.773	12.330	0.000	-58.804
2416.000	122.659	14.421	0.000	-98.315
2418.000	122.738	15.868	0.000	-120.309
2420.000	122.734	17.114	0.000	-131.961
2422.000	122.667	17.125	0.000	-138.521
2424.000	122.754	17.424	0.000	-146.223
2426.000	122.714	17.525	0.000	-156.366
2428.000	122.665	17.658	0.000	-167.111
2430.000	122.795	17.772	0.000	-169.213
2432.000	122.649	16.771	0.000	177.430
2434.000	122.740	17.598	0.000	172.847
2436.000	122.740	16.948	0.000	170.519
2438.000	122.655	16.221	0.000	171.414
2440.000	122.768	17.070	0.000	167.170
2442.000	122.700	16.369	0.000	162.687
2444.000	122.681	16.694	0.000	150.355
2446.000	122.775	16.349	0.000	153.050
2448.000	122.658	15.789	0.000	155.562
2450.000	122.735	15.507	0.000	149.365
2452.000	122.733	15.049	0.000	140.280
2454.000	122.668	15.169	0.000	143.009
2456.000	122.751	14.972	0.000	136.990
2458.000	122.710	14.934	0.000	130.277
2460.000	122.673	15.227	0.000	125.486
2462.000	122.781	14.979	0.000	129.216
2464.000	122.652	14.051	0.000	124.216
2466.000	122.741	14.467	0.000	123.135
2468.000	122.725	13.913	0.000	121.063
2470.000	122.671	13.830	0.000	116.822
2472.000	122.755	14.769	0.000	118.167
2474.000	122.697	14.975	0.000	114.349
2476.000	122.699	14.786	0.000	105.390
2478.000	122.756	14.681	0.000	106.666
2480.000	122.668	13.437	0.000	100.027
2482.000	122.733	13.191	0.000	101.352
2484.000	122.729	12.562	0.000	99.994
2486.000	122.669	13.075	0.000	93.313
2488.000	122.760	13.318	0.000	80.587
2490.000	122.688	13.355	0.000	77.140
2492.000	122.702	13.386	0.000	68.910
2494.000	122.760	12.709	0.000	80.887
2496.000	122.654	11.858	0.000	77.021
2498.000	122.759	13.084	0.000	84.059
2500.000	122.702	12.734	0.000	65.415
2502.000	122.684	13.014	0.000	60.954
2504.000	122.764	12.955	0.000	67.181
2506.000	122.672	12.580	0.000	45.535
2508.000	122.724	12.550	0.000	50.145
2510.000	122.743	12.330	0.000	63.640
2512.000	122.661	12.286	0.000	60.180
2514.000	122.760	12.529	0.000	49.247
2516.000	122.698	11.400	0.000	41.922
2518.000	122.687	11.863	0.000	52.488
2520.000	122.773	11.509	0.000	47.426
2522.000	122.649	11.299	0.000	21.185
2524.000	122.758	11.155	0.000	23.911
2526.000	122.704	11.179	0.000	19.051
2528.000	122.698	10.717	0.000	12.695
2530.000	122.746	10.901	0.000	21.423
2532.000	122.691	9.950	0.000	10.387
2534.000	122.712	9.293	0.000	13.988
2536.000	122.749	8.726	0.000	9.259
2538.000	122.663	10.526	0.000	-28.699
2540.000	122.763	11.198	0.000	-32.678
2542.000	122.691	10.905	0.000	-13.254
2544.000	122.703	10.265	0.000	9.875
2546.000	122.755	10.050	0.000	-26.954
2548.000	122.663	9.674	0.000	-28.819
2550.000	122.750	10.086	0.000	-31.547
2552.000	122.714	10.094	0.000	-41.803
2554.000	122.682	9.700	0.000	-50.139
2556.000	122.769	10.707	0.000	-47.398
2558.000	122.668	9.827	0.000	-39.875
2560.000	122.736	10.584	0.000	-39.927
2562.000	122.729	11.001	0.000	-79.810
2564.000	122.674	9.815	0.000	-108.080
2566.000	122.762	8.731	0.000	-91.412
2568.000	122.685	9.403	0.000	-88.730
2570.000	122.717	10.378	0.000	-99.805
2572.000	122.752	10.492	0.000	-99.367
2574.000	122.664	9.292	0.000	-98.630
2576.000	122.762	8.819	0.000	-82.444
2578.000	122.693	8.993	0.000	-90.909
2580.000	122.705	10.432	0.000	-74.190
2582.000	122.753	10.369	0.000	-97.623
2584.000	122.671	9.850	0.000	-139.287
2586.000	122.753	9.151	0.000	-144.340
2588.000	122.709	8.947	0.000	-152.813
2590.000	122.694	8.618	0.000	-151.961
2592.000	122.761	10.127	0.000	-121.340
2594.000	122.673	10.429	0.000	-126.923
2596.000	122.742	8.997	0.000	-149.449
2598.000	122.726	8.871	0.000	-153.206
2600.000	122.686	9.450	0.000	-147.785
2602.000	122.763	9.601	0.000	-147.741
2604.000	122.680	8.762	0.000	-133.363
2606.000	122.737	8.130	0.000	-153.202
2608.000	122.729	10.396	0.000	-136.091
2610.000	122.683	11.190	0.000	-134.010
2612.000	122.761	11.044	0.000	-140.408
2614.000	122.695	10.965	0.000	-134.602
2616.000	122.712	9.639	0.000	-133.885
2618.000	122.759	10.135	0.000	-116.872
2620.000	122.662	9.551	0.000	-153.742
2622.000	122.777	8.899	0.000	-174.641
2624.000	122.685	9.950	0.000	169.714
2626.000	122.721	8.513	0.000	-157.062
2628.000	122.752	8.339	0.000	157.704
2630.000	122.673	8.935	0.000	154.166
2632.000	122.762	8.799	0.000	179.278
2634.000	122.705	8.534	0.000	129.815
2636.000	122.706	8.440	0.000	122.571
2638.000	122.762	8.848	0.000	157.186
2640.000	122.667	8.581	0.000	152.431
2642.000	122.767	9.972	0.000	158.815
2644.000	122.700	10.111	0.000	164.378
2646.000	122.713	10.100	0.000	169.063
2648.000	122.760	9.537	0.000	173.154
2650.000	122.679	8.740	0.000	92.268
2652.000	122.753	9.788	0.000	-177.664
2654.000	122.715	9.541	0.000	-167.663
2656.000	122.701	10.131	0.000	100.399
2658.000	122.769	10.674	0.000	125.452
2660.000	122.667	8.693	0.000	164.284
2662.000	122.769	8.075	0.000	144.329
2664.000	122.706	9.626	0.000	-173.716
2666.000	122.711	10.096	0.000	139.016
2668.000	122.756	10.084	0.000	123.068
2670.000	122.686	9.670	0.000	150.985
2672.000	122.750	10.556	0.000	154.532
2674.000	122.720	9.316	0.000	126.989
2676.000	122.704	9.200	0.000	122.952
2678.000	122.770	10.548	0.000	107.480
2680.000	122.671	9.483	0.000	133.726
2682.000	122.768	9.881	0.000	163.129
2684.000	122.714	10.066	0.000	-128.472
2686.000	122.703	7.967	0.000	-170.423
2688.000	122.782	9.872	0.000	-176.351
2690.000	122.664	10.193	0.000	-174.966
2692.000	122.780	10.031	0.000	152.388
2694.000	122.697	9.212	0.000	117.175
2696.000	122.732	8.701	0.000	135.023
2698.000	122.741	8.480	0.000	116.205
2700.000	122.702	8.745	0.000	120.962
2702.000	122.750	9.570	0.000	126.799
2704.000	122.722	10.166	0.000	100.978
2706.000	122.709	9.346	0.000	97.872
2708.000	122.772	8.883	0.000	111.576
2710.000	122.674	9.873	0.000	132.683
2712.000	122.778	9.451	0.000	132.865
2714.000	122.697	8.484	0.000	144.657
2716.000	122.736	10.373	0.000	111.340
2718.000	122.749	10.428	0.000	122.939
2720.000	122.690	9.371	0.000	114.154
2722.000	122.772	9.633	0.000	102.626
2724.000	122.707	9.745	0.000	75.857
2726.000	122.727	10.584	0.000	90.654
2728.000	122.759	10.524	0.000	113.278
2730.000	122.682	9.594	0.000	91.742
2732.000	122.784	10.702	0.000	82.744
2734.000	122.683	10.370	0.000	92.673
2736.000	122.763	9.799	0.000	92.629
2738.000	122.723	9.876	0.000	78.823
2740.000	122.720	9.871	0.000	65.404
2742.000	122.756	10.202	0.000	44.742
2744.000	122.702	11.020	0.000	53.574
2746.000	122.751	11.624	0.000	59.343
2748.000	122.734	10.875	0.000	45.458
2750.000	122.710	10.472	0.000	40.680
2752.000	122.769	9.163	0.000	13.468
2754.000	122.693	9.654	0.000	52.216
2756.000	122.763	9.059	0.000	41.421
2758.000	122.722	8.652	0.000	-23.377
2760.000	122.715	8.707	0.000	-0.144
2762.000	122.775	9.738	0.000	23.587
2764.000	122.684	9.536	0.000	-61.382
2766.000	122.782	9.225	0.000	-67.143
2768.000	122.693	8.971	0.000	23.576
2770.000	122.760	9.182	0.000	-19.127
2772.000	122.735	8.758	0.000	-46.315
2774.000	122.712	8.842	0.000	-26.651
2776.000	122.772	9.224	0.000	21.236
2778.000	122.702	9.951	0.000	-170.115
2780.000	122.755	9.788	0.000	-166.935
2782.000	122.740	10.090	0.000	-90.087
2784.000	122.707	10.072	0.000	-106.698
2786.000	122.779	8.999	0.000	-89.665
2788.000	122.688	8.495	0.000	-94.020
2790.000	122.775	10.566	0.000	-105.572
2792.000	122.712	10.831	0.000	-114.383
2794.000	122.743	9.850	0.000	-136.889
2796.000	122.750	8.689	0.000	-145.727
2798.000	122.720	9.870	0.000	-120.368
2800.000	122.752	9.560	0.000	-116.459
2802.000	122.730	9.391	0.000	-77.267
2804.000	122.731	8.987	0.000	-25.677
2806.000	122.761	8.374	0.000	-116.370
2808.000	122.696	9.534	0.000	-148.057
2810.000	122.790	9.338	0.000	-138.485
2812.000	122.692	8.518	0.000	-138.665
2814.000	122.767	8.355	0.000	-95.578
2816.000	122.729	8.960	0.000	172.987
2818.000	122.722	9.286	0.000	151.848
2820.000	122.777	8.341	0.000	-46.522
2822.000	122.691	8.363	0.000	-94.622
2824.000	122.786	8.836	0.000	-112.329
2826.000	122.698	8.326	0.000	-160.840
2828.000	122.771	9.325	0.000	-174.767
2830.000	122.729	9.565	0.000	-167.138
2832.000	122.731	9.383	0.000	-151.372
2834.000	122.762	8.544	0.000	164.975
2836.000	122.720	9.605	0.000	177.359
2838.000	122.758	9.784	0.000	162.995
2840.000	122.739	8.853	0.000	-141.927
2842.000	122.723	8.204	0.000	-158.647
2844.000	122.773	8.564	0.000	-111.663
2846.000	122.701	9.701	0.000	171.593
2848.000	122.780	9.962	0.000	-178.474
2850.000	122.712	8.993	0.000	167.543
2852.000	122.753	9.597	0.000	156.592
2854.000	122.754	9.777	0.000	116.657
2856.000	122.718	9.667	0.000	125.902
2858.000	122.776	9.805	0.000	144.860
2860.000	122.701	9.314	0.000	168.221
2862.000	122.780	9.046	0.000	-168.372
2864.000	122.716	8.957	0.000	-136.739
2866.000	122.760	9.127	0.000	-167.570
2868.000	122.740	8.846	0.000	158.029
2870.000	122.733	7.971	0.000	160.673
2872.000	122.765	8.001	0.000	152.355
2874.000	122.721	7.485	0.000	131.545
2876.000	122.757	8.258	0.000	160.399
2878.000	122.742	7.949	0.000	154.880
2880.000	122.733	9.866	0.000	126.902
2882.000	122.769	10.496	0.000	144.002
2884.000	122.719	8.860	0.000	176.134
2886.000	122.760	8.685	0.000	162.140
2888.000	122.743	9.583	0.000	155.753
2890.000	122.734	9.737	0.000	160.601
2892.000	122.776	8.172	0.000	139.845
2894.000	122.704	8.645	0.000	143.740
2896.000	122.794	8.479	0.000	130.757
2898.000	122.696	9.015	0.000	158.669
2900.000	122.792	10.623	0.000	-168.941
2902.000	122.713	10.116	0.000	-158.033
2904.000	122.758	9.139	0.000	79.785
2906.000	122.757	8.812	0.000	114.026
2908.000	122.716	9.599	0.000	154.918
2910.000	122.795	10.125	0.000	-165.853
2912.000	122.690	8.908	0.000	125.868
2914.000	122.798	8.969	0.000	84.147
2916.000	122.710	9.265	0.000	143.632
2918.000	122.766	9.746	0.000	165.903
2920.000	122.747	9.728	0.000	172.777
2922.000	122.730	8.881	0.000	164.039
2924.000	122.775	7.958	0.000	163.681
2926.000	122.718	9.410	0.000	159.784
2928.000	122.777	9.335	0.000	158.882
2930.000	122.720	9.020	0.000	160.612
2932.000	122.763	9.917	0.000	165.653
2934.000	122.744	9.844	0.000	158.646
2936.000	122.743	10.988	0.000	138.045
2938.000	122.766	11.203	0.000	143.408
2940.000	122.725	12.462	0.000	144.777
2942.000	122.766	13.229	0.000	143.859
2944.000	122.737	12.365	0.000	140.622
2946.000	122.751	13.112	0.000	137.385
2948.000	122.756	13.491	0.000	122.335
2950.000	122.730	14.485	0.000	114.263
2952.000	122.771	15.225	0.000	111.587
2954.000	122.730	15.731	0.000	100.989
2956.000	122.762	16.276	0.000	90.286
2958.000	122.744	15.749	0.000	81.290
2960.000	122.740	17.348	0.000	70.112
2962.000	122.769	17.808	0.000	59.961
2964.000	122.725	18.094	0.000	47.012
2966.000	122.779	18.587	0.000	41.011
2968.000	122.722	18.918	0.000	24.557
2970.000	122.770	19.610	0.000	13.657
2972.000	122.739	19.994	0.000	3.401
2974.000	122.754	20.592	0.000	-2.725
2976.000	122.756	20.983	0.000	-14.083
2978.000	122.733	21.918	0.000	-25.743
2980.000	122.772	22.017	0.000	-36.497
2982.000	122.722	22.818	0.000	-50.815
2984.000	122.778	23.619	0.000	-57.751
2986.000	122.729	23.233	0.000	-69.558
2988.000	122.755	24.144	0.000	-80.545
2990.000	122.755	24.294	0.000	-87.695
2992.000	122.737	25.105	0.000	-98.735
2994.000	122.774	25.240	0.000	-107.407
2996.000	122.727	25.852	0.000	-118.013
2998.000	122.767	25.921	0.000	-125.492
3000.000	122.734	26.797	0.000	-136.415
3002.000	122.760	27.472	0.000	-145.702
3004.000	122.752	27.933	0.000	-153.564
3006.000	122.746	28.642	0.000	-164.495
3008.000	122.759	28.692	0.000	-174.471
3010.000	122.733	29.700	0.000	174.289
3012.000	122.770	29.988	0.000	163.908
3014.000	122.733	30.608	0.000	151.252
3016.000	122.764	31.142	0.000	140.207
3018.000	122.744	31.334	0.000	128.913
3020.000	122.744	31.946	0.000	116.117
3022.000	122.771	32.070	0.000	105.653
3024.000	122.729	32.458	0.000	92.546
3026.000	122.784	32.485	0.000	80.347
3028.000	122.712	32.428	0.000	66.286
3030.000	122.785	32.578	0.000	56.162
3032.000	122.725	32.314	0.000	42.557
3034.000	122.769	32.490	0.000	32.092
3036.000	122.746	32.108	0.000	19.554
3038.000	122.746	32.003	0.000	7.985
3040.000	122.757	31.607	0.000	-3.080
3042.000	122.738	30.940	0.000	-14.665
3044.000	122.766	30.772	0.000	-24.139
3046.000	122.739	30.429	0.000	-36.177
3048.000	122.765	30.092	0.000	-44.260
3050.000	122.734	29.088	0.000	-55.502
3052.000	122.763	28.878	0.000	-62.786
3054.000	122.743	27.915	0.000	-70.593
3056.000	122.759	27.793	0.000	-79.394
3058.000	122.749	26.985	0.000	-86.042
3060.000	122.754	26.767	0.000	-97.932
3062.000	122.748	25.836	0.000	-101.795
3064.000	122.748	25.098	0.000	-108.248
3066.000	122.763	24.335	0.000	-114.545
3068.000	122.735	23.532	0.000	-120.228
3070.000	122.769	22.549	0.000	-123.908
3072.000	122.726	21.644	0.000	-122.561
3074.000	122.774	21.440	0.000	-123.414
3076.000	122.733	21.490	0.000	-121.448
3078.000	122.767	22.129	0.000	-123.930
3080.000	122.750	21.939	0.000	-122.872
3082.000	122.731	22.516	0.000	-127.932
3084.000	122.782	23.128	0.000	-129.540
3086.000	122.709	23.017	0.000	-131.840
3088.000	122.797	23.172	0.000	-135.507
3090.000	122.716	22.944	0.000	-141.478
3092.000	122.767	23.793	0.000	-147.703
3094.000	122.748	24.023	0.000	-152.116
3096.000	122.729	24.599	0.000	-158.268
3098.000	122.785	24.814	0.000	-161.169
3100.000	122.714	25.646	0.000	-166.781
3102.000	122.784	25.968	0.000	-170.559
3104.000	122.728	26.235	0.000	-178.461
3106.000	122.750	26.775	0.000	174.573
3108.000	122.769	27.063	0.000	169.419
3110.000	122.723	27.585	0.000	160.845
3112.000	122.787	27.855	0.000	155.666
3114.000	122.723	28.023	0.000	145.111
3116.000	122.764	27.898	0.000	139.260
3118.000	122.741	27.964	0.000	129.022
3120.000	122.752	27.894	0.000	122.813
3122.000	122.751	28.086	0.000	116.042
3124.000	122.758	27.857	0.000	109.592
3126.000	122.728	27.402	0.000	102.697
3128.000	122.780	27.649	0.000	97.916
3130.000	122.711	27.173	0.000	93.088
3132.000	122.786	27.309	0.000	87.932
3134.000	122.731	27.183	0.000	86.182
3136.000	122.746	27.461	0.000	81.112
3138.000	122.777	28.054	0.000	79.248
3140.000	122.694	28.374	0.000	73.731
3142.000	122.815	29.415	0.000	69.691
3144.000	122.688	29.289	0.000	60.650
3146.000	122.799	30.201	0.000	55.349
3148.000	122.723	30.423	0.000	45.772
3150.000	122.747	31.141	0.000	38.264
3152.000	122.766	31.373	0.000	31.002
3154.000	122.717	31.995	0.000	21.809
3156.000	122.778	32.161	0.000	15.295
3158.000	122.737	32.540	0.000	3.892
3160.000	122.747	32.517	0.000	-4.915
3162.000	122.761	32.960	0.000	-15.537
3164.000	122.731	33.078	0.000	-24.979
3166.000	122.759	33.217	0.000	-35.225
3168.000	122.750	33.393	0.000	-44.716
3170.000	122.734	33.120	0.000	-54.753
3172.000	122.779	33.248	0.000	-64.313
3174.000	122.714	32.647	0.000	-74.211
3176.000	122.766	33.052	0.000	-84.988
3178.000	122.742	32.404	0.000	-92.655
3180.000	122.728	32.208	0.000	-102.984
3182.000	122.788	31.679	0.000	-111.805
3184.000	122.705	31.195	0.000	-120.075
3186.000	122.782	30.953	0.000	-127.096
3188.000	122.721	30.283	0.000	-132.931
3190.000	122.747	30.177	0.000	-141.456
3192.000	122.758	29.560	0.000	-145.489
3194.000	122.735	29.914	0.000	-152.435
3196.000	122.759	29.744	0.000	-158.054
3198.000	122.745	29.882	0.000	-165.799
3200.000	122.734	29.598	0.000	-172.566
3202.000	122.753	29.574	0.000	179.008
3204.000	122.742	29.460	0.000	173.419
3206.000	122.728	29.369	0.000	162.989
3208.000	122.791	29.375	0.000	156.351
3210.000	122.688	28.674	0.000	147.468
3212.000	122.804	28.476	0.000	141.162
3214.000	122.695	27.790	0.000	132.332
3216.000	122.765	27.585	0.000	126.038
3218.000	122.751	26.840	0.000	118.663
3220.000	122.718	26.959	0.000	110.894
3222.000	122.785	26.251	0.000	107.575
3224.000	122.716	26.198	0.000	99.246
3226.000	122.753	25.845	0.000	94.829
3228.000	122.744	25.484	0.000	86.521
3230.000	122.730	25.076	0.000	83.403
3232.000	122.747	24.906	0.000	76.079
3234.000	122.763	24.424	0.000	71.934
3236.000	122.710	24.248	0.000	64.221
3238.000	122.786	23.975	0.000	59.205
3240.000	122.702	23.653	0.000	51.930
3242.000	122.753	23.327	0.000	47.006
3244.000	122.756	23.387	0.000	40.925
3246.000	122.710	23.156	0.000	36.474
3248.000	122.789	22.708	0.000	32.357
3250.000	122.708	22.704	0.000	28.738
3252.000	122.756	22.677	0.000	21.747
3254.000	122.745	22.906	0.000	15.737
3256.000	122.723	22.479	0.000	7.092
3258.000	122.744	22.658	0.000	-4.141
3260.000	122.760	21.864	0.000	-9.547
3262.000	122.702	21.948	0.000	-18.298
3264.000	122.798	21.909	0.000	-24.576
3266.000	122.687	20.512	0.000	-32.098
3268.000	122.770	20.731	0.000	-42.682
3270.000	122.727	19.140	0.000	-46.933
3272.000	122.725	17.772	0.000	-50.747
3274.000	122.760	16.772	0.000	-54.645
3276.000	122.730	16.825	0.000	-58.355
3278.000	122.740	16.852	0.000	-56.131
3280.000	122.748	16.394	0.000	-59.721
3282.000	122.730	16.901	0.000	-57.070
3284.000	122.724	17.636	0.000	-59.351
3286.000	122.761	17.548	0.000	-59.838
3288.000	122.706	18.268	0.000	-64.011
3290.000	122.762	18.627	0.000	-66.308
3292.000	122.738	19.048	0.000	-75.818
3294.000	122.725	19.791	0.000	-81.883
3296.000	122.755	19.772	0.000	-92.855
3298.000	122.725	20.079	0.000	-103.969
3300.000	122.713	20.132	0.000	-114.812
3302.000	122.776	20.436	0.000	-119.177
3304.000	122.689	19.974	0.000	-127.239
3306.000	122.772	20.224	0.000	-137.984
3308.000	122.736	19.935	0.000	-145.365
3310.000	122.705	20.078	0.000	-155.161
3312.000	122.776	19.516	0.000	-166.639
3314.000	122.695	19.977	0.000	-177.290
3316.000	122.743	19.981	0.000	179.986
3318.000	122.735	19.055	0.000	169.306
3320.000	122.737	19.663	0.000	159.429
3322.000	122.719	19.376	0.000	150.484
3324.000	122.781	19.824	0.000	142.813
3326.000	122.671	18.881	0.000	129.377
3328.000	122.785	19.411	0.000	120.555
3330.000	122.693	18.805	0.000	108.655
3332.000	122.731	18.820	0.000	94.142
3334.000	122.746	18.411	0.000	84.078
3336.000	122.730	17.830	0.000	71.340
3338.000	122.716	17.611	0.000	56.767
3340.000	122.772	16.981	0.000	45.508
3342.000	122.690	15.925	0.000	33.759
3344.000	122.744	15.595	0.000	10.043
3346.000	122.736	14.719	0.000	-6.011
3348.000	122.694	14.606	0.000	-23.695
3350.000	122.766	13.545	0.000	-34.488
3352.000	122.710	13.445	0.000	-54.652
3354.000	122.736	13.354	0.000	-68.042
3356.000	122.731	12.753	0.000	-79.865
3358.000	122.739	12.316	0.000	-108.865
3360.000	122.693	11.667	0.000	-126.628
3362.000	122.759	10.944	0.000	-124.208
3364.000	122.700	10.348	0.000	-157.654
3366.000	122.723	11.345	0.000	-174.985
3368.000	122.750	11.165	0.000	173.188
3370.000	122.719	11.125	0.000	163.570
3372.000	122.716	10.624	0.000	157.857
3374.000	122.774	10.612	0.000	155.277
3376.000	122.663	10.478	0.000	144.680
3378.000	122.760	10.925	0.000	123.120
3380.000	122.719	9.898	0.000	93.117
3382.000	122.688	10.172	0.000	93.758
3384.000	122.759	8.742	0.000	88.044
3386.000	122.725	7.987	0.000	63.207
3388.000	122.696	9.047	0.000	15.288
3390.000	122.772	8.783	0.000	14.491
3392.000	122.702	8.084	0.000	18.356
3394.000	122.696	9.303	0.000	14.967
3396.000	122.770	9.720	0.000	-59.015
3398.000	122.665	9.525	0.000	-67.107
3400.000	122.741	9.688	0.000	-135.697
3402.000	122.737	9.528	0.000	-162.808
3404.000	122.701	9.310	0.000	-170.780
3406.000	122.724	11.228	0.000	-166.800
3408.000	122.761	11.060	0.000	-177.130
3410.000	122.665	11.710	0.000	158.269
3412.000	122.750	13.523	0.000	150.539
3414.000	122.718	14.543	0.000	139.157
3416.000	122.683	14.700	0.000	121.762
3418.000	122.734	14.047	0.000	106.443
3420.000	122.741	14.533	0.000	92.718
3422.000	122.669	13.786	0.000	78.106
3424.000	122.775	14.115	0.000	68.896
3426.000	122.700	14.705	0.000	60.241
3428.000	122.704	15.270	0.000	47.621
3430.000	122.737	15.177	0.000	32.836
3432.000	122.704	14.357	0.000	19.954
3434.000	122.685	13.828	0.000	17.173
3436.000	122.743	14.258	0.000	-3.549
3438.000	122.706	14.088	0.000	-14.398
3440.000	122.690	13.815	0.000	-27.840
3442.000	122.752	12.970	0.000	-47.227
3444.000	122.715	12.511	0.000	-67.730
3446.000	122.680	12.609	0.000	-74.335
3448.000	122.770	12.147	0.000	-82.787
3450.000	122.685	11.347	0.000	-95.512
3452.000	122.674	10.430	0.000	-120.140
3454.000	122.768	9.808	0.000	-145.381
3456.000	122.659	10.702	0.000	-161.672
3458.000	122.713	10.786	0.000	-172.171
3460.000	122.740	10.644	0.000	147.052
3462.000	122.705	10.550	0.000	137.937
3464.000	122.681	10.348	0.000	126.657
3466.000	122.789	10.297	0.000	91.204
3468.000	122.637	9.333	0.000	54.387
3470.000	122.734	8.590	0.000	53.412
3472.000	122.718	8.739	0.000	35.187
3474.000	122.677	10.215	0.000	17.512
3476.000	122.694	10.039	0.000	-10.397
3478.000	122.744	9.336	0.000	-38.190
3480.000	122.666	9.728	0.000	-36.252
3482.000	122.721	10.488	0.000	-39.231
3484.000	122.725	10.954	0.000	-41.981
3486.000	122.711	11.356	0.000	-63.676
3488.000	122.669	11.608	0.000	-71.268
3490.000	122.764	11.524	0.000	-85.420
3492.000	122.660	10.249	0.000	-88.648
3494.000	122.693	11.001	0.000	-78.901
3496.000	122.726	11.876	0.000	-87.535
3498.000	122.684	12.234	0.000	-101.060
3500.000	122.678	13.402	0.000	-113.536
3502.000	122.740	14.462	0.000	-117.252
3504.000	122.691	14.902	0.000	-127.741
3506.000	122.689	15.245	0.000	-145.410
3508.000	122.729	15.464	0.000	-149.154
3510.000	122.716	16.246	0.000	-156.813
3512.000	122.654	16.153	0.000	-167.217
3514.000	122.735	16.026	0.000	178.527
3516.000	122.697	16.869	0.000	166.700
3518.000	122.641	17.136	0.000	153.191
3520.000	122.736	16.805	0.000	151.011
3522.000	122.700	16.953	0.000	134.971
3524.000	122.652	16.169	0.000	130.535
3526.000	122.732	15.078	0.000	116.134
3528.000	122.724	15.048	0.000	105.604
3530.000	122.648	15.058	0.000	93.527
3532.000	122.732	15.464	0.000	87.075
3534.000	122.731	15.111	0.000	81.442
3536.000	122.630	12.688	0.000	81.201
3538.000	122.727	11.842	0.000	76.123
3540.000	122.711	10.242	0.000	71.777
3542.000	122.632	11.072	0.000	84.073
3544.000	122.708	11.924	0.000	82.781
3546.000	122.706	11.186	0.000	76.765
3548.000	122.672	11.259	0.000	72.765
3550.000	122.677	12.736	0.000	73.541
3552.000	122.735	12.450	0.000	72.107
3554.000	122.688	13.319	0.000	69.403
3556.000	122.664	13.461	0.000	60.261
3558.000	122.735	13.415	0.000	46.056
3560.000	122.705	13.523	0.000	36.901
3562.000	122.623	14.230	0.000	36.677
3564.000	122.739	14.081	0.000	29.446
3566.000	122.683	14.838	0.000	8.561
3568.000	122.637	15.417	0.000	8.769
3570.000	122.695	14.868	0.000	-5.035
3572.000	122.724	14.219	0.000	-10.699
3574.000	122.626	14.221	0.000	-16.820
3576.000	122.696	13.846	0.000	-31.404
3578.000	122.742	13.607	0.000	-39.737
3580.000	122.653	13.225	0.000	-50.898
3582.000	122.667	14.288	0.000	-56.441
3584.000	122.771	14.186	0.000	-65.520
3586.000	122.639	13.997	0.000	-74.376
3588.000	122.666	14.213	0.000	-82.609
3590.000	122.717	13.304	0.000	-81.161
3592.000	122.686	12.808	0.000	-85.366
3594.000	122.609	12.256	0.000	-94.026
3596.000	122.720	12.542	0.000	-92.316
3598.000	122.690	13.027	0.000	-98.498
3600.000	122.617	12.561	0.000	-104.471
3602.000	122.697	12.443	0.000	-111.510
3604.000	122.729	13.528	0.000	-120.296
3606.000	122.624	14.122	0.000	-131.598
3608.000	122.697	13.943	0.000	-138.893
3610.000	122.732	13.812	0.000	-149.430
3612.000	122.653	13.039	0.000	-152.017
3614.000	122.679	13.531	0.000	-156.664
3616.000	122.694	13.044	0.000	-171.895
3618.000	122.700	13.157	0.000	179.785
3620.000	122.633	12.813	0.000	169.177
3622.000	122.664	12.243	0.000	141.717
3624.000	122.721	12.207	0.000	145.600
3626.000	122.611	11.719	0.000	144.190
3628.000	122.653	11.382	0.000	153.799
3630.000	122.711	10.068	0.000	173.713
3632.000	122.661	8.194	0.000	176.876
3634.000	122.615	9.677	0.000	-145.345
3636.000	122.730	10.930	0.000	-131.970
3638.000	122.689	11.307	0.000	-145.340
3640.000	122.632	13.223	0.000	-154.051
3642.000	122.691	14.852	0.000	-163.454
3644.000	122.739	15.716	0.000	-171.551
3646.000	122.627	16.012	0.000	170.119
3648.000	122.660	16.619	0.000	162.821
3650.000	122.731	17.482	0.000	150.264
3652.000	122.644	17.948	0.000	142.314
3654.000	122.631	18.833	0.000	133.992
3656.000	122.683	19.071	0.000	122.651
3658.000	122.680	19.216	0.000	113.185
3660.000	122.619	19.327	0.000	104.576
3662.000	122.629	19.714	0.000	90.913
3664.000	122.719	19.986	0.000	80.851
3666.000	122.637	19.964	0.000	72.252
3668.000	122.604	20.365	0.000	55.740
3670.000	122.725	20.321	0.000	48.476
3672.000	122.671	20.386	0.000	36.589
3674.000	122.633	20.321	0.000	25.069
3676.000	122.665	20.757	0.000	14.055
3678.000	122.739	20.354	0.000	1.735
3680.000	122.637	19.071	0.000	-8.501
3682.000	122.651	19.538	0.000	-19.162
3684.000	122.688	18.692	0.000	-33.836
3686.000	122.729	19.400	0.000	-38.463
3688.000	122.569	18.325	0.000	-50.072
3690.000	122.685	18.433	0.000	-58.389
3692.000	122.712	18.620	0.000	-67.799
3694.000	122.610	18.242	0.000	-75.139
3696.000	122.592	17.911	0.000	-85.195
3698.000	122.721	17.660	0.000	-92.090
3700.000	122.635	17.431	0.000	-106.753
3702.000	122.591	17.040	0.000	-115.383
3704.000	122.641	16.925	0.000	-125.672
3706.000	122.728	16.956	0.000	-139.066
3708.000	122.571	17.045	0.000	-143.375
3710.000	122.646	16.770	0.000	-148.804
3712.000	122.692	16.233	0.000	-165.070
3714.000	122.672	15.324	0.000	-173.664
3716.000	122.611	14.370	0.000	174.336
3718.000	122.681	14.070	0.000	164.588
3720.000	122.690	12.489	0.000	153.802
3722.000	122.673	11.990	0.000	163.278
3724.000	122.623	11.064	0.000	157.592
3726.000	122.676	11.624	0.000	152.267
3728.000	122.728	10.116	0.000	157.582
3730.000	122.608	11.420	0.000	162.707
3732.000	122.624	11.128	0.000	158.164
3734.000	122.723	10.939	0.000	163.834
3736.000	122.644	10.944	0.000	-176.711
3738.000	122.587	11.903	0.000	171.366
3740.000	122.650	11.884	0.000	166.908
3742.000	122.677	12.536	0.000	157.486
3744.000	122.622	14.198	0.000	149.153
3746.000	122.550	14.050	0.000	138.792
3748.000	122.692	14.596	0.000	129.988
3750.000	122.645	14.868	0.000	129.720
3752.000	122.580	14.908	0.000	121.177
3754.000	122.585	14.054	0.000	112.873
3756.000	122.711	13.719	0.000	108.250
3758.000	122.608	13.477	0.000	95.483
3760.000	122.591	14.087	0.000	89.421
3762.000	122.633	14.490	0.000	79.066
3764.000	122.707	14.474	0.000	76.844
3766.000	122.611	13.638	0.000	70.017
3768.000	122.604	13.796	0.000	56.458
3770.000	122.675	13.615	0.000	50.703
3772.000	122.722	12.890	0.000	43.772
3774.000	122.585	13.144	0.000	36.005
3776.000	122.658	13.119	0.000	23.152
3778.000	122.679	11.676	0.000	7.092
3780.000	122.711	11.443	0.000	0.200
3782.000	122.608	11.463	0.000	-7.626
3784.000	122.620	11.624	0.000	-14.365
3786.000	122.737	12.276	0.000	-20.169
3788.000	122.681	11.304	0.000	-19.611
3790.000	122.553	11.063	0.000	-30.041
3792.000	122.667	12.253	0.000	-22.635
3794.000	122.735	11.834	0.000	-37.785
3796.000	122.598	10.606	0.000	-53.797
3798.000	122.563	9.992	0.000	-50.612
3800.000	122.688	11.150	0.000	-68.071
3802.000	122.670	11.779	0.000	-79.459
3804.000	122.573	11.962	0.000	-84.570
3806.000	122.567	10.922	0.000	-109.579
3808.000	122.658	11.500	0.000	-110.763
3810.000	122.661	10.960	0.000	-128.452
3812.000	122.521	9.984	0.000	-151.144
3814.000	122.579	9.926	0.000	-155.157
3816.000	122.652	9.253	0.000	-146.975
3818.000	122.606	10.403	0.000	-158.522
3820.000	122.550	11.119	0.000	-160.656
3822.000	122.545	10.531	0.000	-173.873
3824.000	122.656	9.366	0.000	-173.348
3826.000	122.612	10.378	0.000	160.659
3828.000	122.526	9.822	0.000	169.402
3830.000	122.556	9.366	0.000	175.440
3832.000	122.672	9.025	0.000	-158.455
3834.000	122.598	9.158	0.000	156.874
3836.000	122.534	9.729	0.000	132.535
3838.000	122.567	9.014	0.000	104.080
3840.000	122.685	8.452	0.000	143.081
3842.000	122.608	8.915	0.000	-177.105
3844.000	122.552	8.752	0.000	-117.242
3846.000	122.554	9.343	0.000	-99.737
3848.000	122.747	9.976	0.000	173.110
3850.000	122.608	9.823	0.000	171.762
3852.000	122.528	8.996	0.000	-171.291
3854.000	122.641	10.453	0.000	-165.417
3856.000	122.722	11.308	0.000	-176.716
3858.000	122.613	10.554	0.000	-178.364
3860.000	122.582	9.882	0.000	159.704
3862.000	122.634	10.765	0.000	149.358
3864.000	122.736	11.355	0.000	153.657
3866.000	122.653	11.565	0.000	140.950
3868.000	122.588	11.925	0.000	119.613
3870.000	122.648	12.031	0.000	104.628
3872.000	122.744	12.250	0.000	93.163
3874.000	122.695	12.405	0.000	82.954
3876.000	122.589	11.238	0.000	75.128
3878.000	122.660	11.545	0.000	65.781
3880.000	122.750	11.289	0.000	48.816
3882.000	122.735	9.368	0.000	36.428
3884.000	122.597	9.521	0.000	49.205
3886.000	122.637	9.975	0.000	24.113
3888.000	122.816	8.645	0.000	-34.138
3890.000	122.725	7.952	0.000	-53.099
3892.000	122.596	9.423	0.000	-7.339
3894.000	122.689	10.503	0.000	6.305
3896.000	122.778	9.571	0.000	7.172
3898.000	122.738	9.781	0.000	-16.484
3900.000	122.661	10.022	0.000	-26.572
3902.000	122.647	10.020	0.000	-16.313
3904.000	122.783	9.505	0.000	-39.587
3906.000	122.774	9.110	0.000	-31.441
3908.000	122.678	9.614	0.000	-50.420
3910.000	122.643	8.603	0.000	-62.703
3912.000	122.781	9.077	0.000	-42.538
3914.000	122.790	9.684	0.000	-59.259
3916.000	122.694	9.606	0.000	-61.636
3918.000	122.688	9.314	0.000	-75.215
3920.000	122.721	10.437	0.000	-84.576
3922.000	122.805	10.282	0.000	-125.424
3924.000	122.771	9.382	0.000	-127.676
3926.000	122.664	8.049	0.000	-135.001
3928.000	122.697	8.161	0.000	-127.576
3930.000	122.846	9.061	0.000	178.533
3932.000	122.777	9.658	0.000	150.102
3934.000	122.716	8.910	0.000	175.225
3936.000	122.661	10.223	0.000	170.440
3938.000	122.836	10.142	0.000	117.381
3940.000	122.842	8.950	0.000	179.688
3942.000	122.727	8.842	0.000	-108.593
3944.000	122.666	7.874	0.000	-112.010
3946.000	122.822	8.614	0.000	-129.216
3948.000	122.866	8.000	0.000	-112.765
3950.000	122.762	8.645	0.000	-129.912
3952.000	122.709	9.106	0.000	-160.900
3954.000	122.793	8.759	0.000	176.537
3956.000	122.842	8.908	0.000	167.969
3958.000	122.843	8.413	0.000	-166.597
3960.000	122.781	8.015	0.000	-164.875
3962.000	122.703	9.224	0.000	-172.663
3964.000	122.871	9.377	0.000	179.151
3966.000	122.906	9.028	0.000	167.619
3968.000	122.798	8.494	0.000	165.331
3970.000	122.738	8.647	0.000	171.572
3972.000	122.825	9.838	0.000	175.249
3974.000	122.914	9.696	0.000	-150.934
3976.000	122.891	9.017	0.000	117.600
3978.000	122.760	8.317	0.000	116.590
3980.000	122.782	9.323	0.000	121.928
3982.000	122.905	9.141	0.000	160.869
3984.000	122.943	9.029	0.000	155.473
3986.000	122.822	10.292	0.000	160.618
3988.000	122.764	9.930	0.000	135.866
3990.000	122.867	9.810	0.000	55.910
3992.000	122.934	10.411	0.000	57.326
3994.000	122.898	8.924	0.000	23.529
3996.000	122.812	8.863	0.000	163.107
3998.000	122.763	8.627	0.000	179.855
4000.000	122.924	9.376	0.000	111.730
