1000.000	122.552	18.763	0.000	-57.063
2.000	122.509	18.333	0.000	-64.975
4.000	122.482	17.644	0.000	-63.869
6.000	122.479	17.486	0.000	-64.183
8.000	122.498	17.082	0.000	-74.606
10.000	122.532	16.414	0.000	-79.075
12.000	122.558	15.520	0.000	-64.148
14.000	122.565	15.814	0.000	-73.783
16.000	122.556	14.954	0.000	-94.205
18.000	122.536	16.282	0.000	-106.872
20.000	122.522	17.254	0.000	-120.750
22.000	122.526	16.490	0.000	-123.665
24.000	122.542	14.783	0.000	-118.681
26.000	122.562	14.742	0.000	-146.421
28.000	122.572	15.269	0.000	-160.707
30.000	122.560	14.352	0.000	-174.517
32.000	122.534	13.345	0.000	-179.079
34.000	122.509	13.440	0.000	156.641
36.000	122.502	13.599	0.000	120.567
38.000	122.527	12.737	0.000	131.492
40.000	122.575	13.629	0.000	-105.752
42.000	122.619	13.515	0.000	-43.790
44.000	122.638	13.491	0.000	139.559
46.000	122.611	12.410	0.000	-146.643
48.000	122.548	12.179	0.000	-178.664
50.000	122.482	12.018	0.000	128.902
52.000	122.448	12.396	0.000	-81.121
54.000	122.477	12.833	0.000	-147.767
56.000	122.562	12.024	0.000	158.848
58.000	122.658	12.694	0.000	-43.145
60.000	122.717	13.777	0.000	-105.294
62.000	122.701	13.512	0.000	-160.722
64.000	122.609	13.268	0.000	153.034
66.000	122.485	14.038	0.000	165.134
68.000	122.395	13.598	0.000	-162.957
70.000	122.400	13.213	0.000	-160.424
72.000	122.511	12.959	0.000	-115.200
74.000	122.666	13.007	0.000	-132.711
76.000	122.785	13.091	0.000	127.656
78.000	122.801	12.597	0.000	68.968
80.000	122.694	12.727	0.000	100.304
82.000	122.515	13.546	0.000	119.094
84.000	122.358	13.582	0.000	123.387
86.000	122.324	11.839	0.000	-45.809
88.000	122.450	12.009	0.000	12.406
90.000	122.662	11.916	0.000	73.131
92.000	122.842	12.935	0.000	69.192
94.000	122.891	13.948	0.000	107.741
96.000	122.774	13.203	0.000	71.379
98.000	122.545	13.150	0.000	57.086
100.000	122.327	13.844	0.000	84.599
102.000	122.262	13.783	0.000	50.156
104.000	122.409	13.783	0.000	49.292
106.000	122.673	14.510	0.000	53.444
108.000	122.898	12.976	0.000	-45.549
110.000	122.961	13.550	0.000	5.328
112.000	122.821	12.593	0.000	-5.178
114.000	122.547	12.916	0.000	-15.973
116.000	122.293	14.268	0.000	-26.415
118.000	122.230	13.837	0.000	-55.629
120.000	122.414	12.594	0.000	-81.059
122.000	122.718	13.527	0.000	-61.199
124.000	122.954	12.941	0.000	-70.839
126.000	122.993	12.695	0.000	-103.864
128.000	122.812	13.792	0.000	-78.853
130.000	122.507	13.875	0.000	-84.134
132.000	122.262	12.789	0.000	-94.473
134.000	122.250	13.483	0.000	-107.664
136.000	122.484	13.076	0.000	-95.668
138.000	122.793	12.143	0.000	112.085
140.000	122.987	13.268	0.000	-127.232
142.000	122.965	13.123	0.000	-133.136
144.000	122.740	12.893	0.000	-132.548
146.000	122.446	11.639	0.000	-155.757
148.000	122.275	13.010	0.000	-146.022
150.000	122.347	13.171	0.000	157.975
152.000	122.600	12.627	0.000	-95.789
154.000	122.853	11.937	0.000	-172.278
156.000	122.956	12.261	0.000	101.434
158.000	122.866	12.620	0.000	-61.009
160.000	122.642	12.578	0.000	-4.563
162.000	122.433	13.144	0.000	-16.632
164.000	122.374	12.365	0.000	-71.135
166.000	122.492	13.099	0.000	-62.828
168.000	122.689	13.198	0.000	-79.065
170.000	122.832	12.646	0.000	-172.527
172.000	122.851	13.583	0.000	-115.471
174.000	122.756	14.644	0.000	-115.092
176.000	122.617	13.715	0.000	-142.267
178.000	122.522	14.047	0.000	-156.014
180.000	122.514	13.117	0.000	-65.597
182.000	122.578	12.438	0.000	-174.342
184.000	122.665	12.037	0.000	78.313
186.000	122.733	11.779	0.000	124.827
188.000	122.767	12.668	0.000	-71.552
190.000	122.760	12.907	0.000	24.754
192.000	122.713	12.653	0.000	63.438
194.000	122.634	12.816	0.000	40.001
196.000	122.549	13.555	0.000	24.104
198.000	122.515	14.017	0.000	-18.595
200.000	122.575	14.628	0.000	-31.474
202.000	122.713	13.207	0.000	-30.381
204.000	122.849	12.209	0.000	-16.084
206.000	122.885	12.808	0.000	-0.523
208.000	122.777	12.916	0.000	0.154
210.000	122.573	12.704	0.000	-30.417
212.000	122.412	12.701	0.000	-57.942
214.000	122.439	12.896	0.000	-49.372
216.000	122.651	13.104	0.000	-33.677
218.000	122.898	13.084	0.000	-44.744
220.000	123.001	13.697	0.000	-62.849
222.000	122.881	13.187	0.000	-66.097
224.000	122.605	13.589	0.000	-49.032
226.000	122.369	13.564	0.000	-42.407
228.000	122.375	14.168	0.000	-72.944
230.000	122.626	14.409	0.000	-94.568
232.000	122.915	14.572	0.000	-96.634
234.000	123.035	14.202	0.000	-92.322
236.000	122.908	12.286	0.000	-77.437
238.000	122.624	13.343	0.000	-86.637
240.000	122.396	14.103	0.000	-88.077
242.000	122.409	14.319	0.000	-99.496
244.000	122.638	14.585	0.000	-115.527
246.000	122.884	15.015	0.000	-107.344
248.000	122.974	14.812	0.000	-96.619
250.000	122.869	13.974	0.000	-105.227
252.000	122.660	13.287	0.000	-101.231
254.000	122.508	13.508	0.000	-103.708
256.000	122.512	13.979	0.000	-121.350
258.000	122.641	14.253	0.000	-128.256
260.000	122.782	14.609	0.000	-139.717
262.000	122.851	14.304	0.000	-129.007
264.000	122.836	13.547	0.000	-131.167
266.000	122.764	14.137	0.000	-136.319
268.000	122.674	15.183	0.000	-134.426
270.000	122.597	14.746	0.000	-157.420
272.000	122.572	14.225	0.000	-170.483
274.000	122.632	14.526	0.000	-157.611
276.000	122.765	14.840	0.000	-157.377
278.000	122.894	12.998	0.000	-169.667
280.000	122.917	12.986	0.000	-150.602
282.000	122.787	12.500	0.000	-146.388
284.000	122.575	12.120	0.000	-154.352
286.000	122.450	13.350	0.000	-153.851
288.000	122.551	12.349	0.000	-159.365
290.000	122.809	12.838	0.000	-144.870
292.000	123.013	12.979	0.000	-141.366
294.000	122.996	12.765	0.000	-139.391
296.000	122.756	12.666	0.000	-144.934
298.000	122.479	11.994	0.000	-107.386
300.000	122.413	12.503	0.000	-109.714
302.000	122.627	13.654	0.000	-146.310
304.000	122.917	13.845	0.000	-135.396
306.000	123.041	13.417	0.000	-146.766
308.000	122.920	13.728	0.000	-140.479
310.000	122.660	14.511	0.000	-139.274
312.000	122.485	14.066	0.000	-128.668
314.000	122.533	14.266	0.000	-125.882
316.000	122.733	14.975	0.000	-145.933
318.000	122.901	14.921	0.000	-154.688
320.000	122.929	14.915	0.000	-158.899
322.000	122.835	14.902	0.000	-149.051
324.000	122.704	14.958	0.000	-139.166
326.000	122.619	14.511	0.000	-137.561
328.000	122.611	14.812	0.000	-151.995
330.000	122.676	15.875	0.000	-168.560
332.000	122.792	16.158	0.000	-173.842
334.000	122.902	16.427	0.000	-176.751
336.000	122.927	16.258	0.000	-167.923
338.000	122.815	15.805	0.000	-171.399
340.000	122.620	14.804	0.000	175.024
342.000	122.505	16.163	0.000	163.440
344.000	122.609	16.962	0.000	163.373
346.000	122.865	17.011	0.000	155.102
348.000	123.043	17.235	0.000	163.525
350.000	122.983	16.544	0.000	170.723
352.000	122.715	15.468	0.000	169.488
354.000	122.475	14.354	0.000	146.928
356.000	122.506	13.766	0.000	131.327
358.000	122.774	14.657	0.000	136.261
360.000	123.015	14.452	0.000	141.903
362.000	123.025	14.558	0.000	141.643
364.000	122.820	13.498	0.000	147.602
366.000	122.590	12.996	0.000	140.231
368.000	122.541	13.345	0.000	140.933
370.000	122.685	12.996	0.000	144.331
372.000	122.862	12.102	0.000	144.305
374.000	122.941	13.227	0.000	168.795
376.000	122.899	12.801	0.000	174.188
378.000	122.793	12.769	0.000	169.216
380.000	122.681	13.092	0.000	150.395
382.000	122.619	13.153	0.000	170.311
384.000	122.660	14.751	0.000	159.698
386.000	122.807	14.859	0.000	167.589
388.000	122.965	15.093	0.000	159.461
390.000	122.989	15.932	0.000	155.396
392.000	122.822	15.985	0.000	163.390
394.000	122.581	15.426	0.000	147.093
396.000	122.514	15.921	0.000	141.290
398.000	122.721	16.393	0.000	136.736
400.000	122.998	16.084	0.000	133.810
402.000	123.078	16.354	0.000	137.613
404.000	122.886	16.698	0.000	143.010
406.000	122.602	16.263	0.000	135.471
408.000	122.514	16.118	0.000	126.457
410.000	122.700	15.879	0.000	113.196
412.000	122.942	17.175	0.000	116.539
414.000	123.018	17.425	0.000	111.644
416.000	122.903	16.645	0.000	104.946
418.000	122.728	17.212	0.000	105.308
420.000	122.637	16.826	0.000	108.121
422.000	122.669	17.159	0.000	98.226
424.000	122.778	17.564	0.000	83.246
426.000	122.901	17.719	0.000	78.108
428.000	122.972	19.142	0.000	76.902
430.000	122.920	18.450	0.000	74.592
432.000	122.744	17.011	0.000	69.491
434.000	122.579	15.320	0.000	53.705
436.000	122.621	15.321	0.000	47.326
438.000	122.869	15.358	0.000	41.705
440.000	123.075	15.774	0.000	36.855
442.000	123.024	15.993	0.000	33.640
444.000	122.747	14.280	0.000	15.300
446.000	122.527	13.356	0.000	13.478
448.000	122.615	13.770	0.000	12.310
450.000	122.894	13.944	0.000	17.696
452.000	123.061	13.418	0.000	7.004
454.000	122.980	13.650	0.000	14.214
456.000	122.767	12.744	0.000	23.785
458.000	122.636	12.742	0.000	29.252
460.000	122.678	12.139	0.000	3.447
462.000	122.808	12.598	0.000	8.438
464.000	122.923	12.736	0.000	34.197
466.000	122.973	11.896	0.000	25.095
468.000	122.922	11.981	0.000	37.668
470.000	122.766	12.167	0.000	57.867
472.000	122.616	11.718	0.000	54.111
474.000	122.655	11.383	0.000	57.279
476.000	122.895	12.690	0.000	76.887
478.000	123.091	14.288	0.000	66.968
480.000	123.020	13.819	0.000	52.531
482.000	122.728	11.861	0.000	43.395
484.000	122.535	12.224	0.000	63.338
486.000	122.679	12.692	0.000	83.228
488.000	122.973	13.288	0.000	41.058
490.000	123.087	11.678	0.000	47.363
492.000	122.939	11.282	0.000	47.460
494.000	122.719	11.492	0.000	59.985
496.000	122.651	12.003	0.000	38.124
498.000	122.748	12.386	0.000	31.258
500.000	122.879	11.993	0.000	7.660
502.000	122.963	11.397	0.000	16.985
504.000	122.976	11.514	0.000	30.406
506.000	122.881	12.687	0.000	28.355
508.000	122.703	13.514	0.000	44.710
510.000	122.618	11.947	0.000	30.726
512.000	122.784	12.137	0.000	16.473
514.000	123.053	12.644	0.000	-14.398
516.000	123.109	11.584	0.000	4.279
518.000	122.861	12.206	0.000	22.119
520.000	122.576	12.208	0.000	21.840
522.000	122.620	11.909	0.000	-19.297
524.000	122.922	11.489	0.000	-4.417
526.000	123.101	12.109	0.000	12.650
528.000	122.993	12.123	0.000	22.325
530.000	122.770	11.951	0.000	29.914
532.000	122.682	11.927	0.000	35.509
534.000	122.756	12.539	0.000	14.479
536.000	122.864	11.745	0.000	28.937
538.000	122.953	11.184	0.000	-7.345
540.000	123.001	12.301	0.000	1.606
542.000	122.931	13.113	0.000	-22.682
544.000	122.729	13.298	0.000	-15.342
546.000	122.612	12.945	0.000	22.654
548.000	122.796	13.267	0.000	24.955
550.000	123.093	11.207	0.000	-113.988
552.000	123.129	11.188	0.000	-154.730
554.000	122.833	12.337	0.000	-126.829
556.000	122.565	11.919	0.000	-81.004
558.000	122.686	11.913	0.000	-33.049
560.000	122.997	12.759	0.000	19.420
562.000	123.098	12.269	0.000	32.921
564.000	122.939	11.282	0.000	-70.841
566.000	122.762	11.151	0.000	-14.364
568.000	122.738	11.130	0.000	-25.296
570.000	122.795	11.797	0.000	32.993
572.000	122.871	12.843	0.000	24.675
574.000	122.984	12.231	0.000	-39.927
576.000	123.044	12.093	0.000	-53.445
578.000	122.898	11.493	0.000	18.712
580.000	122.643	11.238	0.000	15.250
582.000	122.648	11.363	0.000	31.624
584.000	122.975	11.484	0.000	39.433
586.000	123.190	12.644	0.000	27.262
588.000	123.007	12.539	0.000	43.734
590.000	122.656	12.484	0.000	61.900
592.000	122.620	12.106	0.000	-102.385
594.000	122.902	11.575	0.000	-18.076
596.000	123.081	12.614	0.000	1.738
598.000	123.000	11.999	0.000	-6.635
600.000	122.849	11.476	0.000	-7.712
602.000	122.788	12.482	0.000	14.827
604.000	122.775	12.151	0.000	-7.668
606.000	122.811	11.581	0.000	-55.508
608.000	122.966	12.076	0.000	-44.801
610.000	123.101	12.171	0.000	-11.854
612.000	122.973	10.133	0.000	-12.050
614.000	122.667	11.436	0.000	-41.925
616.000	122.625	12.332	0.000	-47.412
618.000	122.960	11.757	0.000	-73.438
620.000	123.194	11.648	0.000	-42.638
622.000	123.025	12.235	0.000	-33.228
624.000	122.699	12.905	0.000	-26.209
626.000	122.667	12.760	0.000	-37.981
628.000	122.897	13.107	0.000	-57.949
630.000	123.039	12.836	0.000	-57.315
632.000	123.003	12.224	0.000	-19.721
634.000	122.915	11.438	0.000	-52.432
636.000	122.823	11.896	0.000	-82.659
638.000	122.740	11.842	0.000	-68.169
640.000	122.807	10.760	0.000	-70.229
642.000	123.037	11.070	0.000	-76.920
644.000	123.136	11.693	0.000	-71.992
646.000	122.911	11.226	0.000	-73.492
648.000	122.631	11.916	0.000	-94.310
650.000	122.721	12.759	0.000	-110.606
652.000	123.048	12.683	0.000	-86.170
654.000	123.151	13.246	0.000	-79.580
656.000	122.943	12.469	0.000	-70.872
658.000	122.726	10.428	0.000	-86.580
660.000	122.747	11.213	0.000	-106.603
662.000	122.908	12.551	0.000	-103.706
664.000	123.031	11.454	0.000	-124.468
666.000	123.043	11.751	0.000	-110.813
668.000	122.921	12.242	0.000	-102.372
670.000	122.745	11.195	0.000	-124.579
672.000	122.737	11.438	0.000	-135.178
674.000	122.958	12.286	0.000	-134.705
676.000	123.132	12.481	0.000	-131.946
678.000	123.026	12.107	0.000	-124.913
680.000	122.767	12.011	0.000	-127.595
682.000	122.694	12.253	0.000	-119.743
684.000	122.890	12.113	0.000	-114.391
686.000	123.091	11.886	0.000	-98.179
688.000	123.079	12.321	0.000	-112.585
690.000	122.878	12.527	0.000	-104.600
692.000	122.710	12.461	0.000	-121.614
694.000	122.787	10.883	0.000	-126.179
696.000	123.024	11.174	0.000	-132.426
698.000	123.123	11.349	0.000	-112.077
700.000	122.964	12.407	0.000	-102.715
702.000	122.753	11.757	0.000	-121.700
704.000	122.759	11.431	0.000	-126.111
706.000	122.940	11.903	0.000	-111.623
708.000	123.070	12.208	0.000	-109.615
710.000	123.043	11.041	0.000	-99.130
712.000	122.887	10.271	0.000	-103.562
714.000	122.732	10.199	0.000	-109.876
716.000	122.790	11.445	0.000	-102.355
718.000	123.052	11.612	0.000	-154.592
720.000	123.169	11.147	0.000	-134.763
722.000	122.939	10.679	0.000	-120.307
724.000	122.666	11.492	0.000	-145.225
726.000	122.782	12.255	0.000	-175.400
728.000	123.079	11.580	0.000	-177.886
730.000	123.117	11.688	0.000	-151.499
732.000	122.920	12.501	0.000	-164.251
734.000	122.798	10.852	0.000	-140.288
736.000	122.826	10.941	0.000	-141.052
738.000	122.904	11.150	0.000	-154.824
740.000	123.032	10.341	0.000	-153.371
742.000	123.102	11.479	0.000	-159.545
744.000	122.921	12.123	0.000	-179.560
746.000	122.673	12.087	0.000	175.892
748.000	122.809	11.598	0.000	-40.924
750.000	123.158	11.543	0.000	-148.860
752.000	123.162	11.547	0.000	-142.993
754.000	122.826	11.741	0.000	81.065
756.000	122.690	11.237	0.000	-31.652
758.000	122.913	11.739	0.000	172.415
760.000	123.079	11.380	0.000	-177.637
762.000	123.038	10.546	0.000	-142.896
764.000	122.940	10.130	0.000	-139.311
766.000	122.840	10.736	0.000	-160.588
768.000	122.785	11.159	0.000	-152.739
770.000	122.938	12.559	0.000	112.632
772.000	123.151	12.350	0.000	126.020
774.000	123.068	10.778	0.000	-161.125
776.000	122.756	10.468	0.000	-142.674
778.000	122.718	11.142	0.000	-176.219
780.000	123.015	11.306	0.000	-168.625
782.000	123.167	12.010	0.000	-167.182
784.000	123.003	11.754	0.000	152.303
786.000	122.790	11.001	0.000	121.057
788.000	122.787	11.407	0.000	134.387
790.000	122.955	11.307	0.000	-154.133
792.000	123.102	11.390	0.000	172.789
794.000	123.060	11.530	0.000	157.876
796.000	122.853	11.125	0.000	159.608
798.000	122.755	11.647	0.000	-139.001
800.000	122.918	11.621	0.000	-172.831
802.000	123.105	9.799	0.000	166.206
804.000	123.079	10.740	0.000	-129.612
806.000	122.886	11.332	0.000	-177.262
808.000	122.755	11.131	0.000	71.222
810.000	122.868	11.182	0.000	138.642
812.000	123.111	11.607	0.000	177.449
814.000	123.143	11.019	0.000	152.971
816.000	122.871	10.545	0.000	137.260
818.000	122.701	10.601	0.000	158.480
820.000	122.928	10.750	0.000	124.113
822.000	123.151	10.065	0.000	177.609
824.000	123.052	10.375	0.000	-174.270
826.000	122.857	10.873	0.000	-178.859
828.000	122.828	10.893	0.000	-159.746
830.000	122.898	10.099	0.000	129.051
832.000	123.019	10.661	0.000	-146.156
834.000	123.123	11.491	0.000	152.879
836.000	122.984	10.415	0.000	-25.364
838.000	122.715	10.474	0.000	-100.707
840.000	122.825	10.736	0.000	-154.385
842.000	123.174	11.223	0.000	171.295
844.000	123.155	11.029	0.000	-170.220
846.000	122.820	11.546	0.000	156.451
848.000	122.752	11.702	0.000	176.827
850.000	122.978	11.901	0.000	123.229
852.000	123.087	12.188	0.000	129.512
854.000	123.038	11.717	0.000	-154.500
856.000	122.934	11.265	0.000	-141.075
858.000	122.808	12.110	0.000	128.660
860.000	122.856	11.171	0.000	-135.091
862.000	123.101	10.248	0.000	-163.471
864.000	123.149	11.076	0.000	172.713
866.000	122.879	11.023	0.000	139.831
868.000	122.731	11.685	0.000	173.154
870.000	122.946	11.994	0.000	-178.850
872.000	123.148	12.390	0.000	-132.635
874.000	123.074	11.445	0.000	-139.847
876.000	122.851	11.516	0.000	-132.531
878.000	122.777	10.961	0.000	147.106
880.000	122.968	10.109	0.000	130.885
882.000	123.147	10.008	0.000	162.830
884.000	123.046	9.584	0.000	-167.861
886.000	122.827	10.273	0.000	-163.337
888.000	122.826	9.865	0.000	148.880
890.000	122.989	10.413	0.000	132.594
892.000	123.097	11.624	0.000	154.308
894.000	123.060	11.476	0.000	-176.831
896.000	122.865	10.720	0.000	-127.503
898.000	122.756	11.333	0.000	-97.016
900.000	123.005	10.570	0.000	-148.650
902.000	123.223	10.205	0.000	-179.628
904.000	122.997	11.149	0.000	-146.013
906.000	122.719	10.940	0.000	-98.730
908.000	122.895	11.159	0.000	-159.311
910.000	123.122	11.094	0.000	-174.810
912.000	123.062	11.492	0.000	156.875
914.000	122.938	11.121	0.000	165.823
916.000	122.866	10.778	0.000	171.764
918.000	122.854	9.709	0.000	134.274
920.000	123.044	9.766	0.000	163.623
922.000	123.178	10.271	0.000	165.579
924.000	122.936	10.768	0.000	132.951
926.000	122.716	9.695	0.000	124.546
928.000	122.955	11.212	0.000	127.406
930.000	123.186	11.486	0.000	152.122
932.000	123.050	10.796	0.000	-155.625
934.000	122.831	10.313	0.000	-138.590
936.000	122.831	11.433	0.000	169.218
938.000	123.004	11.441	0.000	127.194
940.000	123.133	9.708	0.000	-163.187
942.000	123.027	11.329	0.000	-124.147
944.000	122.817	11.386	0.000	-137.488
946.000	122.852	11.470	0.000	-159.603
948.000	123.058	10.976	0.000	139.513
950.000	123.119	10.215	0.000	159.349
952.000	122.985	10.441	0.000	-149.739
954.000	122.808	11.535	0.000	-172.678
956.000	122.851	11.558	0.000	-173.479
958.000	123.131	11.702	0.000	-160.936
960.000	123.168	11.389	0.000	120.766
962.000	122.839	12.630	0.000	113.492
964.000	122.765	12.487	0.000	133.361
966.000	123.062	12.135	0.000	-176.807
968.000	123.132	11.443	0.000	-150.947
970.000	122.971	11.299	0.000	-148.084
972.000	122.892	11.958	0.000	-142.811
974.000	122.867	10.982	0.000	99.464
976.000	122.974	11.255	0.000	115.550
978.000	123.172	10.697	0.000	126.241
980.000	123.032	10.586	0.000	-101.459
982.000	122.730	10.447	0.000	-126.287
984.000	122.901	9.750	0.000	179.867
986.000	123.192	9.746	0.000	-153.135
988.000	123.075	11.221	0.000	-107.722
990.000	122.841	11.277	0.000	18.641
992.000	122.849	11.456	0.000	162.255
994.000	123.004	11.484	0.000	155.525
996.000	123.127	11.004	0.000	-49.155
998.000	123.031	10.588	0.000	-64.856
1000.000	122.817	10.106	0.000	120.050
1002.000	122.873	9.852	0.000	148.008
1004.000	123.090	10.674	0.000	124.866
1006.000	123.109	10.951	0.000	143.135
1008.000	122.948	10.900	0.000	172.109
1010.000	122.807	10.562	0.000	-161.318
1012.000	122.917	10.668	0.000	161.167
1014.000	123.182	10.270	0.000	151.435
1016.000	123.096	11.407	0.000	148.866
1018.000	122.762	10.585	0.000	148.613
1020.000	122.867	10.532	0.000	-142.908
1022.000	123.143	11.115	0.000	179.095
1024.000	123.067	11.237	0.000	102.178
1026.000	122.926	11.355	0.000	143.650
1028.000	122.890	11.024	0.000	135.616
1030.000	122.893	11.328	0.000	130.335
1032.000	123.098	11.965	0.000	-152.932
1034.000	123.157	12.073	0.000	-134.106
1036.000	122.826	11.068	0.000	-147.240
1038.000	122.787	10.749	0.000	163.385
1040.000	123.132	11.156	0.000	164.674
1042.000	123.144	11.365	0.000	174.314
1044.000	122.902	10.884	0.000	175.755
1046.000	122.838	10.626	0.000	-162.532
1048.000	122.955	10.850	0.000	-137.230
1050.000	123.118	10.504	0.000	168.733
1052.000	123.078	10.743	0.000	159.334
1054.000	122.838	11.081	0.000	119.592
1056.000	122.859	11.107	0.000	-143.150
1058.000	123.077	11.155	0.000	176.920
1060.000	123.104	9.617	0.000	148.137
1062.000	122.973	10.066	0.000	73.417
1064.000	122.819	10.358	0.000	114.924
1066.000	122.907	11.506	0.000	173.728
1068.000	123.197	11.888	0.000	154.953
1070.000	123.083	12.135	0.000	165.366
1072.000	122.746	10.944	0.000	153.618
1074.000	122.922	11.076	0.000	112.037
1076.000	123.148	10.957	0.000	128.896
1078.000	123.027	10.883	0.000	158.009
1080.000	122.939	11.534	0.000	165.267
1082.000	122.881	11.333	0.000	146.518
1084.000	122.918	11.543	0.000	119.380
1086.000	123.170	11.419	0.000	-153.471
1088.000	123.074	10.128	0.000	-178.456
1090.000	122.747	10.002	0.000	129.604
1092.000	122.924	11.135	0.000	155.483
1094.000	123.173	11.571	0.000	152.731
1096.000	123.047	11.129	0.000	160.247
1098.000	122.869	12.201	0.000	141.851
1100.000	122.859	11.387	0.000	145.630
1102.000	123.045	10.946	0.000	140.822
1104.000	123.152	10.905	0.000	124.881
1106.000	122.930	11.104	0.000	134.206
1108.000	122.819	11.603	0.000	130.991
1110.000	123.002	11.771	0.000	127.933
1112.000	123.095	11.476	0.000	117.082
1114.000	123.052	11.774	0.000	158.978
1116.000	122.869	10.872	0.000	145.520
1118.000	122.821	10.449	0.000	135.241
1120.000	123.151	11.588	0.000	139.914
1122.000	123.158	11.573	0.000	103.947
1124.000	122.787	11.127	0.000	100.646
1126.000	122.878	10.238	0.000	105.286
1128.000	123.114	10.864	0.000	145.136
1130.000	123.048	11.514	0.000	141.689
1132.000	122.973	11.199	0.000	80.496
1134.000	122.867	10.011	0.000	56.369
1136.000	122.910	11.280	0.000	51.423
1138.000	123.173	10.983	0.000	118.558
1140.000	123.057	8.606	0.000	122.515
1142.000	122.774	10.012	0.000	71.003
1144.000	122.933	11.884	0.000	60.786
1146.000	123.140	12.205	0.000	70.473
1148.000	123.062	11.438	0.000	75.953
1150.000	122.858	11.889	0.000	81.005
1152.000	122.854	10.838	0.000	84.590
1154.000	123.104	10.139	0.000	-101.425
1156.000	123.111	10.639	0.000	106.475
1158.000	122.881	10.729	0.000	47.454
1160.000	122.876	10.916	0.000	34.181
1162.000	123.003	11.125	0.000	51.553
1164.000	123.105	10.975	0.000	63.572
1166.000	123.033	9.545	0.000	83.860
1168.000	122.783	9.875	0.000	123.375
1170.000	122.939	10.555	0.000	-124.044
1172.000	123.217	11.645	0.000	20.329
1174.000	122.987	10.739	0.000	96.415
1176.000	122.791	11.441	0.000	-177.547
1178.000	122.983	11.263	0.000	7.431
1180.000	123.094	11.262	0.000	16.203
1182.000	123.038	11.205	0.000	33.024
1184.000	122.893	10.248	0.000	100.071
1186.000	122.860	10.739	0.000	-112.668
1188.000	123.074	10.748	0.000	-93.646
1190.000	123.126	11.252	0.000	-24.041
1192.000	122.889	10.923	0.000	94.941
1194.000	122.819	10.875	0.000	-64.825
1196.000	123.069	11.373	0.000	-24.475
1198.000	123.152	11.502	0.000	-98.069
1200.000	122.889	10.324	0.000	162.752
1202.000	122.824	8.888	0.000	-167.082
1204.000	123.061	10.153	0.000	-2.608
1206.000	123.100	10.789	0.000	21.534
1208.000	122.951	11.094	0.000	-88.106
1210.000	122.858	9.942	0.000	75.331
1212.000	122.950	9.633	0.000	-53.329
1214.000	123.132	11.015	0.000	-53.262
1216.000	123.030	11.036	0.000	-49.339
1218.000	122.797	10.464	0.000	-58.362
1220.000	122.938	10.360	0.000	-62.035
1222.000	123.161	10.979	0.000	-70.386
1224.000	123.022	10.276	0.000	-76.618
1226.000	122.797	10.598	0.000	-126.596
1228.000	122.951	10.608	0.000	-92.265
1230.000	123.132	10.293	0.000	-21.786
1232.000	123.001	10.630	0.000	-70.344
1234.000	122.878	11.184	0.000	-64.133
1236.000	122.905	9.941	0.000	141.516
1238.000	123.049	11.307	0.000	-42.110
1240.000	123.127	11.136	0.000	-98.882
1242.000	122.855	10.764	0.000	-153.407
1244.000	122.825	9.471	0.000	-160.108
1246.000	123.158	9.924	0.000	-104.403
1248.000	123.070	10.134	0.000	-104.733
1250.000	122.834	10.413	0.000	-75.649
1252.000	122.906	10.726	0.000	-42.966
1254.000	123.056	11.274	0.000	-64.898
1256.000	123.090	10.814	0.000	-103.629
1258.000	122.893	10.950	0.000	-124.305
1260.000	122.848	11.813	0.000	-125.184
1262.000	123.067	10.273	0.000	-131.768
1264.000	123.086	9.692	0.000	-136.810
1266.000	122.924	9.603	0.000	-86.956
1268.000	122.821	9.337	0.000	-87.440
1270.000	123.035	9.761	0.000	-77.293
1272.000	123.175	9.739	0.000	-109.752
1274.000	122.845	10.494	0.000	-153.268
1276.000	122.843	10.877	0.000	165.285
1278.000	123.111	11.105	0.000	-177.861
1280.000	123.028	10.427	0.000	-145.635
1282.000	122.942	10.611	0.000	-109.734
1284.000	122.866	10.324	0.000	-164.169
1286.000	122.971	10.951	0.000	159.927
1288.000	123.170	11.148	0.000	166.888
1290.000	122.906	11.191	0.000	-165.089
1292.000	122.799	11.106	0.000	-169.725
1294.000	123.080	11.147	0.000	-141.212
1296.000	123.094	11.570	0.000	-111.597
1298.000	122.902	11.564	0.000	-132.100
1300.000	122.834	11.037	0.000	-111.883
1302.000	123.050	9.228	0.000	166.033
1304.000	123.104	10.799	0.000	167.940
1306.000	122.882	11.239	0.000	138.196
1308.000	122.877	10.871	0.000	92.831
1310.000	123.008	11.313	0.000	67.640
1312.000	123.095	13.783	0.000	38.235
1314.000	122.950	15.919	0.000	22.532
1316.000	122.780	18.718	0.000	-10.441
1318.000	123.076	21.060	0.000	-37.262
1320.000	123.131	22.094	0.000	-49.163
1322.000	122.831	22.171	0.000	-71.876
1324.000	122.882	24.660	0.000	-98.670
1326.000	123.063	26.425	0.000	-106.401
1328.000	123.051	27.414	0.000	-122.633
1330.000	122.903	28.699	0.000	-149.307
1332.000	122.856	29.546	0.000	-170.010
1334.000	123.038	30.896	0.000	167.931
1336.000	123.097	31.803	0.000	154.379
1338.000	122.877	30.727	0.000	137.234
1340.000	122.825	31.569	0.000	106.582
1342.000	123.111	33.486	0.000	96.852
1344.000	123.072	33.258	0.000	85.235
1346.000	122.808	33.271	0.000	54.055
1348.000	122.923	34.707	0.000	31.510
1350.000	123.073	35.134	0.000	13.859
1352.000	123.022	35.026	0.000	-6.287
1354.000	122.867	34.484	0.000	-29.957
1356.000	122.881	34.877	0.000	-55.876
1358.000	123.094	35.506	0.000	-73.493
1360.000	123.031	35.094	0.000	-88.715
1362.000	122.828	34.108	0.000	-111.576
1364.000	122.899	34.777	0.000	-138.033
1366.000	123.127	35.797	0.000	-150.588
1368.000	123.006	34.717	0.000	-163.108
1370.000	122.769	34.224	0.000	165.205
1372.000	123.013	35.693	0.000	147.442
1374.000	123.082	35.162	0.000	135.831
1376.000	122.928	34.420	0.000	112.461
1378.000	122.884	34.592	0.000	93.579
1380.000	122.914	34.679	0.000	71.185
1382.000	123.130	35.654	0.000	54.462
1384.000	122.956	34.773	0.000	41.769
1386.000	122.769	33.925	0.000	7.549
1388.000	123.065	35.327	0.000	-13.456
1390.000	123.074	34.345	0.000	-23.507
1392.000	122.877	32.327	0.000	-50.091
1394.000	122.850	32.176	0.000	-76.587
1396.000	123.046	31.832	0.000	-91.331
1398.000	123.064	30.592	0.000	-104.433
1400.000	122.844	28.755	0.000	-121.852
1402.000	122.897	27.965	0.000	-140.714
1404.000	123.031	27.680	0.000	-154.467
1406.000	123.054	26.625	0.000	-160.709
1408.000	122.847	25.311	0.000	-172.015
1410.000	122.852	25.305	0.000	168.310
1412.000	123.154	25.905	0.000	158.892
1414.000	122.964	24.383	0.000	151.009
1416.000	122.798	22.569	0.000	123.506
1418.000	122.993	22.075	0.000	108.546
1420.000	123.053	20.509	0.000	106.088
1422.000	122.949	18.040	0.000	93.997
1424.000	122.834	15.758	0.000	94.612
1426.000	122.967	16.809	0.000	109.842
1428.000	123.091	18.809	0.000	111.696
1430.000	122.911	18.953	0.000	104.798
1432.000	122.799	19.600	0.000	75.635
1434.000	123.061	21.147	0.000	61.602
1436.000	123.069	20.562	0.000	50.572
1438.000	122.805	18.123	0.000	27.044
1440.000	122.913	16.939	0.000	-0.488
1442.000	123.054	14.911	0.000	-20.802
1444.000	122.994	13.246	0.000	-36.565
1446.000	122.842	12.360	0.000	-53.538
1448.000	122.904	11.357	0.000	-82.090
1450.000	123.088	11.005	0.000	-87.576
1452.000	122.958	11.265	0.000	-117.335
1454.000	122.808	10.222	0.000	-98.891
1456.000	122.960	9.321	0.000	14.873
1458.000	123.119	9.958	0.000	11.649
1460.000	122.859	10.731	0.000	-58.525
1462.000	122.832	10.095	0.000	-83.621
1464.000	123.080	9.119	0.000	-142.265
1466.000	122.974	8.879	0.000	-178.299
1468.000	122.894	9.713	0.000	-156.567
1470.000	122.856	10.288	0.000	-174.624
1472.000	123.048	9.838	0.000	144.160
1474.000	123.040	9.427	0.000	158.634
1476.000	122.761	9.953	0.000	90.643
1478.000	122.968	10.650	0.000	65.545
1480.000	123.081	10.614	0.000	86.027
1482.000	122.901	10.790	0.000	54.956
1484.000	122.818	10.896	0.000	31.255
1486.000	123.017	10.466	0.000	43.384
1488.000	123.041	10.608	0.000	19.963
1490.000	122.845	10.646	0.000	51.028
1492.000	122.882	10.259	0.000	82.456
1494.000	123.012	9.729	0.000	-137.645
1496.000	123.034	10.099	0.000	-169.781
1498.000	122.798	9.616	0.000	-159.988
1500.000	122.906	9.424	0.000	76.066
1502.000	123.117	9.557	0.000	121.811
1504.000	122.884	9.709	0.000	149.106
1506.000	122.820	10.135	0.000	116.249
1508.000	123.013	11.109	0.000	-162.513
1510.000	123.019	10.756	0.000	-170.139
1512.000	122.862	9.343	0.000	-174.295
1514.000	122.863	10.536	0.000	165.403
1516.000	123.014	10.195	0.000	-179.135
1518.000	123.028	10.215	0.000	-175.928
1520.000	122.783	10.083	0.000	170.092
1522.000	122.921	9.939	0.000	93.395
1524.000	123.106	10.353	0.000	83.469
1526.000	122.857	10.443	0.000	89.558
1528.000	122.844	10.753	0.000	105.660
1530.000	122.994	11.209	0.000	104.978
1532.000	123.022	11.151	0.000	108.006
1534.000	122.839	11.892	0.000	92.520
1536.000	122.871	11.163	0.000	108.884
1538.000	123.040	9.618	0.000	114.678
1540.000	122.965	9.693	0.000	99.103
1542.000	122.804	9.913	0.000	-173.987
1544.000	122.923	10.268	0.000	171.529
1546.000	123.108	10.452	0.000	142.133
1548.000	122.815	10.851	0.000	159.115
1550.000	122.861	11.235	0.000	158.444
1552.000	123.034	10.434	0.000	85.005
1554.000	122.953	9.899	0.000	60.078
1556.000	122.854	10.497	0.000	80.113
1558.000	122.866	10.764	0.000	121.306
1560.000	123.070	10.155	0.000	129.307
1562.000	122.914	9.016	0.000	-76.814
1564.000	122.784	9.160	0.000	62.210
1566.000	123.006	8.334	0.000	20.413
1568.000	123.028	9.630	0.000	23.259
1570.000	122.795	10.304	0.000	165.792
1572.000	122.896	10.135	0.000	111.674
1574.000	123.035	9.984	0.000	103.296
1576.000	122.918	9.941	0.000	102.637
1578.000	122.820	9.270	0.000	50.327
1580.000	122.935	10.972	0.000	-49.332
1582.000	123.046	11.435	0.000	62.671
1584.000	122.841	10.804	0.000	31.193
1586.000	122.826	10.644	0.000	35.484
1588.000	123.048	11.031	0.000	12.410
1590.000	122.957	10.587	0.000	23.287
1592.000	122.763	10.458	0.000	48.684
1594.000	122.986	11.059	0.000	35.985
1596.000	122.992	10.331	0.000	83.899
1598.000	122.866	9.933	0.000	-166.668
1600.000	122.839	9.939	0.000	106.143
1602.000	122.982	9.642	0.000	36.978
1604.000	123.013	9.853	0.000	7.975
1606.000	122.750	9.176	0.000	-23.025
1608.000	122.949	9.743	0.000	106.334
1610.000	123.032	10.060	0.000	169.869
1612.000	122.841	10.308	0.000	-55.080
1614.000	122.827	11.174	0.000	7.858
1616.000	123.018	10.349	0.000	12.824
1618.000	122.942	9.625	0.000	-27.535
1620.000	122.809	10.890	0.000	-1.666
1622.000	122.906	10.944	0.000	3.898
1624.000	123.018	10.008	0.000	23.423
1626.000	122.881	11.348	0.000	-19.722
1628.000	122.780	10.380	0.000	-51.329
1630.000	123.042	9.898	0.000	-61.387
1632.000	122.945	9.268	0.000	-12.862
1634.000	122.773	9.656	0.000	-2.985
1636.000	122.943	9.300	0.000	-99.104
1638.000	122.997	8.900	0.000	-59.751
1640.000	122.847	10.017	0.000	-66.571
1642.000	122.836	9.348	0.000	-67.159
1644.000	122.971	9.713	0.000	-87.050
1646.000	122.986	10.462	0.000	-137.698
1648.000	122.747	10.817	0.000	-91.526
1650.000	122.946	10.115	0.000	-5.758
1652.000	123.023	10.754	0.000	6.520
1654.000	122.802	9.808	0.000	-51.386
1656.000	122.851	8.772	0.000	-115.292
1658.000	122.996	10.095	0.000	-23.575
1660.000	122.921	9.917	0.000	-76.245
1662.000	122.785	10.454	0.000	-106.761
1664.000	122.936	11.171	0.000	-115.108
1666.000	122.986	11.640	0.000	-101.291
1668.000	122.836	10.969	0.000	-52.721
1670.000	122.804	11.094	0.000	-79.861
1672.000	123.062	10.631	0.000	-113.062
1674.000	122.859	10.422	0.000	-97.162
1676.000	122.797	10.988	0.000	-102.034
1678.000	122.970	10.099	0.000	-82.605
1680.000	122.944	10.260	0.000	-71.643
1682.000	122.814	10.999	0.000	-69.288
1684.000	122.856	9.671	0.000	-111.752
1686.000	123.005	10.341	0.000	-107.100
1688.000	122.874	11.330	0.000	-152.278
1690.000	122.766	10.736	0.000	-138.324
1692.000	123.012	10.175	0.000	-122.070
1694.000	122.927	9.903	0.000	-126.575
1696.000	122.768	10.034	0.000	-111.930
1698.000	122.927	10.328	0.000	-116.246
1700.000	122.965	9.545	0.000	-120.322
1702.000	122.834	9.119	0.000	-136.244
1704.000	122.816	10.385	0.000	-128.974
1706.000	122.993	11.906	0.000	-120.094
1708.000	122.896	12.241	0.000	-132.516
1710.000	122.772	10.072	0.000	-140.541
1712.000	122.934	10.021	0.000	-128.351
1714.000	122.996	10.090	0.000	-121.348
1716.000	122.736	10.888	0.000	-139.994
1718.000	122.924	10.182	0.000	-130.801
1720.000	122.946	10.633	0.000	-132.653
1722.000	122.860	11.162	0.000	-119.708
1724.000	122.791	10.987	0.000	-130.264
1726.000	122.970	10.977	0.000	-138.388
1728.000	122.928	9.900	0.000	-117.678
1730.000	122.750	11.200	0.000	-122.689
1732.000	122.923	11.522	0.000	-135.198
1734.000	122.979	9.783	0.000	-125.683
1736.000	122.762	10.458	0.000	-149.295
1738.000	122.873	11.421	0.000	-153.964
1740.000	122.967	11.634	0.000	-165.378
1742.000	122.847	11.829	0.000	-165.813
1744.000	122.790	12.418	0.000	-148.765
1746.000	122.948	12.846	0.000	-135.938
1748.000	122.929	12.405	0.000	-156.180
1750.000	122.752	12.419	0.000	-166.184
1752.000	122.900	12.363	0.000	-173.370
1754.000	122.983	11.856	0.000	-163.412
1756.000	122.756	12.708	0.000	-165.599
1758.000	122.867	13.105	0.000	-171.602
1760.000	122.965	13.092	0.000	-172.168
1762.000	122.831	14.072	0.000	-174.981
1764.000	122.799	13.451	0.000	-172.488
1766.000	122.927	13.002	0.000	-179.453
1768.000	122.943	11.978	0.000	-177.145
1770.000	122.721	12.368	0.000	-178.580
1772.000	122.931	13.007	0.000	178.377
1774.000	122.942	13.253	0.000	170.373
1776.000	122.767	13.847	0.000	162.980
1778.000	122.850	13.945	0.000	166.796
1780.000	122.968	14.660	0.000	174.048
1782.000	122.810	14.342	0.000	173.897
1784.000	122.800	13.671	0.000	170.173
1786.000	122.933	14.789	0.000	164.777
1788.000	122.906	14.770	0.000	164.118
1790.000	122.730	14.357	0.000	154.798
1792.000	122.932	14.795	0.000	160.385
1794.000	122.930	14.763	0.000	162.290
1796.000	122.739	15.913	0.000	159.513
1798.000	122.887	17.214	0.000	166.384
1800.000	122.934	17.541	0.000	173.928
1802.000	122.798	17.781	0.000	166.089
1804.000	122.803	18.141	0.000	164.463
1806.000	122.948	19.908	0.000	164.169
1808.000	122.864	20.041	0.000	170.135
1810.000	122.732	21.447	0.000	158.581
1812.000	122.969	23.620	0.000	162.658
1814.000	122.867	23.396	0.000	166.288
1816.000	122.750	25.177	0.000	156.485
1818.000	122.899	27.562	0.000	156.118
1820.000	122.916	28.944	0.000	152.823
1822.000	122.765	30.195	0.000	146.253
1824.000	122.834	32.782	0.000	139.033
1826.000	122.946	34.897	0.000	134.727
1828.000	122.801	35.974	0.000	125.342
1830.000	122.771	38.250	0.000	107.727
1832.000	122.975	40.362	0.000	102.180
1834.000	122.811	40.137	0.000	91.077
1836.000	122.762	41.989	0.000	71.665
1838.000	122.939	43.304	0.000	69.228
1840.000	122.847	43.846	0.000	55.976
1842.000	122.773	45.194	0.000	43.299
1844.000	122.855	46.980	0.000	26.979
1846.000	122.944	48.450	0.000	18.585
1848.000	122.722	48.275	0.000	-3.347
1850.000	122.864	50.521	0.000	-27.575
1852.000	122.935	50.429	0.000	-36.808
1854.000	122.757	49.084	0.000	-66.361
1856.000	122.808	49.168	0.000	-88.144
1858.000	122.941	47.793	0.000	-103.484
1860.000	122.789	45.303	0.000	-123.717
1862.000	122.784	42.318	0.000	-147.398
1864.000	122.903	38.510	0.000	-170.627
1866.000	122.869	32.610	0.000	146.491
1868.000	122.710	36.960	0.000	-9.308
1870.000	122.936	42.587	0.000	-24.678
1872.000	122.861	44.634	0.000	-38.645
1874.000	122.731	47.104	0.000	-67.480
1876.000	122.883	49.466	0.000	-79.398
1878.000	122.885	49.429	0.000	-94.052
1880.000	122.752	49.963	0.000	-113.746
1882.000	122.824	50.174	0.000	-127.969
1884.000	122.922	50.889	0.000	-137.429
1886.000	122.763	49.749	0.000	-145.219
1888.000	122.788	50.740	0.000	-164.343
1890.000	122.955	50.927	0.000	-162.421
1892.000	122.752	49.685	0.000	-177.455
1894.000	122.787	50.448	0.000	171.915
1896.000	122.911	50.492	0.000	166.176
1898.000	122.809	49.712	0.000	158.678
1900.000	122.752	49.503	0.000	147.295
1902.000	122.891	49.939	0.000	144.032
1904.000	122.857	49.600	0.000	142.461
1906.000	122.710	49.490	0.000	131.210
1908.000	122.904	51.316	0.000	125.258
1910.000	122.864	50.747	0.000	123.379
1912.000	122.717	50.522	0.000	103.393
1914.000	122.872	51.170	0.000	98.660
1916.000	122.867	50.016	0.000	92.777
1918.000	122.745	49.354	0.000	84.379
1920.000	122.813	49.269	0.000	79.806
1922.000	122.907	49.655	0.000	80.890
1924.000	122.742	48.929	0.000	79.557
1926.000	122.793	50.786	0.000	70.705
1928.000	122.927	51.594	0.000	75.576
1930.000	122.733	51.458	0.000	60.583
1932.000	122.794	53.122	0.000	51.423
1934.000	122.895	53.375	0.000	43.282
1936.000	122.777	53.149	0.000	32.211
1938.000	122.760	53.175	0.000	16.932
1940.000	122.885	53.594	0.000	11.071
1942.000	122.816	52.562	0.000	5.051
1944.000	122.713	52.313	0.000	-8.712
1946.000	122.918	53.324	0.000	-12.698
1948.000	122.798	52.225	0.000	-16.090
1950.000	122.733	52.360	0.000	-34.713
1952.000	122.879	52.622	0.000	-36.257
1954.000	122.820	51.107	0.000	-45.717
1956.000	122.734	50.383	0.000	-52.884
1958.000	122.837	49.970	0.000	-57.269
1960.000	122.873	49.867	0.000	-51.718
1962.000	122.695	49.230	0.000	-56.597
1964.000	122.861	51.434	0.000	-57.127
1966.000	122.854	51.368	0.000	-55.947
1968.000	122.719	52.297	0.000	-71.208
1970.000	122.824	53.755	0.000	-77.540
1972.000	122.868	54.132	0.000	-86.404
1974.000	122.721	54.185	0.000	-101.368
1976.000	122.807	54.905	0.000	-116.313
1978.000	122.869	55.054	0.000	-124.364
1980.000	122.740	54.010	0.000	-137.643
1982.000	122.771	54.576	0.000	-155.319
1984.000	122.910	54.533	0.000	-158.507
1986.000	122.706	53.031	0.000	-175.729
1988.000	122.800	53.719	0.000	170.358
1990.000	122.861	52.959	0.000	162.967
1992.000	122.751	52.051	0.000	145.660
1994.000	122.757	51.610	0.000	130.318
1996.000	122.878	51.415	0.000	115.819
1998.000	122.760	49.810	0.000	104.835
2000.000	122.729	48.873	0.000	76.558
2002.000	122.912	48.524	0.000	70.253
2004.000	122.728	45.702	0.000	49.465
2006.000	122.759	45.458	0.000	30.060
2008.000	122.864	44.768	0.000	14.632
2010.000	122.766	44.072	0.000	-4.094
2012.000	122.731	44.171	0.000	-29.735
2014.000	122.867	44.897	0.000	-44.327
2016.000	122.781	44.521	0.000	-60.053
2018.000	122.702	45.064	0.000	-81.700
2020.000	122.899	46.627	0.000	-90.505
2022.000	122.750	45.960	0.000	-100.463
2024.000	122.734	47.324	0.000	-119.050
2026.000	122.858	47.896	0.000	-121.825
2028.000	122.772	48.181	0.000	-134.305
2030.000	122.721	48.933	0.000	-144.693
2032.000	122.849	50.395	0.000	-154.844
2034.000	122.795	50.537	0.000	-159.658
2036.000	122.691	51.075	0.000	179.994
2038.000	122.884	52.528	0.000	175.354
2040.000	122.757	51.503	0.000	165.941
2042.000	122.722	52.337	0.000	149.545
2044.000	122.849	52.609	0.000	144.575
2046.000	122.774	52.220	0.000	134.734
2048.000	122.717	52.153	0.000	122.697
2050.000	122.834	52.861	0.000	115.381
2052.000	122.797	52.180	0.000	111.645
2054.000	122.686	52.004	0.000	98.254
2056.000	122.872	53.122	0.000	95.213
2058.000	122.760	52.333	0.000	91.790
2060.000	122.716	53.032	0.000	76.819
2062.000	122.841	53.743	0.000	76.185
2064.000	122.771	53.313	0.000	65.863
2066.000	122.713	53.717	0.000	56.821
2068.000	122.825	54.506	0.000	47.111
2070.000	122.798	54.574	0.000	44.928
2072.000	122.677	54.569	0.000	26.645
2074.000	122.871	55.919	0.000	24.003
2076.000	122.749	54.774	0.000	14.204
2078.000	122.716	55.465	0.000	-0.482
2080.000	122.832	55.749	0.000	-6.927
2082.000	122.767	55.517	0.000	-16.574
2084.000	122.706	55.647	0.000	-31.701
2086.000	122.830	56.274	0.000	-40.709
2088.000	122.777	55.714	0.000	-49.862
2090.000	122.681	55.475	0.000	-68.582
2092.000	122.869	56.339	0.000	-76.569
2094.000	122.732	54.865	0.000	-86.878
2096.000	122.721	55.006	0.000	-106.855
2098.000	122.833	54.520	0.000	-112.512
2100.000	122.743	53.320	0.000	-127.670
2102.000	122.712	52.587	0.000	-141.100
2104.000	122.837	52.274	0.000	-152.663
2106.000	122.742	50.758	0.000	-159.280
2108.000	122.705	49.580	0.000	-179.231
2110.000	122.858	49.227	0.000	178.332
2112.000	122.706	46.467	0.000	167.249
2114.000	122.734	45.720	0.000	156.512
2116.000	122.832	44.039	0.000	155.117
2118.000	122.715	42.273	0.000	151.514
2120.000	122.731	41.371	0.000	146.450
2122.000	122.830	41.229	0.000	147.968
2124.000	122.712	39.705	0.000	144.123
2126.000	122.732	39.543	0.000	135.988
2128.000	122.841	39.507	0.000	138.276
2130.000	122.684	37.964	0.000	132.355
2132.000	122.761	38.733	0.000	126.760
2134.000	122.810	37.955	0.000	127.671
2136.000	122.704	37.627	0.000	120.075
2138.000	122.737	37.737	0.000	114.335
2140.000	122.837	38.721	0.000	111.959
2142.000	122.668	37.704	0.000	99.847
2144.000	122.782	38.735	0.000	85.351
2146.000	122.801	37.858	0.000	81.269
2148.000	122.677	36.857	0.000	60.473
2150.000	122.783	36.742	0.000	49.683
2152.000	122.789	35.239	0.000	37.693
2154.000	122.681	33.212	0.000	20.214
2156.000	122.779	31.708	0.000	2.848
2158.000	122.797	29.205	0.000	-8.424
2160.000	122.657	24.661	0.000	-35.142
2162.000	122.822	20.690	0.000	-82.215
2164.000	122.752	20.095	0.000	-148.242
2166.000	122.683	24.934	0.000	161.952
2168.000	122.817	28.497	0.000	148.496
2170.000	122.734	30.926	0.000	124.136
2172.000	122.699	33.189	0.000	107.610
2174.000	122.811	35.421	0.000	90.669
2176.000	122.734	36.055	0.000	78.920
2178.000	122.697	37.488	0.000	49.742
2180.000	122.829	38.440	0.000	40.978
2182.000	122.698	37.136	0.000	18.327
2184.000	122.727	37.382	0.000	1.076
2186.000	122.805	36.743	0.000	-8.900
2188.000	122.703	35.970	0.000	-22.300
2190.000	122.720	35.783	0.000	-37.659
2192.000	122.819	35.632	0.000	-43.401
2194.000	122.674	34.490	0.000	-56.359
2196.000	122.748	34.870	0.000	-70.489
2198.000	122.809	34.645	0.000	-74.440
2200.000	122.652	33.654	0.000	-93.262
2202.000	122.794	34.548	0.000	-102.038
2204.000	122.759	33.358	0.000	-113.779
2206.000	122.683	32.912	0.000	-127.848
2208.000	122.774	32.915	0.000	-144.906
2210.000	122.776	32.254	0.000	-153.277
2212.000	122.655	30.393	0.000	-178.470
2214.000	122.815	29.731	0.000	172.770
2216.000	122.720	27.112	0.000	165.944
2218.000	122.687	26.734	0.000	154.350
2220.000	122.810	26.093	0.000	150.669
2222.000	122.700	24.416	0.000	136.016
2224.000	122.703	22.578	0.000	120.548
2226.000	122.807	20.878	0.000	115.788
2228.000	122.682	17.365	0.000	115.442
2230.000	122.724	16.771	0.000	115.467
2232.000	122.801	16.420	0.000	123.888
2234.000	122.659	15.676	0.000	126.366
2236.000	122.767	16.165	0.000	129.419
2238.000	122.755	15.842	0.000	131.538
2240.000	122.685	14.517	0.000	124.947
2242.000	122.750	12.718	0.000	117.793
2244.000	122.773	12.445	0.000	115.216
2246.000	122.651	10.781	0.000	119.433
2248.000	122.798	11.748	0.000	152.714
2250.000	122.720	12.775	0.000	166.680
2252.000	122.682	15.385	0.000	174.604
2254.000	122.792	17.563	0.000	170.605
2256.000	122.702	19.776	0.000	152.886
2258.000	122.692	21.606	0.000	139.717
2260.000	122.803	22.379	0.000	130.096
2262.000	122.670	22.606	0.000	112.926
2264.000	122.723	24.222	0.000	95.283
2266.000	122.797	24.801	0.000	88.645
2268.000	122.642	24.439	0.000	65.321
2270.000	122.781	25.619	0.000	55.790
2272.000	122.733	25.004	0.000	43.348
2274.000	122.675	25.249	0.000	28.808
2276.000	122.771	25.935	0.000	15.891
2278.000	122.731	25.796	0.000	6.157
2280.000	122.668	25.707	0.000	-15.813
2282.000	122.794	26.573	0.000	-25.468
2284.000	122.690	25.421	0.000	-42.238
2286.000	122.707	25.849	0.000	-59.135
2288.000	122.773	25.460	0.000	-69.098
2290.000	122.686	25.000	0.000	-82.808
2292.000	122.711	25.025	0.000	-99.457
2294.000	122.783	25.194	0.000	-109.269
2296.000	122.650	23.855	0.000	-127.097
2298.000	122.756	24.194	0.000	-141.267
2300.000	122.752	23.383	0.000	-145.310
2302.000	122.654	23.125	0.000	-162.401
2304.000	122.780	23.385	0.000	-169.740
2306.000	122.710	22.086	0.000	178.115
2308.000	122.676	21.782	0.000	168.636
2310.000	122.784	22.399	0.000	158.685
2312.000	122.684	22.022	0.000	153.871
2314.000	122.704	22.544	0.000	138.269
2316.000	122.781	22.458	0.000	137.052
2318.000	122.659	21.948	0.000	120.921
2320.000	122.737	22.732	0.000	111.788
2322.000	122.753	22.577	0.000	103.506
2324.000	122.660	22.770	0.000	89.671
2326.000	122.754	23.318	0.000	80.560
2328.000	122.738	23.173	0.000	71.974
2330.000	122.647	22.941	0.000	56.775
2332.000	122.806	23.416	0.000	46.373
2334.000	122.668	22.536	0.000	34.248
2336.000	122.710	23.091	0.000	20.095
2338.000	122.766	22.275	0.000	15.592
2340.000	122.666	21.734	0.000	3.527
2342.000	122.725	21.627	0.000	-2.157
2344.000	122.762	21.526	0.000	-5.258
2346.000	122.641	21.059	0.000	-16.734
2348.000	122.781	21.574	0.000	-23.352
2350.000	122.700	20.520	0.000	-27.229
2352.000	122.680	21.280	0.000	-35.274
2354.000	122.769	20.842	0.000	-40.146
2356.000	122.685	20.101	0.000	-50.049
2358.000	122.695	20.598	0.000	-57.194
2360.000	122.775	20.179	0.000	-62.268
2362.000	122.652	19.465	0.000	-72.168
2364.000	122.741	19.582	0.000	-78.356
2366.000	122.742	19.277	0.000	-77.203
2368.000	122.649	18.782	0.000	-83.745
2370.000	122.778	18.989	0.000	-74.269
2372.000	122.691	18.860	0.000	-83.914
2374.000	122.679	18.649	0.000	-92.012
2376.000	122.784	19.824	0.000	-91.072
2378.000	122.653	19.073	0.000	-93.867
2380.000	122.733	20.704	0.000	-102.437
2382.000	122.744	20.557	0.000	-106.327
2384.000	122.655	20.477	0.000	-117.214
2386.000	122.757	21.579	0.000	-122.289
2388.000	122.710	21.525	0.000	-131.729
2390.000	122.672	21.776	0.000	-145.107
2392.000	122.763	22.212	0.000	-152.958
2394.000	122.689	21.472	0.000	-157.840
2396.000	122.688	20.968	0.000	-169.247
2398.000	122.777	21.215	0.000	-172.160
2400.000	122.639	20.399	0.000	179.927
2402.000	122.753	20.278	0.000	172.678
2404.000	122.723	19.736	0.000	165.718
2406.000	122.658	18.862	0.000	156.343
2408.000	122.771	18.752	0.000	151.378
2410.000	122.686	17.889	0.000	151.331
2412.000	122.688	17.724	0.000	140.655
2414.000	122.769	17.956	0.000	144.734
2416.000	122.653	17.157	0.000	132.623
2418.000	122.736	17.397	0.000	128.470
2420.000	122.729	16.888	0.000	124.589
2422.000	122.662	16.533	0.000	116.390
2424.000	122.753	16.078	0.000	107.815
2426.000	122.708	15.091	0.000	98.226
2428.000	122.662	13.139	0.000	103.719
2430.000	122.793	13.888	0.000	98.792
2432.000	122.642	12.941	0.000	95.668
2434.000	122.738	12.294	0.000	104.643
2436.000	122.737	9.882	0.000	105.134
2438.000	122.650	10.365	0.000	90.146
2440.000	122.766	10.849	0.000	80.073
2442.000	122.695	9.906	0.000	78.421
2444.000	122.678	11.264	0.000	102.080
2446.000	122.772	11.897	0.000	107.806
2448.000	122.653	11.140	0.000	99.733
2450.000	122.733	10.480	0.000	115.084
2452.000	122.729	9.959	0.000	122.403
2454.000	122.663	10.958	0.000	113.733
2456.000	122.749	9.896	0.000	111.730
2458.000	122.705	9.901	0.000	105.231
2460.000	122.670	9.685	0.000	91.867
2462.000	122.780	10.335	0.000	110.404
2464.000	122.646	10.016	0.000	100.773
2466.000	122.739	11.454	0.000	98.665
2468.000	122.722	11.224	0.000	87.295
2470.000	122.666	12.076	0.000	90.646
2472.000	122.753	10.903	0.000	88.167
2474.000	122.692	11.647	0.000	96.083
2476.000	122.697	11.101	0.000	73.933
2478.000	122.752	10.219	0.000	83.853
2480.000	122.664	10.487	0.000	70.495
2482.000	122.732	11.258	0.000	78.812
2484.000	122.723	10.261	0.000	80.063
2486.000	122.666	10.560	0.000	75.663
2488.000	122.759	10.876	0.000	95.673
2490.000	122.682	10.765	0.000	89.329
2492.000	122.701	11.102	0.000	76.369
2494.000	122.757	11.188	0.000	68.925
2496.000	122.649	9.992	0.000	54.372
2498.000	122.757	9.671	0.000	43.906
2500.000	122.699	9.559	0.000	32.422
2502.000	122.681	10.288	0.000	35.153
2504.000	122.762	10.976	0.000	49.574
2506.000	122.667	10.763	0.000	65.409
2508.000	122.725	9.931	0.000	64.214
2510.000	122.737	9.191	0.000	43.901
2512.000	122.659	9.551	0.000	46.529
2514.000	122.759	10.237	0.000	71.407
2516.000	122.692	9.722	0.000	23.579
2518.000	122.685	9.952	0.000	17.334
2520.000	122.771	11.239	0.000	8.349
2522.000	122.644	9.783	0.000	0.776
2524.000	122.757	9.940	0.000	-7.699
2526.000	122.700	10.000	0.000	-9.157
2528.000	122.697	9.038	0.000	22.530
2530.000	122.742	8.991	0.000	35.093
2532.000	122.689	9.207	0.000	-4.842
2534.000	122.711	9.498	0.000	-18.680
2536.000	122.745	9.957	0.000	16.579
2538.000	122.659	9.897	0.000	25.418
2540.000	122.764	10.247	0.000	-0.212
2542.000	122.686	10.567	0.000	-27.232
2544.000	122.702	10.735	0.000	-54.407
2546.000	122.753	10.510	0.000	-57.779
2548.000	122.659	9.350	0.000	-32.484
2550.000	122.749	9.252	0.000	-28.182
2552.000	122.710	10.054	0.000	-22.962
2554.000	122.681	9.511	0.000	-27.074
2556.000	122.767	10.113	0.000	-59.606
2558.000	122.664	9.326	0.000	-57.406
2560.000	122.737	9.608	0.000	-72.195
2562.000	122.725	10.401	0.000	-86.375
2564.000	122.671	9.451	0.000	-70.863
2566.000	122.763	8.865	0.000	-93.850
2568.000	122.681	10.367	0.000	-78.876
2570.000	122.717	10.561	0.000	-84.059
2572.000	122.748	11.060	0.000	-83.254
2574.000	122.663	11.419	0.000	-121.542
2576.000	122.761	10.803	0.000	-118.851
2578.000	122.689	10.332	0.000	-136.335
2580.000	122.706	9.330	0.000	-143.766
2582.000	122.752	8.903	0.000	-132.582
2584.000	122.666	9.763	0.000	-116.765
2586.000	122.755	10.449	0.000	-158.692
2588.000	122.706	11.552	0.000	-154.486
2590.000	122.694	10.482	0.000	-143.129
2592.000	122.758	9.720	0.000	-160.210
2594.000	122.672	10.588	0.000	-166.252
2596.000	122.742	11.177	0.000	-142.346
2598.000	122.723	11.160	0.000	-154.125
2600.000	122.684	9.792	0.000	170.677
2602.000	122.764	10.081	0.000	-158.828
2604.000	122.676	9.619	0.000	-171.536
2606.000	122.736	10.558	0.000	-167.778
2608.000	122.728	10.962	0.000	-148.448
2610.000	122.681	11.294	0.000	-158.501
2612.000	122.761	10.646	0.000	-176.985
2614.000	122.692	8.991	0.000	-174.780
2616.000	122.715	8.114	0.000	175.497
2618.000	122.757	8.361	0.000	177.243
2620.000	122.660	9.678	0.000	168.076
2622.000	122.777	10.483	0.000	156.864
2624.000	122.684	10.643	0.000	154.503
2626.000	122.720	10.207	0.000	159.502
2628.000	122.751	9.399	0.000	156.908
2630.000	122.672	9.004	0.000	153.681
2632.000	122.763	9.430	0.000	162.287
2634.000	122.700	9.332	0.000	158.598
2636.000	122.708	11.196	0.000	149.460
2638.000	122.762	10.557	0.000	150.601
2640.000	122.664	10.626	0.000	147.770
2642.000	122.768	10.751	0.000	152.483
2644.000	122.699	10.347	0.000	154.161
2646.000	122.714	9.746	0.000	136.315
2648.000	122.758	9.606	0.000	148.586
2650.000	122.678	8.960	0.000	142.367
2652.000	122.756	9.803	0.000	138.066
2654.000	122.713	10.512	0.000	123.081
2656.000	122.700	10.498	0.000	127.033
2658.000	122.770	10.707	0.000	127.186
2660.000	122.666	9.851	0.000	101.614
2662.000	122.771	10.056	0.000	93.842
2664.000	122.703	10.214	0.000	84.698
2666.000	122.714	9.840	0.000	106.875
2668.000	122.756	9.257	0.000	104.506
2670.000	122.683	9.527	0.000	82.243
2672.000	122.752	10.483	0.000	118.298
2674.000	122.721	10.840	0.000	112.425
2676.000	122.705	10.741	0.000	87.278
2678.000	122.768	9.677	0.000	74.942
2680.000	122.671	8.886	0.000	52.070
2682.000	122.771	9.602	0.000	63.019
2684.000	122.711	9.782	0.000	48.298
2686.000	122.703	9.098	0.000	39.609
2688.000	122.784	9.390	0.000	84.893
2690.000	122.664	9.913	0.000	81.921
2692.000	122.780	10.028	0.000	79.106
2694.000	122.695	9.032	0.000	107.129
2696.000	122.736	9.557	0.000	73.453
2698.000	122.742	9.865	0.000	28.909
2700.000	122.700	9.261	0.000	13.425
2702.000	122.752	9.050	0.000	56.794
2704.000	122.723	10.344	0.000	63.352
2706.000	122.712	8.633	0.000	68.642
2708.000	122.771	9.628	0.000	78.738
2710.000	122.675	10.157	0.000	58.588
2712.000	122.781	9.014	0.000	61.215
2714.000	122.696	8.329	0.000	32.733
2716.000	122.736	9.747	0.000	-5.487
2718.000	122.750	8.727	0.000	64.219
2720.000	122.692	8.194	0.000	87.567
2722.000	122.774	9.489	0.000	22.143
2724.000	122.704	9.348	0.000	32.539
2726.000	122.731	9.239	0.000	159.370
2728.000	122.760	8.838	0.000	14.665
2730.000	122.682	8.598	0.000	6.579
2732.000	122.785	9.994	0.000	1.631
2734.000	122.684	10.217	0.000	14.411
2736.000	122.769	9.034	0.000	130.843
2738.000	122.721	9.499	0.000	-164.763
2740.000	122.722	9.570	0.000	46.160
2742.000	122.758	9.261	0.000	-30.160
2744.000	122.704	8.036	0.000	-20.882
2746.000	122.752	9.126	0.000	-49.024
2748.000	122.734	8.107	0.000	-3.474
2750.000	122.715	9.419	0.000	1.337
2752.000	122.772	9.491	0.000	15.487
2754.000	122.693	9.818	0.000	-38.761
2756.000	122.765	9.157	0.000	-8.160
2758.000	122.724	9.465	0.000	11.554
2760.000	122.719	10.101	0.000	-25.465
2762.000	122.776	9.230	0.000	-15.546
2764.000	122.684	9.261	0.000	-81.911
2766.000	122.788	9.393	0.000	-70.552
2768.000	122.694	10.105	0.000	-87.077
2770.000	122.763	9.496	0.000	-78.278
2772.000	122.734	9.307	0.000	-106.792
2774.000	122.717	9.077	0.000	-119.823
2776.000	122.777	9.554	0.000	-141.606
2778.000	122.702	8.844	0.000	-134.465
2780.000	122.758	8.877	0.000	-67.917
2782.000	122.743	9.999	0.000	-63.457
2784.000	122.712	9.638	0.000	-102.307
2786.000	122.781	9.939	0.000	-72.934
2788.000	122.688	10.788	0.000	-73.849
2790.000	122.781	10.464	0.000	-107.633
2792.000	122.715	9.375	0.000	-87.499
2794.000	122.746	9.263	0.000	-95.470
2796.000	122.750	9.447	0.000	-91.844
2798.000	122.725	9.841	0.000	-99.236
2800.000	122.757	9.010	0.000	-79.231
2802.000	122.732	9.296	0.000	-145.730
2804.000	122.733	8.951	0.000	-132.619
2806.000	122.764	9.187	0.000	-144.228
2808.000	122.701	9.077	0.000	176.519
2810.000	122.794	9.731	0.000	-113.611
2812.000	122.692	9.712	0.000	-129.116
2814.000	122.772	9.507	0.000	171.350
2816.000	122.733	8.887	0.000	-163.364
2818.000	122.728	9.029	0.000	-100.235
2820.000	122.778	10.148	0.000	-122.245
2822.000	122.694	9.750	0.000	-163.073
2824.000	122.793	8.395	0.000	-171.300
2826.000	122.702	8.140	0.000	-154.473
2828.000	122.774	8.882	0.000	-115.103
2830.000	122.730	9.588	0.000	-119.117
2832.000	122.737	9.000	0.000	-155.601
2834.000	122.769	9.301	0.000	-156.648
2836.000	122.722	10.038	0.000	-163.992
2838.000	122.762	10.408	0.000	-171.875
2840.000	122.742	9.964	0.000	-161.735
2842.000	122.731	9.859	0.000	174.558
2844.000	122.777	10.105	0.000	-171.058
2846.000	122.704	10.180	0.000	-148.531
2848.000	122.785	10.953	0.000	-140.428
2850.000	122.717	10.760	0.000	175.231
2852.000	122.760	10.503	0.000	160.665
2854.000	122.755	10.390	0.000	-168.610
2856.000	122.723	10.746	0.000	-148.947
2858.000	122.781	10.724	0.000	-166.192
2860.000	122.708	9.955	0.000	172.532
2862.000	122.785	10.093	0.000	166.569
2864.000	122.718	9.833	0.000	179.153
2866.000	122.767	9.621	0.000	-167.410
2868.000	122.746	9.258	0.000	-145.814
2870.000	122.739	9.095	0.000	150.331
2872.000	122.768	9.560	0.000	-178.443
2874.000	122.725	10.436	0.000	-171.017
2876.000	122.765	10.398	0.000	-161.791
2878.000	122.748	10.059	0.000	177.166
2880.000	122.738	9.677	0.000	162.910
2882.000	122.772	8.865	0.000	175.193
2884.000	122.725	9.956	0.000	161.523
2886.000	122.768	10.328	0.000	149.634
2888.000	122.747	10.828	0.000	149.757
2890.000	122.739	10.316	0.000	155.478
2892.000	122.780	10.663	0.000	153.394
2894.000	122.712	10.027	0.000	-167.513
2896.000	122.800	10.173	0.000	179.245
2898.000	122.701	10.365	0.000	158.049
2900.000	122.796	10.352	0.000	148.989
2902.000	122.719	10.495	0.000	169.135
2904.000	122.766	11.480	0.000	-176.233
2906.000	122.764	11.377	0.000	179.852
2908.000	122.720	10.583	0.000	173.184
2910.000	122.801	9.954	0.000	175.271
2912.000	122.696	9.411	0.000	-152.300
2914.000	122.807	10.844	0.000	-176.295
2916.000	122.714	11.903	0.000	171.978
2918.000	122.773	11.608	0.000	171.597
2920.000	122.751	12.176	0.000	-169.751
2922.000	122.739	10.832	0.000	-167.200
2924.000	122.782	10.412	0.000	-164.757
2926.000	122.723	12.033	0.000	-174.069
2928.000	122.783	13.515	0.000	-178.283
2930.000	122.726	12.789	0.000	-175.613
2932.000	122.773	11.947	0.000	-177.370
2934.000	122.750	12.172	0.000	-177.714
2936.000	122.750	13.537	0.000	177.475
2938.000	122.771	13.506	0.000	177.502
2940.000	122.733	14.004	0.000	171.754
2942.000	122.775	14.009	0.000	169.457
2944.000	122.743	14.552	0.000	167.632
2946.000	122.758	15.445	0.000	170.777
2948.000	122.762	16.622	0.000	173.069
2950.000	122.740	16.577	0.000	166.273
2952.000	122.779	17.435	0.000	167.984
2954.000	122.736	18.771	0.000	164.218
2956.000	122.768	19.605	0.000	161.495
2958.000	122.749	20.440	0.000	154.581
2960.000	122.750	21.117	0.000	153.358
2962.000	122.776	21.625	0.000	152.415
2964.000	122.733	22.906	0.000	143.171
2966.000	122.784	23.623	0.000	143.007
2968.000	122.731	24.049	0.000	134.997
2970.000	122.779	24.918	0.000	132.054
2972.000	122.747	25.419	0.000	126.135
2974.000	122.761	26.205	0.000	122.117
2976.000	122.762	26.611	0.000	117.442
2978.000	122.742	27.524	0.000	113.791
2980.000	122.781	27.820	0.000	110.587
2982.000	122.731	28.601	0.000	103.259
2984.000	122.785	29.413	0.000	100.359
2986.000	122.735	29.676	0.000	94.542
2988.000	122.765	30.878	0.000	89.984
2990.000	122.762	31.189	0.000	85.184
2992.000	122.747	32.391	0.000	78.992
2994.000	122.780	32.657	0.000	74.295
2996.000	122.735	33.670	0.000	66.967
2998.000	122.775	34.039	0.000	61.904
3000.000	122.744	34.755	0.000	54.309
3002.000	122.769	35.270	0.000	47.614
3004.000	122.760	35.699	0.000	41.246
3006.000	122.755	36.536	0.000	34.110
3008.000	122.766	36.463	0.000	28.055
3010.000	122.744	37.170	0.000	21.979
3012.000	122.779	37.328	0.000	16.274
3014.000	122.742	37.770	0.000	8.718
3016.000	122.772	38.219	0.000	2.715
3018.000	122.751	38.250	0.000	-3.945
3020.000	122.755	39.037	0.000	-10.307
3022.000	122.779	39.089	0.000	-15.077
3024.000	122.739	39.553	0.000	-23.026
3026.000	122.791	39.595	0.000	-27.244
3028.000	122.721	39.818	0.000	-35.380
3030.000	122.795	40.345	0.000	-39.594
3032.000	122.734	40.343	0.000	-46.868
3034.000	122.779	40.881	0.000	-51.317
3036.000	122.755	40.934	0.000	-58.597
3038.000	122.755	41.264	0.000	-63.866
3040.000	122.766	41.391	0.000	-69.783
3042.000	122.748	41.615	0.000	-76.285
3044.000	122.775	41.928	0.000	-80.430
3046.000	122.748	42.004	0.000	-88.046
3048.000	122.774	42.451	0.000	-91.723
3050.000	122.742	42.402	0.000	-99.325
3052.000	122.774	43.109	0.000	-103.732
3054.000	122.751	42.875	0.000	-110.223
3056.000	122.772	43.553	0.000	-117.080
3058.000	122.756	43.482	0.000	-120.477
3060.000	122.766	44.065	0.000	-129.988
3062.000	122.757	43.843	0.000	-132.927
3064.000	122.759	44.137	0.000	-142.367
3066.000	122.772	44.192	0.000	-146.867
3068.000	122.744	44.204	0.000	-154.178
3070.000	122.780	44.455	0.000	-160.691
3072.000	122.734	44.255	0.000	-166.132
3074.000	122.786	44.637	0.000	-174.031
3076.000	122.741	44.278	0.000	-178.242
3078.000	122.779	44.639	0.000	173.559
3080.000	122.759	44.248	0.000	169.086
3082.000	122.742	44.368	0.000	162.140
3084.000	122.792	44.333	0.000	157.693
3086.000	122.718	44.102	0.000	151.007
3088.000	122.809	44.380	0.000	146.760
3090.000	122.725	43.789	0.000	140.714
3092.000	122.780	44.151	0.000	136.138
3094.000	122.757	43.620	0.000	131.526
3096.000	122.741	43.927	0.000	125.839
3098.000	122.795	43.702	0.000	122.356
3100.000	122.725	43.776	0.000	116.487
3102.000	122.796	43.849	0.000	112.634
3104.000	122.738	43.887	0.000	107.727
3106.000	122.761	43.984	0.000	102.788
3108.000	122.778	43.966	0.000	98.730
3110.000	122.735	44.047	0.000	91.588
3112.000	122.798	44.049	0.000	88.884
3114.000	122.736	44.207	0.000	80.777
3116.000	122.773	43.999	0.000	77.582
3118.000	122.752	44.236	0.000	70.018
3120.000	122.762	44.027	0.000	65.337
3122.000	122.762	44.093	0.000	58.441
3124.000	122.771	44.119	0.000	52.984
3126.000	122.739	43.806	0.000	46.535
3128.000	122.793	44.006	0.000	40.244
3130.000	122.719	43.432	0.000	34.567
3132.000	122.798	43.643	0.000	27.304
3134.000	122.741	43.064	0.000	22.532
3136.000	122.759	42.817	0.000	14.550
3138.000	122.791	42.689	0.000	11.058
3140.000	122.705	41.921	0.000	2.744
3142.000	122.826	41.954	0.000	0.755
3144.000	122.696	40.799	0.000	-7.323
3146.000	122.812	40.688	0.000	-9.956
3148.000	122.735	39.802	0.000	-15.442
3150.000	122.762	39.466	0.000	-18.768
3152.000	122.777	38.774	0.000	-21.423
3154.000	122.728	38.243	0.000	-25.213
3156.000	122.787	37.601	0.000	-25.509
3158.000	122.750	37.144	0.000	-28.562
3160.000	122.760	36.398	0.000	-27.469
3162.000	122.776	36.279	0.000	-28.380
3164.000	122.743	35.861	0.000	-26.674
3166.000	122.770	35.800	0.000	-26.609
3168.000	122.762	35.897	0.000	-26.525
3170.000	122.744	35.745	0.000	-26.634
3172.000	122.795	36.360	0.000	-26.990
3174.000	122.727	36.053	0.000	-26.916
3176.000	122.782	36.886	0.000	-28.834
3178.000	122.752	36.768	0.000	-29.465
3180.000	122.738	37.409	0.000	-32.110
3182.000	122.800	37.561	0.000	-34.379
3184.000	122.718	38.061	0.000	-36.737
3186.000	122.799	38.468	0.000	-40.251
3188.000	122.734	38.593	0.000	-42.660
3190.000	122.761	39.188	0.000	-47.833
3192.000	122.766	39.206	0.000	-50.095
3194.000	122.748	39.765	0.000	-55.292
3196.000	122.771	39.691	0.000	-59.371
3198.000	122.762	40.053	0.000	-63.938
3200.000	122.750	40.158	0.000	-67.892
3202.000	122.767	40.472	0.000	-73.553
3204.000	122.753	40.575	0.000	-76.934
3206.000	122.738	40.599	0.000	-83.635
3208.000	122.804	40.727	0.000	-85.839
3210.000	122.702	40.506	0.000	-92.965
3212.000	122.822	40.718	0.000	-95.469
3214.000	122.710	40.281	0.000	-101.175
3216.000	122.779	40.483	0.000	-104.002
3218.000	122.760	40.028	0.000	-106.292
3220.000	122.730	40.338	0.000	-110.059
3222.000	122.797	40.057	0.000	-110.113
3224.000	122.734	40.320	0.000	-113.844
3226.000	122.769	40.306	0.000	-113.148
3228.000	122.762	40.767	0.000	-117.270
3230.000	122.741	41.000	0.000	-116.325
3232.000	122.758	41.656	0.000	-121.013
3234.000	122.774	42.073	0.000	-121.904
3236.000	122.724	42.839	0.000	-126.903
3238.000	122.804	43.244	0.000	-129.919
3240.000	122.720	43.844	0.000	-135.648
3242.000	122.770	44.428	0.000	-140.897
3244.000	122.768	44.924	0.000	-146.372
3246.000	122.721	45.476	0.000	-152.765
3248.000	122.799	45.755	0.000	-158.983
3250.000	122.724	46.153	0.000	-166.561
3252.000	122.773	46.311	0.000	-171.882
3254.000	122.765	46.752	0.000	179.353
3256.000	122.738	46.726	0.000	174.761
3258.000	122.757	47.157	0.000	165.669
3260.000	122.770	47.029	0.000	160.163
3262.000	122.711	47.170	0.000	152.888
3264.000	122.815	47.549	0.000	145.933
3266.000	122.703	47.128	0.000	140.360
3268.000	122.793	47.801	0.000	132.408
3270.000	122.742	47.247	0.000	127.104
3272.000	122.740	47.841	0.000	120.061
3274.000	122.769	47.473	0.000	113.397
3276.000	122.740	47.598	0.000	106.587
3278.000	122.753	47.653	0.000	100.579
3280.000	122.767	47.658	0.000	91.468
3282.000	122.749	47.557	0.000	87.643
3284.000	122.745	47.724	0.000	77.434
3286.000	122.774	47.455	0.000	73.273
3288.000	122.718	47.779	0.000	64.168
3290.000	122.771	47.311	0.000	58.015
3292.000	122.750	47.394	0.000	50.953
3294.000	122.743	47.328	0.000	43.580
3296.000	122.775	47.062	0.000	35.893
3298.000	122.748	47.269	0.000	29.819
3300.000	122.730	46.715	0.000	20.422
3302.000	122.790	46.881	0.000	14.778
3304.000	122.697	46.305	0.000	5.753
3306.000	122.783	46.391	0.000	-1.912
3308.000	122.750	45.845	0.000	-9.214
3310.000	122.725	45.669	0.000	-17.528
3312.000	122.799	45.322	0.000	-24.476
3314.000	122.715	44.861	0.000	-32.622
3316.000	122.761	44.686	0.000	-39.680
3318.000	122.745	43.858	0.000	-47.210
3320.000	122.747	43.940	0.000	-52.971
3322.000	122.729	43.060	0.000	-61.531
3324.000	122.798	43.100	0.000	-66.082
3326.000	122.691	42.282	0.000	-75.388
3328.000	122.810	42.146	0.000	-81.125
3330.000	122.714	41.531	0.000	-89.282
3332.000	122.749	41.283	0.000	-96.716
3334.000	122.756	40.697	0.000	-104.591
3336.000	122.740	40.350	0.000	-112.336
3338.000	122.726	39.523	0.000	-120.571
3340.000	122.789	39.095	0.000	-128.418
3342.000	122.711	38.007	0.000	-135.987
3344.000	122.771	37.609	0.000	-144.442
3346.000	122.758	36.506	0.000	-150.016
3348.000	122.713	36.007	0.000	-157.930
3350.000	122.776	34.909	0.000	-162.541
3352.000	122.719	34.201	0.000	-170.091
3354.000	122.746	33.263	0.000	-174.738
3356.000	122.747	32.531	0.000	178.733
3358.000	122.760	31.736	0.000	175.505
3360.000	122.720	31.249	0.000	166.886
3362.000	122.784	30.671	0.000	160.926
3364.000	122.719	29.953	0.000	155.831
3366.000	122.738	29.286	0.000	148.620
3368.000	122.756	27.981	0.000	143.320
3370.000	122.731	27.689	0.000	134.408
3372.000	122.726	26.219	0.000	130.866
3374.000	122.795	25.819	0.000	125.211
3376.000	122.688	24.471	0.000	116.772
3378.000	122.786	23.853	0.000	111.573
3380.000	122.744	22.986	0.000	107.033
3382.000	122.707	21.723	0.000	99.419
3384.000	122.770	20.947	0.000	99.056
3386.000	122.734	19.836	0.000	94.204
3388.000	122.703	19.362	0.000	91.784
3390.000	122.788	18.581	0.000	89.145
3392.000	122.721	17.376	0.000	85.494
3394.000	122.723	17.244	0.000	78.504
3396.000	122.797	16.414	0.000	78.364
3398.000	122.691	15.314	0.000	71.134
3400.000	122.757	14.773	0.000	73.255
3402.000	122.750	14.388	0.000	68.674
3404.000	122.708	14.333	0.000	73.098
3406.000	122.732	13.646	0.000	73.633
3408.000	122.775	13.071	0.000	78.093
3410.000	122.685	14.170	0.000	83.771
3412.000	122.779	15.449	0.000	77.505
3414.000	122.746	16.741	0.000	72.590
3416.000	122.711	17.234	0.000	67.235
3418.000	122.754	17.432	0.000	56.311
3420.000	122.756	18.466	0.000	46.253
3422.000	122.675	18.911	0.000	41.677
3424.000	122.784	19.729	0.000	31.865
3426.000	122.710	20.147	0.000	21.409
3428.000	122.722	21.142	0.000	12.257
3430.000	122.763	21.565	0.000	3.886
3432.000	122.734	21.875	0.000	-5.470
3434.000	122.714	22.311	0.000	-13.123
3436.000	122.770	22.873	0.000	-23.576
3438.000	122.722	22.951	0.000	-32.637
3440.000	122.704	23.705	0.000	-42.245
3442.000	122.757	23.531	0.000	-49.651
3444.000	122.724	24.406	0.000	-57.809
3446.000	122.692	24.017	0.000	-65.930
3448.000	122.791	24.989	0.000	-73.619
3450.000	122.712	24.698	0.000	-79.843
3452.000	122.706	25.027	0.000	-89.765
3454.000	122.799	25.405	0.000	-97.679
3456.000	122.685	25.446	0.000	-106.772
3458.000	122.731	25.579	0.000	-112.226
3460.000	122.752	25.788	0.000	-121.894
3462.000	122.712	26.247	0.000	-126.522
3464.000	122.687	26.470	0.000	-134.458
3466.000	122.802	26.790	0.000	-141.788
3468.000	122.654	26.586	0.000	-148.563
3470.000	122.762	27.413	0.000	-155.668
3472.000	122.749	27.258	0.000	-165.099
3474.000	122.711	27.823	0.000	-170.431
3476.000	122.724	28.229	0.000	-179.825
3478.000	122.769	28.519	0.000	169.202
3480.000	122.679	28.362	0.000	161.569
3482.000	122.733	28.829	0.000	152.847
3484.000	122.729	28.245	0.000	142.725
3486.000	122.719	28.681	0.000	135.186
3488.000	122.682	28.653	0.000	122.834
3490.000	122.784	28.392	0.000	117.014
3492.000	122.689	28.248	0.000	105.719
3494.000	122.728	28.316	0.000	96.838
3496.000	122.760	28.327	0.000	87.233
3498.000	122.716	28.259	0.000	80.163
3500.000	122.702	27.920	0.000	70.078
3502.000	122.757	27.836	0.000	61.041
3504.000	122.698	27.279	0.000	53.012
3506.000	122.697	27.425	0.000	42.244
3508.000	122.734	26.818	0.000	31.902
3510.000	122.728	26.608	0.000	23.929
3512.000	122.673	25.815	0.000	14.649
3514.000	122.762	25.434	0.000	5.727
3516.000	122.730	25.291	0.000	-3.424
3518.000	122.679	24.605	0.000	-14.081
3520.000	122.769	24.395	0.000	-14.431
3522.000	122.733	24.568	0.000	-23.800
3524.000	122.672	23.391	0.000	-28.095
3526.000	122.747	23.206	0.000	-33.984
3528.000	122.732	22.683	0.000	-40.702
3530.000	122.654	23.043	0.000	-45.612
3532.000	122.736	22.924	0.000	-51.731
3534.000	122.743	22.940	0.000	-61.710
3536.000	122.648	22.601	0.000	-68.238
3538.000	122.755	23.332	0.000	-70.998
3540.000	122.746	23.428	0.000	-77.224
3542.000	122.670	23.345	0.000	-83.723
3544.000	122.746	23.707	0.000	-89.524
3546.000	122.740	23.840	0.000	-97.418
3548.000	122.697	24.116	0.000	-103.266
3550.000	122.697	24.651	0.000	-110.408
3552.000	122.745	24.665	0.000	-118.822
3554.000	122.694	25.015	0.000	-125.801
3556.000	122.669	25.193	0.000	-133.643
3558.000	122.740	25.096	0.000	-139.007
3560.000	122.718	25.316	0.000	-145.777
3562.000	122.644	25.005	0.000	-157.312
3564.000	122.766	25.139	0.000	-161.416
3566.000	122.720	25.143	0.000	-172.730
3568.000	122.675	24.489	0.000	-176.812
3570.000	122.736	24.892	0.000	173.327
3572.000	122.759	24.477	0.000	167.767
3574.000	122.657	24.268	0.000	161.220
3576.000	122.718	23.838	0.000	154.850
3578.000	122.757	23.640	0.000	148.194
3580.000	122.661	23.207	0.000	145.906
3582.000	122.671	23.190	0.000	139.608
3584.000	122.776	23.344	0.000	136.583
3586.000	122.646	22.693	0.000	130.962
3588.000	122.680	22.652	0.000	127.756
3590.000	122.739	22.960	0.000	121.498
3592.000	122.716	23.161	0.000	116.605
3594.000	122.645	22.966	0.000	112.856
3596.000	122.762	23.059	0.000	108.502
3598.000	122.731	22.737	0.000	107.015
3600.000	122.656	22.381	0.000	102.989
3602.000	122.731	22.582	0.000	96.421
3604.000	122.757	22.750	0.000	93.624
3606.000	122.643	22.477	0.000	88.535
3608.000	122.707	22.717	0.000	84.345
3610.000	122.742	22.916	0.000	77.821
3612.000	122.652	22.168	0.000	78.464
3614.000	122.685	22.814	0.000	72.340
3616.000	122.701	22.635	0.000	64.853
3618.000	122.712	23.312	0.000	60.768
3620.000	122.653	23.248	0.000	56.210
3622.000	122.693	23.113	0.000	50.211
3624.000	122.753	23.300	0.000	49.464
3626.000	122.654	23.814	0.000	40.134
3628.000	122.695	23.436	0.000	36.802
3630.000	122.754	23.709	0.000	31.552
3632.000	122.703	24.009	0.000	23.866
3634.000	122.650	23.797	0.000	16.571
3636.000	122.759	23.702	0.000	10.461
3638.000	122.711	23.445	0.000	1.167
3640.000	122.645	23.753	0.000	-1.851
3642.000	122.700	23.901	0.000	-12.714
3644.000	122.742	23.114	0.000	-17.085
3646.000	122.630	22.581	0.000	-28.737
3648.000	122.662	22.207	0.000	-34.961
3650.000	122.739	21.932	0.000	-42.591
3652.000	122.655	20.759	0.000	-50.653
3654.000	122.650	19.923	0.000	-60.926
3656.000	122.710	19.411	0.000	-65.695
3658.000	122.714	18.008	0.000	-69.452
3660.000	122.659	16.657	0.000	-75.147
3662.000	122.673	14.934	0.000	-77.961
3664.000	122.764	13.563	0.000	-74.597
3666.000	122.683	11.072	0.000	-73.448
3668.000	122.646	9.711	0.000	-63.240
3670.000	122.763	10.905	0.000	-42.620
3672.000	122.704	11.993	0.000	-29.216
3674.000	122.658	12.884	0.000	-21.196
3676.000	122.683	14.105	0.000	-20.339
3678.000	122.753	15.480	0.000	-24.985
3680.000	122.641	15.787	0.000	-28.717
3682.000	122.657	16.982	0.000	-30.047
3684.000	122.689	17.330	0.000	-37.841
3686.000	122.732	17.493	0.000	-43.853
3688.000	122.574	17.239	0.000	-57.866
3690.000	122.694	16.933	0.000	-62.199
3692.000	122.728	17.653	0.000	-69.939
3694.000	122.631	16.605	0.000	-74.760
3696.000	122.618	16.281	0.000	-77.002
3698.000	122.757	16.745	0.000	-81.384
3700.000	122.674	16.602	0.000	-93.055
3702.000	122.634	16.258	0.000	-91.804
3704.000	122.689	16.552	0.000	-96.265
3706.000	122.777	16.279	0.000	-103.400
3708.000	122.616	15.518	0.000	-102.902
3710.000	122.692	16.083	0.000	-98.201
3712.000	122.735	15.770	0.000	-107.011
3714.000	122.709	14.641	0.000	-104.415
3716.000	122.640	13.355	0.000	-105.752
3718.000	122.709	14.170	0.000	-106.248
3720.000	122.710	14.722	0.000	-109.685
3722.000	122.684	15.257	0.000	-106.918
3724.000	122.636	15.481	0.000	-110.531
3726.000	122.681	14.744	0.000	-116.445
3728.000	122.730	15.029	0.000	-115.171
3730.000	122.611	15.011	0.000	-122.667
3732.000	122.626	14.582	0.000	-124.083
3734.000	122.727	13.653	0.000	-127.765
3736.000	122.649	11.256	0.000	-126.878
3738.000	122.596	10.180	0.000	-120.570
3740.000	122.665	11.088	0.000	-91.766
3742.000	122.695	11.040	0.000	-56.816
3744.000	122.646	13.625	0.000	-47.253
3746.000	122.581	16.046	0.000	-59.633
3748.000	122.727	18.005	0.000	-60.596
3750.000	122.682	18.842	0.000	-62.165
3752.000	122.625	20.303	0.000	-73.137
3754.000	122.630	20.480	0.000	-82.335
3756.000	122.761	21.552	0.000	-86.939
3758.000	122.658	21.895	0.000	-98.627
3760.000	122.641	22.592	0.000	-102.044
3762.000	122.684	23.300	0.000	-109.778
3764.000	122.754	23.772	0.000	-114.281
3766.000	122.657	23.999	0.000	-123.006
3768.000	122.647	24.471	0.000	-128.962
3770.000	122.714	25.120	0.000	-135.643
3772.000	122.757	25.324	0.000	-140.541
3774.000	122.615	24.762	0.000	-148.156
3776.000	122.685	25.346	0.000	-151.241
3778.000	122.701	25.065	0.000	-159.020
3780.000	122.727	25.156	0.000	-158.540
3782.000	122.623	25.355	0.000	-167.557
3784.000	122.632	25.390	0.000	-172.581
3786.000	122.742	25.201	0.000	-173.091
3788.000	122.685	25.566	0.000	-174.535
3790.000	122.558	25.657	0.000	177.926
3792.000	122.666	25.615	0.000	177.111
3794.000	122.738	26.365	0.000	170.950
3796.000	122.600	26.581	0.000	164.137
3798.000	122.562	26.808	0.000	163.867
3800.000	122.693	27.707	0.000	156.460
3802.000	122.674	27.421	0.000	148.074
3804.000	122.576	27.979	0.000	146.314
3806.000	122.576	28.312	0.000	138.183
3808.000	122.669	28.302	0.000	130.575
3810.000	122.672	28.346	0.000	124.308
3812.000	122.537	28.407	0.000	117.842
3814.000	122.600	28.520	0.000	110.638
3816.000	122.676	28.272	0.000	102.744
3818.000	122.629	27.684	0.000	98.581
3820.000	122.581	27.827	0.000	91.316
3822.000	122.577	27.184	0.000	82.716
3824.000	122.691	27.281	0.000	76.148
3826.000	122.646	26.453	0.000	72.457
3828.000	122.570	26.384	0.000	65.160
3830.000	122.598	25.369	0.000	58.750
3832.000	122.715	25.273	0.000	60.242
3834.000	122.645	24.719	0.000	54.932
3836.000	122.584	23.926	0.000	52.845
3838.000	122.617	23.308	0.000	52.103
3840.000	122.735	22.907	0.000	51.725
3842.000	122.658	22.695	0.000	50.432
3844.000	122.609	23.000	0.000	48.794
3846.000	122.605	22.050	0.000	47.915
3848.000	122.799	22.812	0.000	53.339
3850.000	122.665	22.888	0.000	44.500
3852.000	122.582	22.696	0.000	45.761
3854.000	122.693	23.637	0.000	44.453
3856.000	122.776	24.612	0.000	42.609
3858.000	122.668	24.403	0.000	36.272
3860.000	122.633	24.857	0.000	36.381
3862.000	122.687	25.601	0.000	30.829
3864.000	122.788	25.812	0.000	24.916
3866.000	122.702	25.796	0.000	20.959
3868.000	122.640	26.189	0.000	14.384
3870.000	122.698	26.249	0.000	6.111
3872.000	122.792	26.800	0.000	2.448
3874.000	122.745	27.274	0.000	-7.542
3876.000	122.637	26.700	0.000	-13.828
3878.000	122.708	26.935	0.000	-21.978
3880.000	122.795	26.702	0.000	-28.964
3882.000	122.781	26.642	0.000	-35.711
3884.000	122.646	26.360	0.000	-42.054
3886.000	122.679	25.850	0.000	-48.398
3888.000	122.861	26.310	0.000	-52.726
3890.000	122.771	25.813	0.000	-59.853
3892.000	122.639	25.056	0.000	-65.660
3894.000	122.732	24.940	0.000	-70.387
3896.000	122.822	24.649	0.000	-76.026
3898.000	122.782	24.440	0.000	-82.259
3900.000	122.702	23.895	0.000	-84.745
3902.000	122.692	23.910	0.000	-89.078
3904.000	122.825	23.482	0.000	-93.006
3906.000	122.815	23.488	0.000	-96.479
3908.000	122.723	23.176	0.000	-99.724
3910.000	122.686	23.163	0.000	-106.670
3912.000	122.822	23.194	0.000	-107.783
3914.000	122.836	23.203	0.000	-116.191
3916.000	122.735	22.737	0.000	-117.248
3918.000	122.734	23.347	0.000	-120.906
3920.000	122.765	22.571	0.000	-130.739
3922.000	122.849	22.104	0.000	-136.486
3924.000	122.816	21.968	0.000	-140.092
3926.000	122.712	21.961	0.000	-145.842
3928.000	122.741	21.394	0.000	-151.937
3930.000	122.893	21.356	0.000	-155.461
3932.000	122.825	21.085	0.000	-158.891
3934.000	122.767	20.866	0.000	-167.531
3936.000	122.708	20.144	0.000	-171.430
3938.000	122.886	20.585	0.000	-172.831
3940.000	122.895	20.264	0.000	175.390
3942.000	122.779	19.825	0.000	174.959
3944.000	122.717	19.592	0.000	170.231
3946.000	122.873	18.691	0.000	169.158
3948.000	122.923	18.580	0.000	160.550
3950.000	122.814	17.679	0.000	155.462
3952.000	122.759	16.962	0.000	155.817
3954.000	122.851	16.736	0.000	156.879
3956.000	122.898	16.299	0.000	142.883
3958.000	122.894	15.996	0.000	144.263
3960.000	122.837	16.131	0.000	141.076
3962.000	122.758	15.860	0.000	139.254
3964.000	122.925	15.847	0.000	142.730
3966.000	122.958	15.176	0.000	138.028
3968.000	122.850	14.189	0.000	136.864
3970.000	122.789	14.167	0.000	134.119
3972.000	122.876	14.218	0.000	137.446
3974.000	122.963	14.497	0.000	128.832
3976.000	122.937	14.300	0.000	130.109
3978.000	122.804	14.259	0.000	127.187
3980.000	122.828	14.223	0.000	119.786
3982.000	122.944	13.833	0.000	124.631
3984.000	122.981	12.930	0.000	131.772
3986.000	122.857	12.130	0.000	120.708
3988.000	122.796	12.442	0.000	114.208
3990.000	122.897	12.653	0.000	103.939
3992.000	122.960	13.019	0.000	97.590
3994.000	122.918	11.969	0.000	99.574
3996.000	122.833	12.324	0.000	104.847
3998.000	122.781	12.686	0.000	103.543
4000.000	122.938	10.952	0.000	112.165
