1000.000	122.599	26.935	0.000	-123.446
2.000	122.556	27.028	0.000	-135.175
4.000	122.529	26.868	0.000	-147.082
6.000	122.526	25.710	0.000	-161.077
8.000	122.546	24.964	0.000	-175.516
10.000	122.579	23.409	0.000	170.654
12.000	122.605	22.341	0.000	164.330
14.000	122.612	21.468	0.000	150.970
16.000	122.603	20.581	0.000	125.848
18.000	122.583	20.124	0.000	114.948
20.000	122.569	20.052	0.000	105.315
22.000	122.573	18.843	0.000	102.362
24.000	122.589	18.679	0.000	92.462
26.000	122.609	17.965	0.000	73.156
28.000	122.620	15.296	0.000	60.333
30.000	122.608	14.152	0.000	58.490
32.000	122.583	14.404	0.000	29.221
34.000	122.557	16.487	0.000	41.894
36.000	122.550	18.364	0.000	23.552
38.000	122.576	19.004	0.000	-16.360
40.000	122.622	17.209	0.000	33.117
42.000	122.667	15.252	0.000	22.733
44.000	122.686	14.469	0.000	-26.731
46.000	122.659	13.999	0.000	-27.354
48.000	122.597	13.332	0.000	67.868
50.000	122.531	13.862	0.000	56.100
52.000	122.496	13.653	0.000	50.059
54.000	122.526	13.841	0.000	25.017
56.000	122.610	15.223	0.000	-133.181
58.000	122.705	15.575	0.000	130.445
60.000	122.765	13.930	0.000	-160.001
62.000	122.749	11.779	0.000	3.700
64.000	122.658	13.540	0.000	-7.080
66.000	122.535	14.968	0.000	-49.428
68.000	122.445	15.419	0.000	-17.137
70.000	122.450	14.872	0.000	28.149
72.000	122.560	13.748	0.000	-63.421
74.000	122.714	13.822	0.000	-135.131
76.000	122.833	13.813	0.000	109.167
78.000	122.849	15.913	0.000	-165.550
80.000	122.743	17.245	0.000	-44.979
82.000	122.565	17.640	0.000	50.631
84.000	122.408	16.892	0.000	-156.966
86.000	122.374	15.105	0.000	-137.745
88.000	122.500	13.312	0.000	123.539
90.000	122.711	12.477	0.000	-105.587
92.000	122.890	13.659	0.000	-108.915
94.000	122.939	12.814	0.000	-130.601
96.000	122.822	13.564	0.000	-102.514
98.000	122.595	15.206	0.000	-156.215
100.000	122.377	15.519	0.000	-166.587
102.000	122.313	14.915	0.000	-141.403
104.000	122.459	14.018	0.000	-66.726
106.000	122.722	13.710	0.000	128.431
108.000	122.946	12.934	0.000	165.877
110.000	123.009	13.251	0.000	153.776
112.000	122.869	13.815	0.000	158.634
114.000	122.597	13.491	0.000	152.163
116.000	122.343	13.340	0.000	-148.583
118.000	122.281	12.593	0.000	169.434
120.000	122.465	12.199	0.000	171.142
122.000	122.767	13.146	0.000	94.170
124.000	123.003	13.437	0.000	107.029
126.000	123.042	12.170	0.000	92.664
128.000	122.861	12.391	0.000	58.425
130.000	122.557	14.292	0.000	110.963
132.000	122.313	14.066	0.000	138.497
134.000	122.302	13.476	0.000	118.842
136.000	122.535	12.688	0.000	162.588
138.000	122.842	12.297	0.000	121.631
140.000	123.036	12.874	0.000	57.273
142.000	123.013	13.009	0.000	2.928
144.000	122.789	12.142	0.000	129.692
146.000	122.497	13.109	0.000	104.302
148.000	122.326	13.924	0.000	99.774
150.000	122.398	14.261	0.000	120.306
152.000	122.651	14.199	0.000	123.477
154.000	122.902	13.194	0.000	103.153
156.000	123.006	12.687	0.000	121.073
158.000	122.914	13.306	0.000	155.261
160.000	122.692	13.907	0.000	-84.548
162.000	122.484	13.623	0.000	81.527
164.000	122.424	12.992	0.000	90.430
166.000	122.543	13.221	0.000	57.232
168.000	122.739	13.777	0.000	67.480
170.000	122.882	12.851	0.000	95.862
172.000	122.901	12.990	0.000	25.280
174.000	122.805	12.157	0.000	45.144
176.000	122.667	11.938	0.000	72.051
178.000	122.573	12.727	0.000	38.311
180.000	122.565	12.346	0.000	-3.917
182.000	122.630	11.750	0.000	13.164
184.000	122.715	13.209	0.000	1.211
186.000	122.783	13.585	0.000	-76.718
188.000	122.817	13.000	0.000	140.279
190.000	122.810	12.383	0.000	32.670
192.000	122.764	12.688	0.000	-47.921
194.000	122.684	13.345	0.000	-94.160
196.000	122.600	12.211	0.000	-33.502
198.000	122.567	12.587	0.000	24.014
200.000	122.625	14.753	0.000	-58.740
202.000	122.764	14.462	0.000	-91.905
204.000	122.899	12.853	0.000	-90.632
206.000	122.935	12.791	0.000	-108.447
208.000	122.828	12.973	0.000	-25.133
210.000	122.623	13.073	0.000	-89.054
212.000	122.464	13.567	0.000	-79.743
214.000	122.490	13.661	0.000	-121.708
216.000	122.702	12.846	0.000	179.896
218.000	122.948	12.634	0.000	-112.851
220.000	123.050	13.080	0.000	-64.232
222.000	122.931	13.773	0.000	-42.190
224.000	122.655	13.895	0.000	-124.797
226.000	122.420	11.910	0.000	-88.121
228.000	122.427	12.438	0.000	-138.783
230.000	122.676	13.126	0.000	-160.536
232.000	122.965	13.102	0.000	-112.718
234.000	123.084	12.814	0.000	83.805
236.000	122.957	12.968	0.000	121.109
238.000	122.675	11.789	0.000	81.903
240.000	122.447	11.384	0.000	13.354
242.000	122.461	11.577	0.000	-32.876
244.000	122.689	12.679	0.000	-86.895
246.000	122.934	13.084	0.000	-104.794
248.000	123.025	13.120	0.000	-58.747
250.000	122.918	13.251	0.000	-35.658
252.000	122.711	12.175	0.000	82.434
254.000	122.559	12.200	0.000	104.429
256.000	122.563	12.619	0.000	48.312
258.000	122.692	12.397	0.000	-71.075
260.000	122.832	12.881	0.000	-132.529
262.000	122.902	12.649	0.000	-93.927
264.000	122.886	12.476	0.000	-70.779
266.000	122.814	11.486	0.000	-96.481
268.000	122.724	11.747	0.000	-104.138
270.000	122.648	12.742	0.000	-116.613
272.000	122.624	11.147	0.000	-71.912
274.000	122.682	11.685	0.000	-107.239
276.000	122.815	11.702	0.000	-98.883
278.000	122.944	12.863	0.000	-95.022
280.000	122.966	13.117	0.000	-99.047
282.000	122.838	12.790	0.000	-84.065
284.000	122.625	13.466	0.000	-91.737
286.000	122.502	13.226	0.000	71.751
288.000	122.601	12.125	0.000	164.797
290.000	122.859	11.789	0.000	-119.996
292.000	123.063	12.807	0.000	-128.548
294.000	123.045	13.209	0.000	-97.997
296.000	122.807	11.841	0.000	-119.271
298.000	122.529	10.483	0.000	-3.471
300.000	122.464	10.658	0.000	-150.007
302.000	122.678	12.251	0.000	-155.609
304.000	122.966	12.532	0.000	-158.644
306.000	123.091	11.726	0.000	-133.869
308.000	122.969	11.479	0.000	-159.151
310.000	122.711	10.841	0.000	-151.677
312.000	122.535	11.048	0.000	-101.288
314.000	122.584	11.980	0.000	-129.965
316.000	122.784	12.441	0.000	161.769
318.000	122.950	11.621	0.000	163.819
320.000	122.979	12.515	0.000	174.258
322.000	122.884	11.739	0.000	169.268
324.000	122.754	11.827	0.000	-155.883
326.000	122.670	12.160	0.000	-169.411
328.000	122.661	12.042	0.000	-169.375
330.000	122.727	11.518	0.000	175.928
332.000	122.841	11.201	0.000	155.019
334.000	122.952	12.001	0.000	134.913
336.000	122.976	12.289	0.000	130.695
338.000	122.865	11.906	0.000	135.551
340.000	122.670	12.603	0.000	-175.319
342.000	122.555	12.437	0.000	-137.917
344.000	122.660	12.817	0.000	169.859
346.000	122.913	11.735	0.000	86.676
348.000	123.092	10.649	0.000	107.277
350.000	123.031	12.644	0.000	-176.332
352.000	122.765	12.470	0.000	168.330
354.000	122.525	12.578	0.000	103.132
356.000	122.556	12.169	0.000	83.836
358.000	122.824	13.185	0.000	83.392
360.000	123.063	12.538	0.000	127.814
362.000	123.074	11.887	0.000	118.734
364.000	122.868	12.109	0.000	104.799
366.000	122.640	12.152	0.000	-168.093
368.000	122.592	13.192	0.000	-101.448
370.000	122.735	12.929	0.000	-139.408
372.000	122.912	11.831	0.000	163.921
374.000	122.989	12.471	0.000	140.582
376.000	122.949	11.864	0.000	135.723
378.000	122.842	10.593	0.000	84.850
380.000	122.731	11.793	0.000	64.750
382.000	122.669	11.897	0.000	3.935
384.000	122.709	11.293	0.000	-91.008
386.000	122.856	11.741	0.000	25.630
388.000	123.013	11.288	0.000	79.129
390.000	123.038	11.493	0.000	90.509
392.000	122.870	12.016	0.000	147.349
394.000	122.631	12.661	0.000	-115.943
396.000	122.564	12.969	0.000	-81.406
398.000	122.770	13.252	0.000	-53.440
400.000	123.047	14.476	0.000	-49.408
402.000	123.126	14.011	0.000	-123.551
404.000	122.934	11.610	0.000	-82.931
406.000	122.650	11.566	0.000	-65.411
408.000	122.564	11.713	0.000	-127.434
410.000	122.749	10.872	0.000	-124.999
412.000	122.990	11.851	0.000	-136.433
414.000	123.066	12.158	0.000	-121.697
416.000	122.951	11.963	0.000	-110.827
418.000	122.777	11.782	0.000	-95.047
420.000	122.686	11.575	0.000	-84.215
422.000	122.719	12.427	0.000	-139.418
424.000	122.826	12.558	0.000	-163.469
426.000	122.949	12.468	0.000	-149.684
428.000	123.019	12.997	0.000	-141.459
430.000	122.968	13.277	0.000	-147.867
432.000	122.792	13.227	0.000	-143.759
434.000	122.627	11.581	0.000	-153.773
436.000	122.670	11.651	0.000	153.793
438.000	122.916	12.531	0.000	150.671
440.000	123.122	11.895	0.000	-120.594
442.000	123.071	11.404	0.000	-154.491
444.000	122.795	12.037	0.000	-175.550
446.000	122.575	12.422	0.000	-171.403
448.000	122.663	13.410	0.000	-162.026
450.000	122.942	13.936	0.000	148.271
452.000	123.108	14.095	0.000	158.767
454.000	123.027	13.218	0.000	158.562
456.000	122.814	12.371	0.000	105.275
458.000	122.684	12.276	0.000	126.139
460.000	122.725	12.457	0.000	150.678
462.000	122.855	12.335	0.000	172.449
464.000	122.970	13.212	0.000	171.776
466.000	123.020	13.381	0.000	147.853
468.000	122.969	12.689	0.000	153.228
470.000	122.814	12.116	0.000	169.771
472.000	122.664	11.907	0.000	75.840
474.000	122.702	11.021	0.000	57.166
476.000	122.942	12.237	0.000	137.039
478.000	123.137	12.452	0.000	130.832
480.000	123.067	12.505	0.000	139.002
482.000	122.775	13.338	0.000	156.938
484.000	122.582	12.900	0.000	118.746
486.000	122.726	12.405	0.000	99.358
488.000	123.019	11.325	0.000	106.610
490.000	123.132	11.730	0.000	101.208
492.000	122.985	12.747	0.000	101.957
494.000	122.765	13.108	0.000	129.881
496.000	122.698	12.685	0.000	85.434
498.000	122.795	11.214	0.000	87.192
500.000	122.924	11.688	0.000	125.479
502.000	123.009	11.933	0.000	141.389
504.000	123.022	12.164	0.000	72.941
506.000	122.928	13.190	0.000	78.623
508.000	122.749	12.874	0.000	135.400
510.000	122.664	10.884	0.000	29.195
512.000	122.830	11.865	0.000	-46.658
514.000	123.098	13.145	0.000	177.965
516.000	123.155	13.122	0.000	139.603
518.000	122.906	11.821	0.000	157.759
520.000	122.622	11.754	0.000	150.718
522.000	122.665	11.078	0.000	0.532
524.000	122.968	11.473	0.000	69.164
526.000	123.145	11.756	0.000	68.303
528.000	123.038	11.876	0.000	49.626
530.000	122.815	12.365	0.000	63.023
532.000	122.727	12.859	0.000	40.958
534.000	122.801	12.441	0.000	80.277
536.000	122.909	11.880	0.000	71.564
538.000	122.997	12.543	0.000	-21.551
540.000	123.046	12.460	0.000	-111.894
542.000	122.976	11.375	0.000	165.160
544.000	122.775	10.887	0.000	78.962
546.000	122.657	11.757	0.000	174.332
548.000	122.840	11.703	0.000	139.381
550.000	123.138	11.963	0.000	74.394
552.000	123.173	11.791	0.000	62.880
554.000	122.878	12.061	0.000	110.156
556.000	122.610	11.338	0.000	135.189
558.000	122.731	12.136	0.000	-146.202
560.000	123.041	11.928	0.000	-101.876
562.000	123.143	12.088	0.000	48.602
564.000	122.982	12.319	0.000	-38.507
566.000	122.806	11.520	0.000	-92.302
568.000	122.782	11.830	0.000	-86.697
570.000	122.840	11.689	0.000	-143.895
572.000	122.915	11.667	0.000	-139.845
574.000	123.028	11.456	0.000	-144.191
576.000	123.087	11.911	0.000	-130.958
578.000	122.942	11.724	0.000	-137.699
580.000	122.687	12.479	0.000	165.971
582.000	122.692	12.643	0.000	169.348
584.000	123.018	12.238	0.000	-128.777
586.000	123.233	12.657	0.000	-90.587
588.000	123.050	12.965	0.000	-96.278
590.000	122.699	11.775	0.000	172.313
592.000	122.663	11.600	0.000	-33.025
594.000	122.945	11.697	0.000	169.213
596.000	123.125	11.259	0.000	-149.749
598.000	123.043	11.942	0.000	105.952
600.000	122.892	13.010	0.000	138.631
602.000	122.831	12.612	0.000	168.179
604.000	122.818	12.507	0.000	-172.303
606.000	122.854	12.162	0.000	-165.678
608.000	123.009	11.281	0.000	167.521
610.000	123.142	11.021	0.000	88.242
612.000	123.016	11.831	0.000	139.834
614.000	122.710	12.421	0.000	179.852
616.000	122.667	12.338	0.000	178.590
618.000	123.001	12.056	0.000	-133.580
620.000	123.236	12.114	0.000	176.886
622.000	123.067	11.406	0.000	-156.035
624.000	122.741	11.059	0.000	-174.900
626.000	122.708	12.039	0.000	153.692
628.000	122.939	12.382	0.000	151.811
630.000	123.081	12.527	0.000	148.299
632.000	123.044	11.968	0.000	165.490
634.000	122.957	10.770	0.000	-124.591
636.000	122.865	12.376	0.000	-154.522
638.000	122.781	13.075	0.000	147.068
640.000	122.848	11.981	0.000	168.659
642.000	123.078	12.581	0.000	-142.892
644.000	123.176	12.399	0.000	-168.267
646.000	122.952	11.435	0.000	161.960
648.000	122.672	12.601	0.000	97.130
650.000	122.762	12.455	0.000	106.354
652.000	123.088	11.128	0.000	121.704
654.000	123.192	10.438	0.000	97.834
656.000	122.984	11.629	0.000	120.487
658.000	122.766	12.010	0.000	159.290
660.000	122.787	11.676	0.000	127.477
662.000	122.948	11.664	0.000	133.062
664.000	123.072	10.972	0.000	134.933
666.000	123.083	11.789	0.000	172.106
668.000	122.961	11.666	0.000	-153.644
670.000	122.785	11.264	0.000	161.311
672.000	122.777	11.996	0.000	112.287
674.000	122.998	10.500	0.000	38.845
676.000	123.171	11.512	0.000	165.719
678.000	123.066	11.144	0.000	-170.150
680.000	122.807	9.997	0.000	-177.989
682.000	122.734	10.672	0.000	-80.732
684.000	122.929	9.944	0.000	-146.582
686.000	123.130	10.960	0.000	135.362
688.000	123.119	11.373	0.000	150.914
690.000	122.918	12.337	0.000	23.521
692.000	122.749	12.505	0.000	57.132
694.000	122.826	11.317	0.000	80.753
696.000	123.063	10.334	0.000	16.245
698.000	123.162	11.502	0.000	-125.727
700.000	123.003	11.779	0.000	-118.464
702.000	122.791	10.492	0.000	104.511
704.000	122.798	11.431	0.000	47.417
706.000	122.979	11.381	0.000	67.932
708.000	123.108	11.239	0.000	94.262
710.000	123.081	11.933	0.000	131.829
712.000	122.926	12.871	0.000	-169.017
714.000	122.770	12.112	0.000	-129.122
716.000	122.828	11.052	0.000	-102.560
718.000	123.090	11.733	0.000	-51.070
720.000	123.208	11.670	0.000	-80.506
722.000	122.977	11.617	0.000	-166.717
724.000	122.704	11.151	0.000	-132.496
726.000	122.820	11.425	0.000	177.579
728.000	123.117	11.614	0.000	113.375
730.000	123.155	11.052	0.000	125.982
732.000	122.958	11.327	0.000	-135.666
734.000	122.836	10.518	0.000	-12.517
736.000	122.864	11.081	0.000	-46.458
738.000	122.941	11.695	0.000	-75.413
740.000	123.070	11.355	0.000	-107.253
742.000	123.139	11.463	0.000	35.954
744.000	122.959	11.157	0.000	97.530
746.000	122.710	9.410	0.000	-3.523
748.000	122.846	10.367	0.000	-75.950
750.000	123.195	12.244	0.000	-116.821
752.000	123.200	11.897	0.000	-151.288
754.000	122.862	10.988	0.000	175.794
756.000	122.726	9.549	0.000	-52.519
758.000	122.949	9.782	0.000	-45.179
760.000	123.116	10.957	0.000	-118.800
762.000	123.074	9.877	0.000	-120.739
764.000	122.976	10.575	0.000	-137.291
766.000	122.875	11.731	0.000	-70.457
768.000	122.821	11.916	0.000	-51.835
770.000	122.974	11.941	0.000	-44.364
772.000	123.187	11.576	0.000	-102.265
774.000	123.104	11.860	0.000	-108.156
776.000	122.792	10.609	0.000	-18.928
778.000	122.753	10.343	0.000	14.466
780.000	123.050	11.301	0.000	-106.131
782.000	123.203	11.223	0.000	146.755
784.000	123.038	11.456	0.000	-63.720
786.000	122.825	11.982	0.000	-73.774
788.000	122.821	12.112	0.000	-88.584
790.000	122.990	12.443	0.000	-116.081
792.000	123.137	11.661	0.000	-125.131
794.000	123.095	11.008	0.000	-109.774
796.000	122.888	10.878	0.000	-97.766
798.000	122.790	10.870	0.000	158.453
800.000	122.953	10.055	0.000	-22.185
802.000	123.140	11.073	0.000	-97.279
804.000	123.114	12.291	0.000	-126.153
806.000	122.921	11.243	0.000	-150.418
808.000	122.789	10.213	0.000	-77.762
810.000	122.902	11.500	0.000	-135.479
812.000	123.145	11.654	0.000	-126.251
814.000	123.178	11.476	0.000	-125.348
816.000	122.905	11.787	0.000	-168.625
818.000	122.734	11.486	0.000	-166.416
820.000	122.962	10.432	0.000	-144.257
822.000	123.186	10.749	0.000	178.930
824.000	123.086	11.544	0.000	177.203
826.000	122.891	10.924	0.000	-168.197
828.000	122.862	10.167	0.000	-128.955
830.000	122.931	11.764	0.000	-167.009
832.000	123.052	12.344	0.000	-151.750
834.000	123.157	10.961	0.000	-162.709
836.000	123.018	11.577	0.000	-178.246
838.000	122.748	11.278	0.000	-161.515
840.000	122.857	10.212	0.000	-158.389
842.000	123.207	11.163	0.000	-145.720
844.000	123.188	11.562	0.000	-133.135
846.000	122.852	11.933	0.000	-163.257
848.000	122.784	11.030	0.000	-134.109
850.000	123.011	11.089	0.000	-98.078
852.000	123.120	10.974	0.000	-159.439
854.000	123.070	10.697	0.000	47.523
856.000	122.966	10.392	0.000	42.465
858.000	122.840	9.421	0.000	-173.992
860.000	122.887	10.909	0.000	-175.473
862.000	123.133	12.285	0.000	163.809
864.000	123.182	10.816	0.000	141.214
866.000	122.911	11.071	0.000	168.870
868.000	122.762	11.148	0.000	-176.111
870.000	122.977	11.478	0.000	-176.976
872.000	123.181	11.831	0.000	-5.141
874.000	123.107	11.797	0.000	-144.710
876.000	122.882	10.747	0.000	178.446
878.000	122.807	11.738	0.000	-161.198
880.000	122.999	11.420	0.000	173.906
882.000	123.179	12.114	0.000	-177.394
884.000	123.077	12.955	0.000	-145.546
886.000	122.858	12.767	0.000	-133.771
888.000	122.856	12.005	0.000	-177.123
890.000	123.020	12.390	0.000	-156.562
892.000	123.128	12.240	0.000	165.829
894.000	123.091	11.785	0.000	111.451
896.000	122.896	11.455	0.000	129.619
898.000	122.785	10.503	0.000	-152.837
900.000	123.035	11.026	0.000	-140.130
902.000	123.255	12.009	0.000	-158.875
904.000	123.027	11.244	0.000	169.266
906.000	122.748	9.459	0.000	-167.251
908.000	122.924	11.370	0.000	173.131
910.000	123.153	12.413	0.000	162.512
912.000	123.092	12.747	0.000	163.872
914.000	122.968	11.562	0.000	-165.880
916.000	122.896	10.625	0.000	-131.722
918.000	122.884	11.838	0.000	-135.888
920.000	123.074	11.447	0.000	-113.360
922.000	123.208	11.645	0.000	-148.998
924.000	122.966	11.294	0.000	160.886
926.000	122.744	11.794	0.000	154.203
928.000	122.983	12.168	0.000	138.990
930.000	123.216	10.876	0.000	-160.351
932.000	123.080	10.927	0.000	-164.257
934.000	122.859	11.142	0.000	155.158
936.000	122.859	11.626	0.000	142.090
938.000	123.033	11.295	0.000	165.516
940.000	123.162	12.153	0.000	177.854
942.000	123.055	12.362	0.000	-172.568
944.000	122.844	11.412	0.000	98.394
946.000	122.880	11.050	0.000	91.656
948.000	123.086	10.572	0.000	145.093
950.000	123.147	10.854	0.000	-174.881
952.000	123.014	11.590	0.000	176.023
954.000	122.835	10.261	0.000	120.965
956.000	122.878	11.091	0.000	141.216
958.000	123.159	13.104	0.000	178.012
960.000	123.197	14.284	0.000	-161.996
962.000	122.866	14.722	0.000	-171.341
964.000	122.791	14.270	0.000	-177.367
966.000	123.090	13.154	0.000	-173.697
968.000	123.160	12.244	0.000	171.798
970.000	122.998	11.521	0.000	123.998
972.000	122.919	11.429	0.000	151.454
974.000	122.893	11.972	0.000	169.047
976.000	123.001	12.369	0.000	172.104
978.000	123.200	10.576	0.000	-160.987
980.000	123.059	11.048	0.000	-158.326
982.000	122.756	12.036	0.000	-66.161
984.000	122.927	14.152	0.000	82.389
986.000	123.219	16.103	0.000	145.643
988.000	123.102	16.450	0.000	173.174
990.000	122.867	15.632	0.000	-153.297
992.000	122.874	14.582	0.000	177.354
994.000	123.031	14.408	0.000	-178.109
996.000	123.154	13.609	0.000	-139.280
998.000	123.057	12.540	0.000	-177.366
1000.000	122.842	11.335	0.000	-164.021
1002.000	122.898	11.209	0.000	157.628
1004.000	123.116	11.651	0.000	138.963
1006.000	123.135	11.331	0.000	69.640
1008.000	122.974	11.591	0.000	-104.652
1010.000	122.831	11.520	0.000	112.000
1012.000	122.941	11.191	0.000	134.191
1014.000	123.209	10.799	0.000	148.098
1016.000	123.123	11.397	0.000	171.964
1018.000	122.785	11.943	0.000	116.799
1020.000	122.892	11.494	0.000	127.167
1022.000	123.169	11.564	0.000	136.348
1024.000	123.092	11.486	0.000	158.502
1026.000	122.951	11.335	0.000	64.038
1028.000	122.915	10.899	0.000	125.614
1030.000	122.917	10.720	0.000	164.732
1032.000	123.122	9.703	0.000	152.351
1034.000	123.182	10.662	0.000	142.854
1036.000	122.849	11.309	0.000	169.173
1038.000	122.809	12.514	0.000	108.046
1040.000	123.157	11.631	0.000	125.553
1042.000	123.169	11.317	0.000	140.735
1044.000	122.925	10.929	0.000	170.335
1046.000	122.861	10.582	0.000	-171.806
1048.000	122.979	12.083	0.000	143.268
1050.000	123.143	10.441	0.000	162.579
1052.000	123.102	10.328	0.000	-153.980
1054.000	122.861	11.549	0.000	162.965
1056.000	122.882	11.898	0.000	121.604
1058.000	123.101	10.844	0.000	126.271
1060.000	123.128	10.962	0.000	116.019
1062.000	122.996	11.122	0.000	105.649
1064.000	122.841	10.972	0.000	106.648
1066.000	122.929	12.467	0.000	125.500
1068.000	123.221	12.947	0.000	143.941
1070.000	123.106	12.235	0.000	141.166
1072.000	122.766	11.233	0.000	15.620
1074.000	122.945	10.393	0.000	73.325
1076.000	123.172	10.524	0.000	74.536
1078.000	123.049	13.102	0.000	99.278
1080.000	122.961	14.744	0.000	151.285
1082.000	122.903	16.222	0.000	2.334
1084.000	122.939	17.165	0.000	33.392
1086.000	123.193	17.325	0.000	122.822
1088.000	123.097	17.864	0.000	131.429
1090.000	122.767	17.291	0.000	84.343
1092.000	122.945	14.430	0.000	114.661
1094.000	123.196	14.291	0.000	52.127
1096.000	123.069	17.255	0.000	24.346
1098.000	122.890	17.032	0.000	41.941
1100.000	122.880	14.329	0.000	-41.098
1102.000	123.067	13.197	0.000	-19.670
1104.000	123.174	12.768	0.000	2.087
1106.000	122.951	12.545	0.000	47.943
1108.000	122.839	12.215	0.000	24.612
1110.000	123.023	11.736	0.000	33.512
1112.000	123.116	11.964	0.000	-59.926
1114.000	123.073	12.046	0.000	2.179
1116.000	122.890	13.153	0.000	13.332
1118.000	122.839	13.840	0.000	-60.643
1120.000	123.173	13.158	0.000	-30.495
1122.000	123.180	13.555	0.000	-31.272
1124.000	122.805	14.026	0.000	-162.971
1126.000	122.898	12.254	0.000	-52.282
1128.000	123.135	11.431	0.000	-26.815
1130.000	123.067	12.007	0.000	-40.981
1132.000	122.993	10.640	0.000	-92.163
1134.000	122.886	11.155	0.000	-42.315
1136.000	122.928	10.848	0.000	-150.056
1138.000	123.193	10.267	0.000	-105.099
1140.000	123.077	11.024	0.000	-84.477
1142.000	122.792	10.248	0.000	-93.849
1144.000	122.952	12.223	0.000	-113.686
1146.000	123.161	12.476	0.000	-129.082
1148.000	123.082	12.967	0.000	-129.696
1150.000	122.877	12.889	0.000	-123.498
1152.000	122.872	13.197	0.000	-149.012
1154.000	123.124	12.386	0.000	-129.927
1156.000	123.130	12.220	0.000	-80.835
1158.000	122.899	11.358	0.000	151.109
1160.000	122.895	11.692	0.000	-170.436
1162.000	123.022	11.111	0.000	-170.810
1164.000	123.124	10.573	0.000	-159.858
1166.000	123.052	9.924	0.000	-162.593
1168.000	122.800	11.010	0.000	-143.489
1170.000	122.957	12.292	0.000	-151.895
1172.000	123.237	11.321	0.000	-156.771
1174.000	123.005	10.435	0.000	-146.094
1176.000	122.807	11.888	0.000	-145.305
1178.000	123.002	12.471	0.000	-146.560
1180.000	123.113	11.499	0.000	-175.258
1182.000	123.056	11.540	0.000	154.954
1184.000	122.911	10.928	0.000	-176.829
1186.000	122.877	12.336	0.000	-174.029
1188.000	123.092	14.864	0.000	-166.426
1190.000	123.144	14.961	0.000	-149.945
1192.000	122.906	11.824	0.000	-137.249
1194.000	122.835	10.884	0.000	-130.518
1196.000	123.087	11.429	0.000	-158.864
1198.000	123.170	11.843	0.000	167.255
1200.000	122.906	11.904	0.000	-173.917
1202.000	122.840	11.596	0.000	165.725
1204.000	123.079	10.796	0.000	160.402
1206.000	123.117	10.475	0.000	163.707
1208.000	122.968	11.588	0.000	-154.499
1210.000	122.875	12.682	0.000	179.685
1212.000	122.966	13.081	0.000	175.323
1214.000	123.149	12.853	0.000	129.612
1216.000	123.047	13.318	0.000	126.407
1218.000	122.813	14.661	0.000	160.241
1220.000	122.953	13.808	0.000	-173.708
1222.000	123.179	12.717	0.000	154.640
1224.000	123.039	11.849	0.000	157.920
1226.000	122.812	11.371	0.000	118.016
1228.000	122.967	12.750	0.000	160.388
1230.000	123.149	13.941	0.000	-166.991
1232.000	123.017	13.163	0.000	159.568
1234.000	122.894	11.939	0.000	145.714
1236.000	122.920	12.209	0.000	141.211
1238.000	123.064	12.363	0.000	106.910
1240.000	123.144	11.343	0.000	110.768
1242.000	122.870	11.161	0.000	97.397
1244.000	122.839	11.949	0.000	133.583
1246.000	123.174	11.701	0.000	131.538
1248.000	123.086	10.908	0.000	144.856
1250.000	122.848	10.898	0.000	166.657
1252.000	122.921	11.375	0.000	144.389
1254.000	123.072	12.122	0.000	163.434
1256.000	123.105	11.773	0.000	153.816
1258.000	122.907	10.592	0.000	147.000
1260.000	122.862	11.380	0.000	135.054
1262.000	123.082	11.286	0.000	115.920
1264.000	123.101	10.592	0.000	138.007
1266.000	122.939	10.049	0.000	157.410
1268.000	122.834	10.625	0.000	134.791
1270.000	123.049	9.095	0.000	118.843
1272.000	123.191	10.645	0.000	147.888
1274.000	122.858	12.633	0.000	155.613
1276.000	122.857	12.295	0.000	147.413
1278.000	123.127	10.841	0.000	135.072
1280.000	123.041	10.856	0.000	152.565
1282.000	122.955	11.804	0.000	131.181
1284.000	122.880	12.728	0.000	128.957
1286.000	122.984	11.589	0.000	-179.534
1288.000	123.185	11.541	0.000	158.668
1290.000	122.920	12.636	0.000	140.865
1292.000	122.812	12.688	0.000	149.285
1294.000	123.093	12.574	0.000	158.581
1296.000	123.108	14.012	0.000	117.813
1298.000	122.915	13.180	0.000	64.315
1300.000	122.847	11.809	0.000	115.689
1302.000	123.063	16.577	0.000	99.618
1304.000	123.118	21.405	0.000	84.270
1306.000	122.894	21.582	0.000	80.601
1308.000	122.890	20.091	0.000	54.573
1310.000	123.020	20.337	0.000	-41.871
1312.000	123.107	19.162	0.000	-54.904
1314.000	122.963	15.526	0.000	-69.070
1316.000	122.791	18.873	0.000	-111.165
1318.000	123.089	22.326	0.000	-134.026
1320.000	123.144	24.121	0.000	-149.447
1322.000	122.842	24.592	0.000	177.943
1324.000	122.895	26.375	0.000	145.155
1326.000	123.075	27.894	0.000	124.941
1328.000	123.062	28.350	0.000	99.520
1330.000	122.915	29.117	0.000	70.154
1332.000	122.868	29.921	0.000	40.854
1334.000	123.049	31.379	0.000	8.806
1336.000	123.109	32.368	0.000	-12.965
1338.000	122.889	31.394	0.000	-41.792
1340.000	122.836	32.010	0.000	-86.814
1342.000	123.122	33.776	0.000	-108.245
1344.000	123.083	33.028	0.000	-127.695
1346.000	122.819	32.104	0.000	-166.436
1348.000	122.935	32.923	0.000	165.895
1350.000	123.085	32.740	0.000	145.609
1352.000	123.032	32.071	0.000	125.848
1354.000	122.878	31.157	0.000	105.310
1356.000	122.893	30.976	0.000	85.964
1358.000	123.104	31.771	0.000	74.448
1360.000	123.042	31.939	0.000	64.790
1362.000	122.839	31.762	0.000	45.157
1364.000	122.909	33.136	0.000	19.870
1366.000	123.138	34.339	0.000	6.576
1368.000	123.017	33.051	0.000	-6.095
1370.000	122.779	32.082	0.000	-40.513
1372.000	123.024	33.170	0.000	-59.823
1374.000	123.092	31.978	0.000	-73.408
1376.000	122.938	30.117	0.000	-97.302
1378.000	122.895	28.738	0.000	-116.465
1380.000	122.923	27.481	0.000	-137.674
1382.000	123.140	27.188	0.000	-154.019
1384.000	122.967	25.566	0.000	-165.518
1386.000	122.779	23.789	0.000	163.122
1388.000	123.075	23.932	0.000	140.568
1390.000	123.084	22.697	0.000	122.253
1392.000	122.887	17.759	0.000	57.205
1394.000	122.860	17.291	0.000	17.173
1396.000	123.056	20.650	0.000	-9.898
1398.000	123.073	21.210	0.000	-46.900
1400.000	122.853	19.316	0.000	-62.283
1402.000	122.907	20.954	0.000	-73.371
1404.000	123.040	24.258	0.000	-76.016
1406.000	123.064	23.787	0.000	-86.469
1408.000	122.857	19.895	0.000	-105.114
1410.000	122.860	20.216	0.000	-120.973
1412.000	123.163	23.467	0.000	-123.779
1414.000	122.973	22.020	0.000	-137.243
1416.000	122.807	17.993	0.000	-159.022
1418.000	123.002	17.778	0.000	-157.902
1420.000	123.061	17.026	0.000	-163.004
1422.000	122.957	15.676	0.000	-155.275
1424.000	122.843	17.209	0.000	-140.886
1426.000	122.975	19.588	0.000	-148.638
1428.000	123.099	21.209	0.000	-160.489
1430.000	122.920	20.809	0.000	-170.777
1432.000	122.807	20.349	0.000	157.034
1434.000	123.070	21.308	0.000	137.636
1436.000	123.077	19.578	0.000	126.713
1438.000	122.813	16.107	0.000	96.882
1440.000	122.922	13.822	0.000	76.955
1442.000	123.062	12.810	0.000	86.465
1444.000	123.001	12.732	0.000	-143.813
1446.000	122.850	12.771	0.000	-162.181
1448.000	122.912	15.913	0.000	176.043
1450.000	123.096	17.949	0.000	169.775
1452.000	122.966	18.422	0.000	163.269
1454.000	122.816	18.593	0.000	147.699
1456.000	122.967	18.630	0.000	125.720
1458.000	123.127	18.564	0.000	114.953
1460.000	122.866	16.055	0.000	97.292
1462.000	122.839	16.220	0.000	67.039
1464.000	123.087	16.652	0.000	70.079
1466.000	122.981	14.307	0.000	53.129
1468.000	122.902	13.615	0.000	24.113
1470.000	122.863	12.080	0.000	2.589
1472.000	123.054	12.287	0.000	-78.039
1474.000	123.048	12.885	0.000	-110.684
1476.000	122.769	11.722	0.000	174.528
1478.000	122.975	12.278	0.000	128.895
1480.000	123.087	12.342	0.000	103.029
1482.000	122.908	12.016	0.000	106.600
1484.000	122.826	11.053	0.000	67.785
1486.000	123.024	11.671	0.000	79.095
1488.000	123.047	12.072	0.000	85.949
1490.000	122.852	11.878	0.000	48.133
1492.000	122.889	11.607	0.000	62.015
1494.000	123.018	13.359	0.000	46.117
1496.000	123.041	14.820	0.000	76.761
1498.000	122.805	14.898	0.000	68.741
1500.000	122.911	13.293	0.000	41.209
1502.000	123.123	12.700	0.000	26.403
1504.000	122.890	12.777	0.000	38.807
1506.000	122.827	11.914	0.000	33.189
1508.000	123.019	11.412	0.000	39.049
1510.000	123.024	11.505	0.000	77.537
1512.000	122.868	11.684	0.000	42.644
1514.000	122.870	10.943	0.000	65.630
1516.000	123.019	10.945	0.000	-154.420
1518.000	123.035	11.462	0.000	71.048
1520.000	122.789	10.358	0.000	174.222
1522.000	122.927	11.498	0.000	-93.825
1524.000	123.111	11.918	0.000	168.319
1526.000	122.863	10.805	0.000	-164.938
1528.000	122.850	11.188	0.000	-118.329
1530.000	122.999	10.448	0.000	-148.497
1532.000	123.026	10.522	0.000	59.881
1534.000	122.845	11.861	0.000	37.520
1536.000	122.877	11.051	0.000	-1.710
1538.000	123.044	10.501	0.000	-141.761
1540.000	122.971	10.175	0.000	-97.495
1542.000	122.810	10.661	0.000	-51.851
1544.000	122.928	9.745	0.000	-75.849
1546.000	123.113	10.379	0.000	-33.635
1548.000	122.820	9.491	0.000	-35.409
1550.000	122.867	9.280	0.000	75.622
1552.000	123.039	9.260	0.000	49.647
1554.000	122.957	10.799	0.000	94.616
1556.000	122.860	11.195	0.000	91.614
1558.000	122.871	10.804	0.000	37.105
1560.000	123.074	10.548	0.000	27.883
1562.000	122.919	10.423	0.000	-43.176
1564.000	122.789	10.683	0.000	-121.047
1566.000	123.010	11.351	0.000	113.485
1568.000	123.032	10.994	0.000	-100.791
1570.000	122.800	11.453	0.000	-68.385
1572.000	122.901	11.754	0.000	-157.610
1574.000	123.039	11.077	0.000	162.857
1576.000	122.922	11.095	0.000	46.745
1578.000	122.826	10.472	0.000	163.103
1580.000	122.938	9.561	0.000	-148.701
1582.000	123.049	9.561	0.000	-155.619
1584.000	122.846	10.574	0.000	120.104
1586.000	122.830	10.569	0.000	134.630
1588.000	123.052	10.934	0.000	129.098
1590.000	122.961	10.832	0.000	-149.777
1592.000	122.768	9.896	0.000	-1.710
1594.000	122.990	10.085	0.000	5.860
1596.000	122.995	9.776	0.000	-77.057
1598.000	122.871	10.701	0.000	-150.275
1600.000	122.844	10.054	0.000	-162.775
1602.000	122.985	10.875	0.000	69.791
1604.000	123.017	11.725	0.000	79.716
1606.000	122.755	10.714	0.000	-114.566
1608.000	122.953	10.688	0.000	-119.177
1610.000	123.035	9.777	0.000	-106.877
1612.000	122.844	9.983	0.000	-24.789
1614.000	122.832	11.216	0.000	128.744
1616.000	123.022	10.743	0.000	133.476
1618.000	122.945	10.702	0.000	-45.483
1620.000	122.813	11.223	0.000	-2.573
1622.000	122.909	11.029	0.000	-130.760
1624.000	123.020	10.709	0.000	-132.295
1626.000	122.885	10.617	0.000	29.143
1628.000	122.784	9.978	0.000	68.816
1630.000	123.045	10.953	0.000	112.010
1632.000	122.948	11.272	0.000	-153.025
1634.000	122.777	10.669	0.000	-133.602
1636.000	122.947	10.468	0.000	-36.563
1638.000	123.000	10.189	0.000	-115.657
1640.000	122.850	11.528	0.000	-160.743
1642.000	122.840	11.028	0.000	-156.133
1644.000	122.973	9.516	0.000	-116.424
1646.000	122.989	10.304	0.000	-96.321
1648.000	122.750	11.505	0.000	-126.379
1650.000	122.949	11.014	0.000	-155.148
1652.000	123.025	9.336	0.000	-44.609
1654.000	122.805	10.683	0.000	-130.743
1656.000	122.854	10.507	0.000	-123.745
1658.000	122.999	10.083	0.000	-100.776
1660.000	122.923	11.205	0.000	-116.026
1662.000	122.789	11.787	0.000	-169.452
1664.000	122.938	10.923	0.000	137.240
1666.000	122.988	10.393	0.000	-69.293
1668.000	122.839	10.032	0.000	-135.145
1670.000	122.806	10.512	0.000	-154.386
1672.000	123.064	9.943	0.000	-125.001
1674.000	122.861	9.345	0.000	-153.939
1676.000	122.800	10.158	0.000	-177.223
1678.000	122.972	11.454	0.000	-162.803
1680.000	122.946	11.120	0.000	-157.205
1682.000	122.818	11.139	0.000	-154.798
1684.000	122.858	10.061	0.000	169.369
1686.000	123.007	9.692	0.000	-160.834
1688.000	122.877	9.312	0.000	162.786
1690.000	122.768	9.940	0.000	-166.011
1692.000	123.013	11.108	0.000	-165.607
1694.000	122.929	10.761	0.000	77.349
1696.000	122.771	10.476	0.000	-6.363
1698.000	122.929	11.545	0.000	-158.395
1700.000	122.967	11.769	0.000	151.079
1702.000	122.837	11.225	0.000	154.588
1704.000	122.819	11.004	0.000	172.688
1706.000	122.993	10.637	0.000	166.129
1708.000	122.898	10.119	0.000	148.379
1710.000	122.775	8.937	0.000	-151.254
1712.000	122.936	9.681	0.000	-120.482
1714.000	122.998	10.198	0.000	-141.198
1716.000	122.738	10.415	0.000	177.342
1718.000	122.926	9.103	0.000	167.589
1720.000	122.947	9.847	0.000	-178.596
1722.000	122.862	10.195	0.000	140.887
1724.000	122.793	9.479	0.000	140.145
1726.000	122.970	10.448	0.000	176.648
1728.000	122.929	9.809	0.000	173.940
1730.000	122.752	11.166	0.000	178.971
1732.000	122.925	10.729	0.000	-168.851
1734.000	122.980	10.883	0.000	-174.580
1736.000	122.764	10.322	0.000	-144.694
1738.000	122.875	9.735	0.000	-166.841
1740.000	122.968	10.276	0.000	-177.473
1742.000	122.848	11.362	0.000	168.481
1744.000	122.793	12.856	0.000	154.357
1746.000	122.949	13.087	0.000	155.265
1748.000	122.931	12.443	0.000	168.499
1750.000	122.754	12.179	0.000	157.785
1752.000	122.902	12.187	0.000	149.087
1754.000	122.984	11.354	0.000	170.926
1756.000	122.757	11.011	0.000	159.547
1758.000	122.869	11.484	0.000	142.585
1760.000	122.966	10.516	0.000	122.858
1762.000	122.833	10.364	0.000	132.865
1764.000	122.801	10.221	0.000	-172.342
1766.000	122.928	9.836	0.000	-172.166
1768.000	122.945	9.871	0.000	158.365
1770.000	122.723	10.051	0.000	129.510
1772.000	122.932	9.987	0.000	158.112
1774.000	122.943	10.414	0.000	154.851
1776.000	122.768	10.628	0.000	132.767
1778.000	122.851	10.294	0.000	117.506
1780.000	122.969	10.656	0.000	113.629
1782.000	122.811	10.170	0.000	147.835
1784.000	122.802	10.982	0.000	133.235
1786.000	122.934	11.479	0.000	119.764
1788.000	122.907	10.910	0.000	130.237
1790.000	122.731	10.662	0.000	144.938
1792.000	122.933	10.754	0.000	158.544
1794.000	122.931	10.361	0.000	135.055
1796.000	122.740	10.186	0.000	141.676
1798.000	122.888	12.042	0.000	157.099
1800.000	122.934	11.791	0.000	137.995
1802.000	122.800	12.676	0.000	136.896
1804.000	122.805	13.346	0.000	155.930
1806.000	122.948	14.223	0.000	167.655
1808.000	122.866	14.350	0.000	168.573
1810.000	122.733	15.824	0.000	146.685
1812.000	122.969	18.283	0.000	152.196
1814.000	122.868	18.912	0.000	150.453
1816.000	122.751	20.535	0.000	138.658
1818.000	122.901	22.188	0.000	139.024
1820.000	122.916	23.506	0.000	138.411
1822.000	122.766	25.078	0.000	129.797
1824.000	122.835	28.443	0.000	121.673
1826.000	122.946	31.086	0.000	116.732
1828.000	122.803	32.942	0.000	104.305
1830.000	122.772	36.533	0.000	81.623
1832.000	122.975	39.694	0.000	72.591
1834.000	122.812	40.460	0.000	53.489
1836.000	122.763	43.263	0.000	22.401
1838.000	122.940	44.758	0.000	10.034
1840.000	122.847	44.952	0.000	-14.837
1842.000	122.774	45.641	0.000	-36.647
1844.000	122.855	46.222	0.000	-59.636
1846.000	122.945	46.623	0.000	-71.489
1848.000	122.722	45.141	0.000	-90.911
1850.000	122.865	46.198	0.000	-111.189
1852.000	122.935	45.649	0.000	-113.950
1854.000	122.757	44.280	0.000	-131.715
1856.000	122.809	44.992	0.000	-141.610
1858.000	122.942	44.907	0.000	-145.751
1860.000	122.789	44.650	0.000	-153.669
1862.000	122.785	45.256	0.000	-163.831
1864.000	122.903	46.699	0.000	-169.327
1866.000	122.870	46.926	0.000	-174.063
1868.000	122.711	47.674	0.000	168.361
1870.000	122.937	49.688	0.000	160.707
1872.000	122.861	49.647	0.000	154.765
1874.000	122.732	50.528	0.000	132.865
1876.000	122.884	52.427	0.000	124.276
1878.000	122.885	52.291	0.000	111.349
1880.000	122.753	52.902	0.000	91.018
1882.000	122.824	53.148	0.000	74.276
1884.000	122.923	53.812	0.000	61.355
1886.000	122.764	52.492	0.000	50.891
1888.000	122.788	53.201	0.000	27.682
1890.000	122.955	53.246	0.000	27.095
1892.000	122.752	51.827	0.000	8.961
1894.000	122.788	52.459	0.000	-4.784
1896.000	122.912	52.379	0.000	-14.135
1898.000	122.810	51.430	0.000	-25.386
1900.000	122.753	50.797	0.000	-41.374
1902.000	122.891	50.703	0.000	-48.074
1904.000	122.858	49.856	0.000	-51.177
1906.000	122.710	49.275	0.000	-62.215
1908.000	122.904	50.982	0.000	-67.727
1910.000	122.865	50.609	0.000	-69.616
1912.000	122.717	50.971	0.000	-91.194
1914.000	122.873	52.153	0.000	-99.030
1916.000	122.866	51.527	0.000	-110.989
1918.000	122.746	51.264	0.000	-127.294
1920.000	122.814	51.307	0.000	-141.370
1922.000	122.907	51.585	0.000	-150.154
1924.000	122.743	50.371	0.000	-161.083
1926.000	122.793	51.253	0.000	177.615
1928.000	122.927	51.365	0.000	175.436
1930.000	122.734	49.989	0.000	152.890
1932.000	122.794	50.639	0.000	136.458
1934.000	122.894	49.947	0.000	122.311
1936.000	122.777	48.916	0.000	105.464
1938.000	122.761	48.063	0.000	82.867
1940.000	122.885	47.927	0.000	69.431
1942.000	122.816	46.408	0.000	54.948
1944.000	122.713	45.640	0.000	30.336
1946.000	122.918	46.398	0.000	15.481
1948.000	122.798	45.312	0.000	2.128
1950.000	122.733	45.770	0.000	-29.807
1952.000	122.879	46.561	0.000	-41.161
1954.000	122.820	46.124	0.000	-63.840
1956.000	122.735	46.622	0.000	-84.365
1958.000	122.836	47.447	0.000	-106.204
1960.000	122.873	47.976	0.000	-116.195
1962.000	122.695	47.291	0.000	-139.610
1964.000	122.862	49.049	0.000	-155.056
1966.000	122.854	48.334	0.000	-162.028
1968.000	122.719	48.248	0.000	175.133
1970.000	122.824	49.015	0.000	164.742
1972.000	122.868	48.754	0.000	154.050
1974.000	122.722	48.134	0.000	138.824
1976.000	122.808	48.284	0.000	125.137
1978.000	122.869	47.981	0.000	119.692
1980.000	122.741	46.499	0.000	111.367
1982.000	122.771	46.839	0.000	101.427
1984.000	122.911	46.938	0.000	105.676
1986.000	122.705	46.053	0.000	98.117
1988.000	122.800	47.651	0.000	94.338
1990.000	122.861	48.001	0.000	95.145
1992.000	122.751	48.705	0.000	86.401
1994.000	122.757	49.989	0.000	78.828
1996.000	122.878	51.669	0.000	71.553
1998.000	122.761	51.780	0.000	65.277
2000.000	122.729	53.321	0.000	43.880
2002.000	122.912	54.432	0.000	43.056
2004.000	122.727	53.580	0.000	25.865
2006.000	122.760	54.770	0.000	13.312
2008.000	122.864	55.045	0.000	4.805
2010.000	122.766	54.999	0.000	-5.525
2012.000	122.731	55.467	0.000	-22.262
2014.000	122.867	56.324	0.000	-29.930
2016.000	122.781	55.807	0.000	-40.729
2018.000	122.701	55.908	0.000	-59.424
2020.000	122.900	56.986	0.000	-67.280
2022.000	122.750	55.597	0.000	-75.854
2024.000	122.735	56.001	0.000	-95.389
2026.000	122.859	55.841	0.000	-98.124
2028.000	122.772	55.081	0.000	-110.798
2030.000	122.721	54.911	0.000	-120.749
2032.000	122.849	55.514	0.000	-130.590
2034.000	122.796	55.048	0.000	-134.040
2036.000	122.691	54.879	0.000	-152.792
2038.000	122.885	56.013	0.000	-156.722
2040.000	122.757	54.705	0.000	-165.847
2042.000	122.722	55.279	0.000	177.211
2044.000	122.849	55.393	0.000	171.247
2046.000	122.774	54.841	0.000	159.507
2048.000	122.718	54.522	0.000	144.847
2050.000	122.834	54.950	0.000	134.898
2052.000	122.798	54.065	0.000	128.363
2054.000	122.685	53.528	0.000	110.509
2056.000	122.873	54.189	0.000	102.955
2058.000	122.760	52.882	0.000	96.306
2060.000	122.717	52.795	0.000	76.686
2062.000	122.841	52.934	0.000	72.552
2064.000	122.771	51.652	0.000	58.744
2066.000	122.713	51.230	0.000	46.271
2068.000	122.824	51.064	0.000	33.172
2070.000	122.799	50.388	0.000	28.504
2072.000	122.676	49.205	0.000	6.795
2074.000	122.872	49.781	0.000	0.796
2076.000	122.748	47.554	0.000	-11.270
2078.000	122.717	46.895	0.000	-30.340
2080.000	122.832	46.205	0.000	-39.215
2082.000	122.767	44.925	0.000	-52.182
2084.000	122.706	43.846	0.000	-73.495
2086.000	122.830	43.519	0.000	-88.908
2088.000	122.777	42.123	0.000	-105.218
2090.000	122.680	41.272	0.000	-134.218
2092.000	122.870	42.104	0.000	-151.706
2094.000	122.731	41.248	0.000	-171.432
2096.000	122.721	42.943	0.000	159.849
2098.000	122.834	43.992	0.000	147.244
2100.000	122.743	45.158	0.000	124.660
2102.000	122.711	47.033	0.000	104.885
2104.000	122.837	48.771	0.000	88.055
2106.000	122.742	48.759	0.000	75.756
2108.000	122.705	49.683	0.000	49.620
2110.000	122.858	50.728	0.000	43.383
2112.000	122.706	49.903	0.000	23.903
2114.000	122.734	51.014	0.000	7.431
2116.000	122.832	51.048	0.000	-3.077
2118.000	122.714	50.851	0.000	-16.887
2120.000	122.732	51.161	0.000	-34.324
2122.000	122.830	51.665	0.000	-42.205
2124.000	122.712	50.765	0.000	-55.226
2126.000	122.732	51.308	0.000	-72.687
2128.000	122.842	51.695	0.000	-78.223
2130.000	122.684	50.612	0.000	-94.160
2132.000	122.761	51.594	0.000	-108.750
2134.000	122.810	50.669	0.000	-116.151
2136.000	122.705	50.019	0.000	-132.695
2138.000	122.737	49.503	0.000	-146.306
2140.000	122.838	49.511	0.000	-154.628
2142.000	122.668	47.548	0.000	-167.182
2144.000	122.783	47.819	0.000	177.741
2146.000	122.801	46.385	0.000	174.799
2148.000	122.677	44.673	0.000	156.825
2150.000	122.783	44.098	0.000	149.990
2152.000	122.790	42.279	0.000	144.275
2154.000	122.681	40.242	0.000	135.698
2156.000	122.779	39.145	0.000	131.768
2158.000	122.797	37.685	0.000	135.858
2160.000	122.656	36.028	0.000	134.825
2162.000	122.823	36.658	0.000	140.944
2164.000	122.751	36.043	0.000	148.823
2166.000	122.683	37.215	0.000	145.754
2168.000	122.818	38.541	0.000	149.497
2170.000	122.733	39.522	0.000	141.545
2172.000	122.699	40.662	0.000	131.994
2174.000	122.811	41.343	0.000	121.377
2176.000	122.734	40.971	0.000	115.818
2178.000	122.697	40.805	0.000	95.061
2180.000	122.829	40.945	0.000	92.157
2182.000	122.698	38.861	0.000	77.106
2184.000	122.728	38.413	0.000	64.494
2186.000	122.805	37.085	0.000	59.815
2188.000	122.703	35.661	0.000	53.214
2190.000	122.720	35.012	0.000	44.634
2192.000	122.819	34.254	0.000	45.302
2194.000	122.675	32.246	0.000	41.150
2196.000	122.748	32.021	0.000	39.920
2198.000	122.809	31.697	0.000	48.320
2200.000	122.652	31.412	0.000	43.350
2202.000	122.794	33.015	0.000	45.193
2204.000	122.758	32.847	0.000	39.725
2206.000	122.684	33.030	0.000	30.161
2208.000	122.773	33.406	0.000	20.119
2210.000	122.777	33.088	0.000	18.267
2212.000	122.655	32.282	0.000	3.667
2214.000	122.815	33.098	0.000	-0.588
2216.000	122.721	31.100	0.000	-5.409
2218.000	122.687	30.439	0.000	-14.358
2220.000	122.810	29.966	0.000	-12.639
2222.000	122.700	29.172	0.000	-16.926
2224.000	122.703	29.211	0.000	-21.309
2226.000	122.807	29.938	0.000	-21.361
2228.000	122.682	29.170	0.000	-26.628
2230.000	122.723	29.541	0.000	-36.369
2232.000	122.802	29.581	0.000	-37.274
2234.000	122.658	28.656	0.000	-45.822
2236.000	122.767	29.368	0.000	-51.176
2238.000	122.755	28.513	0.000	-53.243
2240.000	122.684	28.581	0.000	-58.382
2242.000	122.749	29.121	0.000	-62.911
2244.000	122.773	29.629	0.000	-64.218
2246.000	122.651	29.621	0.000	-77.078
2248.000	122.798	30.836	0.000	-80.844
2250.000	122.720	30.274	0.000	-90.595
2252.000	122.682	31.275	0.000	-106.333
2254.000	122.792	31.398	0.000	-114.263
2256.000	122.702	31.136	0.000	-129.169
2258.000	122.692	31.135	0.000	-146.438
2260.000	122.803	31.248	0.000	-156.659
2262.000	122.670	29.916	0.000	-172.165
2264.000	122.722	29.905	0.000	168.695
2266.000	122.798	29.351	0.000	160.611
2268.000	122.641	27.910	0.000	140.090
2270.000	122.781	28.173	0.000	127.780
2272.000	122.734	26.890	0.000	114.160
2274.000	122.675	26.932	0.000	97.709
2276.000	122.771	27.444	0.000	82.498
2278.000	122.731	27.517	0.000	73.573
2280.000	122.668	28.124	0.000	53.320
2282.000	122.794	29.521	0.000	46.213
2284.000	122.690	29.837	0.000	30.484
2286.000	122.706	31.443	0.000	14.190
2288.000	122.773	32.316	0.000	2.290
2290.000	122.686	33.370	0.000	-11.954
2292.000	122.710	34.978	0.000	-30.278
2294.000	122.783	36.036	0.000	-39.056
2296.000	122.651	36.479	0.000	-58.218
2298.000	122.755	38.132	0.000	-74.895
2300.000	122.752	38.509	0.000	-84.195
2302.000	122.654	38.973	0.000	-108.402
2304.000	122.779	39.795	0.000	-115.924
2306.000	122.710	39.352	0.000	-132.551
2308.000	122.675	39.413	0.000	-146.423
2310.000	122.783	40.057	0.000	-159.059
2312.000	122.685	39.297	0.000	-167.026
2314.000	122.703	39.769	0.000	174.838
2316.000	122.780	39.761	0.000	172.165
2318.000	122.660	39.171	0.000	155.477
2320.000	122.736	39.800	0.000	147.173
2322.000	122.753	39.539	0.000	138.571
2324.000	122.660	39.471	0.000	126.093
2326.000	122.753	40.148	0.000	115.439
2328.000	122.738	39.906	0.000	107.270
2330.000	122.647	39.759	0.000	89.871
2332.000	122.805	40.439	0.000	81.724
2334.000	122.668	39.297	0.000	69.245
2336.000	122.710	39.591	0.000	53.959
2338.000	122.765	38.840	0.000	47.802
2340.000	122.665	38.082	0.000	34.344
2342.000	122.725	37.763	0.000	24.194
2344.000	122.760	37.461	0.000	18.492
2346.000	122.642	36.394	0.000	6.174
2348.000	122.780	37.037	0.000	-0.602
2350.000	122.699	35.592	0.000	-6.488
2352.000	122.680	35.628	0.000	-19.427
2354.000	122.768	35.185	0.000	-24.544
2356.000	122.684	34.644	0.000	-33.523
2358.000	122.695	34.618	0.000	-44.272
2360.000	122.774	34.358	0.000	-48.956
2362.000	122.651	33.207	0.000	-61.002
2364.000	122.741	33.251	0.000	-71.072
2366.000	122.742	32.278	0.000	-73.219
2368.000	122.647	31.379	0.000	-87.290
2370.000	122.778	31.165	0.000	-86.577
2372.000	122.691	30.051	0.000	-92.657
2374.000	122.678	29.838	0.000	-96.553
2376.000	122.783	30.029	0.000	-98.244
2378.000	122.653	29.452	0.000	-101.092
2380.000	122.732	30.794	0.000	-109.194
2382.000	122.744	30.850	0.000	-109.250
2384.000	122.656	31.390	0.000	-120.563
2386.000	122.755	32.462	0.000	-126.538
2388.000	122.710	32.485	0.000	-137.138
2390.000	122.672	32.997	0.000	-150.783
2392.000	122.760	33.853	0.000	-160.968
2394.000	122.689	33.449	0.000	-171.640
2396.000	122.688	34.036	0.000	171.956
2398.000	122.775	34.185	0.000	164.633
2400.000	122.638	33.532	0.000	147.883
2402.000	122.752	34.283	0.000	137.523
2404.000	122.721	33.674	0.000	126.095
2406.000	122.657	33.584	0.000	110.017
2408.000	122.770	33.904	0.000	94.881
2410.000	122.685	33.264	0.000	84.865
2412.000	122.687	33.042	0.000	62.171
2414.000	122.768	32.548	0.000	54.489
2416.000	122.652	30.972	0.000	33.351
2418.000	122.735	30.541	0.000	20.295
2420.000	122.729	29.105	0.000	7.239
2422.000	122.661	27.771	0.000	-9.545
2424.000	122.751	27.011	0.000	-24.593
2426.000	122.708	25.321	0.000	-35.261
2428.000	122.660	23.677	0.000	-52.308
2430.000	122.791	22.571	0.000	-62.024
2432.000	122.642	20.244	0.000	-69.950
2434.000	122.736	19.604	0.000	-79.679
2436.000	122.734	17.725	0.000	-79.174
2438.000	122.650	17.779	0.000	-87.807
2440.000	122.765	17.625	0.000	-93.963
2442.000	122.692	16.522	0.000	-90.479
2444.000	122.678	14.116	0.000	-88.266
2446.000	122.770	14.215	0.000	-94.367
2448.000	122.651	13.787	0.000	-104.721
2450.000	122.732	12.901	0.000	-109.797
2452.000	122.728	11.813	0.000	-121.729
2454.000	122.661	12.953	0.000	-140.557
2456.000	122.748	13.921	0.000	-146.516
2458.000	122.704	11.520	0.000	-126.467
2460.000	122.668	10.718	0.000	-119.785
2462.000	122.777	10.934	0.000	-95.265
2464.000	122.646	10.783	0.000	-105.029
2466.000	122.737	10.920	0.000	-122.591
2468.000	122.719	10.995	0.000	-109.452
2470.000	122.665	11.148	0.000	-119.102
2472.000	122.751	11.426	0.000	-134.060
2474.000	122.689	10.710	0.000	163.619
2476.000	122.696	10.093	0.000	160.383
2478.000	122.750	11.714	0.000	-129.525
2480.000	122.661	12.720	0.000	-121.525
2482.000	122.730	12.040	0.000	-137.738
2484.000	122.722	10.239	0.000	-130.211
2486.000	122.664	11.526	0.000	-128.770
2488.000	122.757	11.062	0.000	-117.078
2490.000	122.682	10.402	0.000	-124.779
2492.000	122.698	10.027	0.000	-143.263
2494.000	122.754	10.509	0.000	-177.919
2496.000	122.649	9.944	0.000	179.452
2498.000	122.754	10.085	0.000	-158.134
2500.000	122.696	9.727	0.000	-169.727
2502.000	122.680	10.086	0.000	-156.835
2504.000	122.759	10.302	0.000	176.380
2506.000	122.665	9.059	0.000	165.436
2508.000	122.722	9.331	0.000	170.015
2510.000	122.736	10.995	0.000	142.393
2512.000	122.656	11.269	0.000	-162.430
2514.000	122.756	11.384	0.000	-161.531
2516.000	122.691	11.057	0.000	164.372
2518.000	122.683	11.039	0.000	165.413
2520.000	122.767	10.780	0.000	-179.422
2522.000	122.643	9.596	0.000	172.543
2524.000	122.755	9.688	0.000	178.282
2526.000	122.696	9.834	0.000	-154.244
2528.000	122.695	10.194	0.000	161.776
2530.000	122.741	11.524	0.000	145.894
2532.000	122.685	10.509	0.000	-173.470
2534.000	122.708	9.343	0.000	-169.478
2536.000	122.743	9.763	0.000	167.305
2538.000	122.657	10.057	0.000	152.740
2540.000	122.760	11.520	0.000	137.190
2542.000	122.684	12.207	0.000	125.576
2544.000	122.699	10.796	0.000	108.284
2546.000	122.749	10.810	0.000	139.083
2548.000	122.656	10.569	0.000	170.276
2550.000	122.747	10.256	0.000	174.759
2552.000	122.707	10.278	0.000	-168.604
2554.000	122.678	10.687	0.000	132.387
2556.000	122.764	10.412	0.000	152.470
2558.000	122.662	9.649	0.000	138.134
2560.000	122.732	10.806	0.000	144.951
2562.000	122.722	10.307	0.000	151.829
2564.000	122.669	10.144	0.000	117.449
2566.000	122.759	10.062	0.000	170.207
2568.000	122.677	9.926	0.000	133.937
2570.000	122.714	10.160	0.000	121.255
2572.000	122.745	10.047	0.000	117.637
2574.000	122.658	10.012	0.000	89.361
2576.000	122.758	10.751	0.000	106.190
2578.000	122.687	10.434	0.000	117.065
2580.000	122.702	9.999	0.000	112.859
2582.000	122.747	10.039	0.000	103.325
2584.000	122.664	9.450	0.000	92.807
2586.000	122.751	9.075	0.000	99.877
2588.000	122.701	8.653	0.000	92.225
2590.000	122.690	10.502	0.000	77.515
2592.000	122.756	11.480	0.000	81.348
2594.000	122.667	10.634	0.000	97.824
2596.000	122.738	10.398	0.000	69.193
2598.000	122.720	10.260	0.000	84.807
2600.000	122.681	9.776	0.000	82.516
2602.000	122.758	10.154	0.000	60.384
2604.000	122.672	10.423	0.000	72.559
2606.000	122.733	10.099	0.000	82.522
2608.000	122.724	9.681	0.000	-80.682
2610.000	122.676	10.284	0.000	-164.979
2612.000	122.757	10.475	0.000	84.088
2614.000	122.688	10.582	0.000	-145.005
2616.000	122.709	9.240	0.000	151.747
2618.000	122.752	8.647	0.000	32.026
2620.000	122.657	8.551	0.000	110.179
2622.000	122.773	8.425	0.000	158.338
2624.000	122.678	9.277	0.000	75.179
2626.000	122.716	8.995	0.000	-132.680
2628.000	122.747	9.607	0.000	-144.970
2630.000	122.667	10.624	0.000	-164.113
2632.000	122.757	10.109	0.000	169.692
2634.000	122.698	9.510	0.000	58.332
2636.000	122.703	8.700	0.000	-160.075
2638.000	122.756	9.198	0.000	-162.750
2640.000	122.660	9.480	0.000	-124.254
2642.000	122.764	9.101	0.000	155.909
2644.000	122.694	9.216	0.000	149.133
2646.000	122.709	10.224	0.000	171.370
2648.000	122.754	10.474	0.000	156.428
2650.000	122.675	10.025	0.000	130.863
2652.000	122.750	9.417	0.000	-157.735
2654.000	122.707	10.322	0.000	-150.913
2656.000	122.696	10.234	0.000	156.096
2658.000	122.765	10.426	0.000	136.821
2660.000	122.660	10.244	0.000	-43.730
2662.000	122.765	9.896	0.000	-166.538
2664.000	122.699	9.427	0.000	-171.817
2666.000	122.708	10.644	0.000	-145.537
2668.000	122.750	10.798	0.000	-130.730
2670.000	122.678	10.605	0.000	134.447
2672.000	122.748	10.440	0.000	141.393
2674.000	122.714	10.983	0.000	143.221
2676.000	122.699	10.608	0.000	130.563
2678.000	122.763	10.439	0.000	147.800
2680.000	122.667	9.039	0.000	171.387
2682.000	122.764	8.729	0.000	-166.270
2684.000	122.705	9.047	0.000	145.839
2686.000	122.698	8.497	0.000	129.688
2688.000	122.778	8.602	0.000	118.950
2690.000	122.657	8.064	0.000	104.844
2692.000	122.774	8.825	0.000	102.410
2694.000	122.691	9.749	0.000	87.624
2696.000	122.729	8.538	0.000	97.336
2698.000	122.735	8.763	0.000	139.917
2700.000	122.694	8.650	0.000	151.027
2702.000	122.747	7.948	0.000	179.286
2704.000	122.716	9.448	0.000	60.859
2706.000	122.704	9.939	0.000	89.449
2708.000	122.764	8.550	0.000	-149.199
2710.000	122.670	8.699	0.000	62.990
2712.000	122.774	9.634	0.000	131.978
2714.000	122.688	9.201	0.000	109.503
2716.000	122.731	9.665	0.000	94.627
2718.000	122.744	9.914	0.000	100.558
2720.000	122.685	11.014	0.000	147.032
2722.000	122.766	11.887	0.000	116.719
2724.000	122.698	11.293	0.000	75.929
2726.000	122.724	10.950	0.000	81.349
2728.000	122.752	9.724	0.000	89.883
2730.000	122.675	9.636	0.000	110.469
2732.000	122.778	10.578	0.000	149.169
2734.000	122.678	10.661	0.000	-10.679
2736.000	122.760	10.045	0.000	-47.090
2738.000	122.714	10.306	0.000	-47.000
2740.000	122.716	10.680	0.000	-168.278
2742.000	122.751	9.771	0.000	117.682
2744.000	122.695	9.341	0.000	74.055
2746.000	122.744	8.954	0.000	28.397
2748.000	122.727	8.887	0.000	60.360
2750.000	122.708	9.339	0.000	90.976
2752.000	122.764	10.073	0.000	76.818
2754.000	122.684	9.429	0.000	95.631
2756.000	122.758	9.285	0.000	154.092
2758.000	122.717	9.610	0.000	104.601
2760.000	122.711	9.358	0.000	39.826
2762.000	122.766	8.801	0.000	89.784
2764.000	122.678	9.956	0.000	94.799
2766.000	122.780	10.501	0.000	92.678
2768.000	122.686	10.216	0.000	-29.275
2770.000	122.754	9.408	0.000	-100.955
2772.000	122.726	9.659	0.000	68.453
2774.000	122.709	9.702	0.000	83.175
2776.000	122.768	8.503	0.000	60.781
2778.000	122.693	8.322	0.000	31.050
2780.000	122.750	10.478	0.000	127.414
2782.000	122.735	9.595	0.000	141.809
2784.000	122.702	8.755	0.000	91.395
2786.000	122.772	9.411	0.000	-26.393
2788.000	122.679	9.149	0.000	162.238
2790.000	122.773	7.741	0.000	118.809
2792.000	122.706	8.984	0.000	-129.824
2794.000	122.736	9.879	0.000	-107.405
2796.000	122.741	8.331	0.000	-62.594
2798.000	122.716	9.516	0.000	-99.068
2800.000	122.748	9.805	0.000	179.677
2802.000	122.721	9.891	0.000	-109.004
2804.000	122.724	9.121	0.000	-116.228
2806.000	122.755	9.559	0.000	121.672
2808.000	122.692	10.874	0.000	108.208
2810.000	122.784	10.668	0.000	144.809
2812.000	122.682	9.568	0.000	-178.171
2814.000	122.764	9.378	0.000	174.269
2816.000	122.723	9.556	0.000	123.276
2818.000	122.717	9.378	0.000	98.454
2820.000	122.767	10.098	0.000	-167.943
2822.000	122.685	10.306	0.000	-166.106
2824.000	122.783	9.764	0.000	-140.842
2826.000	122.692	10.076	0.000	139.675
2828.000	122.763	8.838	0.000	-162.427
2830.000	122.721	8.864	0.000	-100.817
2832.000	122.727	9.487	0.000	-133.763
2834.000	122.759	9.934	0.000	-173.782
2836.000	122.710	9.169	0.000	88.865
2838.000	122.751	10.172	0.000	152.891
2840.000	122.731	10.683	0.000	152.863
2842.000	122.721	9.645	0.000	39.132
2844.000	122.766	9.726	0.000	65.782
2846.000	122.692	8.402	0.000	-74.246
2848.000	122.775	8.771	0.000	156.117
2850.000	122.706	9.676	0.000	132.512
2852.000	122.749	10.295	0.000	135.127
2854.000	122.743	10.565	0.000	176.617
2856.000	122.711	10.028	0.000	123.724
2858.000	122.770	9.771	0.000	-179.668
2860.000	122.697	9.317	0.000	155.839
2862.000	122.774	8.848	0.000	149.769
2864.000	122.706	9.060	0.000	-160.597
2866.000	122.756	9.059	0.000	144.040
2868.000	122.735	8.307	0.000	106.732
2870.000	122.727	9.349	0.000	57.895
2872.000	122.757	10.538	0.000	171.735
2874.000	122.712	10.765	0.000	168.089
2876.000	122.754	9.078	0.000	-4.686
2878.000	122.736	9.354	0.000	155.556
2880.000	122.726	9.971	0.000	137.923
2882.000	122.760	10.065	0.000	153.874
2884.000	122.712	9.245	0.000	151.828
2886.000	122.757	9.461	0.000	176.707
2888.000	122.734	9.111	0.000	168.787
2890.000	122.727	10.306	0.000	127.926
2892.000	122.766	10.227	0.000	62.460
2894.000	122.701	9.278	0.000	-171.279
2896.000	122.787	9.478	0.000	151.279
2898.000	122.689	8.026	0.000	61.802
2900.000	122.783	8.243	0.000	137.857
2902.000	122.706	9.419	0.000	-160.262
2904.000	122.753	9.810	0.000	-100.411
2906.000	122.751	11.001	0.000	128.942
2908.000	122.708	11.158	0.000	36.967
2910.000	122.788	9.808	0.000	-11.997
2912.000	122.683	10.451	0.000	90.073
2914.000	122.794	9.513	0.000	-19.609
2916.000	122.701	9.316	0.000	-47.878
2918.000	122.759	9.710	0.000	-53.240
2920.000	122.738	9.925	0.000	92.473
2922.000	122.725	10.035	0.000	53.764
2924.000	122.769	10.102	0.000	-7.544
2926.000	122.709	10.977	0.000	-89.391
2928.000	122.769	11.401	0.000	-80.844
2930.000	122.712	10.662	0.000	-95.393
2932.000	122.759	10.687	0.000	-113.893
2934.000	122.736	10.194	0.000	-121.735
2936.000	122.735	9.583	0.000	-150.596
2938.000	122.758	10.268	0.000	-137.617
2940.000	122.718	10.799	0.000	-138.776
2942.000	122.761	11.967	0.000	-151.630
2944.000	122.728	11.898	0.000	-149.856
2946.000	122.744	12.047	0.000	-147.337
2948.000	122.748	12.004	0.000	-157.232
2950.000	122.724	11.871	0.000	-155.068
2952.000	122.765	13.240	0.000	-155.892
2954.000	122.721	13.747	0.000	-170.993
2956.000	122.755	13.866	0.000	177.988
2958.000	122.734	14.130	0.000	168.871
2960.000	122.734	14.471	0.000	160.921
2962.000	122.760	14.076	0.000	156.323
2964.000	122.719	15.838	0.000	142.718
2966.000	122.770	16.238	0.000	144.795
2968.000	122.714	15.539	0.000	138.032
2970.000	122.763	15.704	0.000	128.132
2972.000	122.731	15.925	0.000	118.564
2974.000	122.747	15.921	0.000	108.194
2976.000	122.747	15.194	0.000	105.539
2978.000	122.726	15.346	0.000	97.266
2980.000	122.764	15.596	0.000	98.463
2982.000	122.714	16.017	0.000	94.498
2984.000	122.771	16.398	0.000	85.717
2986.000	122.719	16.730	0.000	81.603
2988.000	122.749	17.705	0.000	74.669
2990.000	122.745	17.309	0.000	68.378
2992.000	122.731	18.160	0.000	59.722
2994.000	122.764	17.401	0.000	54.926
2996.000	122.719	18.574	0.000	46.353
2998.000	122.759	18.650	0.000	37.224
3000.000	122.725	19.332	0.000	32.149
3002.000	122.753	19.271	0.000	22.715
3004.000	122.742	19.383	0.000	13.570
3006.000	122.740	19.597	0.000	6.212
3008.000	122.749	19.802	0.000	-3.657
3010.000	122.725	20.007	0.000	-13.210
3012.000	122.761	19.901	0.000	-18.440
3014.000	122.725	19.873	0.000	-22.922
3016.000	122.758	20.095	0.000	-32.080
3018.000	122.733	19.873	0.000	-44.491
3020.000	122.737	20.056	0.000	-51.281
3022.000	122.759	19.738	0.000	-51.737
3024.000	122.723	20.348	0.000	-59.471
3026.000	122.775	20.222	0.000	-68.906
3028.000	122.704	19.925	0.000	-77.379
3030.000	122.776	20.094	0.000	-86.121
3032.000	122.714	19.930	0.000	-93.858
3034.000	122.761	20.340	0.000	-97.073
3036.000	122.737	19.234	0.000	-110.037
3038.000	122.739	18.912	0.000	-117.248
3040.000	122.746	19.110	0.000	-122.185
3042.000	122.728	18.763	0.000	-133.112
3044.000	122.756	17.507	0.000	-136.276
3046.000	122.730	16.657	0.000	-136.605
3048.000	122.758	16.579	0.000	-140.237
3050.000	122.723	15.250	0.000	-139.627
3052.000	122.754	15.114	0.000	-132.744
3054.000	122.730	14.906	0.000	-128.441
3056.000	122.752	15.483	0.000	-120.520
3058.000	122.740	16.595	0.000	-117.742
3060.000	122.748	17.684	0.000	-124.251
3062.000	122.737	18.390	0.000	-125.167
3064.000	122.736	19.618	0.000	-127.569
3066.000	122.753	20.606	0.000	-129.133
3068.000	122.726	21.367	0.000	-135.803
3070.000	122.763	22.355	0.000	-140.295
3072.000	122.715	22.780	0.000	-145.977
3074.000	122.763	23.953	0.000	-153.656
3076.000	122.720	24.210	0.000	-158.727
3078.000	122.759	25.152	0.000	-165.559
3080.000	122.741	25.495	0.000	-170.122
3082.000	122.723	26.394	0.000	-178.856
3084.000	122.771	27.267	0.000	174.798
3086.000	122.695	27.559	0.000	166.201
3088.000	122.787	28.247	0.000	161.102
3090.000	122.706	28.105	0.000	151.438
3092.000	122.762	28.903	0.000	142.822
3094.000	122.738	28.727	0.000	134.903
3096.000	122.718	29.406	0.000	125.511
3098.000	122.771	29.352	0.000	118.022
3100.000	122.703	29.640	0.000	109.165
3102.000	122.777	29.723	0.000	103.064
3104.000	122.719	29.714	0.000	95.522
3106.000	122.741	29.865	0.000	88.623
3108.000	122.753	29.630	0.000	82.008
3110.000	122.711	29.739	0.000	74.709
3112.000	122.775	29.650	0.000	70.276
3114.000	122.718	29.751	0.000	61.208
3116.000	122.755	29.620	0.000	58.161
3118.000	122.731	29.825	0.000	49.875
3120.000	122.737	29.698	0.000	46.671
3122.000	122.736	29.693	0.000	42.125
3124.000	122.749	29.898	0.000	37.365
3126.000	122.720	29.925	0.000	33.061
3128.000	122.774	30.750	0.000	29.129
3130.000	122.697	30.591	0.000	23.926
3132.000	122.772	31.465	0.000	17.514
3134.000	122.716	31.663	0.000	13.036
3136.000	122.737	32.074	0.000	6.704
3138.000	122.771	32.881	0.000	2.043
3140.000	122.686	33.101	0.000	-8.427
3142.000	122.803	34.170	0.000	-12.763
3144.000	122.671	33.981	0.000	-23.799
3146.000	122.785	34.612	0.000	-29.673
3148.000	122.711	34.576	0.000	-39.860
3150.000	122.742	35.047	0.000	-48.479
3152.000	122.758	35.096	0.000	-55.598
3154.000	122.706	35.392	0.000	-65.638
3156.000	122.760	35.306	0.000	-72.500
3158.000	122.722	35.604	0.000	-83.043
3160.000	122.735	35.380	0.000	-90.147
3162.000	122.754	35.635	0.000	-99.156
3164.000	122.724	35.493	0.000	-106.250
3166.000	122.747	35.472	0.000	-115.283
3168.000	122.736	35.519	0.000	-122.263
3170.000	122.715	35.036	0.000	-129.921
3172.000	122.768	35.404	0.000	-137.313
3174.000	122.705	34.775	0.000	-144.617
3176.000	122.761	35.103	0.000	-152.997
3178.000	122.732	34.506	0.000	-158.534
3180.000	122.713	34.523	0.000	-167.260
3182.000	122.771	34.291	0.000	-173.435
3184.000	122.689	34.063	0.000	179.592
3186.000	122.774	34.044	0.000	173.056
3188.000	122.714	33.419	0.000	167.591
3190.000	122.741	33.452	0.000	159.828
3192.000	122.742	32.737	0.000	156.364
3194.000	122.719	32.759	0.000	151.576
3196.000	122.740	32.360	0.000	147.511
3198.000	122.734	32.257	0.000	142.601
3200.000	122.726	32.205	0.000	140.529
3202.000	122.747	32.439	0.000	135.797
3204.000	122.732	32.558	0.000	133.542
3206.000	122.712	32.929	0.000	126.929
3208.000	122.772	33.505	0.000	123.786
3210.000	122.671	33.582	0.000	113.679
3212.000	122.794	33.965	0.000	109.167
3214.000	122.689	33.889	0.000	100.913
3216.000	122.759	34.475	0.000	93.034
3218.000	122.736	34.215	0.000	86.005
3220.000	122.702	34.600	0.000	76.777
3222.000	122.764	34.284	0.000	71.030
3224.000	122.703	34.442	0.000	62.282
3226.000	122.743	34.113	0.000	56.740
3228.000	122.740	34.192	0.000	46.485
3230.000	122.721	33.994	0.000	41.184
3232.000	122.734	33.967	0.000	31.092
3234.000	122.743	33.723	0.000	25.182
3236.000	122.691	33.541	0.000	16.309
3238.000	122.772	33.195	0.000	10.037
3240.000	122.694	32.890	0.000	1.733
3242.000	122.747	32.530	0.000	-5.462
3244.000	122.747	32.056	0.000	-10.992
3246.000	122.696	31.537	0.000	-18.686
3248.000	122.768	31.061	0.000	-24.475
3250.000	122.690	30.459	0.000	-29.954
3252.000	122.740	29.741	0.000	-32.790
3254.000	122.737	29.514	0.000	-36.783
3256.000	122.716	28.807	0.000	-35.841
3258.000	122.736	29.092	0.000	-39.091
3260.000	122.745	28.855	0.000	-39.898
3262.000	122.681	29.192	0.000	-42.173
3264.000	122.779	29.806	0.000	-45.236
3266.000	122.669	29.999	0.000	-47.806
3268.000	122.763	31.180	0.000	-54.904
3270.000	122.719	31.053	0.000	-60.296
3272.000	122.719	32.068	0.000	-68.181
3274.000	122.745	32.122	0.000	-74.605
3276.000	122.711	32.412	0.000	-81.816
3278.000	122.717	32.802	0.000	-89.166
3280.000	122.731	33.129	0.000	-99.746
3282.000	122.716	33.271	0.000	-105.287
3284.000	122.719	33.707	0.000	-117.389
3286.000	122.751	33.523	0.000	-123.519
3288.000	122.696	33.991	0.000	-133.997
3290.000	122.743	33.593	0.000	-142.522
3292.000	122.717	33.546	0.000	-151.388
3294.000	122.705	33.471	0.000	-160.763
3296.000	122.739	33.111	0.000	-169.843
3298.000	122.717	33.205	0.000	-176.579
3300.000	122.705	32.577	0.000	174.509
3302.000	122.768	32.671	0.000	169.033
3304.000	122.674	32.147	0.000	160.343
3306.000	122.753	32.428	0.000	153.122
3308.000	122.714	32.177	0.000	146.452
3310.000	122.686	32.337	0.000	137.596
3312.000	122.763	32.420	0.000	130.470
3314.000	122.685	32.323	0.000	120.991
3316.000	122.736	32.698	0.000	112.094
3318.000	122.724	32.379	0.000	101.740
3320.000	122.722	32.827	0.000	92.666
3322.000	122.698	32.303	0.000	79.770
3324.000	122.759	32.473	0.000	71.625
3326.000	122.652	31.890	0.000	58.293
3328.000	122.772	31.856	0.000	47.990
3330.000	122.683	31.423	0.000	34.637
3332.000	122.724	31.128	0.000	21.548
3334.000	122.734	30.504	0.000	8.990
3336.000	122.715	30.044	0.000	-3.393
3338.000	122.695	28.979	0.000	-16.360
3340.000	122.751	28.300	0.000	-28.944
3342.000	122.670	27.194	0.000	-41.862
3344.000	122.731	26.484	0.000	-55.896
3346.000	122.723	25.158	0.000	-65.502
3348.000	122.687	24.662	0.000	-77.237
3350.000	122.753	23.199	0.000	-89.287
3352.000	122.696	21.714	0.000	-102.475
3354.000	122.716	20.788	0.000	-108.807
3356.000	122.711	20.812	0.000	-117.437
3358.000	122.718	20.429	0.000	-126.782
3360.000	122.677	19.786	0.000	-141.043
3362.000	122.746	19.139	0.000	-143.477
3364.000	122.690	18.173	0.000	-156.626
3366.000	122.713	17.265	0.000	-176.275
3368.000	122.734	17.314	0.000	171.718
3370.000	122.705	17.233	0.000	155.839
3372.000	122.694	15.674	0.000	150.319
3374.000	122.754	16.786	0.000	148.866
3376.000	122.645	16.373	0.000	142.370
3378.000	122.744	17.276	0.000	132.678
3380.000	122.707	17.319	0.000	121.695
3382.000	122.677	16.411	0.000	106.514
3384.000	122.745	17.483	0.000	97.595
3386.000	122.712	18.821	0.000	82.454
3388.000	122.676	17.994	0.000	75.844
3390.000	122.754	19.095	0.000	63.373
3392.000	122.680	18.980	0.000	51.234
3394.000	122.678	19.071	0.000	40.746
3396.000	122.752	18.691	0.000	29.470
3398.000	122.654	18.791	0.000	15.541
3400.000	122.726	18.298	0.000	10.797
3402.000	122.726	18.268	0.000	0.104
3404.000	122.685	18.258	0.000	-6.646
3406.000	122.707	19.117	0.000	-22.945
3408.000	122.742	19.006	0.000	-29.540
3410.000	122.645	19.579	0.000	-34.661
3412.000	122.733	20.968	0.000	-50.211
3414.000	122.700	19.913	0.000	-65.667
3416.000	122.669	18.233	0.000	-71.990
3418.000	122.719	17.822	0.000	-80.888
3420.000	122.728	17.866	0.000	-91.236
3422.000	122.653	17.372	0.000	-93.323
3424.000	122.759	17.756	0.000	-104.053
3426.000	122.682	18.259	0.000	-117.599
3428.000	122.686	18.882	0.000	-130.075
3430.000	122.719	18.930	0.000	-145.435
3432.000	122.686	18.169	0.000	-163.493
3434.000	122.667	17.441	0.000	-173.301
3436.000	122.728	16.827	0.000	167.451
3438.000	122.687	16.022	0.000	162.099
3440.000	122.677	15.319	0.000	147.989
3442.000	122.733	14.392	0.000	123.390
3444.000	122.700	13.970	0.000	110.166
3446.000	122.661	12.861	0.000	96.894
3448.000	122.754	12.255	0.000	61.343
3450.000	122.667	11.900	0.000	24.012
3452.000	122.656	11.160	0.000	-15.614
3454.000	122.750	9.951	0.000	-53.537
3456.000	122.641	10.778	0.000	-91.219
3458.000	122.694	11.694	0.000	-111.480
3460.000	122.722	11.695	0.000	-140.945
3462.000	122.688	11.905	0.000	-141.197
3464.000	122.664	13.893	0.000	-153.814
3466.000	122.774	14.723	0.000	-173.183
3468.000	122.620	12.922	0.000	-177.666
3470.000	122.720	13.941	0.000	176.854
3472.000	122.702	14.701	0.000	160.593
3474.000	122.659	13.876	0.000	170.550
3476.000	122.675	13.927	0.000	158.436
3478.000	122.725	13.802	0.000	145.796
3480.000	122.643	12.660	0.000	137.417
3482.000	122.703	12.715	0.000	130.685
3484.000	122.705	12.269	0.000	120.962
3486.000	122.695	13.116	0.000	111.877
3488.000	122.655	13.354	0.000	111.102
3490.000	122.749	13.728	0.000	122.588
3492.000	122.647	13.074	0.000	119.156
3494.000	122.677	12.552	0.000	106.628
3496.000	122.708	12.023	0.000	100.301
3498.000	122.664	12.765	0.000	82.933
3500.000	122.654	11.632	0.000	63.364
3502.000	122.717	11.310	0.000	68.773
3504.000	122.667	12.091	0.000	70.856
3506.000	122.670	11.572	0.000	40.724
3508.000	122.710	10.474	0.000	41.859
3510.000	122.703	10.839	0.000	57.673
3512.000	122.643	10.324	0.000	51.559
3514.000	122.723	11.472	0.000	48.633
3516.000	122.685	11.737	0.000	48.169
3518.000	122.627	11.173	0.000	42.283
3520.000	122.715	10.086	0.000	33.521
3522.000	122.679	9.679	0.000	20.145
3524.000	122.624	10.373	0.000	22.688
3526.000	122.706	10.583	0.000	18.041
3528.000	122.698	11.163	0.000	-4.411
3530.000	122.626	11.246	0.000	-10.704
3532.000	122.712	10.248	0.000	-19.977
3534.000	122.719	9.823	0.000	-43.450
3536.000	122.619	9.898	0.000	-41.538
3538.000	122.719	11.622	0.000	-42.357
3540.000	122.703	13.051	0.000	-71.991
3542.000	122.620	13.514	0.000	-70.008
3544.000	122.691	12.443	0.000	-79.036
3546.000	122.684	12.079	0.000	-90.875
3548.000	122.643	12.776	0.000	-102.101
3550.000	122.649	13.684	0.000	-118.007
3552.000	122.704	14.374	0.000	-124.128
3554.000	122.660	14.830	0.000	-134.390
3556.000	122.641	14.670	0.000	-148.254
3558.000	122.716	14.825	0.000	-161.455
3560.000	122.693	14.946	0.000	-171.410
3562.000	122.616	13.845	0.000	178.858
3564.000	122.732	13.501	0.000	169.827
3566.000	122.679	13.800	0.000	159.245
3568.000	122.626	12.774	0.000	158.808
3570.000	122.682	12.781	0.000	146.202
3572.000	122.702	12.711	0.000	146.901
3574.000	122.600	12.898	0.000	149.492
3576.000	122.662	12.348	0.000	149.773
3578.000	122.709	12.562	0.000	146.366
3580.000	122.619	13.528	0.000	143.645
3582.000	122.636	14.580	0.000	130.554
3584.000	122.747	15.353	0.000	128.686
3586.000	122.621	14.966	0.000	128.582
3588.000	122.655	15.052	0.000	122.313
3590.000	122.712	15.322	0.000	114.390
3592.000	122.684	15.761	0.000	109.105
3594.000	122.607	16.362	0.000	109.863
3596.000	122.716	16.927	0.000	97.807
3598.000	122.680	16.660	0.000	86.010
3600.000	122.599	16.314	0.000	84.885
3602.000	122.672	15.993	0.000	76.088
3604.000	122.697	17.089	0.000	70.184
3606.000	122.587	16.911	0.000	58.821
3608.000	122.655	18.020	0.000	56.076
3610.000	122.697	18.572	0.000	50.023
3612.000	122.614	17.510	0.000	45.132
3614.000	122.653	17.758	0.000	33.356
3616.000	122.673	17.790	0.000	30.606
3618.000	122.687	18.292	0.000	30.603
3620.000	122.628	18.313	0.000	23.150
3622.000	122.665	18.509	0.000	9.956
3624.000	122.721	18.737	0.000	1.848
3626.000	122.615	19.294	0.000	-7.676
3628.000	122.650	19.258	0.000	-11.557
3630.000	122.703	19.813	0.000	-14.431
3632.000	122.646	19.358	0.000	-22.098
3634.000	122.590	19.057	0.000	-30.534
3636.000	122.698	19.641	0.000	-39.055
3638.000	122.651	18.846	0.000	-47.556
3640.000	122.587	18.881	0.000	-48.161
3642.000	122.647	18.850	0.000	-51.100
3644.000	122.696	18.719	0.000	-53.185
3646.000	122.590	18.942	0.000	-59.530
3648.000	122.627	19.053	0.000	-61.756
3650.000	122.710	19.563	0.000	-69.415
3652.000	122.629	19.345	0.000	-78.529
3654.000	122.625	20.122	0.000	-81.890
3656.000	122.685	20.992	0.000	-91.721
3658.000	122.685	21.127	0.000	-96.859
3660.000	122.626	21.539	0.000	-100.910
3662.000	122.635	21.744	0.000	-111.052
3664.000	122.721	21.763	0.000	-116.573
3666.000	122.633	21.210	0.000	-122.152
3668.000	122.591	20.966	0.000	-130.595
3670.000	122.704	21.629	0.000	-137.032
3672.000	122.641	21.636	0.000	-142.969
3674.000	122.594	22.048	0.000	-147.249
3676.000	122.619	22.453	0.000	-155.607
3678.000	122.692	22.580	0.000	-165.414
3680.000	122.583	22.219	0.000	-171.898
3682.000	122.604	23.296	0.000	179.327
3684.000	122.642	22.601	0.000	168.917
3686.000	122.690	22.623	0.000	163.344
3688.000	122.537	22.121	0.000	150.593
3690.000	122.663	22.451	0.000	144.597
3692.000	122.700	22.171	0.000	135.041
3694.000	122.605	21.255	0.000	129.059
3696.000	122.593	21.104	0.000	121.308
3698.000	122.731	21.232	0.000	113.669
3700.000	122.646	20.224	0.000	104.533
3702.000	122.603	19.603	0.000	99.987
3704.000	122.653	19.659	0.000	90.448
3706.000	122.737	19.047	0.000	83.174
3708.000	122.570	18.080	0.000	78.741
3710.000	122.641	17.742	0.000	72.372
3712.000	122.680	16.585	0.000	66.554
3714.000	122.650	15.676	0.000	60.639
3716.000	122.577	14.615	0.000	55.446
3718.000	122.644	13.729	0.000	67.562
3720.000	122.644	12.208	0.000	62.960
3722.000	122.618	12.228	0.000	61.219
3724.000	122.571	12.329	0.000	73.558
3726.000	122.618	13.043	0.000	85.286
3728.000	122.671	14.277	0.000	84.078
3730.000	122.555	15.219	0.000	76.582
3732.000	122.575	16.758	0.000	75.418
3734.000	122.680	17.122	0.000	69.789
3736.000	122.607	17.882	0.000	61.066
3738.000	122.558	18.664	0.000	53.861
3740.000	122.631	19.059	0.000	41.885
3742.000	122.664	19.465	0.000	27.739
3744.000	122.617	19.854	0.000	23.717
3746.000	122.554	20.087	0.000	13.356
3748.000	122.702	20.104	0.000	4.948
3750.000	122.656	20.110	0.000	-3.075
3752.000	122.599	20.381	0.000	-15.264
3754.000	122.603	20.027	0.000	-25.758
3756.000	122.731	20.946	0.000	-29.365
3758.000	122.626	20.565	0.000	-43.558
3760.000	122.605	19.816	0.000	-47.277
3762.000	122.645	20.130	0.000	-59.489
3764.000	122.710	19.937	0.000	-65.660
3766.000	122.610	19.452	0.000	-76.543
3768.000	122.597	19.296	0.000	-82.992
3770.000	122.659	18.769	0.000	-90.299
3772.000	122.700	18.535	0.000	-100.014
3774.000	122.554	17.357	0.000	-110.454
3776.000	122.622	17.093	0.000	-114.367
3778.000	122.636	17.407	0.000	-123.009
3780.000	122.660	17.081	0.000	-125.209
3782.000	122.555	15.974	0.000	-134.345
3784.000	122.563	15.703	0.000	-140.826
3786.000	122.674	15.451	0.000	-146.894
3788.000	122.617	13.849	0.000	-151.312
3790.000	122.491	12.851	0.000	-149.478
3792.000	122.600	11.984	0.000	-148.598
3794.000	122.673	12.735	0.000	-148.656
3796.000	122.537	12.162	0.000	-143.833
3798.000	122.502	10.854	0.000	-146.309
3800.000	122.635	12.704	0.000	-139.573
3802.000	122.618	13.553	0.000	-138.491
3804.000	122.523	13.484	0.000	-134.251
3806.000	122.526	14.086	0.000	-133.592
3808.000	122.621	15.348	0.000	-146.996
3810.000	122.627	15.950	0.000	-153.701
3812.000	122.494	15.474	0.000	-160.218
3814.000	122.560	15.681	0.000	-167.071
3816.000	122.637	16.980	0.000	-174.074
3818.000	122.592	17.609	0.000	-174.888
3820.000	122.547	18.499	0.000	175.168
3822.000	122.545	17.949	0.000	168.753
3824.000	122.659	18.157	0.000	162.195
3826.000	122.616	18.410	0.000	154.264
3828.000	122.541	18.134	0.000	145.625
3830.000	122.570	17.516	0.000	140.614
3832.000	122.687	18.003	0.000	136.948
3834.000	122.618	17.493	0.000	130.169
3836.000	122.558	17.666	0.000	119.685
3838.000	122.591	18.010	0.000	119.107
3840.000	122.710	18.090	0.000	113.541
3842.000	122.631	17.606	0.000	105.000
3844.000	122.583	18.246	0.000	94.126
3846.000	122.579	16.985	0.000	91.268
3848.000	122.772	17.920	0.000	88.589
3850.000	122.638	18.141	0.000	77.135
3852.000	122.555	17.587	0.000	71.771
3854.000	122.665	17.937	0.000	72.249
3856.000	122.747	18.449	0.000	64.269
3858.000	122.639	17.895	0.000	50.776
3860.000	122.604	18.235	0.000	45.646
3862.000	122.657	18.595	0.000	41.484
3864.000	122.756	18.619	0.000	34.813
3866.000	122.672	18.866	0.000	26.044
3868.000	122.609	19.473	0.000	19.185
3870.000	122.665	19.494	0.000	9.200
3872.000	122.758	19.594	0.000	3.529
3874.000	122.712	20.053	0.000	-12.382
3876.000	122.603	19.615	0.000	-22.357
3878.000	122.674	19.937	0.000	-35.330
3880.000	122.760	19.121	0.000	-48.694
3882.000	122.746	19.080	0.000	-59.497
3884.000	122.610	17.862	0.000	-69.981
3886.000	122.644	17.227	0.000	-77.689
3888.000	122.825	17.279	0.000	-88.427
3890.000	122.735	16.159	0.000	-98.330
3892.000	122.604	15.156	0.000	-104.906
3894.000	122.696	13.663	0.000	-111.665
3896.000	122.786	13.674	0.000	-116.993
3898.000	122.746	12.863	0.000	-118.489
3900.000	122.667	12.785	0.000	-123.143
3902.000	122.655	13.129	0.000	-119.662
3904.000	122.790	12.622	0.000	-122.938
3906.000	122.779	13.460	0.000	-120.422
3908.000	122.688	13.556	0.000	-127.032
3910.000	122.651	14.156	0.000	-138.947
3912.000	122.788	14.406	0.000	-146.400
3914.000	122.801	15.284	0.000	-148.283
3916.000	122.702	14.577	0.000	-148.727
3918.000	122.701	15.034	0.000	-154.572
3920.000	122.733	14.553	0.000	-168.341
3922.000	122.818	14.727	0.000	-174.774
3924.000	122.785	14.850	0.000	-176.966
3926.000	122.682	14.904	0.000	176.934
3928.000	122.711	14.339	0.000	165.592
3930.000	122.864	15.061	0.000	167.771
3932.000	122.795	14.818	0.000	153.654
3934.000	122.738	14.761	0.000	144.311
3936.000	122.680	14.930	0.000	147.423
3938.000	122.859	15.598	0.000	139.788
3940.000	122.866	15.782	0.000	118.347
3942.000	122.752	15.706	0.000	118.926
3944.000	122.692	15.154	0.000	112.832
3946.000	122.846	15.024	0.000	104.058
3948.000	122.896	15.018	0.000	86.841
3950.000	122.788	14.964	0.000	75.129
3952.000	122.733	14.902	0.000	76.253
3954.000	122.823	14.589	0.000	63.714
3956.000	122.870	14.640	0.000	43.960
3958.000	122.865	14.180	0.000	44.223
3960.000	122.808	13.193	0.000	44.054
3962.000	122.727	11.721	0.000	25.392
3964.000	122.894	11.957	0.000	12.528
3966.000	122.924	11.072	0.000	6.938
3968.000	122.815	11.652	0.000	11.060
3970.000	122.753	11.554	0.000	-9.867
3972.000	122.837	10.228	0.000	-18.737
3974.000	122.923	9.795	0.000	-8.581
3976.000	122.893	10.008	0.000	-28.570
3978.000	122.759	10.768	0.000	-35.329
3980.000	122.780	10.511	0.000	-43.331
3982.000	122.895	9.211	0.000	-67.257
3984.000	122.927	9.934	0.000	-58.932
3986.000	122.801	9.985	0.000	-57.348
3988.000	122.737	9.050	0.000	-57.250
3990.000	122.837	9.765	0.000	-79.324
3992.000	122.898	9.308	0.000	-72.424
3994.000	122.853	9.677	0.000	-64.866
3996.000	122.766	10.640	0.000	-71.551
3998.000	122.712	10.068	0.000	-103.107
4000.000	122.869	10.366	0.000	-106.944
