2000.000	122.834	15.264	0.000	-93.872
2.000	122.886	14.842	0.000	-96.391
4.000	123.102	15.549	0.000	-98.211
6.000	123.122	16.222	0.000	-98.056
8.000	122.968	15.536	0.000	-94.179
10.000	122.824	14.891	0.000	-104.942
12.000	122.924	16.213	0.000	-108.907
14.000	123.193	16.914	0.000	-105.206
16.000	123.117	15.738	0.000	-109.405
18.000	122.780	15.525	0.000	-118.432
20.000	122.877	16.261	0.000	-122.160
22.000	123.155	17.007	0.000	-112.085
24.000	123.082	16.128	0.000	-118.073
26.000	122.942	15.606	0.000	-126.517
28.000	122.907	15.895	0.000	-129.980
30.000	122.904	16.147	0.000	-126.449
32.000	123.106	17.107	0.000	-132.161
34.000	123.173	17.116	0.000	-131.120
36.000	122.845	16.098	0.000	-133.835
38.000	122.797	16.380	0.000	-137.265
40.000	123.139	16.285	0.000	-139.186
42.000	123.158	15.965	0.000	-133.497
44.000	122.920	15.400	0.000	-138.545
46.000	122.852	14.912	0.000	-139.592
48.000	122.963	14.462	0.000	-143.544
50.000	123.129	15.699	0.000	-141.923
52.000	123.094	15.863	0.000	-142.336
54.000	122.854	15.786	0.000	-141.631
56.000	122.870	14.961	0.000	-146.268
58.000	123.086	15.704	0.000	-153.413
60.000	123.115	15.963	0.000	-147.774
62.000	122.990	15.924	0.000	-144.396
64.000	122.834	15.034	0.000	-146.156
66.000	122.913	15.615	0.000	-150.462
68.000	123.205	16.208	0.000	-149.399
70.000	123.101	15.120	0.000	-148.373
72.000	122.760	15.032	0.000	-151.928
74.000	122.929	16.108	0.000	-162.435
76.000	123.158	16.544	0.000	-155.380
78.000	123.040	15.273	0.000	-154.625
80.000	122.953	15.832	0.000	-160.455
82.000	122.894	16.067	0.000	-162.772
84.000	122.925	15.488	0.000	-169.428
86.000	123.178	15.428	0.000	-159.383
88.000	123.090	16.089	0.000	-154.028
90.000	122.762	16.101	0.000	-159.975
92.000	122.930	16.142	0.000	-168.799
94.000	123.180	16.993	0.000	-159.538
96.000	123.061	16.845	0.000	-150.616
98.000	122.884	16.136	0.000	-155.251
100.000	122.867	15.484	0.000	-165.368
102.000	123.051	16.636	0.000	-166.551
104.000	123.164	16.695	0.000	-161.896
106.000	122.944	16.346	0.000	-164.129
108.000	122.830	16.796	0.000	-166.597
110.000	123.009	18.131	0.000	-171.816
112.000	123.102	18.139	0.000	-170.464
114.000	123.064	17.204	0.000	-167.190
116.000	122.885	16.474	0.000	-170.317
118.000	122.827	17.299	0.000	177.070
120.000	123.155	18.187	0.000	-179.755
122.000	123.172	18.513	0.000	-170.221
124.000	122.802	17.769	0.000	-173.054
126.000	122.883	18.157	0.000	177.258
128.000	123.120	18.832	0.000	176.001
130.000	123.058	18.608	0.000	-177.650
132.000	122.985	18.325	0.000	175.108
134.000	122.878	18.366	0.000	167.966
136.000	122.916	18.299	0.000	163.273
138.000	123.178	18.764	0.000	164.061
140.000	123.070	18.719	0.000	167.244
142.000	122.787	16.580	0.000	167.033
144.000	122.936	18.384	0.000	157.538
146.000	123.144	19.361	0.000	162.771
148.000	123.075	18.699	0.000	166.367
150.000	122.871	18.734	0.000	155.682
152.000	122.859	18.622	0.000	148.800
154.000	123.109	18.962	0.000	153.374
156.000	123.120	18.629	0.000	153.547
158.000	122.892	17.877	0.000	147.986
160.000	122.884	17.504	0.000	145.283
162.000	123.008	17.990	0.000	143.989
164.000	123.111	18.442	0.000	146.442
166.000	123.045	18.076	0.000	146.023
168.000	122.794	16.991	0.000	145.350
170.000	122.941	17.137	0.000	141.104
172.000	123.221	17.558	0.000	139.098
174.000	123.001	16.818	0.000	148.806
176.000	122.800	15.832	0.000	147.751
178.000	122.986	16.970	0.000	139.105
180.000	123.100	17.926	0.000	144.710
182.000	123.047	17.131	0.000	147.347
184.000	122.902	17.164	0.000	142.443
186.000	122.867	16.726	0.000	144.225
188.000	123.076	17.299	0.000	144.283
190.000	123.132	17.586	0.000	153.350
192.000	122.902	16.956	0.000	159.698
194.000	122.824	16.777	0.000	143.461
196.000	123.070	18.187	0.000	143.443
198.000	123.160	17.837	0.000	154.409
200.000	122.901	16.522	0.000	154.177
202.000	122.829	18.119	0.000	144.863
204.000	123.064	19.082	0.000	147.447
206.000	123.106	18.617	0.000	151.740
208.000	122.961	18.866	0.000	147.067
210.000	122.865	18.795	0.000	141.088
212.000	122.952	19.784	0.000	142.539
214.000	123.136	20.685	0.000	143.966
216.000	123.038	19.895	0.000	142.977
218.000	122.807	19.367	0.000	138.976
220.000	122.939	20.099	0.000	131.840
222.000	123.162	20.933	0.000	136.165
224.000	123.034	20.429	0.000	142.677
226.000	122.805	19.574	0.000	133.047
228.000	122.951	21.469	0.000	129.593
230.000	123.138	21.905	0.000	133.072
232.000	123.008	21.172	0.000	128.074
234.000	122.885	21.080	0.000	125.109
236.000	122.910	21.043	0.000	125.663
238.000	123.049	22.123	0.000	124.615
240.000	123.133	22.608	0.000	128.310
242.000	122.866	21.652	0.000	129.592
244.000	122.826	21.603	0.000	113.695
246.000	123.158	23.108	0.000	119.164
248.000	123.078	22.536	0.000	122.344
250.000	122.842	21.425	0.000	114.372
252.000	122.909	22.105	0.000	110.872
254.000	123.056	22.456	0.000	113.465
256.000	123.096	22.748	0.000	117.837
258.000	122.901	22.223	0.000	116.066
260.000	122.851	21.936	0.000	110.107
262.000	123.068	22.759	0.000	112.403
264.000	123.089	22.996	0.000	113.796
266.000	122.933	22.999	0.000	114.582
268.000	122.826	22.797	0.000	109.941
270.000	123.031	24.085	0.000	109.232
272.000	123.180	24.660	0.000	116.605
274.000	122.855	23.393	0.000	114.474
276.000	122.843	24.285	0.000	105.580
278.000	123.112	25.515	0.000	112.163
280.000	123.032	25.029	0.000	113.984
282.000	122.947	25.243	0.000	113.344
284.000	122.871	25.628	0.000	115.015
286.000	122.969	27.090	0.000	113.289
288.000	123.171	28.819	0.000	117.638
290.000	122.915	28.684	0.000	120.205
292.000	122.802	29.947	0.000	108.888
294.000	123.076	32.980	0.000	108.311
296.000	123.098	34.127	0.000	111.760
298.000	122.910	34.803	0.000	100.287
300.000	122.836	37.233	0.000	84.787
302.000	123.048	39.475	0.000	75.534
304.000	123.108	40.663	0.000	63.071
306.000	122.887	41.336	0.000	45.275
308.000	122.879	42.357	0.000	22.514
310.000	123.006	43.856	0.000	1.728
312.000	123.095	44.770	0.000	-14.474
314.000	122.956	44.458	0.000	-33.738
316.000	122.783	44.611	0.000	-65.154
318.000	123.071	46.450	0.000	-88.403
320.000	123.133	46.860	0.000	-101.811
322.000	122.838	45.910	0.000	-127.997
324.000	122.881	47.257	0.000	-160.881
326.000	123.061	48.427	0.000	-175.946
328.000	123.054	48.027	0.000	164.741
330.000	122.907	48.094	0.000	139.632
332.000	122.859	48.233	0.000	119.974
334.000	123.034	48.754	0.000	98.074
336.000	123.097	49.287	0.000	85.734
338.000	122.885	47.913	0.000	72.581
340.000	122.824	47.747	0.000	43.181
342.000	123.106	48.923	0.000	32.965
344.000	123.076	47.638	0.000	25.823
346.000	122.813	46.065	0.000	2.635
348.000	122.921	46.280	0.000	-14.170
350.000	123.071	45.712	0.000	-25.715
352.000	123.024	44.390	0.000	-40.740
354.000	122.871	42.327	0.000	-60.515
356.000	122.880	40.100	0.000	-88.750
358.000	123.091	37.589	0.000	-119.328
360.000	123.032	34.603	0.000	-175.335
362.000	122.834	36.249	0.000	104.876
364.000	122.896	41.080	0.000	60.023
366.000	123.122	44.660	0.000	41.868
368.000	123.013	45.356	0.000	26.629
370.000	122.771	46.362	0.000	-6.328
372.000	123.008	48.675	0.000	-23.275
374.000	123.083	48.707	0.000	-34.462
376.000	122.930	48.422	0.000	-56.594
378.000	122.887	48.569	0.000	-72.776
380.000	122.912	48.507	0.000	-92.297
382.000	123.126	49.403	0.000	-106.484
384.000	122.962	48.422	0.000	-115.239
386.000	122.771	47.388	0.000	-143.975
388.000	123.059	48.755	0.000	-161.802
390.000	123.074	48.030	0.000	-171.264
392.000	122.882	46.265	0.000	163.228
394.000	122.849	46.221	0.000	136.075
396.000	123.043	46.178	0.000	117.311
398.000	123.066	45.305	0.000	96.832
400.000	122.847	44.291	0.000	71.221
402.000	122.897	44.159	0.000	43.453
404.000	123.028	44.564	0.000	20.951
406.000	123.054	44.369	0.000	3.549
408.000	122.853	43.215	0.000	-18.585
410.000	122.849	43.466	0.000	-47.487
412.000	123.149	44.280	0.000	-59.916
414.000	122.969	42.842	0.000	-70.429
416.000	122.799	41.625	0.000	-96.982
418.000	122.988	42.286	0.000	-111.121
420.000	123.053	41.263	0.000	-118.289
422.000	122.950	39.781	0.000	-133.300
424.000	122.835	38.735	0.000	-145.441
426.000	122.964	37.668	0.000	-156.996
428.000	123.088	37.229	0.000	-162.017
430.000	122.916	35.276	0.000	-162.392
432.000	122.799	33.544	0.000	-176.390
434.000	123.055	34.425	0.000	-177.241
436.000	123.071	33.147	0.000	-172.119
438.000	122.809	31.524	0.000	178.830
440.000	122.910	32.036	0.000	173.948
442.000	123.050	31.860	0.000	173.985
444.000	122.995	31.017	0.000	170.584
446.000	122.843	30.171	0.000	165.124
448.000	122.901	30.063	0.000	158.406
450.000	123.084	30.379	0.000	158.053
452.000	122.959	29.303	0.000	157.165
454.000	122.811	27.951	0.000	148.765
456.000	122.953	28.847	0.000	144.612
458.000	123.116	29.094	0.000	149.915
460.000	122.864	27.222	0.000	146.829
462.000	122.827	27.949	0.000	132.804
464.000	123.075	28.725	0.000	132.582
466.000	122.974	27.740	0.000	124.595
468.000	122.893	27.525	0.000	114.402
470.000	122.855	26.810	0.000	103.343
472.000	123.040	26.787	0.000	89.374
474.000	123.040	25.935	0.000	86.246
476.000	122.764	23.484	0.000	71.580
478.000	122.961	23.081	0.000	57.138
480.000	123.076	21.695	0.000	59.191
482.000	122.903	19.192	0.000	51.872
484.000	122.816	17.609	0.000	35.173
486.000	123.010	16.242	0.000	29.645
488.000	123.040	14.632	0.000	21.478
490.000	122.846	12.587	0.000	5.247
492.000	122.879	12.083	0.000	-17.314
494.000	123.006	11.270	0.000	-62.677
496.000	123.032	11.626	0.000	-70.308
498.000	122.800	12.444	0.000	-97.016
500.000	122.899	12.256	0.000	-128.502
502.000	123.110	11.926	0.000	-123.717
504.000	122.887	11.243	0.000	-134.757
506.000	122.816	11.854	0.000	-139.277
508.000	123.006	13.100	0.000	-139.798
510.000	123.017	13.984	0.000	-144.349
512.000	122.861	13.900	0.000	-138.891
514.000	122.861	13.595	0.000	-148.727
516.000	123.006	15.116	0.000	-152.107
518.000	123.026	15.266	0.000	-159.709
520.000	122.785	14.065	0.000	-170.046
522.000	122.913	15.525	0.000	-172.729
524.000	123.100	15.822	0.000	-163.240
526.000	122.859	15.524	0.000	-172.229
528.000	122.841	15.359	0.000	-179.083
530.000	122.987	16.257	0.000	-176.419
532.000	123.019	15.980	0.000	-175.974
534.000	122.839	15.260	0.000	177.631
536.000	122.866	15.780	0.000	173.744
538.000	123.034	16.403	0.000	174.234
540.000	122.963	16.409	0.000	175.759
542.000	122.805	15.770	0.000	168.842
544.000	122.915	17.653	0.000	165.396
546.000	123.102	17.885	0.000	169.940
548.000	122.818	16.258	0.000	162.910
550.000	122.854	16.990	0.000	152.770
552.000	123.028	17.899	0.000	158.845
554.000	122.950	16.200	0.000	154.394
556.000	122.852	15.524	0.000	151.183
558.000	122.862	16.965	0.000	150.072
560.000	123.062	18.404	0.000	149.855
562.000	122.914	17.418	0.000	154.825
564.000	122.782	17.242	0.000	146.693
566.000	122.996	18.522	0.000	143.192
568.000	123.025	17.652	0.000	149.109
570.000	122.795	16.576	0.000	141.492
572.000	122.889	17.450	0.000	137.346
574.000	123.028	18.269	0.000	136.744
576.000	122.917	17.383	0.000	131.637
578.000	122.818	17.326	0.000	130.202
580.000	122.928	18.235	0.000	127.128
582.000	123.039	18.792	0.000	127.473
584.000	122.842	18.007	0.000	126.527
586.000	122.822	17.651	0.000	120.121
588.000	123.038	18.520	0.000	116.157
590.000	122.957	18.251	0.000	117.587
592.000	122.761	17.564	0.000	111.652
594.000	122.977	18.060	0.000	111.660
596.000	122.989	17.845	0.000	113.657
598.000	122.864	17.231	0.000	103.926
600.000	122.837	17.682	0.000	103.671
602.000	122.974	18.144	0.000	102.066
604.000	123.009	18.713	0.000	101.097
606.000	122.751	17.364	0.000	99.332
608.000	122.940	19.092	0.000	94.103
610.000	123.027	18.993	0.000	103.320
612.000	122.841	17.379	0.000	99.433
614.000	122.822	18.683	0.000	88.385
616.000	123.011	19.624	0.000	88.170
618.000	122.939	19.190	0.000	83.686
620.000	122.807	18.823	0.000	82.538
622.000	122.899	19.469	0.000	76.891
624.000	123.011	19.678	0.000	76.733
626.000	122.880	18.869	0.000	77.780
628.000	122.778	19.037	0.000	68.670
630.000	123.032	20.228	0.000	68.040
632.000	122.944	18.547	0.000	73.678
634.000	122.771	18.372	0.000	63.718
636.000	122.935	19.647	0.000	62.896
638.000	122.994	18.974	0.000	64.683
640.000	122.844	19.210	0.000	57.712
642.000	122.834	18.995	0.000	56.435
644.000	122.962	20.067	0.000	50.762
646.000	122.983	20.280	0.000	55.967
648.000	122.747	18.363	0.000	50.925
650.000	122.937	20.364	0.000	41.291
652.000	123.018	20.395	0.000	44.676
654.000	122.803	18.803	0.000	36.794
656.000	122.845	20.375	0.000	34.989
658.000	122.990	20.611	0.000	38.976
660.000	122.919	20.304	0.000	32.434
662.000	122.783	20.040	0.000	27.611
664.000	122.930	20.700	0.000	26.499
666.000	122.980	20.331	0.000	27.425
668.000	122.836	20.107	0.000	21.454
670.000	122.798	20.150	0.000	15.881
672.000	123.053	20.975	0.000	16.949
674.000	122.859	20.163	0.000	17.693
676.000	122.793	20.661	0.000	8.325
678.000	122.962	21.409	0.000	8.697
680.000	122.942	20.085	0.000	9.499
682.000	122.812	20.434	0.000	6.443
684.000	122.852	20.380	0.000	1.861
686.000	122.997	21.342	0.000	-2.336
688.000	122.874	20.969	0.000	1.657
690.000	122.762	20.517	0.000	-11.143
692.000	123.002	21.834	0.000	-6.923
694.000	122.926	20.946	0.000	-5.876
696.000	122.766	20.574	0.000	-16.964
698.000	122.920	21.262	0.000	-14.782
700.000	122.960	21.002	0.000	-13.680
702.000	122.833	20.676	0.000	-19.296
704.000	122.811	20.696	0.000	-26.487
706.000	122.986	21.074	0.000	-25.069
708.000	122.892	21.084	0.000	-23.071
710.000	122.772	20.635	0.000	-29.306
712.000	122.924	21.442	0.000	-33.249
714.000	122.993	21.554	0.000	-27.473
716.000	122.735	20.723	0.000	-37.571
718.000	122.917	21.815	0.000	-37.627
720.000	122.942	21.434	0.000	-34.584
722.000	122.858	21.165	0.000	-40.901
724.000	122.788	21.013	0.000	-45.722
726.000	122.962	21.281	0.000	-47.033
728.000	122.924	21.433	0.000	-43.752
730.000	122.750	20.555	0.000	-47.447
732.000	122.914	21.829	0.000	-51.131
734.000	122.975	21.342	0.000	-44.568
736.000	122.762	20.752	0.000	-55.124
738.000	122.866	21.860	0.000	-56.720
740.000	122.962	21.435	0.000	-54.048
742.000	122.845	21.057	0.000	-54.721
744.000	122.788	21.148	0.000	-60.491
746.000	122.941	21.919	0.000	-60.139
748.000	122.926	21.418	0.000	-58.414
750.000	122.751	20.829	0.000	-64.646
752.000	122.893	21.849	0.000	-64.937
754.000	122.978	22.282	0.000	-59.033
756.000	122.757	20.710	0.000	-63.417
758.000	122.859	22.266	0.000	-65.523
760.000	122.962	21.773	0.000	-62.852
762.000	122.828	21.091	0.000	-68.856
764.000	122.797	20.930	0.000	-66.662
766.000	122.919	21.944	0.000	-68.651
768.000	122.941	22.149	0.000	-61.629
770.000	122.721	20.855	0.000	-65.352
772.000	122.923	22.547	0.000	-68.056
774.000	122.939	21.791	0.000	-58.191
776.000	122.767	21.389	0.000	-61.779
778.000	122.843	22.469	0.000	-64.002
780.000	122.964	22.585	0.000	-61.515
782.000	122.809	22.474	0.000	-58.680
784.000	122.797	22.497	0.000	-58.730
786.000	122.927	23.246	0.000	-56.874
788.000	122.903	23.087	0.000	-50.315
790.000	122.730	23.217	0.000	-50.930
792.000	122.924	24.845	0.000	-47.875
794.000	122.928	25.142	0.000	-39.807
796.000	122.739	25.332	0.000	-40.716
798.000	122.880	27.374	0.000	-36.907
800.000	122.931	27.743	0.000	-32.083
802.000	122.796	28.917	0.000	-32.175
804.000	122.801	30.535	0.000	-31.197
806.000	122.941	32.762	0.000	-30.252
808.000	122.864	33.678	0.000	-26.031
810.000	122.730	35.598	0.000	-37.018
812.000	122.961	38.500	0.000	-32.881
814.000	122.867	39.086	0.000	-35.792
816.000	122.748	41.515	0.000	-48.171
818.000	122.894	43.840	0.000	-53.659
820.000	122.913	45.463	0.000	-63.158
822.000	122.764	46.615	0.000	-78.868
824.000	122.830	48.309	0.000	-97.131
826.000	122.941	49.136	0.000	-108.685
828.000	122.801	48.485	0.000	-122.503
830.000	122.768	48.388	0.000	-142.048
832.000	122.967	48.897	0.000	-146.721
834.000	122.813	47.351	0.000	-150.332
836.000	122.758	47.914	0.000	-161.836
838.000	122.934	48.859	0.000	-160.155
840.000	122.845	48.933	0.000	-169.844
842.000	122.772	49.597	0.000	179.685
844.000	122.851	50.103	0.000	166.694
846.000	122.941	50.547	0.000	162.299
848.000	122.723	49.256	0.000	152.353
850.000	122.858	50.535	0.000	141.055
852.000	122.931	50.547	0.000	143.077
854.000	122.758	50.015	0.000	129.362
856.000	122.804	51.207	0.000	120.158
858.000	122.938	51.401	0.000	114.148
860.000	122.788	51.028	0.000	103.903
862.000	122.782	51.059	0.000	92.104
864.000	122.898	51.765	0.000	85.283
866.000	122.868	51.446	0.000	81.091
868.000	122.710	51.330	0.000	65.252
870.000	122.930	52.586	0.000	56.864
872.000	122.860	51.894	0.000	52.027
874.000	122.731	51.367	0.000	33.626
876.000	122.877	52.250	0.000	27.200
878.000	122.884	51.407	0.000	20.305
880.000	122.751	51.380	0.000	7.253
882.000	122.821	51.456	0.000	-3.348
884.000	122.917	52.246	0.000	-12.973
886.000	122.765	51.223	0.000	-21.962
888.000	122.783	51.814	0.000	-46.349
890.000	122.951	51.716	0.000	-49.922
892.000	122.753	49.658	0.000	-69.818
894.000	122.784	49.392	0.000	-85.859
896.000	122.907	48.562	0.000	-96.604
898.000	122.810	47.144	0.000	-109.011
900.000	122.750	45.864	0.000	-128.577
902.000	122.887	45.027	0.000	-142.860
904.000	122.855	43.054	0.000	-155.383
906.000	122.710	40.347	0.000	-174.716
908.000	122.897	39.559	0.000	167.711
910.000	122.864	37.644	0.000	160.452
912.000	122.716	36.112	0.000	130.755
914.000	122.867	37.088	0.000	112.894
916.000	122.865	37.455	0.000	90.430
918.000	122.745	39.067	0.000	63.492
920.000	122.810	41.291	0.000	38.795
922.000	122.903	43.570	0.000	20.699
924.000	122.744	44.172	0.000	0.226
926.000	122.789	46.737	0.000	-30.140
928.000	122.924	47.717	0.000	-39.209
930.000	122.735	47.336	0.000	-68.563
932.000	122.790	48.514	0.000	-89.466
934.000	122.892	48.277	0.000	-107.054
936.000	122.777	47.599	0.000	-125.732
938.000	122.758	46.965	0.000	-149.140
940.000	122.882	46.905	0.000	-163.809
942.000	122.815	45.390	0.000	-177.679
944.000	122.713	44.033	0.000	160.221
946.000	122.912	43.849	0.000	147.462
948.000	122.799	41.766	0.000	141.123
950.000	122.732	40.532	0.000	122.373
952.000	122.876	40.620	0.000	120.913
954.000	122.820	40.031	0.000	109.413
956.000	122.734	40.721	0.000	96.272
958.000	122.834	41.750	0.000	77.770
960.000	122.872	42.652	0.000	68.439
962.000	122.697	42.505	0.000	43.771
964.000	122.857	44.632	0.000	25.326
966.000	122.854	44.258	0.000	13.093
968.000	122.720	44.552	0.000	-15.210
970.000	122.820	45.228	0.000	-30.978
972.000	122.868	44.840	0.000	-46.261
974.000	122.722	43.998	0.000	-63.608
976.000	122.806	43.839	0.000	-77.951
978.000	122.867	43.594	0.000	-83.202
980.000	122.743	42.757	0.000	-90.491
982.000	122.769	43.740	0.000	-101.572
984.000	122.909	44.299	0.000	-102.411
986.000	122.708	43.699	0.000	-116.220
988.000	122.797	44.855	0.000	-126.563
990.000	122.861	44.609	0.000	-131.493
992.000	122.752	44.245	0.000	-143.441
994.000	122.756	44.099	0.000	-151.787
996.000	122.875	44.319	0.000	-157.202
998.000	122.763	43.493	0.000	-157.969
1000.000	122.727	44.308	0.000	-168.533
1002.000	122.910	45.256	0.000	-164.233
1004.000	122.730	44.861	0.000	-175.934
1006.000	122.758	46.231	0.000	175.644
1008.000	122.862	46.760	0.000	167.607
1010.000	122.768	46.793	0.000	157.563
1012.000	122.731	47.016	0.000	140.792
1014.000	122.865	47.514	0.000	132.117
1016.000	122.782	46.573	0.000	120.726
1018.000	122.703	45.833	0.000	102.537
1020.000	122.896	46.019	0.000	93.058
1022.000	122.754	43.729	0.000	85.514
1024.000	122.733	42.429	0.000	67.356
1026.000	122.858	40.911	0.000	67.961
1028.000	122.773	38.197	0.000	63.890
1030.000	122.722	36.627	0.000	66.439
1032.000	122.847	36.382	0.000	69.275
1034.000	122.797	35.881	0.000	75.725
1036.000	122.692	35.286	0.000	67.812
1038.000	122.881	36.102	0.000	68.913
1040.000	122.760	34.347	0.000	70.710
1042.000	122.722	34.309	0.000	66.391
1044.000	122.848	34.860	0.000	71.955
1046.000	122.776	35.460	0.000	70.416
1048.000	122.718	36.597	0.000	60.755
1050.000	122.833	38.501	0.000	48.761
1052.000	122.799	38.727	0.000	36.154
1054.000	122.687	38.636	0.000	9.119
1056.000	122.870	39.376	0.000	-9.780
1058.000	122.763	37.871	0.000	-24.202
1060.000	122.717	36.919	0.000	-52.504
1062.000	122.840	36.842	0.000	-57.642
1064.000	122.773	36.256	0.000	-64.820
1066.000	122.714	38.200	0.000	-69.391
1068.000	122.824	41.306	0.000	-79.973
1070.000	122.801	43.452	0.000	-84.833
1072.000	122.679	45.957	0.000	-108.789
1074.000	122.870	48.843	0.000	-115.333
1076.000	122.752	49.543	0.000	-131.451
1078.000	122.717	51.828	0.000	-150.589
1080.000	122.832	53.305	0.000	-162.733
1082.000	122.770	54.198	0.000	-176.990
1084.000	122.707	55.250	0.000	163.760
1086.000	122.830	56.555	0.000	151.596
1088.000	122.779	56.725	0.000	140.236
1090.000	122.683	57.195	0.000	120.989
1092.000	122.867	58.637	0.000	111.882
1094.000	122.736	57.901	0.000	101.435
1096.000	122.721	58.781	0.000	82.424
1098.000	122.835	58.948	0.000	76.612
1100.000	122.746	58.602	0.000	62.659
1102.000	122.713	58.658	0.000	50.966
1104.000	122.837	59.222	0.000	40.645
1106.000	122.746	58.674	0.000	35.123
1108.000	122.706	58.805	0.000	17.196
1110.000	122.858	59.527	0.000	14.897
1112.000	122.711	58.278	0.000	2.733
1114.000	122.734	58.944	0.000	-8.996
1116.000	122.833	58.659	0.000	-15.426
1118.000	122.718	58.185	0.000	-24.910
1120.000	122.732	58.111	0.000	-37.772
1122.000	122.831	58.394	0.000	-42.926
1124.000	122.716	57.296	0.000	-51.980
1126.000	122.733	57.412	0.000	-65.737
1128.000	122.842	57.558	0.000	-69.185
1130.000	122.688	56.093	0.000	-80.309
1132.000	122.760	56.586	0.000	-91.576
1134.000	122.813	55.508	0.000	-94.817
1136.000	122.707	54.645	0.000	-105.894
1138.000	122.738	53.906	0.000	-113.885
1140.000	122.838	53.799	0.000	-117.666
1142.000	122.672	51.875	0.000	-123.101
1144.000	122.782	51.994	0.000	-131.294
1146.000	122.804	50.776	0.000	-127.637
1148.000	122.680	49.590	0.000	-134.553
1150.000	122.783	49.791	0.000	-132.754
1152.000	122.792	49.348	0.000	-131.426
1154.000	122.683	49.314	0.000	-134.118
1156.000	122.780	50.234	0.000	-136.799
1158.000	122.799	50.572	0.000	-136.745
1160.000	122.659	50.601	0.000	-146.438
1162.000	122.821	51.996	0.000	-151.594
1164.000	122.755	51.556	0.000	-155.112
1166.000	122.683	51.961	0.000	-170.050
1168.000	122.817	52.512	0.000	-173.104
1170.000	122.735	51.883	0.000	176.234
1172.000	122.699	51.891	0.000	166.703
1174.000	122.810	52.041	0.000	157.236
1176.000	122.736	51.400	0.000	153.633
1178.000	122.696	50.962	0.000	137.586
1180.000	122.827	51.228	0.000	137.040
1182.000	122.700	49.591	0.000	127.112
1184.000	122.726	49.800	0.000	118.857
1186.000	122.805	49.193	0.000	114.706
1188.000	122.705	48.377	0.000	107.797
1190.000	122.720	48.093	0.000	98.128
1192.000	122.820	47.863	0.000	96.056
1194.000	122.677	46.561	0.000	88.700
1196.000	122.747	46.694	0.000	79.977
1198.000	122.810	46.443	0.000	80.367
1200.000	122.654	45.351	0.000	68.400
1202.000	122.794	45.976	0.000	64.325
1204.000	122.760	44.703	0.000	57.232
1206.000	122.685	44.122	0.000	47.518
1208.000	122.773	43.554	0.000	36.324
1210.000	122.779	42.575	0.000	32.511
1212.000	122.658	40.353	0.000	15.986
1214.000	122.815	39.353	0.000	8.478
1216.000	122.725	35.655	0.000	1.124
1218.000	122.688	30.472	0.000	-15.219
1220.000	122.812	25.125	0.000	20.090
1222.000	122.704	30.243	0.000	133.837
1224.000	122.705	35.844	0.000	121.814
1226.000	122.809	39.213	0.000	114.596
1228.000	122.687	40.471	0.000	100.775
1230.000	122.725	42.539	0.000	84.983
1232.000	122.804	43.405	0.000	78.702
1234.000	122.663	43.294	0.000	63.892
1236.000	122.768	44.383	0.000	55.007
1238.000	122.760	43.722	0.000	49.383
1240.000	122.688	43.926	0.000	41.091
1242.000	122.752	44.221	0.000	34.390
1244.000	122.777	44.749	0.000	33.728
1246.000	122.655	44.693	0.000	22.937
1248.000	122.799	46.130	0.000	20.154
1250.000	122.726	45.677	0.000	13.574
1252.000	122.685	46.700	0.000	1.430
1254.000	122.795	47.140	0.000	-4.577
1256.000	122.708	47.063	0.000	-14.734
1258.000	122.694	47.439	0.000	-27.896
1260.000	122.807	47.889	0.000	-34.838
1262.000	122.675	47.123	0.000	-46.296
1264.000	122.725	47.418	0.000	-61.115
1266.000	122.802	47.212	0.000	-65.574
1268.000	122.646	45.858	0.000	-81.383
1270.000	122.783	45.948	0.000	-88.116
1272.000	122.738	44.392	0.000	-95.260
1274.000	122.679	43.577	0.000	-102.485
1276.000	122.774	43.017	0.000	-108.659
1278.000	122.735	42.245	0.000	-109.351
1280.000	122.672	41.418	0.000	-118.712
1282.000	122.796	41.946	0.000	-119.191
1284.000	122.696	40.751	0.000	-124.272
1286.000	122.709	41.069	0.000	-131.594
1288.000	122.776	40.548	0.000	-134.272
1290.000	122.691	39.979	0.000	-140.029
1292.000	122.712	39.791	0.000	-148.835
1294.000	122.787	39.765	0.000	-149.792
1296.000	122.656	38.859	0.000	-156.858
1298.000	122.757	39.360	0.000	-163.873
1300.000	122.758	39.170	0.000	-164.705
1302.000	122.657	38.977	0.000	-178.487
1304.000	122.783	39.594	0.000	178.118
1306.000	122.715	38.887	0.000	166.413
1308.000	122.679	38.564	0.000	155.282
1310.000	122.787	38.676	0.000	142.949
1312.000	122.690	37.453	0.000	134.599
1314.000	122.706	36.830	0.000	114.822
1316.000	122.785	35.902	0.000	110.699
1318.000	122.664	33.673	0.000	93.916
1320.000	122.739	32.573	0.000	84.606
1322.000	122.758	30.786	0.000	76.494
1324.000	122.663	28.924	0.000	65.037
1326.000	122.757	27.560	0.000	56.426
1328.000	122.742	25.786	0.000	52.631
1330.000	122.650	23.747	0.000	40.407
1332.000	122.807	22.466	0.000	36.106
1334.000	122.674	20.016	0.000	29.416
1336.000	122.711	19.222	0.000	16.226
1338.000	122.770	18.241	0.000	10.549
1340.000	122.670	16.005	0.000	-5.120
1342.000	122.728	15.136	0.000	-23.931
1344.000	122.765	15.322	0.000	-33.343
1346.000	122.646	15.674	0.000	-49.906
1348.000	122.782	16.995	0.000	-62.456
1350.000	122.706	15.914	0.000	-61.572
1352.000	122.683	15.576	0.000	-73.160
1354.000	122.772	15.768	0.000	-73.040
1356.000	122.690	15.372	0.000	-84.211
1358.000	122.697	16.113	0.000	-95.067
1360.000	122.779	16.231	0.000	-93.247
1362.000	122.656	16.753	0.000	-97.604
1364.000	122.743	18.278	0.000	-100.929
1366.000	122.748	18.799	0.000	-104.214
1368.000	122.651	19.144	0.000	-112.592
1370.000	122.782	20.055	0.000	-110.029
1372.000	122.696	20.452	0.000	-115.720
1374.000	122.683	21.223	0.000	-121.010
1376.000	122.787	22.160	0.000	-124.866
1378.000	122.659	21.839	0.000	-129.717
1380.000	122.735	22.891	0.000	-141.209
1382.000	122.749	22.764	0.000	-140.984
1384.000	122.660	23.109	0.000	-151.511
1386.000	122.759	23.623	0.000	-157.056
1388.000	122.715	23.080	0.000	-165.150
1390.000	122.676	23.367	0.000	-170.804
1392.000	122.766	23.964	0.000	-174.579
1394.000	122.695	23.210	0.000	-176.829
1396.000	122.691	23.462	0.000	174.006
1398.000	122.781	23.851	0.000	170.389
1400.000	122.644	23.052	0.000	159.275
1402.000	122.755	23.634	0.000	152.036
1404.000	122.728	23.359	0.000	146.582
1406.000	122.661	23.014	0.000	138.425
1408.000	122.774	22.717	0.000	129.254
1410.000	122.692	21.741	0.000	123.563
1412.000	122.690	21.208	0.000	106.536
1414.000	122.773	20.464	0.000	103.524
1416.000	122.658	18.519	0.000	87.640
1418.000	122.738	17.240	0.000	82.343
1420.000	122.735	15.347	0.000	82.700
1422.000	122.666	13.463	0.000	80.365
1424.000	122.755	12.684	0.000	80.992
1426.000	122.714	12.000	0.000	87.570
1428.000	122.665	10.578	0.000	113.047
1430.000	122.795	9.438	0.000	132.958
1432.000	122.648	9.861	0.000	165.482
1434.000	122.740	10.950	0.000	165.934
1436.000	122.741	11.914	0.000	172.029
1438.000	122.654	12.323	0.000	170.676
1440.000	122.769	12.627	0.000	170.633
1442.000	122.699	13.190	0.000	175.471
1444.000	122.682	13.398	0.000	167.291
1446.000	122.775	13.726	0.000	170.258
1448.000	122.657	13.717	0.000	161.261
1450.000	122.736	13.995	0.000	153.909
1452.000	122.734	13.537	0.000	162.124
1454.000	122.666	14.903	0.000	158.546
1456.000	122.752	14.376	0.000	158.603
1458.000	122.710	13.808	0.000	158.475
1460.000	122.673	13.558	0.000	155.051
1462.000	122.782	13.871	0.000	156.349
1464.000	122.652	13.685	0.000	150.812
1466.000	122.741	14.810	0.000	147.520
1468.000	122.726	14.097	0.000	141.216
1470.000	122.670	13.992	0.000	132.834
1472.000	122.755	14.272	0.000	134.662
1474.000	122.697	14.133	0.000	137.029
1476.000	122.700	14.005	0.000	125.179
1478.000	122.756	12.725	0.000	132.849
1480.000	122.667	11.668	0.000	133.330
1482.000	122.734	13.312	0.000	129.279
1484.000	122.729	13.235	0.000	130.573
1486.000	122.668	13.022	0.000	127.604
1488.000	122.762	12.898	0.000	137.019
1490.000	122.688	12.583	0.000	133.161
1492.000	122.701	13.026	0.000	125.865
1494.000	122.761	12.907	0.000	128.509
1496.000	122.654	12.568	0.000	125.113
1498.000	122.758	13.523	0.000	120.266
1500.000	122.703	12.583	0.000	116.543
1502.000	122.684	11.455	0.000	117.257
1504.000	122.764	11.259	0.000	123.110
1506.000	122.672	11.931	0.000	119.794
1508.000	122.726	11.475	0.000	115.510
1510.000	122.742	11.284	0.000	116.954
1512.000	122.660	10.877	0.000	124.853
1514.000	122.762	11.531	0.000	124.872
1516.000	122.697	10.799	0.000	134.337
1518.000	122.686	11.449	0.000	137.506
1520.000	122.775	12.130	0.000	132.531
1522.000	122.648	11.980	0.000	117.376
1524.000	122.758	11.472	0.000	120.834
1526.000	122.705	10.799	0.000	121.801
1528.000	122.699	12.088	0.000	121.633
1530.000	122.746	12.199	0.000	131.158
1532.000	122.691	11.288	0.000	121.176
1534.000	122.713	11.450	0.000	119.377
1536.000	122.748	11.022	0.000	114.386
1538.000	122.662	10.639	0.000	117.998
1540.000	122.765	10.733	0.000	130.531
1542.000	122.691	10.284	0.000	118.074
1544.000	122.702	11.713	0.000	113.220
1546.000	122.756	10.827	0.000	119.419
1548.000	122.662	10.368	0.000	115.618
1550.000	122.750	11.649	0.000	117.000
1552.000	122.714	11.207	0.000	113.896
1554.000	122.683	10.757	0.000	120.544
1556.000	122.769	11.151	0.000	126.785
1558.000	122.667	11.281	0.000	106.638
1560.000	122.737	11.049	0.000	98.054
1562.000	122.729	11.612	0.000	105.024
1564.000	122.673	12.012	0.000	131.329
1566.000	122.764	11.885	0.000	124.100
1568.000	122.685	11.044	0.000	111.406
1570.000	122.716	11.159	0.000	107.138
1572.000	122.752	10.753	0.000	106.553
1574.000	122.664	10.569	0.000	113.090
1576.000	122.763	10.929	0.000	117.938
1578.000	122.693	11.153	0.000	114.511
1580.000	122.706	10.711	0.000	103.980
1582.000	122.755	10.445	0.000	103.214
1584.000	122.669	10.326	0.000	105.868
1586.000	122.755	10.237	0.000	94.670
1588.000	122.710	10.557	0.000	92.288
1590.000	122.693	10.822	0.000	77.622
1592.000	122.762	10.407	0.000	84.759
1594.000	122.673	10.728	0.000	83.269
1596.000	122.743	10.917	0.000	97.120
1598.000	122.725	10.147	0.000	103.924
1600.000	122.686	8.695	0.000	104.424
1602.000	122.764	9.068	0.000	94.874
1604.000	122.679	10.374	0.000	118.925
1606.000	122.737	9.436	0.000	95.615
1608.000	122.731	9.408	0.000	86.828
1610.000	122.682	8.946	0.000	90.770
1612.000	122.761	9.837	0.000	114.970
1614.000	122.695	9.436	0.000	104.515
1616.000	122.714	9.396	0.000	86.595
1618.000	122.759	11.053	0.000	79.875
1620.000	122.661	10.679	0.000	64.097
1622.000	122.778	10.019	0.000	97.853
1624.000	122.685	10.090	0.000	121.583
1626.000	122.720	10.183	0.000	102.728
1628.000	122.753	8.857	0.000	111.771
1630.000	122.673	8.856	0.000	106.045
1632.000	122.762	9.649	0.000	87.851
1634.000	122.704	9.666	0.000	87.994
1636.000	122.707	8.287	0.000	101.038
1638.000	122.763	9.592	0.000	82.615
1640.000	122.665	9.978	0.000	84.874
1642.000	122.769	10.449	0.000	98.784
1644.000	122.701	10.301	0.000	105.084
1646.000	122.713	11.448	0.000	104.930
1648.000	122.761	10.206	0.000	86.017
1650.000	122.679	9.156	0.000	67.678
1652.000	122.754	9.868	0.000	69.480
1654.000	122.714	9.678	0.000	79.260
1656.000	122.701	9.488	0.000	85.413
1658.000	122.770	10.150	0.000	54.260
1660.000	122.667	10.395	0.000	65.853
1662.000	122.769	10.345	0.000	94.754
1664.000	122.706	9.119	0.000	92.147
1666.000	122.712	10.204	0.000	88.403
1668.000	122.756	10.814	0.000	92.996
1670.000	122.685	10.811	0.000	130.654
1672.000	122.752	10.602	0.000	131.259
1674.000	122.720	9.280	0.000	106.860
1676.000	122.703	9.410	0.000	110.893
1678.000	122.770	10.040	0.000	80.599
1680.000	122.671	8.836	0.000	62.555
1682.000	122.768	8.260	0.000	69.097
1684.000	122.713	9.644	0.000	39.407
1686.000	122.703	9.984	0.000	31.794
1688.000	122.782	9.950	0.000	80.158
1690.000	122.663	9.256	0.000	80.221
1692.000	122.780	9.063	0.000	119.401
1694.000	122.697	9.248	0.000	-145.387
1696.000	122.732	9.252	0.000	81.574
1698.000	122.742	8.237	0.000	33.019
1700.000	122.701	10.197	0.000	158.770
1702.000	122.750	10.293	0.000	-56.871
1704.000	122.721	9.398	0.000	-9.267
1706.000	122.709	9.538	0.000	-167.440
1708.000	122.772	9.627	0.000	13.622
1710.000	122.673	10.050	0.000	174.403
1712.000	122.778	10.752	0.000	-176.734
1714.000	122.697	9.977	0.000	169.578
1716.000	122.736	10.250	0.000	178.093
1718.000	122.749	10.273	0.000	123.855
1720.000	122.690	9.541	0.000	131.197
1722.000	122.773	10.878	0.000	-177.580
1724.000	122.706	11.751	0.000	172.455
1726.000	122.727	9.924	0.000	135.122
1728.000	122.759	9.998	0.000	136.889
1730.000	122.681	10.139	0.000	145.817
1732.000	122.784	9.611	0.000	156.501
1734.000	122.682	9.817	0.000	142.467
1736.000	122.764	10.500	0.000	149.125
1738.000	122.723	9.425	0.000	145.131
1740.000	122.719	8.930	0.000	137.148
1742.000	122.756	9.988	0.000	153.986
1744.000	122.701	9.776	0.000	144.908
1746.000	122.751	9.138	0.000	137.665
1748.000	122.733	9.841	0.000	114.338
1750.000	122.710	10.168	0.000	112.738
1752.000	122.770	9.755	0.000	132.155
1754.000	122.692	10.833	0.000	119.103
1756.000	122.762	11.240	0.000	122.611
1758.000	122.723	9.921	0.000	120.215
1760.000	122.715	9.387	0.000	136.617
1762.000	122.775	10.094	0.000	113.215
1764.000	122.682	11.343	0.000	131.677
1766.000	122.783	10.934	0.000	118.892
1768.000	122.694	9.728	0.000	99.804
1770.000	122.759	10.195	0.000	122.684
1772.000	122.733	9.287	0.000	118.732
1774.000	122.712	10.014	0.000	117.020
1776.000	122.773	10.824	0.000	121.220
1778.000	122.701	10.485	0.000	80.584
1780.000	122.753	9.896	0.000	87.258
1782.000	122.741	9.847	0.000	139.738
1784.000	122.707	9.846	0.000	134.447
1786.000	122.779	10.536	0.000	127.036
1788.000	122.685	10.383	0.000	92.874
1790.000	122.777	9.187	0.000	107.475
1792.000	122.713	9.083	0.000	119.769
1794.000	122.742	9.574	0.000	110.613
1796.000	122.748	9.463	0.000	104.803
1798.000	122.720	9.973	0.000	109.369
1800.000	122.754	9.624	0.000	138.127
1802.000	122.729	10.053	0.000	128.659
1804.000	122.729	10.592	0.000	102.516
1806.000	122.762	10.249	0.000	111.189
1808.000	122.697	9.451	0.000	102.952
1810.000	122.790	10.272	0.000	100.861
1812.000	122.689	10.542	0.000	112.984
1814.000	122.768	9.513	0.000	97.455
1816.000	122.731	9.331	0.000	112.325
1818.000	122.721	9.958	0.000	107.925
1820.000	122.775	10.224	0.000	106.246
1822.000	122.690	10.770	0.000	106.291
1824.000	122.789	9.989	0.000	123.282
1826.000	122.698	9.737	0.000	115.785
1828.000	122.768	10.059	0.000	104.164
1830.000	122.727	10.625	0.000	96.711
1832.000	122.733	11.056	0.000	126.615
1834.000	122.763	11.007	0.000	136.370
1836.000	122.717	11.003	0.000	121.236
1838.000	122.756	10.228	0.000	123.377
1840.000	122.740	10.473	0.000	103.568
1842.000	122.724	11.358	0.000	102.318
1844.000	122.772	11.078	0.000	107.688
1846.000	122.698	9.632	0.000	110.502
1848.000	122.782	9.154	0.000	122.288
1850.000	122.713	10.136	0.000	108.573
1852.000	122.752	10.595	0.000	103.586
1854.000	122.750	8.436	0.000	105.067
1856.000	122.717	9.574	0.000	96.683
1858.000	122.778	9.526	0.000	106.112
1860.000	122.700	10.082	0.000	106.539
1862.000	122.778	11.500	0.000	107.132
1864.000	122.714	11.666	0.000	92.414
1866.000	122.762	10.129	0.000	93.998
1868.000	122.741	9.123	0.000	101.032
1870.000	122.730	9.629	0.000	111.215
1872.000	122.763	10.392	0.000	90.318
1874.000	122.721	10.490	0.000	104.011
1876.000	122.759	9.459	0.000	109.264
1878.000	122.740	9.712	0.000	75.766
1880.000	122.730	10.674	0.000	92.377
1882.000	122.768	10.716	0.000	106.373
1884.000	122.720	10.154	0.000	92.331
1886.000	122.761	10.386	0.000	83.000
1888.000	122.739	11.322	0.000	81.333
1890.000	122.732	10.034	0.000	91.689
1892.000	122.777	11.430	0.000	98.825
1894.000	122.705	11.557	0.000	85.829
1896.000	122.792	11.145	0.000	72.067
1898.000	122.693	10.969	0.000	73.810
1900.000	122.792	11.264	0.000	75.122
1902.000	122.715	11.271	0.000	62.738
1904.000	122.757	11.056	0.000	60.712
1906.000	122.755	11.666	0.000	55.037
1908.000	122.714	11.939	0.000	52.565
1910.000	122.797	11.042	0.000	24.486
1912.000	122.691	11.080	0.000	17.425
1914.000	122.796	11.454	0.000	-2.798
1916.000	122.707	10.874	0.000	-43.754
1918.000	122.766	10.342	0.000	-63.983
1920.000	122.749	9.621	0.000	-73.884
1922.000	122.729	9.935	0.000	-107.736
1924.000	122.773	10.340	0.000	-120.480
1926.000	122.716	10.797	0.000	-134.886
1928.000	122.779	12.070	0.000	-152.163
1930.000	122.721	13.356	0.000	-172.126
1932.000	122.762	14.083	0.000	174.744
1934.000	122.742	15.964	0.000	164.795
1936.000	122.742	17.937	0.000	159.570
1938.000	122.768	17.967	0.000	155.470
1940.000	122.725	18.506	0.000	141.946
1942.000	122.765	18.789	0.000	134.145
1944.000	122.734	19.025	0.000	123.857
1946.000	122.752	20.062	0.000	117.041
1948.000	122.757	20.613	0.000	110.342
1950.000	122.730	21.178	0.000	99.056
1952.000	122.769	21.478	0.000	94.985
1954.000	122.728	20.861	0.000	86.915
1956.000	122.763	20.735	0.000	80.988
1958.000	122.744	20.883	0.000	69.256
1960.000	122.739	21.413	0.000	64.400
1962.000	122.767	21.279	0.000	60.459
1964.000	122.724	21.458	0.000	48.045
1966.000	122.779	21.312	0.000	49.054
1968.000	122.722	21.144	0.000	42.417
1970.000	122.769	21.460	0.000	38.484
1972.000	122.737	21.358	0.000	31.747
1974.000	122.754	21.146	0.000	28.672
1976.000	122.757	20.721	0.000	24.202
1978.000	122.733	20.674	0.000	20.970
1980.000	122.771	20.801	0.000	20.004
1982.000	122.720	20.763	0.000	13.720
1984.000	122.778	20.834	0.000	10.365
1986.000	122.729	20.582	0.000	2.870
1988.000	122.755	21.145	0.000	-0.921
1990.000	122.754	20.592	0.000	-2.345
1992.000	122.736	20.993	0.000	-7.053
1994.000	122.774	21.075	0.000	-12.092
1996.000	122.726	20.925	0.000	-17.383
1998.000	122.768	20.286	0.000	-24.961
2000.000	122.733	20.037	0.000	-30.756
