2000.000	122.837	15.159	0.000	-81.416
2.000	122.889	15.422	0.000	-86.748
4.000	123.109	14.899	0.000	-92.035
6.000	123.129	15.583	0.000	-88.666
8.000	122.971	14.821	0.000	-84.587
10.000	122.829	13.974	0.000	-83.193
12.000	122.931	15.184	0.000	-100.692
14.000	123.198	15.062	0.000	-93.477
16.000	123.121	14.137	0.000	-87.827
18.000	122.785	13.225	0.000	-98.312
20.000	122.881	14.950	0.000	-109.859
22.000	123.159	15.026	0.000	-100.851
24.000	123.089	13.884	0.000	-100.543
26.000	122.948	13.835	0.000	-109.927
28.000	122.909	14.584	0.000	-103.700
30.000	122.909	14.721	0.000	-105.501
32.000	123.113	15.632	0.000	-101.992
34.000	123.178	15.289	0.000	-98.402
36.000	122.848	14.653	0.000	-98.654
38.000	122.802	13.844	0.000	-102.483
40.000	123.145	14.659	0.000	-102.105
42.000	123.163	15.254	0.000	-100.897
44.000	122.925	13.160	0.000	-97.634
46.000	122.856	14.861	0.000	-105.180
48.000	122.967	15.021	0.000	-109.663
50.000	123.134	14.354	0.000	-103.771
52.000	123.101	15.009	0.000	-103.443
54.000	122.857	14.638	0.000	-104.045
56.000	122.873	13.730	0.000	-112.254
58.000	123.093	15.305	0.000	-112.106
60.000	123.122	16.659	0.000	-105.014
62.000	122.993	16.357	0.000	-100.550
64.000	122.838	15.680	0.000	-116.387
66.000	122.919	16.928	0.000	-118.187
68.000	123.210	17.610	0.000	-105.253
70.000	123.105	16.478	0.000	-104.861
72.000	122.765	15.283	0.000	-117.233
74.000	122.933	16.838	0.000	-122.332
76.000	123.163	17.614	0.000	-118.569
78.000	123.046	16.986	0.000	-116.772
80.000	122.957	16.734	0.000	-120.371
82.000	122.896	17.531	0.000	-125.512
84.000	122.930	18.236	0.000	-130.670
86.000	123.184	18.277	0.000	-129.853
88.000	123.094	17.894	0.000	-123.582
90.000	122.766	16.998	0.000	-126.799
92.000	122.935	18.548	0.000	-136.078
94.000	123.185	19.259	0.000	-135.301
96.000	123.066	18.744	0.000	-129.994
98.000	122.888	18.378	0.000	-139.805
100.000	122.871	19.296	0.000	-145.139
102.000	123.055	20.420	0.000	-144.781
104.000	123.169	20.552	0.000	-142.836
106.000	122.949	19.488	0.000	-145.546
108.000	122.832	19.394	0.000	-152.192
110.000	123.014	20.444	0.000	-156.457
112.000	123.109	20.956	0.000	-156.093
114.000	123.068	21.035	0.000	-152.055
116.000	122.887	19.978	0.000	-153.631
118.000	122.832	20.246	0.000	-165.143
120.000	123.160	21.624	0.000	-162.339
122.000	123.175	21.526	0.000	-158.947
124.000	122.806	20.048	0.000	-165.219
126.000	122.887	21.223	0.000	-173.750
128.000	123.123	22.337	0.000	-172.379
130.000	123.064	21.514	0.000	-171.344
132.000	122.989	21.517	0.000	-176.692
134.000	122.880	21.918	0.000	178.929
136.000	122.920	22.259	0.000	176.587
138.000	123.184	22.926	0.000	174.129
140.000	123.073	22.883	0.000	175.198
142.000	122.790	21.422	0.000	171.506
144.000	122.941	22.320	0.000	160.903
146.000	123.149	23.712	0.000	164.769
148.000	123.079	22.832	0.000	170.154
150.000	122.875	21.852	0.000	161.264
152.000	122.863	22.595	0.000	153.238
154.000	123.113	23.179	0.000	152.837
156.000	123.126	22.623	0.000	151.689
158.000	122.897	22.323	0.000	148.456
160.000	122.886	22.462	0.000	145.458
162.000	123.013	23.126	0.000	143.057
164.000	123.117	23.394	0.000	143.012
166.000	123.047	22.822	0.000	141.584
168.000	122.797	21.446	0.000	134.626
170.000	122.946	22.586	0.000	125.372
172.000	123.225	23.212	0.000	128.147
174.000	123.004	21.835	0.000	132.735
176.000	122.804	20.613	0.000	117.207
178.000	122.989	22.452	0.000	113.946
180.000	123.105	22.556	0.000	123.678
182.000	123.053	21.564	0.000	120.444
184.000	122.905	21.659	0.000	112.724
186.000	122.870	21.332	0.000	111.247
188.000	123.082	21.384	0.000	106.409
190.000	123.137	21.967	0.000	107.800
192.000	122.905	20.621	0.000	112.434
194.000	122.828	20.153	0.000	98.769
196.000	123.075	21.516	0.000	98.425
198.000	123.164	21.186	0.000	105.634
200.000	122.904	19.888	0.000	100.183
202.000	122.833	20.078	0.000	91.442
204.000	123.067	20.906	0.000	91.856
206.000	123.110	20.930	0.000	94.562
208.000	122.966	20.009	0.000	96.316
210.000	122.867	19.701	0.000	93.778
212.000	122.956	20.464	0.000	89.411
214.000	123.142	20.612	0.000	90.085
216.000	123.041	20.237	0.000	95.556
218.000	122.810	19.307	0.000	92.324
220.000	122.944	19.883	0.000	84.067
222.000	123.166	20.189	0.000	87.987
224.000	123.038	19.556	0.000	91.371
226.000	122.809	18.907	0.000	82.514
228.000	122.953	19.676	0.000	78.554
230.000	123.142	19.981	0.000	81.909
232.000	123.013	18.950	0.000	79.891
234.000	122.887	19.004	0.000	76.807
236.000	122.913	19.199	0.000	74.296
238.000	123.054	19.760	0.000	75.927
240.000	123.137	20.212	0.000	80.533
242.000	122.868	18.774	0.000	81.519
244.000	122.830	18.462	0.000	72.329
246.000	123.162	19.818	0.000	77.705
248.000	123.081	19.235	0.000	82.381
250.000	122.846	18.592	0.000	74.011
252.000	122.912	18.722	0.000	71.401
254.000	123.060	19.283	0.000	73.727
256.000	123.101	19.380	0.000	74.661
258.000	122.904	18.552	0.000	70.615
260.000	122.852	18.977	0.000	70.186
262.000	123.073	19.657	0.000	74.930
264.000	123.093	19.860	0.000	74.605
266.000	122.934	18.872	0.000	79.260
268.000	122.829	18.588	0.000	75.749
270.000	123.036	19.926	0.000	74.998
272.000	123.183	19.823	0.000	82.528
274.000	122.859	18.771	0.000	83.955
276.000	122.846	20.049	0.000	79.525
278.000	123.115	20.430	0.000	87.544
280.000	123.037	20.073	0.000	96.472
282.000	122.950	21.160	0.000	97.821
284.000	122.872	21.926	0.000	101.329
286.000	122.974	23.222	0.000	105.067
288.000	123.176	25.368	0.000	109.777
290.000	122.917	25.859	0.000	114.854
292.000	122.805	27.863	0.000	104.808
294.000	123.081	31.676	0.000	104.335
296.000	123.101	33.264	0.000	107.600
298.000	122.913	34.256	0.000	95.026
300.000	122.839	36.914	0.000	80.850
302.000	123.050	39.260	0.000	74.041
304.000	123.112	40.661	0.000	64.371
306.000	122.891	41.617	0.000	49.954
308.000	122.881	42.979	0.000	31.585
310.000	123.011	44.785	0.000	15.626
312.000	123.100	45.879	0.000	4.536
314.000	122.958	45.668	0.000	-9.211
316.000	122.786	45.883	0.000	-33.648
318.000	123.075	47.580	0.000	-49.792
320.000	123.136	47.738	0.000	-56.588
322.000	122.842	46.387	0.000	-73.949
324.000	122.883	47.268	0.000	-97.636
326.000	123.064	48.160	0.000	-105.558
328.000	123.059	47.502	0.000	-117.596
330.000	122.909	47.366	0.000	-136.135
332.000	122.861	47.411	0.000	-150.756
334.000	123.039	47.873	0.000	-168.822
336.000	123.101	48.378	0.000	-178.398
338.000	122.887	47.006	0.000	170.596
340.000	122.827	46.990	0.000	143.668
342.000	123.110	48.307	0.000	135.730
344.000	123.078	47.172	0.000	130.111
346.000	122.816	45.963	0.000	109.203
348.000	122.924	46.653	0.000	96.287
350.000	123.074	46.759	0.000	88.975
352.000	123.029	46.559	0.000	80.285
354.000	122.872	46.216	0.000	68.307
356.000	122.882	46.811	0.000	52.650
358.000	123.096	47.791	0.000	43.584
360.000	123.035	47.584	0.000	35.211
362.000	122.835	46.831	0.000	20.065
364.000	122.900	47.358	0.000	0.663
366.000	123.125	48.217	0.000	-6.733
368.000	123.015	46.926	0.000	-12.018
370.000	122.773	45.571	0.000	-33.201
372.000	123.010	46.398	0.000	-41.847
374.000	123.087	45.481	0.000	-42.624
376.000	122.933	44.469	0.000	-50.618
378.000	122.888	44.594	0.000	-53.674
380.000	122.915	45.255	0.000	-60.686
382.000	123.131	47.130	0.000	-64.540
384.000	122.964	47.084	0.000	-67.434
386.000	122.773	47.411	0.000	-89.718
388.000	123.063	49.666	0.000	-101.302
390.000	123.077	49.617	0.000	-106.220
392.000	122.885	48.724	0.000	-125.075
394.000	122.852	49.434	0.000	-144.099
396.000	123.045	49.937	0.000	-154.916
398.000	123.070	49.512	0.000	-166.678
400.000	122.849	48.646	0.000	177.146
402.000	122.898	48.445	0.000	158.950
404.000	123.033	48.593	0.000	145.332
406.000	123.057	48.005	0.000	135.583
408.000	122.854	46.333	0.000	120.246
410.000	122.853	45.909	0.000	97.608
412.000	123.152	46.215	0.000	88.669
414.000	122.972	44.297	0.000	80.621
416.000	122.802	42.360	0.000	56.401
418.000	122.990	42.369	0.000	41.981
420.000	123.057	40.772	0.000	34.080
422.000	122.954	38.480	0.000	17.421
424.000	122.836	36.673	0.000	3.619
426.000	122.968	34.803	0.000	-10.708
428.000	123.092	33.615	0.000	-20.271
430.000	122.918	31.133	0.000	-24.048
432.000	122.801	28.508	0.000	-43.706
434.000	123.058	28.022	0.000	-50.860
436.000	123.073	25.653	0.000	-49.029
438.000	122.811	22.351	0.000	-64.622
440.000	122.912	21.442	0.000	-71.497
442.000	123.052	20.248	0.000	-73.078
444.000	122.999	17.974	0.000	-78.462
446.000	122.844	15.792	0.000	-85.330
448.000	122.903	15.019	0.000	-96.670
450.000	123.089	14.629	0.000	-94.341
452.000	122.960	13.930	0.000	-92.918
454.000	122.812	11.829	0.000	-108.740
456.000	122.956	12.268	0.000	-109.918
458.000	123.118	12.743	0.000	-120.800
460.000	122.866	11.784	0.000	-128.234
462.000	122.829	12.512	0.000	-121.856
464.000	123.077	12.854	0.000	-116.734
466.000	122.978	12.674	0.000	-131.006
468.000	122.895	12.466	0.000	-136.051
470.000	122.856	12.962	0.000	-124.641
472.000	123.044	12.273	0.000	-130.494
474.000	123.042	12.164	0.000	-151.058
476.000	122.765	12.045	0.000	-168.904
478.000	122.964	12.261	0.000	-168.627
480.000	123.079	10.801	0.000	-153.168
482.000	122.905	9.935	0.000	-134.716
484.000	122.818	11.262	0.000	-145.560
486.000	123.012	11.867	0.000	-145.945
488.000	123.043	12.317	0.000	-139.624
490.000	122.848	11.753	0.000	-148.091
492.000	122.880	10.420	0.000	-153.264
494.000	123.011	11.694	0.000	-137.019
496.000	123.034	12.356	0.000	-130.592
498.000	122.801	11.125	0.000	-137.835
500.000	122.902	11.655	0.000	-144.506
502.000	123.112	11.699	0.000	-134.751
504.000	122.890	10.551	0.000	-137.867
506.000	122.818	10.951	0.000	-144.445
508.000	123.008	11.180	0.000	-143.213
510.000	123.021	11.857	0.000	-150.400
512.000	122.862	12.604	0.000	-152.463
514.000	122.863	13.221	0.000	-152.846
516.000	123.010	13.611	0.000	-149.981
518.000	123.029	12.876	0.000	-140.044
520.000	122.787	12.288	0.000	-138.910
522.000	122.916	13.833	0.000	-153.566
524.000	123.103	14.301	0.000	-155.063
526.000	122.861	12.662	0.000	-151.296
528.000	122.843	13.319	0.000	-165.921
530.000	122.989	13.850	0.000	-160.419
532.000	123.023	14.376	0.000	-163.047
534.000	122.841	14.023	0.000	-164.085
536.000	122.867	13.445	0.000	-164.703
538.000	123.038	14.147	0.000	-169.692
540.000	122.964	13.462	0.000	-163.318
542.000	122.807	13.394	0.000	-171.423
544.000	122.918	14.720	0.000	-179.667
546.000	123.104	15.769	0.000	-177.364
548.000	122.820	14.198	0.000	177.120
550.000	122.856	13.814	0.000	177.505
552.000	123.031	14.876	0.000	-177.607
554.000	122.954	15.743	0.000	164.497
556.000	122.853	14.929	0.000	164.420
558.000	122.864	14.768	0.000	165.273
560.000	123.066	16.111	0.000	159.754
562.000	122.916	15.339	0.000	165.850
564.000	122.784	14.577	0.000	152.855
566.000	122.999	16.091	0.000	164.353
568.000	123.027	15.779	0.000	179.496
570.000	122.797	14.949	0.000	160.687
572.000	122.891	15.472	0.000	149.482
574.000	123.031	15.033	0.000	152.875
576.000	122.920	15.536	0.000	150.412
578.000	122.818	15.226	0.000	146.123
580.000	122.931	15.559	0.000	149.797
582.000	123.043	15.944	0.000	152.100
584.000	122.842	16.768	0.000	148.699
586.000	122.825	16.354	0.000	142.682
588.000	123.040	16.840	0.000	143.033
590.000	122.959	16.195	0.000	144.084
592.000	122.763	15.318	0.000	138.456
594.000	122.979	15.224	0.000	135.750
596.000	122.992	14.940	0.000	147.698
598.000	122.866	14.412	0.000	138.860
600.000	122.837	15.326	0.000	134.214
602.000	122.977	16.733	0.000	128.116
604.000	123.011	16.498	0.000	131.982
606.000	122.752	15.774	0.000	130.520
608.000	122.943	16.410	0.000	120.947
610.000	123.029	16.541	0.000	127.666
612.000	122.843	15.943	0.000	121.777
614.000	122.824	16.455	0.000	118.001
616.000	123.013	17.028	0.000	117.989
618.000	122.942	16.531	0.000	122.393
620.000	122.808	16.453	0.000	116.485
622.000	122.901	16.596	0.000	114.162
624.000	123.015	16.985	0.000	115.316
626.000	122.881	15.844	0.000	115.043
628.000	122.780	16.047	0.000	103.132
630.000	123.034	16.573	0.000	102.886
632.000	122.946	15.975	0.000	114.749
634.000	122.773	15.247	0.000	97.321
636.000	122.936	17.088	0.000	99.896
638.000	122.997	17.355	0.000	106.225
640.000	122.845	17.258	0.000	100.265
642.000	122.834	16.701	0.000	96.913
644.000	122.965	16.510	0.000	95.391
646.000	122.985	16.434	0.000	101.432
648.000	122.747	15.703	0.000	92.397
650.000	122.940	17.427	0.000	90.128
652.000	123.020	17.048	0.000	94.704
654.000	122.804	15.417	0.000	84.609
656.000	122.846	16.221	0.000	89.712
658.000	122.992	16.396	0.000	89.011
660.000	122.922	16.442	0.000	87.110
662.000	122.782	16.653	0.000	79.393
664.000	122.932	17.090	0.000	84.105
666.000	122.983	17.277	0.000	89.900
668.000	122.837	16.053	0.000	85.199
670.000	122.801	17.124	0.000	77.538
672.000	123.055	18.010	0.000	80.971
674.000	122.861	17.066	0.000	85.319
676.000	122.794	17.052	0.000	75.420
678.000	122.963	17.574	0.000	75.974
680.000	122.945	17.064	0.000	75.133
682.000	122.812	16.839	0.000	69.223
684.000	122.853	16.785	0.000	71.150
686.000	123.000	18.098	0.000	70.932
688.000	122.875	18.163	0.000	73.395
690.000	122.763	17.100	0.000	60.608
692.000	123.005	18.626	0.000	65.439
694.000	122.927	17.146	0.000	67.219
696.000	122.768	16.282	0.000	58.964
698.000	122.921	17.910	0.000	58.672
700.000	122.963	17.798	0.000	62.234
702.000	122.835	17.107	0.000	59.488
704.000	122.812	17.633	0.000	51.812
706.000	122.990	18.491	0.000	58.633
708.000	122.893	17.839	0.000	62.545
710.000	122.773	16.529	0.000	58.168
712.000	122.926	18.115	0.000	57.778
714.000	122.995	18.498	0.000	61.022
716.000	122.737	18.071	0.000	52.140
718.000	122.917	18.969	0.000	54.463
720.000	122.945	18.420	0.000	57.222
722.000	122.859	17.871	0.000	58.474
724.000	122.788	18.011	0.000	56.725
726.000	122.965	19.069	0.000	55.308
728.000	122.926	19.301	0.000	58.462
730.000	122.750	18.823	0.000	53.682
732.000	122.917	19.907	0.000	53.992
734.000	122.977	20.110	0.000	63.546
736.000	122.764	19.956	0.000	57.919
738.000	122.867	21.140	0.000	54.938
740.000	122.964	21.218	0.000	58.233
742.000	122.847	20.735	0.000	56.747
744.000	122.787	20.878	0.000	51.617
746.000	122.944	22.264	0.000	51.822
748.000	122.927	22.259	0.000	53.919
750.000	122.752	22.039	0.000	50.334
752.000	122.895	23.421	0.000	49.222
754.000	122.979	23.998	0.000	55.860
756.000	122.759	23.363	0.000	49.945
758.000	122.860	25.327	0.000	44.583
760.000	122.964	25.407	0.000	51.191
762.000	122.830	25.478	0.000	45.372
764.000	122.797	25.951	0.000	44.436
766.000	122.922	27.195	0.000	39.276
768.000	122.942	27.681	0.000	44.923
770.000	122.721	27.099	0.000	38.059
772.000	122.925	29.187	0.000	35.524
774.000	122.940	29.008	0.000	41.177
776.000	122.768	28.689	0.000	32.758
778.000	122.844	30.246	0.000	30.676
780.000	122.966	30.825	0.000	32.372
782.000	122.810	31.068	0.000	29.095
784.000	122.796	31.912	0.000	25.340
786.000	122.930	33.227	0.000	24.560
788.000	122.904	33.449	0.000	27.043
790.000	122.730	33.586	0.000	18.965
792.000	122.926	35.596	0.000	17.376
794.000	122.929	35.898	0.000	20.651
796.000	122.740	36.078	0.000	12.159
798.000	122.881	38.133	0.000	10.749
800.000	122.934	38.450	0.000	11.932
802.000	122.797	39.174	0.000	4.745
804.000	122.801	40.316	0.000	1.585
806.000	122.943	42.142	0.000	-2.970
808.000	122.864	42.649	0.000	-1.132
810.000	122.731	43.832	0.000	-16.709
812.000	122.963	46.247	0.000	-16.875
814.000	122.868	46.087	0.000	-22.246
816.000	122.749	47.478	0.000	-39.111
818.000	122.894	48.692	0.000	-46.911
820.000	122.916	48.879	0.000	-56.393
822.000	122.764	48.236	0.000	-67.565
824.000	122.831	48.367	0.000	-76.168
826.000	122.944	48.576	0.000	-73.531
828.000	122.801	48.510	0.000	-71.944
830.000	122.770	50.658	0.000	-78.796
832.000	122.969	53.200	0.000	-79.370
834.000	122.814	53.449	0.000	-89.036
836.000	122.758	55.295	0.000	-110.708
838.000	122.936	56.252	0.000	-116.183
840.000	122.847	55.900	0.000	-130.272
842.000	122.771	56.250	0.000	-142.019
844.000	122.852	56.796	0.000	-154.593
846.000	122.943	57.520	0.000	-158.781
848.000	122.723	56.678	0.000	-171.232
850.000	122.860	58.406	0.000	173.613
852.000	122.933	58.457	0.000	171.420
854.000	122.759	57.651	0.000	152.455
856.000	122.804	58.360	0.000	139.615
858.000	122.940	58.038	0.000	132.052
860.000	122.789	57.263	0.000	121.235
862.000	122.781	57.038	0.000	108.063
864.000	122.901	57.422	0.000	98.659
866.000	122.868	56.487	0.000	92.186
868.000	122.711	55.238	0.000	75.453
870.000	122.931	55.424	0.000	67.873
872.000	122.861	53.863	0.000	66.582
874.000	122.731	52.318	0.000	54.240
876.000	122.878	52.507	0.000	53.795
878.000	122.887	51.186	0.000	54.567
880.000	122.750	50.853	0.000	50.455
882.000	122.822	50.965	0.000	48.368
884.000	122.920	51.945	0.000	46.973
886.000	122.765	51.152	0.000	44.167
888.000	122.784	52.156	0.000	28.731
890.000	122.953	52.298	0.000	31.542
892.000	122.753	50.736	0.000	20.242
894.000	122.784	51.008	0.000	13.403
896.000	122.909	50.764	0.000	12.705
898.000	122.811	50.146	0.000	11.200
900.000	122.749	50.420	0.000	5.040
902.000	122.890	51.389	0.000	2.805
904.000	122.856	51.549	0.000	0.192
906.000	122.711	51.578	0.000	-11.624
908.000	122.898	53.322	0.000	-19.368
910.000	122.865	52.978	0.000	-22.106
912.000	122.716	53.136	0.000	-42.833
914.000	122.868	54.249	0.000	-51.570
916.000	122.867	53.732	0.000	-65.054
918.000	122.744	53.440	0.000	-84.719
920.000	122.811	53.160	0.000	-105.144
922.000	122.905	52.939	0.000	-123.010
924.000	122.743	51.051	0.000	-141.942
926.000	122.790	50.563	0.000	-178.282
928.000	122.925	50.189	0.000	167.967
930.000	122.735	48.474	0.000	131.218
932.000	122.790	49.584	0.000	102.688
934.000	122.893	50.191	0.000	78.984
936.000	122.778	50.769	0.000	56.163
938.000	122.757	51.842	0.000	29.039
940.000	122.885	53.033	0.000	13.789
942.000	122.815	52.620	0.000	-1.572
944.000	122.713	52.595	0.000	-23.211
946.000	122.914	53.506	0.000	-33.159
948.000	122.800	52.426	0.000	-39.429
950.000	122.731	52.476	0.000	-58.498
952.000	122.877	52.811	0.000	-61.025
954.000	122.822	51.702	0.000	-71.074
956.000	122.733	51.385	0.000	-78.475
958.000	122.835	51.424	0.000	-85.686
960.000	122.873	51.575	0.000	-84.477
962.000	122.696	50.721	0.000	-94.102
964.000	122.859	52.208	0.000	-99.421
966.000	122.855	51.515	0.000	-100.099
968.000	122.720	51.375	0.000	-113.740
970.000	122.820	51.887	0.000	-118.571
972.000	122.870	51.526	0.000	-123.656
974.000	122.722	50.853	0.000	-132.161
976.000	122.806	50.961	0.000	-139.669
978.000	122.868	50.832	0.000	-141.266
980.000	122.742	49.789	0.000	-146.439
982.000	122.770	50.346	0.000	-154.820
984.000	122.910	50.454	0.000	-152.530
986.000	122.708	49.359	0.000	-162.763
988.000	122.797	50.072	0.000	-169.576
990.000	122.863	49.344	0.000	-171.265
992.000	122.752	48.487	0.000	-179.231
994.000	122.756	48.003	0.000	176.364
996.000	122.877	47.926	0.000	174.957
998.000	122.763	46.679	0.000	177.613
1000.000	122.728	46.872	0.000	171.121
1002.000	122.911	47.433	0.000	-179.141
1004.000	122.731	46.651	0.000	176.509
1006.000	122.758	48.044	0.000	175.501
1008.000	122.864	48.844	0.000	174.473
1010.000	122.769	49.358	0.000	169.994
1012.000	122.730	50.292	0.000	157.591
1014.000	122.867	51.362	0.000	152.492
1016.000	122.782	51.099	0.000	143.509
1018.000	122.703	51.276	0.000	126.819
1020.000	122.896	52.304	0.000	118.783
1022.000	122.755	50.888	0.000	109.808
1024.000	122.732	50.846	0.000	89.225
1026.000	122.859	50.230	0.000	84.617
1028.000	122.774	48.684	0.000	70.322
1030.000	122.721	47.489	0.000	58.951
1032.000	122.848	46.719	0.000	46.729
1034.000	122.797	45.060	0.000	41.716
1036.000	122.692	42.839	0.000	22.565
1038.000	122.883	42.207	0.000	14.107
1040.000	122.760	39.203	0.000	2.186
1042.000	122.722	37.123	0.000	-25.039
1044.000	122.849	35.434	0.000	-50.005
1046.000	122.778	34.260	0.000	-90.609
1048.000	122.717	35.186	0.000	-136.422
1050.000	122.835	37.762	0.000	-167.233
1052.000	122.799	38.497	0.000	171.838
1054.000	122.687	39.294	0.000	139.536
1056.000	122.871	40.328	0.000	118.615
1058.000	122.764	38.723	0.000	96.974
1060.000	122.716	37.755	0.000	47.792
1062.000	122.841	37.850	0.000	8.877
1064.000	122.774	39.502	0.000	-48.648
1066.000	122.713	42.746	0.000	-84.345
1068.000	122.825	46.168	0.000	-112.900
1070.000	122.801	47.996	0.000	-126.731
1072.000	122.678	49.766	0.000	-155.856
1074.000	122.871	52.024	0.000	-165.137
1076.000	122.753	51.857	0.000	179.220
1078.000	122.717	53.270	0.000	160.780
1080.000	122.832	54.047	0.000	150.689
1082.000	122.772	54.272	0.000	139.001
1084.000	122.706	54.681	0.000	122.520
1086.000	122.832	55.515	0.000	112.512
1088.000	122.778	55.187	0.000	103.277
1090.000	122.683	55.038	0.000	85.895
1092.000	122.868	55.967	0.000	78.035
1094.000	122.736	54.609	0.000	69.699
1096.000	122.720	54.630	0.000	52.172
1098.000	122.836	54.122	0.000	48.741
1100.000	122.746	52.762	0.000	37.621
1102.000	122.712	51.728	0.000	29.923
1104.000	122.839	51.058	0.000	25.366
1106.000	122.745	49.515	0.000	28.754
1108.000	122.706	48.762	0.000	25.418
1110.000	122.859	49.540	0.000	35.439
1112.000	122.711	49.084	0.000	34.646
1114.000	122.733	50.738	0.000	31.830
1116.000	122.834	51.395	0.000	30.093
1118.000	122.718	51.763	0.000	23.754
1120.000	122.731	52.480	0.000	12.959
1122.000	122.833	53.279	0.000	9.325
1124.000	122.715	52.631	0.000	1.150
1126.000	122.733	53.181	0.000	-11.173
1128.000	122.843	53.633	0.000	-13.280
1130.000	122.688	52.550	0.000	-23.728
1132.000	122.760	53.454	0.000	-33.629
1134.000	122.814	52.639	0.000	-36.747
1136.000	122.706	52.066	0.000	-47.561
1138.000	122.738	51.527	0.000	-55.233
1140.000	122.839	51.576	0.000	-58.047
1142.000	122.671	49.847	0.000	-62.798
1144.000	122.783	50.338	0.000	-69.464
1146.000	122.804	49.411	0.000	-65.503
1148.000	122.679	48.761	0.000	-72.978
1150.000	122.783	49.330	0.000	-72.476
1152.000	122.794	49.209	0.000	-73.496
1154.000	122.682	49.397	0.000	-79.484
1156.000	122.781	50.376	0.000	-85.654
1158.000	122.799	50.613	0.000	-88.749
1160.000	122.659	50.421	0.000	-102.555
1162.000	122.821	51.517	0.000	-111.136
1164.000	122.756	50.674	0.000	-117.323
1166.000	122.682	50.435	0.000	-135.563
1168.000	122.818	50.476	0.000	-140.780
1170.000	122.736	49.200	0.000	-153.427
1172.000	122.697	48.637	0.000	-165.327
1174.000	122.811	48.222	0.000	-177.550
1176.000	122.735	47.206	0.000	176.179
1178.000	122.695	46.244	0.000	154.471
1180.000	122.828	46.199	0.000	148.468
1182.000	122.700	44.337	0.000	129.318
1184.000	122.725	44.525	0.000	109.832
1186.000	122.806	44.168	0.000	92.591
1188.000	122.704	43.980	0.000	70.658
1190.000	122.719	44.855	0.000	45.077
1192.000	122.821	45.744	0.000	30.090
1194.000	122.676	45.896	0.000	8.830
1196.000	122.747	47.468	0.000	-11.130
1198.000	122.811	48.254	0.000	-18.924
1200.000	122.653	48.377	0.000	-40.116
1202.000	122.793	49.889	0.000	-49.049
1204.000	122.761	49.604	0.000	-60.648
1206.000	122.684	49.947	0.000	-72.409
1208.000	122.774	50.613	0.000	-84.537
1210.000	122.779	50.689	0.000	-87.562
1212.000	122.657	50.383	0.000	-102.384
1214.000	122.815	51.459	0.000	-105.493
1216.000	122.725	50.661	0.000	-111.130
1218.000	122.688	51.496	0.000	-121.901
1220.000	122.812	51.821	0.000	-124.097
1222.000	122.704	51.831	0.000	-132.057
1224.000	122.704	52.360	0.000	-140.852
1226.000	122.810	53.207	0.000	-145.284
1228.000	122.686	52.764	0.000	-153.214
1230.000	122.725	53.598	0.000	-164.668
1232.000	122.804	53.907	0.000	-167.819
1234.000	122.663	53.420	0.000	-179.823
1236.000	122.767	54.397	0.000	172.651
1238.000	122.761	53.721	0.000	166.574
1240.000	122.686	53.776	0.000	156.677
1242.000	122.753	53.748	0.000	147.503
1244.000	122.777	53.849	0.000	144.512
1246.000	122.654	52.944	0.000	132.215
1248.000	122.800	53.692	0.000	128.965
1250.000	122.726	52.494	0.000	124.389
1252.000	122.684	52.822	0.000	114.927
1254.000	122.796	52.881	0.000	112.416
1256.000	122.708	52.574	0.000	105.780
1258.000	122.693	52.853	0.000	95.893
1260.000	122.808	53.260	0.000	91.595
1262.000	122.674	52.476	0.000	82.683
1264.000	122.725	52.846	0.000	70.639
1266.000	122.802	52.753	0.000	68.515
1268.000	122.645	51.682	0.000	55.002
1270.000	122.783	52.042	0.000	50.152
1272.000	122.739	50.792	0.000	43.745
1274.000	122.678	50.364	0.000	36.620
1276.000	122.774	50.205	0.000	29.939
1278.000	122.735	49.640	0.000	28.584
1280.000	122.672	48.987	0.000	17.884
1282.000	122.796	49.537	0.000	16.376
1284.000	122.696	48.356	0.000	10.487
1286.000	122.708	48.669	0.000	2.162
1288.000	122.777	48.224	0.000	-1.517
1290.000	122.690	47.764	0.000	-8.015
1292.000	122.713	47.693	0.000	-17.785
1294.000	122.788	47.712	0.000	-20.114
1296.000	122.655	46.669	0.000	-30.041
1298.000	122.757	46.985	0.000	-39.157
1300.000	122.758	46.496	0.000	-41.709
1302.000	122.657	45.653	0.000	-56.674
1304.000	122.783	45.741	0.000	-59.765
1306.000	122.715	44.405	0.000	-69.401
1308.000	122.679	43.675	0.000	-77.798
1310.000	122.787	43.385	0.000	-86.569
1312.000	122.690	41.882	0.000	-90.432
1314.000	122.706	41.015	0.000	-104.768
1316.000	122.785	40.140	0.000	-104.588
1318.000	122.664	38.153	0.000	-115.306
1320.000	122.738	37.445	0.000	-118.867
1322.000	122.759	35.831	0.000	-122.287
1324.000	122.663	34.218	0.000	-127.532
1326.000	122.758	33.589	0.000	-130.225
1328.000	122.741	32.198	0.000	-129.697
1330.000	122.651	30.643	0.000	-134.542
1332.000	122.807	30.276	0.000	-133.068
1334.000	122.674	28.309	0.000	-133.544
1336.000	122.711	27.805	0.000	-136.668
1338.000	122.771	26.761	0.000	-132.030
1340.000	122.669	25.716	0.000	-134.354
1342.000	122.728	24.995	0.000	-135.263
1344.000	122.765	24.485	0.000	-132.255
1346.000	122.646	22.822	0.000	-134.148
1348.000	122.783	23.419	0.000	-131.450
1350.000	122.706	22.545	0.000	-125.406
1352.000	122.682	22.393	0.000	-130.217
1354.000	122.773	21.581	0.000	-125.899
1356.000	122.690	20.894	0.000	-127.523
1358.000	122.697	20.807	0.000	-130.851
1360.000	122.780	20.509	0.000	-127.101
1362.000	122.655	20.048	0.000	-125.507
1364.000	122.744	19.814	0.000	-127.092
1366.000	122.749	19.369	0.000	-123.112
1368.000	122.651	19.047	0.000	-128.036
1370.000	122.783	19.062	0.000	-124.347
1372.000	122.696	18.448	0.000	-126.844
1374.000	122.682	18.506	0.000	-128.584
1376.000	122.788	18.843	0.000	-126.675
1378.000	122.659	18.577	0.000	-124.228
1380.000	122.736	18.465	0.000	-131.035
1382.000	122.750	18.157	0.000	-125.454
1384.000	122.660	17.491	0.000	-129.824
1386.000	122.759	17.648	0.000	-136.026
1388.000	122.717	17.068	0.000	-135.476
1390.000	122.675	17.143	0.000	-138.604
1392.000	122.767	17.631	0.000	-140.838
1394.000	122.695	17.010	0.000	-139.903
1396.000	122.691	16.410	0.000	-146.891
1398.000	122.782	17.330	0.000	-142.921
1400.000	122.644	17.131	0.000	-145.245
1402.000	122.755	17.019	0.000	-147.606
1404.000	122.729	16.460	0.000	-147.633
1406.000	122.661	16.528	0.000	-152.555
1408.000	122.775	16.794	0.000	-154.756
1410.000	122.692	16.580	0.000	-156.603
1412.000	122.691	17.023	0.000	-165.726
1414.000	122.774	16.871	0.000	-165.734
1416.000	122.659	15.901	0.000	-173.756
1418.000	122.738	15.653	0.000	179.194
1420.000	122.736	14.918	0.000	172.670
1422.000	122.665	14.208	0.000	168.056
1424.000	122.757	15.186	0.000	171.934
1426.000	122.714	14.219	0.000	169.341
1428.000	122.665	13.346	0.000	161.442
1430.000	122.796	13.763	0.000	161.465
1432.000	122.649	13.140	0.000	159.704
1434.000	122.739	13.152	0.000	163.740
1436.000	122.742	12.508	0.000	157.007
1438.000	122.653	12.434	0.000	153.062
1440.000	122.770	12.180	0.000	150.537
1442.000	122.699	11.834	0.000	133.285
1444.000	122.682	11.531	0.000	130.739
1446.000	122.776	10.984	0.000	131.383
1448.000	122.657	10.388	0.000	113.775
1450.000	122.736	10.701	0.000	106.310
1452.000	122.735	9.839	0.000	95.024
1454.000	122.666	10.158	0.000	95.614
1456.000	122.754	10.651	0.000	92.567
1458.000	122.710	10.151	0.000	99.159
1460.000	122.673	8.607	0.000	132.345
1462.000	122.783	9.741	0.000	130.379
1464.000	122.652	9.534	0.000	106.502
1466.000	122.741	9.451	0.000	4.066
1468.000	122.728	9.817	0.000	1.680
1470.000	122.669	9.038	0.000	25.284
1472.000	122.757	9.765	0.000	-11.478
1474.000	122.697	9.375	0.000	-36.202
1476.000	122.700	9.248	0.000	-17.055
1478.000	122.757	10.014	0.000	33.033
1480.000	122.668	9.809	0.000	54.341
1482.000	122.734	10.917	0.000	-3.931
1484.000	122.730	11.186	0.000	-38.274
1486.000	122.668	9.149	0.000	-55.662
1488.000	122.764	9.947	0.000	-61.122
1490.000	122.687	10.515	0.000	-51.495
1492.000	122.703	10.071	0.000	-42.836
1494.000	122.762	9.831	0.000	-56.406
1496.000	122.653	10.590	0.000	-60.761
1498.000	122.759	10.142	0.000	-77.062
1500.000	122.704	10.921	0.000	-61.831
1502.000	122.684	10.657	0.000	-65.906
1504.000	122.765	10.467	0.000	-69.476
1506.000	122.672	9.617	0.000	-75.734
1508.000	122.726	11.395	0.000	-69.298
1510.000	122.743	12.072	0.000	-77.991
1512.000	122.661	10.947	0.000	-95.093
1514.000	122.762	10.310	0.000	-81.886
1516.000	122.698	11.634	0.000	-81.063
1518.000	122.687	11.566	0.000	-94.601
1520.000	122.776	11.965	0.000	-90.613
1522.000	122.648	11.877	0.000	-95.856
1524.000	122.760	12.527	0.000	-90.273
1526.000	122.705	12.270	0.000	-92.326
1528.000	122.698	12.784	0.000	-102.411
1530.000	122.748	12.945	0.000	-104.519
1532.000	122.691	12.083	0.000	-108.253
1534.000	122.713	11.198	0.000	-112.562
1536.000	122.750	12.582	0.000	-105.515
1538.000	122.662	13.377	0.000	-109.261
1540.000	122.765	14.382	0.000	-112.896
1542.000	122.692	14.700	0.000	-116.065
1544.000	122.702	13.650	0.000	-123.915
1546.000	122.757	13.363	0.000	-122.245
1548.000	122.661	14.284	0.000	-129.894
1550.000	122.753	14.641	0.000	-135.458
1552.000	122.713	14.424	0.000	-130.673
1554.000	122.683	13.017	0.000	-137.810
1556.000	122.771	14.801	0.000	-137.037
1558.000	122.668	14.002	0.000	-142.523
1560.000	122.737	14.311	0.000	-145.690
1562.000	122.731	14.439	0.000	-149.746
1564.000	122.673	14.813	0.000	-155.284
1566.000	122.764	14.904	0.000	-154.368
1568.000	122.685	13.515	0.000	-155.502
1570.000	122.717	13.767	0.000	-161.002
1572.000	122.752	14.076	0.000	-156.535
1574.000	122.663	14.039	0.000	-160.143
1576.000	122.764	14.856	0.000	-164.320
1578.000	122.693	14.625	0.000	-162.252
1580.000	122.705	13.914	0.000	-174.523
1582.000	122.756	13.394	0.000	-170.386
1584.000	122.669	13.731	0.000	-175.887
1586.000	122.754	14.907	0.000	-177.809
1588.000	122.710	13.984	0.000	-171.088
1590.000	122.693	14.463	0.000	-179.676
1592.000	122.762	14.804	0.000	178.803
1594.000	122.672	14.698	0.000	172.497
1596.000	122.744	15.678	0.000	165.835
1598.000	122.726	15.489	0.000	166.291
1600.000	122.685	13.855	0.000	163.818
1602.000	122.765	13.981	0.000	163.769
1604.000	122.679	13.804	0.000	162.193
1606.000	122.736	14.048	0.000	159.460
1608.000	122.732	13.294	0.000	157.472
1610.000	122.681	13.780	0.000	157.877
1612.000	122.762	14.807	0.000	153.383
1614.000	122.694	13.788	0.000	150.404
1616.000	122.714	14.253	0.000	150.183
1618.000	122.760	14.019	0.000	145.173
1620.000	122.660	14.219	0.000	136.783
1622.000	122.779	15.049	0.000	139.125
1624.000	122.685	14.586	0.000	141.804
1626.000	122.720	14.201	0.000	139.850
1628.000	122.753	14.283	0.000	141.505
1630.000	122.672	14.168	0.000	137.102
1632.000	122.762	14.819	0.000	132.383
1634.000	122.704	13.833	0.000	123.958
1636.000	122.706	11.960	0.000	123.060
1638.000	122.764	12.779	0.000	120.367
1640.000	122.664	13.178	0.000	118.875
1642.000	122.769	13.444	0.000	114.542
1644.000	122.700	13.392	0.000	117.898
1646.000	122.712	13.352	0.000	120.669
1648.000	122.761	13.444	0.000	118.886
1650.000	122.678	13.120	0.000	111.430
1652.000	122.754	12.726	0.000	109.815
1654.000	122.714	11.895	0.000	100.211
1656.000	122.700	12.214	0.000	95.643
1658.000	122.769	12.698	0.000	107.256
1660.000	122.666	12.065	0.000	106.258
1662.000	122.769	12.840	0.000	93.596
1664.000	122.705	12.928	0.000	98.459
1666.000	122.710	13.222	0.000	101.581
1668.000	122.757	12.775	0.000	104.192
1670.000	122.683	11.796	0.000	86.576
1672.000	122.751	11.169	0.000	98.207
1674.000	122.719	11.445	0.000	103.118
1676.000	122.703	12.391	0.000	99.379
1678.000	122.770	11.648	0.000	103.700
1680.000	122.669	12.341	0.000	91.448
1682.000	122.768	12.369	0.000	92.586
1684.000	122.712	12.120	0.000	84.852
1686.000	122.701	13.036	0.000	82.052
1688.000	122.782	12.288	0.000	90.327
1690.000	122.663	12.637	0.000	68.034
1692.000	122.779	12.438	0.000	60.456
1694.000	122.696	11.409	0.000	67.868
1696.000	122.731	11.661	0.000	73.903
1698.000	122.743	9.855	0.000	65.192
1700.000	122.698	10.696	0.000	60.806
1702.000	122.750	11.899	0.000	43.625
1704.000	122.721	11.866	0.000	41.015
1706.000	122.708	10.757	0.000	53.801
1708.000	122.770	10.809	0.000	62.214
1710.000	122.672	10.843	0.000	56.375
1712.000	122.779	10.217	0.000	49.487
1714.000	122.695	10.081	0.000	49.725
1716.000	122.733	10.104	0.000	47.203
1718.000	122.749	9.848	0.000	48.318
1720.000	122.689	10.474	0.000	34.479
1722.000	122.771	10.414	0.000	35.906
1724.000	122.704	9.810	0.000	29.867
1726.000	122.726	8.581	0.000	20.533
1728.000	122.759	8.368	0.000	2.802
1730.000	122.678	9.890	0.000	29.347
1732.000	122.784	10.710	0.000	41.510
1734.000	122.682	9.808	0.000	9.897
1736.000	122.762	8.909	0.000	-0.189
1738.000	122.721	9.509	0.000	23.007
1740.000	122.716	9.421	0.000	9.633
1742.000	122.757	9.664	0.000	12.029
1744.000	122.698	9.788	0.000	18.619
1746.000	122.749	9.882	0.000	1.960
1748.000	122.732	9.411	0.000	5.161
1750.000	122.710	9.754	0.000	9.148
1752.000	122.767	9.918	0.000	27.116
1754.000	122.689	9.004	0.000	9.334
1756.000	122.762	9.141	0.000	10.627
1758.000	122.722	10.053	0.000	13.148
1760.000	122.711	9.736	0.000	20.858
1762.000	122.774	8.667	0.000	26.100
1764.000	122.681	9.356	0.000	30.976
1766.000	122.783	8.799	0.000	25.554
1768.000	122.690	8.700	0.000	44.057
1770.000	122.757	9.650	0.000	18.943
1772.000	122.733	9.693	0.000	68.315
1774.000	122.709	9.495	0.000	30.940
1776.000	122.770	9.077	0.000	-31.360
1778.000	122.699	9.702	0.000	-28.155
1780.000	122.752	9.608	0.000	-10.990
1782.000	122.739	9.583	0.000	-24.202
1784.000	122.702	9.771	0.000	-24.026
1786.000	122.779	9.591	0.000	-41.714
1788.000	122.683	8.924	0.000	-61.361
1790.000	122.776	8.701	0.000	-33.987
1792.000	122.708	9.567	0.000	-22.455
1794.000	122.740	8.997	0.000	-17.467
1796.000	122.747	8.805	0.000	-35.634
1798.000	122.716	9.309	0.000	-49.588
1800.000	122.751	9.659	0.000	8.908
1802.000	122.727	10.403	0.000	3.444
1804.000	122.728	9.762	0.000	-111.342
1806.000	122.759	9.242	0.000	-61.865
1808.000	122.693	8.857	0.000	-49.529
1810.000	122.788	8.791	0.000	-17.043
1812.000	122.687	9.534	0.000	-26.724
1814.000	122.765	9.016	0.000	-158.108
1816.000	122.727	9.937	0.000	-97.080
1818.000	122.719	9.341	0.000	-65.819
1820.000	122.774	9.168	0.000	-53.833
1822.000	122.686	9.448	0.000	-30.978
1824.000	122.786	9.255	0.000	-40.222
1826.000	122.695	9.768	0.000	-82.493
1828.000	122.766	10.431	0.000	-120.636
1830.000	122.725	10.656	0.000	-88.807
1832.000	122.729	10.081	0.000	-76.435
1834.000	122.761	10.646	0.000	-90.919
1836.000	122.715	10.490	0.000	-82.359
1838.000	122.753	9.834	0.000	-110.074
1840.000	122.737	9.101	0.000	-109.745
1842.000	122.721	8.892	0.000	-98.160
1844.000	122.770	8.498	0.000	-115.377
1846.000	122.694	9.096	0.000	-168.082
1848.000	122.779	9.332	0.000	-130.838
1850.000	122.709	9.461	0.000	-125.621
1852.000	122.750	10.179	0.000	-124.506
1854.000	122.748	10.562	0.000	-126.325
1856.000	122.714	10.428	0.000	-121.817
1858.000	122.776	10.964	0.000	-117.957
1860.000	122.697	11.205	0.000	-139.514
1862.000	122.776	11.826	0.000	-142.886
1864.000	122.711	12.188	0.000	-140.515
1866.000	122.759	12.107	0.000	-152.714
1868.000	122.738	10.981	0.000	-138.433
1870.000	122.726	10.783	0.000	-137.644
1872.000	122.761	11.695	0.000	-150.495
1874.000	122.717	11.688	0.000	-149.124
1876.000	122.756	10.584	0.000	-148.688
1878.000	122.737	11.069	0.000	-162.402
1880.000	122.727	11.913	0.000	-169.155
1882.000	122.766	12.140	0.000	-171.016
1884.000	122.715	11.862	0.000	-168.813
1886.000	122.758	12.192	0.000	-161.668
1888.000	122.735	12.712	0.000	-163.915
1890.000	122.730	13.430	0.000	-172.231
1892.000	122.773	14.207	0.000	-169.631
1894.000	122.701	14.189	0.000	-178.158
1896.000	122.789	13.334	0.000	176.451
1898.000	122.691	13.786	0.000	164.568
1900.000	122.789	14.733	0.000	171.101
1902.000	122.710	14.734	0.000	168.477
1904.000	122.753	14.784	0.000	158.429
1906.000	122.753	14.698	0.000	155.753
1908.000	122.711	14.448	0.000	151.339
1910.000	122.792	14.762	0.000	151.217
1912.000	122.686	15.275	0.000	145.919
1914.000	122.794	15.680	0.000	141.399
1916.000	122.705	15.368	0.000	129.990
1918.000	122.762	15.820	0.000	118.348
1920.000	122.743	15.837	0.000	114.866
1922.000	122.725	15.966	0.000	108.408
1924.000	122.772	15.763	0.000	110.141
1926.000	122.712	16.212	0.000	105.812
1928.000	122.773	17.339	0.000	95.685
1930.000	122.716	17.611	0.000	93.372
1932.000	122.760	18.419	0.000	83.417
1934.000	122.740	18.480	0.000	78.323
1936.000	122.736	18.400	0.000	69.605
1938.000	122.763	18.576	0.000	63.430
1940.000	122.720	18.812	0.000	53.334
1942.000	122.764	18.856	0.000	49.841
1944.000	122.730	19.525	0.000	40.224
1946.000	122.746	19.702	0.000	29.437
1948.000	122.752	19.249	0.000	22.891
1950.000	122.728	19.317	0.000	9.631
1952.000	122.767	19.425	0.000	3.543
1954.000	122.723	19.319	0.000	-12.721
1956.000	122.756	19.776	0.000	-22.086
1958.000	122.740	19.874	0.000	-31.872
1960.000	122.738	20.155	0.000	-40.777
1962.000	122.764	19.465	0.000	-48.060
1964.000	122.717	19.804	0.000	-60.763
1966.000	122.774	19.741	0.000	-65.017
1968.000	122.718	19.137	0.000	-75.872
1970.000	122.768	18.807	0.000	-78.060
1972.000	122.732	18.945	0.000	-85.146
1974.000	122.746	19.935	0.000	-90.383
1976.000	122.752	19.331	0.000	-102.843
1978.000	122.731	19.511	0.000	-107.375
1980.000	122.770	20.007	0.000	-113.023
1982.000	122.714	20.206	0.000	-125.385
1984.000	122.772	20.738	0.000	-128.605
1986.000	122.724	21.294	0.000	-139.133
1988.000	122.755	22.340	0.000	-148.795
1990.000	122.750	21.887	0.000	-160.422
1992.000	122.729	22.263	0.000	-170.900
1994.000	122.767	22.134	0.000	-179.928
1996.000	122.722	22.555	0.000	168.242
1998.000	122.767	22.141	0.000	159.502
2000.000	122.728	22.093	0.000	148.676
