2000.000	122.817	13.550	0.000	-79.434
2.000	122.868	13.793	0.000	-88.825
4.000	123.085	13.087	0.000	-83.799
6.000	123.105	12.616	0.000	-102.799
8.000	122.950	13.065	0.000	-99.105
10.000	122.808	13.142	0.000	-92.565
12.000	122.908	12.036	0.000	-100.010
14.000	123.174	12.404	0.000	-88.625
16.000	123.099	12.687	0.000	-90.236
18.000	122.765	12.296	0.000	-97.968
20.000	122.860	13.324	0.000	-105.462
22.000	123.136	12.670	0.000	-106.563
24.000	123.066	12.526	0.000	-105.451
26.000	122.927	11.532	0.000	-95.179
28.000	122.889	12.857	0.000	-95.143
30.000	122.888	13.032	0.000	-105.468
32.000	123.090	13.679	0.000	-106.437
34.000	123.155	13.501	0.000	-115.253
36.000	122.829	12.116	0.000	-114.976
38.000	122.782	10.571	0.000	-114.780
40.000	123.122	12.029	0.000	-127.959
42.000	123.140	12.684	0.000	-132.543
44.000	122.905	11.216	0.000	-118.160
46.000	122.837	11.055	0.000	-123.173
48.000	122.946	12.668	0.000	-138.878
50.000	123.112	12.671	0.000	-131.199
52.000	123.079	12.356	0.000	-123.359
54.000	122.838	11.426	0.000	-116.132
56.000	122.854	11.474	0.000	-117.651
58.000	123.071	12.873	0.000	-127.089
60.000	123.100	13.393	0.000	-136.304
62.000	122.973	12.992	0.000	-128.837
64.000	122.820	12.646	0.000	-129.026
66.000	122.898	12.429	0.000	-138.338
68.000	123.187	13.422	0.000	-129.965
70.000	123.085	12.923	0.000	-144.374
72.000	122.748	12.634	0.000	-155.479
74.000	122.913	12.496	0.000	-128.681
76.000	123.141	12.259	0.000	-130.632
78.000	123.026	11.789	0.000	-145.579
80.000	122.939	11.198	0.000	-126.398
82.000	122.878	11.073	0.000	-112.842
84.000	122.911	11.091	0.000	-127.577
86.000	123.163	10.819	0.000	-123.278
88.000	123.074	10.950	0.000	-120.758
90.000	122.749	11.145	0.000	-141.846
92.000	122.916	12.461	0.000	-155.493
94.000	123.163	12.037	0.000	-125.056
96.000	123.046	12.145	0.000	-104.513
98.000	122.871	11.246	0.000	-112.396
100.000	122.853	11.208	0.000	-138.658
102.000	123.035	12.924	0.000	-138.235
104.000	123.149	11.938	0.000	-115.672
106.000	122.931	10.866	0.000	-108.086
108.000	122.815	10.758	0.000	-125.783
110.000	122.995	11.213	0.000	-139.170
112.000	123.089	11.458	0.000	-133.452
114.000	123.049	11.815	0.000	-141.694
116.000	122.871	13.119	0.000	-129.089
118.000	122.815	12.376	0.000	-122.104
120.000	123.139	11.654	0.000	-122.447
122.000	123.156	11.535	0.000	-126.047
124.000	122.790	10.682	0.000	-141.619
126.000	122.869	11.311	0.000	-127.743
128.000	123.104	11.947	0.000	-131.704
130.000	123.045	11.186	0.000	-128.746
132.000	122.972	10.640	0.000	-107.101
134.000	122.863	12.397	0.000	-87.971
136.000	122.903	11.527	0.000	-94.968
138.000	123.163	11.179	0.000	-121.561
140.000	123.055	11.144	0.000	-108.067
142.000	122.775	12.136	0.000	-106.592
144.000	122.923	12.102	0.000	-113.603
146.000	123.130	12.509	0.000	-91.930
148.000	123.061	12.617	0.000	-82.806
150.000	122.859	12.317	0.000	-97.628
152.000	122.846	12.063	0.000	-101.324
154.000	123.094	11.024	0.000	-98.322
156.000	123.107	12.813	0.000	-103.419
158.000	122.881	13.618	0.000	-98.664
160.000	122.870	13.745	0.000	-94.469
162.000	122.995	14.273	0.000	-88.561
164.000	123.098	14.778	0.000	-105.267
166.000	123.030	14.244	0.000	-98.703
168.000	122.783	13.796	0.000	-100.464
170.000	122.929	15.650	0.000	-108.419
172.000	123.205	16.632	0.000	-101.087
174.000	122.988	15.617	0.000	-99.505
176.000	122.790	15.433	0.000	-116.172
178.000	122.971	16.987	0.000	-117.783
180.000	123.087	16.481	0.000	-114.176
182.000	123.036	16.008	0.000	-117.869
184.000	122.890	16.477	0.000	-125.575
186.000	122.855	17.094	0.000	-122.073
188.000	123.064	17.491	0.000	-131.723
190.000	123.119	18.152	0.000	-129.339
192.000	122.890	16.908	0.000	-124.564
194.000	122.813	17.080	0.000	-128.192
196.000	123.057	18.384	0.000	-126.420
198.000	123.147	18.554	0.000	-125.168
200.000	122.890	17.635	0.000	-131.881
202.000	122.818	17.842	0.000	-139.205
204.000	123.050	17.893	0.000	-137.985
206.000	123.093	18.544	0.000	-138.328
208.000	122.951	18.169	0.000	-135.269
210.000	122.853	17.554	0.000	-138.615
212.000	122.940	18.525	0.000	-139.973
214.000	123.124	19.460	0.000	-138.390
216.000	123.026	19.555	0.000	-138.221
218.000	122.797	18.971	0.000	-144.424
220.000	122.928	20.015	0.000	-156.986
222.000	123.148	20.653	0.000	-151.874
224.000	123.023	19.825	0.000	-144.825
226.000	122.796	18.804	0.000	-149.724
228.000	122.938	20.041	0.000	-151.904
230.000	123.125	20.883	0.000	-148.347
232.000	122.998	20.571	0.000	-149.730
234.000	122.874	20.710	0.000	-154.009
236.000	122.899	20.704	0.000	-158.937
238.000	123.038	21.050	0.000	-163.000
240.000	123.121	21.711	0.000	-159.011
242.000	122.855	21.148	0.000	-159.772
244.000	122.816	22.075	0.000	-168.292
246.000	123.145	23.337	0.000	-164.247
248.000	123.066	22.267	0.000	-156.685
250.000	122.833	22.219	0.000	-165.814
252.000	122.898	22.988	0.000	-173.291
254.000	123.044	23.527	0.000	-172.531
256.000	123.086	23.568	0.000	-166.092
258.000	122.891	23.380	0.000	-165.481
260.000	122.839	24.228	0.000	-172.713
262.000	123.058	25.189	0.000	-173.270
264.000	123.078	25.267	0.000	-170.525
266.000	122.921	25.090	0.000	-171.204
268.000	122.817	25.263	0.000	-176.979
270.000	123.020	27.058	0.000	-176.866
272.000	123.168	27.771	0.000	-167.610
274.000	122.847	26.697	0.000	-171.834
276.000	122.833	28.096	0.000	178.800
278.000	123.100	29.641	0.000	-178.106
280.000	123.024	29.701	0.000	-175.042
282.000	122.937	30.579	0.000	-177.556
284.000	122.860	31.518	0.000	-175.808
286.000	122.960	33.429	0.000	-178.931
288.000	123.161	35.247	0.000	-178.956
290.000	122.905	35.063	0.000	-177.959
292.000	122.793	36.447	0.000	169.072
294.000	123.066	39.445	0.000	166.381
296.000	123.087	40.380	0.000	168.338
298.000	122.901	40.749	0.000	158.432
300.000	122.827	42.877	0.000	146.450
302.000	123.036	44.956	0.000	141.847
304.000	123.098	46.085	0.000	135.419
306.000	122.879	46.695	0.000	124.372
308.000	122.869	47.810	0.000	110.272
310.000	122.997	49.617	0.000	97.804
312.000	123.086	50.797	0.000	90.807
314.000	122.946	50.701	0.000	81.459
316.000	122.775	51.074	0.000	61.840
318.000	123.061	52.936	0.000	50.176
320.000	123.123	53.287	0.000	47.533
322.000	122.831	52.207	0.000	34.853
324.000	122.871	53.382	0.000	16.500
326.000	123.051	54.486	0.000	13.179
328.000	123.046	54.066	0.000	6.021
330.000	122.898	54.261	0.000	-6.601
332.000	122.849	54.649	0.000	-15.651
334.000	123.026	55.574	0.000	-27.717
336.000	123.088	56.519	0.000	-32.458
338.000	122.876	55.583	0.000	-39.123
340.000	122.816	56.218	0.000	-60.767
342.000	123.096	57.979	0.000	-65.279
344.000	123.066	57.215	0.000	-68.424
346.000	122.805	56.509	0.000	-86.664
348.000	122.912	57.486	0.000	-97.782
350.000	123.061	57.753	0.000	-103.792
352.000	123.017	57.499	0.000	-111.318
354.000	122.862	56.925	0.000	-121.437
356.000	122.871	57.278	0.000	-133.921
358.000	123.084	58.093	0.000	-139.530
360.000	123.023	57.768	0.000	-144.228
362.000	122.826	56.988	0.000	-155.156
364.000	122.889	57.616	0.000	-169.995
366.000	123.112	58.667	0.000	-173.592
368.000	123.005	57.634	0.000	-176.145
370.000	122.764	56.871	0.000	165.393
372.000	122.998	58.315	0.000	158.309
374.000	123.075	57.943	0.000	155.876
376.000	122.923	57.422	0.000	143.102
378.000	122.878	57.451	0.000	133.810
380.000	122.904	57.331	0.000	120.331
382.000	123.119	58.053	0.000	111.628
384.000	122.954	56.789	0.000	107.595
386.000	122.764	55.051	0.000	87.336
388.000	123.051	55.650	0.000	77.963
390.000	123.066	54.253	0.000	79.121
392.000	122.876	51.579	0.000	70.993
394.000	122.842	50.579	0.000	64.971
396.000	123.034	50.088	0.000	71.661
398.000	123.059	49.591	0.000	79.873
400.000	122.840	49.677	0.000	82.140
402.000	122.888	51.072	0.000	78.708
404.000	123.022	52.822	0.000	75.274
406.000	123.047	53.558	0.000	72.169
408.000	122.846	53.133	0.000	62.020
410.000	122.843	54.155	0.000	45.509
412.000	123.140	55.454	0.000	41.372
414.000	122.962	54.474	0.000	36.924
416.000	122.793	53.902	0.000	16.925
418.000	122.979	54.981	0.000	7.253
420.000	123.047	54.396	0.000	2.234
422.000	122.944	53.301	0.000	-11.295
424.000	122.827	52.627	0.000	-22.354
426.000	122.958	51.939	0.000	-34.082
428.000	123.081	51.702	0.000	-40.452
430.000	122.909	49.867	0.000	-42.574
432.000	122.793	48.126	0.000	-59.105
434.000	123.048	48.676	0.000	-62.791
436.000	123.064	47.066	0.000	-59.436
438.000	122.803	44.856	0.000	-70.203
440.000	122.902	44.741	0.000	-75.793
442.000	123.042	43.981	0.000	-75.375
444.000	122.990	42.801	0.000	-76.778
446.000	122.836	41.400	0.000	-80.622
448.000	122.894	40.987	0.000	-85.971
450.000	123.079	40.821	0.000	-84.702
452.000	122.952	39.450	0.000	-83.894
454.000	122.805	38.083	0.000	-89.809
456.000	122.946	38.279	0.000	-94.195
458.000	123.108	38.148	0.000	-87.741
460.000	122.859	36.188	0.000	-88.575
462.000	122.820	36.274	0.000	-98.914
464.000	123.068	36.587	0.000	-94.239
466.000	122.969	35.089	0.000	-94.886
468.000	122.887	34.557	0.000	-98.364
470.000	122.848	33.833	0.000	-99.977
472.000	123.035	34.075	0.000	-102.578
474.000	123.034	33.530	0.000	-96.664
476.000	122.758	31.665	0.000	-101.865
478.000	122.955	32.549	0.000	-106.526
480.000	123.070	32.372	0.000	-98.424
482.000	122.898	30.769	0.000	-100.692
484.000	122.810	30.544	0.000	-106.444
486.000	123.003	30.912	0.000	-103.251
488.000	123.035	30.156	0.000	-101.752
490.000	122.841	29.163	0.000	-104.288
492.000	122.872	29.199	0.000	-108.481
494.000	123.002	29.470	0.000	-108.452
496.000	123.026	28.843	0.000	-103.902
498.000	122.795	27.362	0.000	-107.569
500.000	122.894	28.165	0.000	-113.217
502.000	123.103	28.465	0.000	-105.227
504.000	122.883	26.860	0.000	-104.557
506.000	122.811	26.956	0.000	-113.371
508.000	123.000	27.610	0.000	-108.333
510.000	123.014	26.493	0.000	-105.344
512.000	122.855	26.081	0.000	-108.935
514.000	122.855	26.067	0.000	-110.070
516.000	123.002	26.606	0.000	-113.282
518.000	123.021	26.562	0.000	-107.908
520.000	122.780	24.957	0.000	-111.546
522.000	122.908	26.085	0.000	-117.922
524.000	123.095	26.201	0.000	-108.885
526.000	122.855	24.645	0.000	-112.313
528.000	122.835	24.890	0.000	-116.687
530.000	122.981	24.952	0.000	-114.499
532.000	123.016	24.930	0.000	-113.892
534.000	122.834	24.256	0.000	-115.118
536.000	122.860	24.228	0.000	-119.276
538.000	123.030	24.595	0.000	-116.814
540.000	122.958	24.317	0.000	-114.131
542.000	122.800	23.388	0.000	-118.758
544.000	122.910	24.055	0.000	-121.758
546.000	123.097	24.626	0.000	-114.939
548.000	122.814	23.015	0.000	-116.316
550.000	122.849	23.695	0.000	-123.781
552.000	123.023	24.122	0.000	-117.177
554.000	122.948	23.059	0.000	-120.493
556.000	122.847	22.665	0.000	-124.052
558.000	122.857	22.548	0.000	-123.996
560.000	123.058	23.213	0.000	-121.668
562.000	122.909	22.615	0.000	-117.738
564.000	122.778	22.441	0.000	-128.335
566.000	122.992	23.472	0.000	-127.057
568.000	123.021	22.831	0.000	-118.609
570.000	122.791	22.094	0.000	-124.837
572.000	122.884	22.613	0.000	-124.103
574.000	123.024	22.625	0.000	-121.119
576.000	122.914	21.944	0.000	-123.421
578.000	122.812	21.903	0.000	-129.906
580.000	122.924	21.660	0.000	-130.359
582.000	123.036	21.948	0.000	-125.642
584.000	122.836	21.185	0.000	-124.628
586.000	122.819	21.093	0.000	-126.926
588.000	123.033	21.862	0.000	-126.525
590.000	122.954	21.248	0.000	-123.273
592.000	122.757	20.758	0.000	-129.067
594.000	122.972	21.760	0.000	-127.084
596.000	122.986	20.747	0.000	-122.838
598.000	122.860	20.691	0.000	-123.863
600.000	122.832	20.972	0.000	-124.223
602.000	122.971	22.154	0.000	-125.038
604.000	123.005	22.400	0.000	-117.724
606.000	122.747	20.938	0.000	-127.257
608.000	122.936	22.371	0.000	-130.074
610.000	123.023	22.281	0.000	-122.340
612.000	122.838	21.545	0.000	-132.389
614.000	122.817	21.850	0.000	-135.608
616.000	123.007	22.215	0.000	-127.820
618.000	122.937	21.848	0.000	-126.640
620.000	122.802	21.863	0.000	-129.668
622.000	122.895	22.086	0.000	-128.781
624.000	123.009	22.454	0.000	-128.427
626.000	122.876	22.040	0.000	-127.525
628.000	122.774	22.424	0.000	-133.109
630.000	123.027	23.836	0.000	-131.774
632.000	122.941	23.298	0.000	-127.876
634.000	122.768	22.635	0.000	-139.596
636.000	122.930	23.731	0.000	-138.802
638.000	122.992	23.258	0.000	-136.465
640.000	122.840	22.662	0.000	-138.468
642.000	122.829	22.524	0.000	-137.791
644.000	122.959	23.574	0.000	-141.322
646.000	122.980	23.694	0.000	-137.132
648.000	122.743	22.667	0.000	-141.875
650.000	122.933	23.896	0.000	-144.266
652.000	123.014	23.526	0.000	-134.563
654.000	122.800	22.422	0.000	-142.014
656.000	122.841	23.882	0.000	-145.121
658.000	122.986	24.401	0.000	-141.493
660.000	122.917	23.558	0.000	-138.982
662.000	122.778	23.390	0.000	-142.034
664.000	122.927	24.430	0.000	-145.364
666.000	122.977	24.649	0.000	-143.155
668.000	122.832	23.716	0.000	-146.754
670.000	122.796	24.049	0.000	-152.550
672.000	123.050	25.147	0.000	-149.292
674.000	122.856	24.090	0.000	-146.382
676.000	122.789	24.250	0.000	-155.944
678.000	122.958	25.272	0.000	-151.415
680.000	122.940	24.415	0.000	-151.336
682.000	122.808	24.423	0.000	-157.009
684.000	122.849	24.421	0.000	-154.474
686.000	122.995	25.713	0.000	-154.074
688.000	122.870	25.107	0.000	-149.455
690.000	122.759	24.766	0.000	-159.922
692.000	122.999	26.250	0.000	-155.957
694.000	122.923	25.437	0.000	-152.762
696.000	122.763	25.425	0.000	-161.300
698.000	122.916	26.105	0.000	-159.655
700.000	122.959	25.847	0.000	-156.117
702.000	122.831	25.382	0.000	-156.725
704.000	122.807	25.905	0.000	-161.880
706.000	122.985	26.553	0.000	-160.401
708.000	122.889	26.165	0.000	-159.155
710.000	122.769	25.902	0.000	-164.857
712.000	122.921	27.384	0.000	-168.408
714.000	122.991	26.979	0.000	-162.228
716.000	122.733	26.315	0.000	-167.951
718.000	122.912	27.731	0.000	-167.591
720.000	122.940	27.196	0.000	-165.137
722.000	122.855	27.214	0.000	-167.776
724.000	122.784	27.142	0.000	-169.250
726.000	122.960	27.730	0.000	-171.512
728.000	122.922	27.795	0.000	-167.370
730.000	122.747	26.995	0.000	-171.480
732.000	122.912	28.553	0.000	-175.593
734.000	122.973	28.081	0.000	-168.620
736.000	122.760	27.419	0.000	-176.400
738.000	122.862	28.608	0.000	-174.430
740.000	122.960	28.380	0.000	-171.793
742.000	122.843	28.186	0.000	-172.511
744.000	122.783	28.364	0.000	-176.295
746.000	122.940	29.239	0.000	-174.180
748.000	122.924	29.063	0.000	-170.013
750.000	122.748	28.681	0.000	-174.529
752.000	122.891	29.689	0.000	-177.265
754.000	122.975	29.885	0.000	-171.302
756.000	122.756	29.014	0.000	-174.384
758.000	122.855	30.371	0.000	-176.787
760.000	122.960	30.213	0.000	-170.253
762.000	122.827	30.176	0.000	-174.201
764.000	122.794	30.476	0.000	-173.674
766.000	122.918	31.519	0.000	-174.965
768.000	122.938	31.670	0.000	-167.795
770.000	122.719	30.973	0.000	-174.180
772.000	122.921	32.837	0.000	-174.458
774.000	122.937	32.629	0.000	-168.169
776.000	122.765	32.442	0.000	-174.548
778.000	122.840	33.596	0.000	-174.642
780.000	122.962	34.012	0.000	-170.157
782.000	122.807	33.980	0.000	-170.719
784.000	122.793	34.541	0.000	-173.786
786.000	122.926	35.727	0.000	-172.860
788.000	122.901	35.825	0.000	-168.837
790.000	122.727	35.885	0.000	-174.589
792.000	122.921	37.623	0.000	-174.452
794.000	122.926	37.674	0.000	-169.280
796.000	122.737	37.698	0.000	-176.356
798.000	122.876	39.522	0.000	-175.836
800.000	122.930	39.732	0.000	-172.130
802.000	122.794	40.338	0.000	-176.807
804.000	122.798	41.184	0.000	-177.993
806.000	122.939	42.752	0.000	-179.411
808.000	122.861	43.068	0.000	-175.476
810.000	122.728	43.876	0.000	173.092
812.000	122.958	46.080	0.000	175.995
814.000	122.865	45.817	0.000	174.871
816.000	122.746	47.165	0.000	164.020
818.000	122.891	48.620	0.000	161.379
820.000	122.912	49.352	0.000	156.287
822.000	122.762	49.639	0.000	146.904
824.000	122.828	50.666	0.000	136.658
826.000	122.940	51.284	0.000	133.749
828.000	122.798	50.856	0.000	128.805
830.000	122.767	51.704	0.000	117.729
832.000	122.965	53.221	0.000	116.952
834.000	122.812	52.650	0.000	111.334
836.000	122.755	53.830	0.000	93.980
838.000	122.932	54.491	0.000	90.243
840.000	122.845	53.564	0.000	77.080
842.000	122.769	52.962	0.000	66.071
844.000	122.849	52.006	0.000	56.720
846.000	122.939	51.351	0.000	57.647
848.000	122.721	49.144	0.000	57.988
850.000	122.856	49.832	0.000	59.060
852.000	122.930	49.950	0.000	71.021
854.000	122.757	50.116	0.000	68.405
856.000	122.801	52.206	0.000	66.973
858.000	122.937	53.318	0.000	64.852
860.000	122.787	53.767	0.000	56.031
862.000	122.779	54.301	0.000	43.556
864.000	122.898	55.015	0.000	35.474
866.000	122.866	54.278	0.000	31.439
868.000	122.708	53.297	0.000	18.996
870.000	122.927	53.863	0.000	16.161
872.000	122.859	52.821	0.000	18.777
874.000	122.729	52.232	0.000	10.510
876.000	122.874	53.228	0.000	12.240
878.000	122.884	52.629	0.000	12.634
880.000	122.748	52.882	0.000	7.523
882.000	122.820	53.216	0.000	4.537
884.000	122.916	54.202	0.000	3.125
886.000	122.763	53.420	0.000	2.065
888.000	122.781	54.595	0.000	-9.799
890.000	122.949	55.040	0.000	-4.443
892.000	122.752	54.148	0.000	-13.872
894.000	122.781	55.100	0.000	-20.472
896.000	122.905	55.413	0.000	-23.822
898.000	122.809	54.930	0.000	-29.315
900.000	122.747	54.686	0.000	-39.817
902.000	122.887	54.783	0.000	-43.651
904.000	122.853	53.881	0.000	-44.293
906.000	122.709	52.711	0.000	-49.670
908.000	122.895	53.566	0.000	-48.938
910.000	122.863	52.830	0.000	-41.563
912.000	122.714	52.811	0.000	-47.609
914.000	122.864	54.123	0.000	-43.814
916.000	122.865	54.183	0.000	-43.870
918.000	122.743	54.760	0.000	-48.863
920.000	122.809	55.575	0.000	-54.241
922.000	122.902	56.497	0.000	-56.228
924.000	122.742	55.813	0.000	-59.771
926.000	122.788	56.941	0.000	-70.616
928.000	122.922	57.342	0.000	-65.334
930.000	122.734	56.504	0.000	-74.149
932.000	122.788	57.694	0.000	-77.668
934.000	122.891	57.955	0.000	-78.739
936.000	122.776	58.046	0.000	-82.525
938.000	122.755	58.604	0.000	-90.737
940.000	122.882	59.622	0.000	-92.467
942.000	122.814	59.323	0.000	-95.070
944.000	122.712	59.731	0.000	-104.771
946.000	122.910	61.297	0.000	-106.334
948.000	122.799	60.954	0.000	-107.342
950.000	122.730	62.086	0.000	-121.735
952.000	122.874	63.286	0.000	-122.492
954.000	122.820	63.272	0.000	-133.135
956.000	122.731	63.846	0.000	-143.537
958.000	122.833	64.497	0.000	-156.353
960.000	122.870	64.895	0.000	-160.412
962.000	122.695	63.854	0.000	-175.078
964.000	122.855	65.128	0.000	174.766
966.000	122.853	64.226	0.000	172.640
968.000	122.719	63.694	0.000	156.752
970.000	122.818	64.122	0.000	151.038
972.000	122.867	63.777	0.000	145.156
974.000	122.720	63.285	0.000	135.280
976.000	122.804	63.692	0.000	124.864
978.000	122.866	63.856	0.000	119.680
980.000	122.741	62.959	0.000	109.648
982.000	122.768	63.453	0.000	94.131
984.000	122.907	63.518	0.000	91.433
986.000	122.708	62.025	0.000	76.581
988.000	122.794	62.506	0.000	63.648
990.000	122.861	61.705	0.000	57.782
992.000	122.750	60.672	0.000	43.437
994.000	122.754	60.067	0.000	31.310
996.000	122.875	59.781	0.000	19.856
998.000	122.761	58.299	0.000	12.688
1000.000	122.726	57.213	0.000	-10.160
1002.000	122.908	56.902	0.000	-14.269
1004.000	122.730	53.837	0.000	-30.167
1006.000	122.756	52.667	0.000	-47.737
1008.000	122.861	50.539	0.000	-59.463
1010.000	122.768	47.746	0.000	-74.781
1012.000	122.728	44.353	0.000	-99.992
1014.000	122.865	41.696	0.000	-125.470
1016.000	122.780	38.125	0.000	-165.989
1018.000	122.702	38.008	0.000	128.541
1020.000	122.893	40.840	0.000	97.023
1022.000	122.754	41.210	0.000	73.421
1024.000	122.730	43.098	0.000	43.518
1026.000	122.857	43.496	0.000	32.168
1028.000	122.773	43.316	0.000	9.122
1030.000	122.720	43.261	0.000	-11.061
1032.000	122.846	43.775	0.000	-34.174
1034.000	122.795	43.391	0.000	-50.969
1036.000	122.691	43.412	0.000	-85.492
1038.000	122.879	44.909	0.000	-104.226
1040.000	122.759	44.642	0.000	-126.434
1042.000	122.720	46.141	0.000	-154.295
1044.000	122.846	47.191	0.000	-169.010
1046.000	122.776	47.714	0.000	173.533
1048.000	122.715	48.371	0.000	154.948
1050.000	122.833	49.544	0.000	141.761
1052.000	122.797	49.545	0.000	134.840
1054.000	122.686	50.210	0.000	117.155
1056.000	122.868	51.732	0.000	107.169
1058.000	122.762	51.088	0.000	98.314
1060.000	122.715	51.186	0.000	77.383
1062.000	122.839	51.297	0.000	72.485
1064.000	122.773	49.684	0.000	61.851
1066.000	122.712	48.784	0.000	55.236
1068.000	122.823	48.134	0.000	53.048
1070.000	122.799	47.674	0.000	60.654
1072.000	122.678	47.636	0.000	58.437
1074.000	122.867	49.497	0.000	63.841
1076.000	122.752	49.442	0.000	61.711
1078.000	122.716	50.960	0.000	53.244
1080.000	122.830	51.898	0.000	49.489
1082.000	122.770	52.175	0.000	42.632
1084.000	122.705	52.500	0.000	31.620
1086.000	122.830	53.257	0.000	26.067
1088.000	122.777	52.959	0.000	21.519
1090.000	122.683	52.816	0.000	9.475
1092.000	122.865	53.722	0.000	6.486
1094.000	122.736	52.592	0.000	4.011
1096.000	122.719	53.230	0.000	-4.996
1098.000	122.834	53.561	0.000	-4.084
1100.000	122.745	53.546	0.000	-12.002
1102.000	122.712	53.835	0.000	-19.865
1104.000	122.836	54.450	0.000	-27.221
1106.000	122.744	53.781	0.000	-30.419
1108.000	122.705	53.513	0.000	-44.465
1110.000	122.856	53.911	0.000	-43.017
1112.000	122.711	52.347	0.000	-48.448
1114.000	122.732	52.840	0.000	-53.092
1116.000	122.832	52.685	0.000	-52.444
1118.000	122.717	52.489	0.000	-55.384
1120.000	122.730	52.882	0.000	-61.979
1122.000	122.831	53.600	0.000	-62.349
1124.000	122.714	53.031	0.000	-67.191
1126.000	122.732	53.774	0.000	-76.699
1128.000	122.840	54.417	0.000	-77.174
1130.000	122.688	53.576	0.000	-86.124
1132.000	122.758	54.684	0.000	-94.934
1134.000	122.813	54.106	0.000	-97.633
1136.000	122.705	53.757	0.000	-108.206
1138.000	122.737	53.390	0.000	-116.521
1140.000	122.837	53.538	0.000	-120.247
1142.000	122.672	51.851	0.000	-126.138
1144.000	122.780	52.151	0.000	-134.855
1146.000	122.803	51.000	0.000	-131.799
1148.000	122.679	49.798	0.000	-139.767
1150.000	122.781	49.870	0.000	-139.063
1152.000	122.792	49.158	0.000	-138.685
1154.000	122.681	48.650	0.000	-141.996
1156.000	122.779	48.963	0.000	-144.711
1158.000	122.797	48.636	0.000	-144.009
1160.000	122.658	47.623	0.000	-151.958
1162.000	122.819	47.776	0.000	-154.642
1164.000	122.755	46.022	0.000	-151.275
1166.000	122.682	44.651	0.000	-151.417
1168.000	122.816	44.713	0.000	-136.303
1170.000	122.735	45.078	0.000	-127.448
1172.000	122.697	46.774	0.000	-124.066
1174.000	122.809	48.749	0.000	-125.615
1176.000	122.734	49.269	0.000	-125.926
1178.000	122.695	50.312	0.000	-139.237
1180.000	122.826	51.338	0.000	-137.349
1182.000	122.699	50.606	0.000	-145.154
1184.000	122.724	51.641	0.000	-150.635
1186.000	122.804	51.809	0.000	-152.794
1188.000	122.704	51.748	0.000	-157.753
1190.000	122.718	52.334	0.000	-165.244
1192.000	122.819	52.810	0.000	-165.612
1194.000	122.676	52.292	0.000	-171.884
1196.000	122.746	53.262	0.000	-179.238
1198.000	122.809	53.597	0.000	-177.851
1200.000	122.653	53.232	0.000	170.666
1202.000	122.791	54.421	0.000	167.716
1204.000	122.761	53.816	0.000	161.192
1206.000	122.683	53.826	0.000	152.736
1208.000	122.773	53.963	0.000	142.947
1210.000	122.778	53.472	0.000	141.160
1212.000	122.656	52.017	0.000	128.863
1214.000	122.814	52.017	0.000	128.463
1216.000	122.725	50.064	0.000	129.959
1218.000	122.687	49.808	0.000	129.164
1220.000	122.810	49.830	0.000	136.884
1222.000	122.703	49.895	0.000	138.188
1224.000	122.703	50.701	0.000	136.900
1226.000	122.809	51.818	0.000	138.081
1228.000	122.685	51.596	0.000	134.779
1230.000	122.725	52.671	0.000	128.411
1232.000	122.803	53.188	0.000	129.401
1234.000	122.663	53.034	0.000	121.895
1236.000	122.766	54.359	0.000	118.843
1238.000	122.760	54.065	0.000	116.063
1240.000	122.686	54.638	0.000	109.768
1242.000	122.751	55.183	0.000	103.253
1244.000	122.776	55.739	0.000	101.928
1246.000	122.654	55.490	0.000	90.288
1248.000	122.798	56.635	0.000	87.129
1250.000	122.726	55.711	0.000	81.764
1252.000	122.684	56.185	0.000	71.739
1254.000	122.794	56.233	0.000	69.321
1256.000	122.707	55.870	0.000	63.887
1258.000	122.693	56.139	0.000	56.292
1260.000	122.807	56.655	0.000	54.207
1262.000	122.674	56.157	0.000	47.696
1264.000	122.724	56.966	0.000	37.869
1266.000	122.801	57.222	0.000	36.644
1268.000	122.646	56.597	0.000	23.129
1270.000	122.782	57.285	0.000	18.157
1272.000	122.739	56.288	0.000	10.876
1274.000	122.677	56.010	0.000	2.987
1276.000	122.773	55.918	0.000	-4.455
1278.000	122.735	55.377	0.000	-6.311
1280.000	122.671	54.647	0.000	-17.218
1282.000	122.796	55.078	0.000	-18.570
1284.000	122.696	53.765	0.000	-23.401
1286.000	122.707	53.911	0.000	-30.219
1288.000	122.776	53.367	0.000	-31.830
1290.000	122.690	52.910	0.000	-35.353
1292.000	122.712	52.922	0.000	-41.547
1294.000	122.787	53.089	0.000	-41.294
1296.000	122.655	52.414	0.000	-47.874
1298.000	122.756	53.153	0.000	-54.195
1300.000	122.758	53.058	0.000	-54.758
1302.000	122.657	52.835	0.000	-67.795
1304.000	122.782	53.312	0.000	-69.678
1306.000	122.715	52.558	0.000	-78.698
1308.000	122.678	52.306	0.000	-86.515
1310.000	122.787	52.566	0.000	-94.457
1312.000	122.690	51.556	0.000	-98.580
1314.000	122.705	51.439	0.000	-112.675
1316.000	122.784	50.972	0.000	-113.597
1318.000	122.664	49.558	0.000	-125.935
1320.000	122.738	49.266	0.000	-131.381
1322.000	122.759	48.113	0.000	-136.359
1324.000	122.663	46.962	0.000	-143.207
1326.000	122.757	46.409	0.000	-148.100
1328.000	122.742	45.270	0.000	-149.300
1330.000	122.651	44.068	0.000	-156.859
1332.000	122.807	43.964	0.000	-157.286
1334.000	122.675	42.316	0.000	-159.872
1336.000	122.710	42.048	0.000	-165.337
1338.000	122.771	41.075	0.000	-163.852
1340.000	122.669	40.088	0.000	-168.016
1342.000	122.728	39.556	0.000	-170.168
1344.000	122.766	39.161	0.000	-169.542
1346.000	122.646	37.852	0.000	-173.401
1348.000	122.782	38.251	0.000	-174.101
1350.000	122.707	36.823	0.000	-173.260
1352.000	122.682	36.568	0.000	-178.776
1354.000	122.773	35.978	0.000	-177.178
1356.000	122.690	35.179	0.000	-179.125
1358.000	122.697	34.828	0.000	177.249
1360.000	122.780	34.481	0.000	179.222
1362.000	122.656	33.441	0.000	176.081
1364.000	122.743	33.565	0.000	173.373
1366.000	122.749	32.909	0.000	176.419
1368.000	122.651	32.280	0.000	170.084
1370.000	122.782	32.320	0.000	173.358
1372.000	122.697	31.305	0.000	170.229
1374.000	122.682	31.034	0.000	169.579
1376.000	122.788	31.003	0.000	169.832
1378.000	122.660	30.077	0.000	169.620
1380.000	122.735	30.390	0.000	164.799
1382.000	122.750	29.691	0.000	168.134
1384.000	122.661	29.131	0.000	162.839
1386.000	122.759	29.057	0.000	164.851
1388.000	122.717	28.395	0.000	165.573
1390.000	122.676	28.193	0.000	163.495
1392.000	122.767	28.294	0.000	162.471
1394.000	122.695	27.384	0.000	163.201
1396.000	122.692	27.316	0.000	159.246
1398.000	122.782	27.212	0.000	161.601
1400.000	122.645	26.276	0.000	158.753
1402.000	122.756	26.893	0.000	158.056
1404.000	122.729	26.191	0.000	161.175
1406.000	122.662	25.942	0.000	159.779
1408.000	122.775	26.017	0.000	159.928
1410.000	122.692	25.575	0.000	163.462
1412.000	122.691	25.866	0.000	156.793
1414.000	122.774	25.970	0.000	161.246
1416.000	122.659	25.190	0.000	156.065
1418.000	122.739	25.895	0.000	155.262
1420.000	122.737	25.671	0.000	153.739
1422.000	122.666	25.344	0.000	148.767
1424.000	122.757	25.616	0.000	147.917
1426.000	122.715	25.050	0.000	147.216
1428.000	122.666	24.919	0.000	142.054
1430.000	122.797	25.195	0.000	144.594
1432.000	122.650	24.497	0.000	141.914
1434.000	122.740	24.949	0.000	140.441
1436.000	122.744	24.280	0.000	140.607
1438.000	122.654	23.964	0.000	136.728
1440.000	122.770	24.052	0.000	135.866
1442.000	122.701	23.455	0.000	136.407
1444.000	122.682	23.314	0.000	129.060
1446.000	122.777	23.567	0.000	133.918
1448.000	122.659	23.135	0.000	130.559
1450.000	122.736	23.053	0.000	131.104
1452.000	122.736	22.895	0.000	129.963
1454.000	122.667	22.687	0.000	125.319
1456.000	122.754	22.361	0.000	125.511
1458.000	122.711	21.928	0.000	129.963
1460.000	122.675	21.717	0.000	124.492
1462.000	122.784	21.589	0.000	125.231
1464.000	122.654	21.071	0.000	123.713
1466.000	122.742	21.479	0.000	122.409
1468.000	122.728	21.200	0.000	122.995
1470.000	122.671	21.224	0.000	121.507
1472.000	122.758	21.159	0.000	118.789
1474.000	122.699	20.890	0.000	118.634
1476.000	122.701	21.119	0.000	116.239
1478.000	122.758	21.002	0.000	119.805
1480.000	122.669	20.366	0.000	114.297
1482.000	122.735	20.458	0.000	113.559
1484.000	122.731	19.746	0.000	115.386
1486.000	122.670	19.525	0.000	112.916
1488.000	122.764	20.237	0.000	111.269
1490.000	122.689	19.648	0.000	114.406
1492.000	122.704	19.999	0.000	108.929
1494.000	122.763	20.376	0.000	111.562
1496.000	122.656	20.096	0.000	109.549
1498.000	122.761	20.325	0.000	111.049
1500.000	122.705	19.264	0.000	106.387
1502.000	122.686	19.147	0.000	104.440
1504.000	122.767	19.447	0.000	106.222
1506.000	122.673	19.632	0.000	102.045
1508.000	122.727	20.151	0.000	101.850
1510.000	122.745	18.804	0.000	102.335
1512.000	122.662	18.546	0.000	97.514
1514.000	122.764	19.050	0.000	99.846
1516.000	122.700	19.402	0.000	97.892
1518.000	122.688	19.875	0.000	92.164
1520.000	122.777	19.430	0.000	96.823
1522.000	122.650	18.514	0.000	92.173
1524.000	122.761	19.562	0.000	93.666
1526.000	122.707	19.012	0.000	91.766
1528.000	122.700	18.831	0.000	87.629
1530.000	122.749	18.773	0.000	92.666
1532.000	122.693	18.776	0.000	88.958
1534.000	122.715	18.488	0.000	89.243
1536.000	122.751	18.579	0.000	88.072
1538.000	122.664	17.476	0.000	82.325
1540.000	122.767	18.096	0.000	84.143
1542.000	122.694	17.701	0.000	81.683
1544.000	122.704	18.003	0.000	82.002
1546.000	122.759	17.845	0.000	81.710
1548.000	122.664	17.564	0.000	71.844
1550.000	122.753	17.917	0.000	67.580
1552.000	122.716	17.472	0.000	76.955
1554.000	122.685	17.034	0.000	75.746
1556.000	122.772	17.442	0.000	77.055
1558.000	122.670	17.086	0.000	74.120
1560.000	122.739	16.962	0.000	74.151
1562.000	122.733	16.769	0.000	71.442
1564.000	122.675	16.796	0.000	69.383
1566.000	122.767	16.966	0.000	70.944
1568.000	122.688	16.851	0.000	68.317
1570.000	122.719	17.037	0.000	66.540
1572.000	122.755	16.507	0.000	67.869
1574.000	122.666	16.168	0.000	62.108
1576.000	122.765	15.957	0.000	63.388
1578.000	122.696	15.958	0.000	59.910
1580.000	122.708	16.536	0.000	58.173
1582.000	122.758	16.591	0.000	60.220
1584.000	122.672	15.351	0.000	58.359
1586.000	122.757	15.769	0.000	60.262
1588.000	122.712	15.148	0.000	56.032
1590.000	122.696	15.713	0.000	52.844
1592.000	122.765	15.588	0.000	51.263
1594.000	122.675	15.244	0.000	47.458
1596.000	122.745	15.140	0.000	51.502
1598.000	122.729	14.207	0.000	57.518
1600.000	122.688	14.131	0.000	47.757
1602.000	122.767	14.805	0.000	47.013
1604.000	122.682	13.907	0.000	51.850
1606.000	122.740	14.406	0.000	53.331
1608.000	122.734	14.745	0.000	46.247
1610.000	122.684	13.533	0.000	46.337
1612.000	122.766	13.751	0.000	48.734
1614.000	122.697	13.512	0.000	55.889
1616.000	122.716	13.543	0.000	47.649
1618.000	122.764	13.308	0.000	45.957
1620.000	122.663	13.063	0.000	46.165
1622.000	122.780	13.715	0.000	44.574
1624.000	122.689	13.115	0.000	42.755
1626.000	122.724	12.989	0.000	43.884
1628.000	122.756	12.495	0.000	47.025
1630.000	122.675	13.911	0.000	46.048
1632.000	122.766	13.650	0.000	42.288
1634.000	122.707	11.336	0.000	42.579
1636.000	122.709	11.483	0.000	36.798
1638.000	122.767	12.621	0.000	49.368
1640.000	122.668	12.125	0.000	48.908
1642.000	122.771	10.901	0.000	44.389
1644.000	122.704	11.774	0.000	41.468
1646.000	122.716	12.457	0.000	34.196
1648.000	122.764	11.756	0.000	30.490
1650.000	122.681	11.689	0.000	31.966
1652.000	122.758	10.886	0.000	42.872
1654.000	122.718	11.859	0.000	30.171
1656.000	122.703	11.346	0.000	28.493
1658.000	122.773	10.702	0.000	34.306
1660.000	122.671	10.694	0.000	31.094
1662.000	122.773	11.476	0.000	34.868
1664.000	122.709	10.581	0.000	29.946
1666.000	122.715	10.352	0.000	8.747
1668.000	122.761	10.844	0.000	26.813
1670.000	122.686	10.424	0.000	32.903
1672.000	122.754	10.282	0.000	56.315
1674.000	122.725	10.066	0.000	41.942
1676.000	122.706	10.463	0.000	20.665
1678.000	122.773	10.353	0.000	22.624
1680.000	122.674	10.184	0.000	16.883
1682.000	122.773	9.416	0.000	32.605
1684.000	122.716	9.582	0.000	23.688
1686.000	122.705	8.716	0.000	17.268
1688.000	122.787	9.247	0.000	56.192
1690.000	122.667	10.363	0.000	41.857
1692.000	122.782	9.441	0.000	70.497
1694.000	122.701	10.889	0.000	67.246
1696.000	122.736	10.185	0.000	57.730
1698.000	122.746	8.227	0.000	35.510
1700.000	122.702	9.423	0.000	29.409
1702.000	122.755	9.174	0.000	36.747
1704.000	122.725	8.825	0.000	168.060
1706.000	122.712	7.396	0.000	-178.837
1708.000	122.776	8.551	0.000	101.650
1710.000	122.678	10.394	0.000	99.370
1712.000	122.782	10.980	0.000	139.616
1714.000	122.700	10.490	0.000	125.113
1716.000	122.739	9.343	0.000	137.177
1718.000	122.754	9.285	0.000	162.061
1720.000	122.693	9.971	0.000	154.148
1722.000	122.775	10.600	0.000	153.755
1724.000	122.710	10.229	0.000	161.262
1726.000	122.731	9.490	0.000	145.394
1728.000	122.763	10.019	0.000	124.626
1730.000	122.684	10.217	0.000	138.930
1732.000	122.789	10.625	0.000	152.183
1734.000	122.687	12.017	0.000	155.941
1736.000	122.767	11.774	0.000	150.545
1738.000	122.727	11.589	0.000	148.833
1740.000	122.722	11.662	0.000	140.348
1742.000	122.761	10.544	0.000	146.838
1744.000	122.704	10.773	0.000	147.260
1746.000	122.755	11.781	0.000	157.427
1748.000	122.737	11.415	0.000	153.476
1750.000	122.714	11.605	0.000	144.726
1752.000	122.773	12.413	0.000	154.042
1754.000	122.697	12.629	0.000	150.267
1756.000	122.766	12.615	0.000	150.148
1758.000	122.727	13.560	0.000	151.047
1760.000	122.718	13.607	0.000	152.992
1762.000	122.780	14.641	0.000	147.764
1764.000	122.686	14.084	0.000	144.314
1766.000	122.788	14.445	0.000	145.345
1768.000	122.697	13.783	0.000	148.552
1770.000	122.763	13.905	0.000	148.699
1772.000	122.738	14.028	0.000	146.271
1774.000	122.716	15.442	0.000	139.122
1776.000	122.777	15.589	0.000	145.703
1778.000	122.705	14.950	0.000	140.101
1780.000	122.757	14.813	0.000	140.178
1782.000	122.746	14.620	0.000	136.247
1784.000	122.711	15.799	0.000	136.759
1786.000	122.783	16.216	0.000	137.610
1788.000	122.689	16.620	0.000	134.185
1790.000	122.782	16.758	0.000	134.721
1792.000	122.716	15.458	0.000	137.411
1794.000	122.745	16.671	0.000	132.101
1796.000	122.753	16.589	0.000	135.024
1798.000	122.724	16.537	0.000	131.407
1800.000	122.758	16.846	0.000	138.594
1802.000	122.733	16.475	0.000	133.002
1804.000	122.733	16.553	0.000	130.795
1806.000	122.767	17.646	0.000	130.723
1808.000	122.701	18.222	0.000	130.293
1810.000	122.794	18.352	0.000	131.810
1812.000	122.694	17.753	0.000	128.506
1814.000	122.772	18.112	0.000	127.581
1816.000	122.735	17.631	0.000	130.396
1818.000	122.725	18.312	0.000	128.806
1820.000	122.780	17.786	0.000	132.030
1822.000	122.695	18.518	0.000	127.552
1824.000	122.793	18.863	0.000	129.274
1826.000	122.701	18.581	0.000	124.965
1828.000	122.773	19.368	0.000	123.699
1830.000	122.734	18.795	0.000	123.770
1832.000	122.737	18.486	0.000	122.741
1834.000	122.767	19.166	0.000	122.683
1836.000	122.723	18.820	0.000	118.525
1838.000	122.762	19.417	0.000	119.638
1840.000	122.745	19.721	0.000	120.885
1842.000	122.727	19.761	0.000	121.088
1844.000	122.777	19.928	0.000	122.157
1846.000	122.704	19.882	0.000	124.275
1848.000	122.787	20.284	0.000	124.161
1850.000	122.716	20.143	0.000	121.966
1852.000	122.756	21.283	0.000	122.779
1854.000	122.758	21.190	0.000	121.374
1856.000	122.723	21.339	0.000	121.240
1858.000	122.782	21.658	0.000	120.384
1860.000	122.704	21.948	0.000	115.600
1862.000	122.785	22.074	0.000	118.053
1864.000	122.720	22.375	0.000	117.937
1866.000	122.765	23.075	0.000	118.913
1868.000	122.745	22.752	0.000	120.594
1870.000	122.736	23.092	0.000	116.990
1872.000	122.770	23.732	0.000	118.398
1874.000	122.726	23.893	0.000	117.450
1876.000	122.762	23.745	0.000	114.449
1878.000	122.747	23.917	0.000	113.629
1880.000	122.737	24.622	0.000	113.863
1882.000	122.774	24.773	0.000	115.339
1884.000	122.724	25.214	0.000	112.921
1886.000	122.767	25.679	0.000	114.082
1888.000	122.747	25.801	0.000	114.003
1890.000	122.738	26.127	0.000	112.346
1892.000	122.781	26.023	0.000	114.694
1894.000	122.710	26.530	0.000	112.246
1896.000	122.800	26.869	0.000	112.782
1898.000	122.700	27.235	0.000	109.125
1900.000	122.796	27.711	0.000	111.419
1902.000	122.719	28.024	0.000	109.417
1904.000	122.764	28.407	0.000	109.251
1906.000	122.763	28.752	0.000	108.667
1908.000	122.719	29.293	0.000	106.973
1910.000	122.801	30.116	0.000	106.734
1912.000	122.697	30.488	0.000	102.598
1914.000	122.804	31.247	0.000	101.876
1916.000	122.714	31.321	0.000	100.460
1918.000	122.770	32.042	0.000	95.368
1920.000	122.754	32.307	0.000	95.738
1922.000	122.737	32.843	0.000	89.208
1924.000	122.781	33.296	0.000	88.796
1926.000	122.721	33.325	0.000	82.889
1928.000	122.783	33.693	0.000	81.297
1930.000	122.728	33.804	0.000	77.272
1932.000	122.770	34.055	0.000	72.666
1934.000	122.749	34.086	0.000	71.565
1936.000	122.746	34.371	0.000	65.774
1938.000	122.774	34.498	0.000	65.410
1940.000	122.733	34.439	0.000	59.688
1942.000	122.773	34.625	0.000	58.886
1944.000	122.740	34.464	0.000	54.541
1946.000	122.757	34.630	0.000	51.366
1948.000	122.764	34.553	0.000	51.126
1950.000	122.739	34.459	0.000	45.467
1952.000	122.776	34.649	0.000	46.339
1954.000	122.734	34.250	0.000	40.371
1956.000	122.768	34.385	0.000	40.453
1958.000	122.753	34.075	0.000	38.536
1960.000	122.747	34.270	0.000	36.562
1962.000	122.774	34.046	0.000	36.384
1964.000	122.729	34.009	0.000	32.329
1966.000	122.787	33.939	0.000	34.735
1968.000	122.731	33.880	0.000	30.841
1970.000	122.777	33.878	0.000	33.635
1972.000	122.743	33.666	0.000	30.011
1974.000	122.759	33.801	0.000	31.447
1976.000	122.765	33.729	0.000	30.270
1978.000	122.741	33.954	0.000	30.242
1980.000	122.779	33.888	0.000	31.817
1982.000	122.727	33.960	0.000	30.231
1984.000	122.784	34.428	0.000	31.424
1986.000	122.738	34.282	0.000	30.953
1988.000	122.764	35.020	0.000	30.365
1990.000	122.761	34.835	0.000	30.479
1992.000	122.742	35.579	0.000	28.656
1994.000	122.781	35.500	0.000	27.826
1996.000	122.734	36.137	0.000	25.271
1998.000	122.777	36.139	0.000	24.690
2000.000	122.740	36.498	0.000	22.957
