2000.000	122.816	11.758	0.000	118.884
2.000	122.867	12.068	0.000	102.610
4.000	123.084	12.381	0.000	105.656
6.000	123.104	10.789	0.000	110.075
8.000	122.949	12.613	0.000	127.782
10.000	122.807	12.127	0.000	114.392
12.000	122.908	10.918	0.000	102.124
14.000	123.173	10.384	0.000	99.929
16.000	123.098	10.051	0.000	125.957
18.000	122.764	11.127	0.000	100.976
20.000	122.859	12.138	0.000	95.676
22.000	123.135	11.054	0.000	105.986
24.000	123.065	10.864	0.000	120.862
26.000	122.926	11.142	0.000	102.562
28.000	122.889	12.202	0.000	101.137
30.000	122.887	12.347	0.000	110.240
32.000	123.089	11.238	0.000	116.831
34.000	123.155	11.461	0.000	135.470
36.000	122.828	11.822	0.000	135.219
38.000	122.782	10.644	0.000	90.990
40.000	123.122	11.981	0.000	114.072
42.000	123.140	12.083	0.000	112.805
44.000	122.904	11.756	0.000	101.650
46.000	122.836	11.432	0.000	115.730
48.000	122.946	11.141	0.000	80.503
50.000	123.111	11.111	0.000	94.078
52.000	123.078	10.832	0.000	80.439
54.000	122.838	11.586	0.000	89.231
56.000	122.853	10.871	0.000	62.771
58.000	123.070	10.440	0.000	82.351
60.000	123.099	12.083	0.000	63.836
62.000	122.972	12.265	0.000	63.242
64.000	122.819	11.317	0.000	57.090
66.000	122.898	11.686	0.000	51.015
68.000	123.187	12.617	0.000	52.057
70.000	123.084	12.195	0.000	56.488
72.000	122.747	12.033	0.000	49.837
74.000	122.913	12.164	0.000	14.036
76.000	123.140	12.553	0.000	27.194
78.000	123.025	11.635	0.000	32.175
80.000	122.938	11.676	0.000	44.096
82.000	122.877	11.771	0.000	31.997
84.000	122.910	12.601	0.000	12.158
86.000	123.162	12.544	0.000	19.039
88.000	123.073	11.962	0.000	32.660
90.000	122.748	11.654	0.000	37.217
92.000	122.916	12.369	0.000	13.879
94.000	123.163	11.622	0.000	-0.478
96.000	123.045	11.171	0.000	33.557
98.000	122.870	12.409	0.000	24.934
100.000	122.853	11.382	0.000	-8.399
102.000	123.034	10.817	0.000	7.972
104.000	123.148	11.525	0.000	-4.740
106.000	122.931	11.550	0.000	-8.171
108.000	122.814	12.377	0.000	-12.685
110.000	122.994	12.301	0.000	-25.541
112.000	123.088	11.477	0.000	-20.209
114.000	123.048	12.763	0.000	-9.810
116.000	122.870	13.301	0.000	-11.822
118.000	122.814	12.611	0.000	-13.686
120.000	123.139	12.638	0.000	-18.540
122.000	123.155	12.874	0.000	-22.917
124.000	122.790	11.877	0.000	-27.676
126.000	122.869	11.351	0.000	-21.037
128.000	123.103	12.650	0.000	-17.622
130.000	123.044	12.258	0.000	-32.013
132.000	122.971	12.297	0.000	-48.048
134.000	122.863	12.425	0.000	-53.973
136.000	122.902	12.718	0.000	-51.361
138.000	123.163	13.552	0.000	-58.762
140.000	123.055	13.902	0.000	-52.212
142.000	122.774	13.286	0.000	-48.742
144.000	122.923	13.524	0.000	-53.651
146.000	123.129	13.893	0.000	-53.995
148.000	123.060	13.629	0.000	-56.935
150.000	122.858	13.039	0.000	-74.544
152.000	122.846	13.573	0.000	-82.375
154.000	123.093	13.174	0.000	-76.596
156.000	123.107	13.629	0.000	-76.847
158.000	122.880	13.725	0.000	-84.500
160.000	122.870	13.994	0.000	-86.724
162.000	122.994	14.706	0.000	-93.224
164.000	123.098	15.119	0.000	-91.095
166.000	123.030	14.502	0.000	-81.528
168.000	122.782	13.919	0.000	-98.678
170.000	122.929	14.901	0.000	-109.420
172.000	123.205	15.416	0.000	-105.896
174.000	122.988	14.194	0.000	-105.261
176.000	122.789	14.102	0.000	-122.015
178.000	122.971	14.397	0.000	-116.869
180.000	123.087	15.834	0.000	-114.429
182.000	123.035	15.537	0.000	-118.026
184.000	122.889	14.998	0.000	-118.844
186.000	122.854	14.499	0.000	-124.895
188.000	123.064	14.094	0.000	-130.891
190.000	123.119	14.533	0.000	-132.357
192.000	122.889	14.155	0.000	-130.506
194.000	122.813	14.577	0.000	-147.914
196.000	123.056	16.010	0.000	-143.026
198.000	123.146	16.020	0.000	-135.548
200.000	122.889	14.544	0.000	-147.218
202.000	122.818	14.859	0.000	-155.043
204.000	123.050	16.048	0.000	-154.022
206.000	123.093	14.576	0.000	-154.109
208.000	122.950	13.760	0.000	-151.379
210.000	122.853	13.547	0.000	-155.414
212.000	122.940	14.212	0.000	-157.685
214.000	123.124	14.056	0.000	-156.975
216.000	123.025	15.227	0.000	-158.113
218.000	122.796	15.736	0.000	-173.246
220.000	122.928	14.772	0.000	-178.308
222.000	123.148	15.523	0.000	-172.569
224.000	123.022	14.782	0.000	-172.444
226.000	122.795	14.109	0.000	-175.376
228.000	122.938	15.616	0.000	-179.770
230.000	123.125	16.284	0.000	-174.737
232.000	122.998	16.427	0.000	-179.004
234.000	122.873	15.740	0.000	-176.528
236.000	122.898	14.766	0.000	178.595
238.000	123.038	14.493	0.000	172.779
240.000	123.120	15.526	0.000	175.910
242.000	122.855	15.559	0.000	169.781
244.000	122.816	15.495	0.000	161.942
246.000	123.145	16.962	0.000	160.742
248.000	123.066	16.540	0.000	166.572
250.000	122.833	15.403	0.000	157.781
252.000	122.897	15.572	0.000	142.470
254.000	123.044	15.900	0.000	141.786
256.000	123.085	16.009	0.000	147.344
258.000	122.891	15.117	0.000	153.829
260.000	122.839	14.294	0.000	139.013
262.000	123.058	15.403	0.000	133.799
264.000	123.078	16.954	0.000	141.717
266.000	122.921	15.886	0.000	138.626
268.000	122.816	15.344	0.000	127.821
270.000	123.020	17.428	0.000	136.085
272.000	123.168	17.658	0.000	139.941
274.000	122.846	15.839	0.000	124.175
276.000	122.833	16.186	0.000	113.011
278.000	123.100	16.676	0.000	114.680
280.000	123.023	16.271	0.000	111.561
282.000	122.937	15.538	0.000	119.515
284.000	122.860	14.748	0.000	124.890
286.000	122.960	15.688	0.000	117.736
288.000	123.160	16.348	0.000	115.127
290.000	122.905	15.592	0.000	112.099
292.000	122.793	16.525	0.000	112.608
294.000	123.066	17.175	0.000	104.274
296.000	123.087	16.471	0.000	95.387
298.000	122.901	15.332	0.000	88.233
300.000	122.826	14.102	0.000	59.931
302.000	123.036	16.662	0.000	-42.034
304.000	123.098	20.763	0.000	-98.371
306.000	122.878	25.471	0.000	-146.099
308.000	122.868	29.922	0.000	174.981
310.000	122.997	33.865	0.000	143.977
312.000	123.086	36.318	0.000	118.144
314.000	122.946	36.843	0.000	87.026
316.000	122.775	37.323	0.000	43.360
318.000	123.061	39.272	0.000	8.149
320.000	123.122	39.333	0.000	-16.628
322.000	122.831	37.169	0.000	-54.862
324.000	122.871	37.520	0.000	-102.575
326.000	123.050	38.293	0.000	-127.603
328.000	123.046	37.253	0.000	-160.033
330.000	122.897	36.432	0.000	163.669
332.000	122.849	36.616	0.000	137.621
334.000	123.026	37.012	0.000	108.097
336.000	123.087	37.283	0.000	90.139
338.000	122.876	35.377	0.000	70.637
340.000	122.816	35.268	0.000	39.014
342.000	123.096	36.059	0.000	27.024
344.000	123.066	34.784	0.000	20.237
346.000	122.805	32.103	0.000	-5.751
348.000	122.912	31.309	0.000	-28.206
350.000	123.061	29.493	0.000	-38.188
352.000	123.017	25.481	0.000	-39.607
354.000	122.862	19.515	0.000	13.337
356.000	122.871	22.848	0.000	24.881
358.000	123.083	27.345	0.000	21.613
360.000	123.023	30.336	0.000	18.269
362.000	122.825	31.237	0.000	3.770
364.000	122.889	32.897	0.000	-20.964
366.000	123.112	34.325	0.000	-36.777
368.000	123.005	33.852	0.000	-40.954
370.000	122.764	33.622	0.000	-66.740
372.000	122.998	34.396	0.000	-89.316
374.000	123.075	31.988	0.000	-103.062
376.000	122.923	29.754	0.000	-118.999
378.000	122.878	28.917	0.000	-138.972
380.000	122.904	26.011	0.000	-170.301
382.000	123.119	22.871	0.000	145.038
384.000	122.953	23.411	0.000	119.951
386.000	122.764	27.476	0.000	55.721
388.000	123.051	31.760	0.000	33.491
390.000	123.066	33.898	0.000	20.249
392.000	122.876	35.849	0.000	-6.854
394.000	122.842	38.989	0.000	-32.027
396.000	123.034	41.302	0.000	-50.704
398.000	123.059	42.162	0.000	-70.286
400.000	122.840	42.387	0.000	-95.370
402.000	122.888	43.067	0.000	-122.417
404.000	123.021	43.121	0.000	-144.960
406.000	123.046	42.373	0.000	-160.975
408.000	122.845	40.566	0.000	178.399
410.000	122.843	39.261	0.000	147.766
412.000	123.140	38.632	0.000	133.881
414.000	122.962	35.403	0.000	122.251
416.000	122.793	29.981	0.000	98.487
418.000	122.979	25.309	0.000	91.901
420.000	123.047	21.586	0.000	146.882
422.000	122.944	23.938	0.000	171.852
424.000	122.827	26.651	0.000	167.516
426.000	122.958	27.668	0.000	153.959
428.000	123.081	28.396	0.000	148.401
430.000	122.909	27.825	0.000	146.414
432.000	122.792	27.029	0.000	129.362
434.000	123.048	27.677	0.000	126.891
436.000	123.063	26.866	0.000	130.872
438.000	122.803	25.403	0.000	118.165
440.000	122.902	25.913	0.000	111.056
442.000	123.042	25.592	0.000	112.933
444.000	122.990	24.769	0.000	109.320
446.000	122.836	23.907	0.000	105.614
448.000	122.894	23.632	0.000	101.913
450.000	123.079	24.064	0.000	102.801
452.000	122.951	23.636	0.000	98.975
454.000	122.804	22.119	0.000	90.851
456.000	122.946	22.727	0.000	89.669
458.000	123.108	23.018	0.000	95.730
460.000	122.858	21.062	0.000	94.189
462.000	122.820	21.860	0.000	85.020
464.000	123.068	22.893	0.000	84.962
466.000	122.969	21.938	0.000	77.781
468.000	122.886	21.927	0.000	69.987
470.000	122.848	21.489	0.000	67.870
472.000	123.035	22.047	0.000	64.912
474.000	123.034	21.836	0.000	66.424
476.000	122.758	19.845	0.000	63.697
478.000	122.955	20.887	0.000	55.942
480.000	123.070	20.982	0.000	59.534
482.000	122.898	19.374	0.000	55.256
484.000	122.810	19.553	0.000	48.312
486.000	123.003	19.987	0.000	47.316
488.000	123.035	19.465	0.000	50.295
490.000	122.840	18.736	0.000	50.158
492.000	122.872	19.544	0.000	48.665
494.000	123.001	20.112	0.000	40.034
496.000	123.026	19.054	0.000	41.140
498.000	122.794	18.495	0.000	42.838
500.000	122.894	18.873	0.000	27.935
502.000	123.103	19.451	0.000	32.132
504.000	122.882	18.022	0.000	34.748
506.000	122.811	17.098	0.000	21.100
508.000	122.999	18.778	0.000	22.587
510.000	123.013	18.346	0.000	22.382
512.000	122.855	17.902	0.000	23.201
514.000	122.855	18.250	0.000	15.835
516.000	123.001	18.264	0.000	14.597
518.000	123.020	18.471	0.000	22.370
520.000	122.780	16.946	0.000	11.442
522.000	122.908	17.930	0.000	-2.590
524.000	123.095	18.432	0.000	0.854
526.000	122.854	16.741	0.000	-3.584
528.000	122.835	17.222	0.000	-12.010
530.000	122.981	17.907	0.000	-10.900
532.000	123.015	17.754	0.000	-14.117
534.000	122.833	17.466	0.000	-10.392
536.000	122.860	17.303	0.000	-23.706
538.000	123.030	17.217	0.000	-26.253
540.000	122.957	16.033	0.000	-22.406
542.000	122.800	16.194	0.000	-33.448
544.000	122.910	16.718	0.000	-45.603
546.000	123.097	16.157	0.000	-40.678
548.000	122.814	15.588	0.000	-40.286
550.000	122.849	16.664	0.000	-47.695
552.000	123.023	16.766	0.000	-44.391
554.000	122.947	16.378	0.000	-44.606
556.000	122.847	16.516	0.000	-46.873
558.000	122.857	15.426	0.000	-54.155
560.000	123.058	16.033	0.000	-59.384
562.000	122.909	16.249	0.000	-51.117
564.000	122.778	15.998	0.000	-61.994
566.000	122.992	17.470	0.000	-74.172
568.000	123.020	15.851	0.000	-73.039
570.000	122.791	14.767	0.000	-75.855
572.000	122.884	16.161	0.000	-72.776
574.000	123.024	15.402	0.000	-74.556
576.000	122.914	14.154	0.000	-78.271
578.000	122.812	13.529	0.000	-90.370
580.000	122.924	14.384	0.000	-95.645
582.000	123.036	14.325	0.000	-96.024
584.000	122.836	13.733	0.000	-97.593
586.000	122.818	14.361	0.000	-100.186
588.000	123.033	15.209	0.000	-95.995
590.000	122.953	14.172	0.000	-107.840
592.000	122.757	14.085	0.000	-115.761
594.000	122.972	14.635	0.000	-97.169
596.000	122.986	13.830	0.000	-112.759
598.000	122.860	13.513	0.000	-124.415
600.000	122.831	13.664	0.000	-122.994
602.000	122.971	15.092	0.000	-117.791
604.000	123.005	14.772	0.000	-125.481
606.000	122.747	12.318	0.000	-150.265
608.000	122.936	12.434	0.000	-161.702
610.000	123.022	12.823	0.000	-142.676
612.000	122.838	12.941	0.000	-138.439
614.000	122.817	13.119	0.000	-157.746
616.000	123.007	10.529	0.000	-148.507
618.000	122.937	10.909	0.000	-138.303
620.000	122.802	12.826	0.000	-119.940
622.000	122.895	13.219	0.000	-123.638
624.000	123.009	12.770	0.000	-118.892
626.000	122.876	13.357	0.000	-116.300
628.000	122.774	13.762	0.000	-127.945
630.000	123.027	13.532	0.000	-148.274
632.000	122.941	13.204	0.000	-144.585
634.000	122.768	12.272	0.000	-149.006
636.000	122.930	13.182	0.000	-171.163
638.000	122.992	13.826	0.000	171.452
640.000	122.840	12.681	0.000	178.527
642.000	122.829	11.837	0.000	167.070
644.000	122.959	11.792	0.000	152.799
646.000	122.979	11.713	0.000	172.141
648.000	122.743	10.300	0.000	122.891
650.000	122.933	9.505	0.000	72.818
652.000	123.014	11.163	0.000	-150.974
654.000	122.800	10.342	0.000	-151.970
656.000	122.841	9.558	0.000	-35.744
658.000	122.986	9.490	0.000	-63.560
660.000	122.917	10.254	0.000	-102.706
662.000	122.778	11.247	0.000	-125.613
664.000	122.927	10.637	0.000	-128.225
666.000	122.977	10.861	0.000	-135.168
668.000	122.832	11.710	0.000	-133.737
670.000	122.795	12.637	0.000	-152.955
672.000	123.050	11.482	0.000	-144.585
674.000	122.856	10.254	0.000	-144.711
676.000	122.789	10.704	0.000	-153.181
678.000	122.958	11.970	0.000	-144.366
680.000	122.940	11.290	0.000	-146.543
682.000	122.807	10.532	0.000	-136.382
684.000	122.848	10.545	0.000	-132.440
686.000	122.994	11.388	0.000	-151.124
688.000	122.870	10.682	0.000	-142.963
690.000	122.759	10.028	0.000	-165.408
692.000	122.999	10.410	0.000	-175.658
694.000	122.923	9.567	0.000	-167.592
696.000	122.763	10.128	0.000	-145.371
698.000	122.916	10.604	0.000	-131.419
700.000	122.958	10.703	0.000	-138.242
702.000	122.830	11.046	0.000	-153.164
704.000	122.807	10.681	0.000	-156.933
706.000	122.985	11.692	0.000	-147.596
708.000	122.889	13.383	0.000	-141.749
710.000	122.769	13.295	0.000	-161.701
712.000	122.921	13.800	0.000	-160.011
714.000	122.991	12.908	0.000	-147.978
716.000	122.733	12.794	0.000	-169.077
718.000	122.912	13.746	0.000	-164.684
720.000	122.940	12.818	0.000	-158.567
722.000	122.855	13.031	0.000	-162.551
724.000	122.784	13.784	0.000	179.268
726.000	122.960	13.832	0.000	173.896
728.000	122.922	13.823	0.000	177.193
730.000	122.747	13.060	0.000	169.419
732.000	122.912	14.074	0.000	161.452
734.000	122.973	13.858	0.000	168.879
736.000	122.760	13.424	0.000	165.991
738.000	122.862	14.486	0.000	152.609
740.000	122.960	14.139	0.000	158.492
742.000	122.843	14.032	0.000	149.573
744.000	122.783	14.137	0.000	144.915
746.000	122.940	14.576	0.000	143.310
748.000	122.923	14.730	0.000	151.357
750.000	122.748	14.108	0.000	141.685
752.000	122.891	14.983	0.000	127.611
754.000	122.975	14.551	0.000	124.194
756.000	122.756	13.076	0.000	109.510
758.000	122.855	12.857	0.000	114.666
760.000	122.960	13.463	0.000	142.344
762.000	122.826	13.689	0.000	147.444
764.000	122.794	14.091	0.000	134.427
766.000	122.918	15.892	0.000	120.976
768.000	122.938	15.940	0.000	120.409
770.000	122.718	15.095	0.000	89.337
772.000	122.921	16.758	0.000	85.225
774.000	122.936	15.707	0.000	95.394
776.000	122.765	14.228	0.000	82.275
778.000	122.840	14.048	0.000	71.954
780.000	122.962	14.160	0.000	70.649
782.000	122.807	14.497	0.000	61.657
784.000	122.793	14.625	0.000	50.175
786.000	122.926	13.621	0.000	58.671
788.000	122.900	13.830	0.000	75.043
790.000	122.727	13.471	0.000	59.732
792.000	122.921	13.509	0.000	44.606
794.000	122.926	12.541	0.000	48.525
796.000	122.737	11.505	0.000	61.122
798.000	122.876	11.144	0.000	88.443
800.000	122.930	12.545	0.000	101.524
802.000	122.794	12.669	0.000	115.673
804.000	122.798	13.390	0.000	126.340
806.000	122.940	16.819	0.000	131.275
808.000	122.861	18.817	0.000	127.657
810.000	122.728	22.035	0.000	118.265
812.000	122.959	25.839	0.000	123.959
814.000	122.865	27.995	0.000	115.132
816.000	122.746	32.198	0.000	94.866
818.000	122.891	35.611	0.000	83.603
820.000	122.912	38.124	0.000	68.467
822.000	122.762	40.256	0.000	46.646
824.000	122.828	43.038	0.000	24.183
826.000	122.940	45.070	0.000	9.228
828.000	122.798	46.107	0.000	-9.787
830.000	122.767	48.518	0.000	-37.783
832.000	122.965	51.020	0.000	-52.388
834.000	122.812	51.305	0.000	-74.279
836.000	122.756	53.359	0.000	-110.286
838.000	122.932	54.412	0.000	-127.621
840.000	122.845	53.892	0.000	-156.731
842.000	122.769	53.698	0.000	177.423
844.000	122.849	53.210	0.000	151.690
846.000	122.939	52.957	0.000	137.968
848.000	122.721	51.106	0.000	119.997
850.000	122.856	51.971	0.000	98.764
852.000	122.930	51.754	0.000	92.732
854.000	122.757	50.746	0.000	68.420
856.000	122.801	51.417	0.000	49.467
858.000	122.937	51.088	0.000	35.352
860.000	122.787	50.266	0.000	16.844
862.000	122.779	49.865	0.000	-5.067
864.000	122.898	50.009	0.000	-23.033
866.000	122.866	48.853	0.000	-37.099
868.000	122.708	47.156	0.000	-63.239
870.000	122.928	46.913	0.000	-80.207
872.000	122.859	44.979	0.000	-88.926
874.000	122.729	42.767	0.000	-110.628
876.000	122.875	42.384	0.000	-120.607
878.000	122.884	40.322	0.000	-129.186
880.000	122.748	38.827	0.000	-144.921
882.000	122.820	37.515	0.000	-157.608
884.000	122.916	36.483	0.000	-170.285
886.000	122.763	33.568	0.000	-177.737
888.000	122.781	30.081	0.000	157.109
890.000	122.950	27.083	0.000	155.064
892.000	122.752	21.259	0.000	-163.498
894.000	122.782	24.975	0.000	-73.482
896.000	122.906	29.795	0.000	-85.832
898.000	122.809	32.397	0.000	-100.405
900.000	122.747	34.991	0.000	-119.811
902.000	122.887	37.027	0.000	-133.681
904.000	122.853	37.712	0.000	-146.877
906.000	122.709	37.897	0.000	-167.989
908.000	122.895	39.622	0.000	177.296
910.000	122.863	39.285	0.000	170.316
912.000	122.714	39.310	0.000	145.138
914.000	122.865	40.339	0.000	134.105
916.000	122.866	39.717	0.000	119.436
918.000	122.743	39.339	0.000	100.096
920.000	122.809	39.024	0.000	83.038
922.000	122.902	39.007	0.000	72.434
924.000	122.742	37.943	0.000	61.689
926.000	122.788	39.102	0.000	39.736
928.000	122.922	39.698	0.000	34.978
930.000	122.734	39.239	0.000	8.921
932.000	122.788	40.614	0.000	-11.991
934.000	122.891	40.799	0.000	-33.664
936.000	122.777	40.613	0.000	-57.587
938.000	122.756	40.424	0.000	-88.211
940.000	122.882	40.684	0.000	-108.500
942.000	122.814	39.411	0.000	-127.526
944.000	122.712	38.425	0.000	-153.812
946.000	122.911	38.488	0.000	-168.906
948.000	122.799	36.768	0.000	-178.046
950.000	122.730	36.011	0.000	162.007
952.000	122.874	36.078	0.000	159.981
954.000	122.820	35.435	0.000	150.378
956.000	122.731	36.067	0.000	137.054
958.000	122.833	36.378	0.000	116.803
960.000	122.870	35.858	0.000	102.815
962.000	122.696	32.854	0.000	76.583
964.000	122.856	31.429	0.000	38.517
966.000	122.853	29.495	0.000	-9.477
968.000	122.719	32.895	0.000	-102.703
970.000	122.818	37.289	0.000	-131.116
972.000	122.868	40.279	0.000	-153.529
974.000	122.721	42.569	0.000	-177.646
976.000	122.804	44.999	0.000	160.707
978.000	122.866	46.458	0.000	146.776
980.000	122.741	46.751	0.000	128.983
982.000	122.768	48.506	0.000	107.184
984.000	122.907	49.319	0.000	99.543
986.000	122.708	48.638	0.000	78.335
988.000	122.795	49.693	0.000	61.711
990.000	122.861	49.332	0.000	52.940
992.000	122.751	48.648	0.000	35.985
994.000	122.755	48.118	0.000	23.267
996.000	122.875	47.809	0.000	14.853
998.000	122.761	46.523	0.000	13.817
1000.000	122.726	46.477	0.000	1.806
1002.000	122.908	47.313	0.000	6.677
1004.000	122.730	46.380	0.000	-1.443
1006.000	122.756	47.319	0.000	-9.234
1008.000	122.862	47.500	0.000	-12.534
1010.000	122.768	47.608	0.000	-16.613
1012.000	122.729	48.271	0.000	-26.785
1014.000	122.865	49.419	0.000	-31.631
1016.000	122.780	49.260	0.000	-39.053
1018.000	122.702	49.659	0.000	-53.658
1020.000	122.894	51.122	0.000	-60.527
1022.000	122.754	50.139	0.000	-68.470
1024.000	122.731	50.391	0.000	-87.690
1026.000	122.857	50.256	0.000	-90.463
1028.000	122.773	49.283	0.000	-102.130
1030.000	122.720	48.619	0.000	-110.919
1032.000	122.846	48.415	0.000	-118.581
1034.000	122.795	47.486	0.000	-117.876
1036.000	122.691	46.513	0.000	-126.863
1038.000	122.880	47.515	0.000	-122.777
1040.000	122.759	46.751	0.000	-121.760
1042.000	122.721	47.859	0.000	-129.698
1044.000	122.847	48.654	0.000	-130.332
1046.000	122.776	49.015	0.000	-135.704
1048.000	122.716	49.899	0.000	-145.616
1050.000	122.833	51.410	0.000	-155.331
1052.000	122.797	51.198	0.000	-163.148
1054.000	122.687	50.946	0.000	179.759
1056.000	122.869	51.798	0.000	172.182
1058.000	122.763	50.732	0.000	166.568
1060.000	122.715	50.469	0.000	150.342
1062.000	122.839	50.615	0.000	150.076
1064.000	122.773	49.833	0.000	143.067
1066.000	122.712	50.009	0.000	135.837
1068.000	122.823	50.511	0.000	127.511
1070.000	122.799	50.539	0.000	126.408
1072.000	122.678	50.312	0.000	110.834
1074.000	122.868	51.519	0.000	107.818
1076.000	122.752	50.315	0.000	100.800
1078.000	122.716	50.790	0.000	88.463
1080.000	122.831	51.135	0.000	82.925
1082.000	122.770	50.942	0.000	74.057
1084.000	122.705	50.752	0.000	60.317
1086.000	122.830	51.065	0.000	52.484
1088.000	122.777	50.330	0.000	46.102
1090.000	122.683	49.770	0.000	32.393
1092.000	122.866	50.455	0.000	27.688
1094.000	122.736	49.133	0.000	23.747
1096.000	122.720	49.552	0.000	12.428
1098.000	122.834	49.871	0.000	11.435
1100.000	122.745	49.995	0.000	0.220
1102.000	122.712	50.437	0.000	-11.924
1104.000	122.837	51.189	0.000	-24.646
1106.000	122.745	50.580	0.000	-33.480
1108.000	122.706	50.352	0.000	-56.052
1110.000	122.857	50.661	0.000	-62.323
1112.000	122.711	48.655	0.000	-78.070
1114.000	122.733	48.431	0.000	-94.363
1116.000	122.833	47.188	0.000	-103.545
1118.000	122.718	45.500	0.000	-115.907
1120.000	122.731	43.883	0.000	-130.264
1122.000	122.831	42.690	0.000	-135.679
1124.000	122.715	40.058	0.000	-141.562
1126.000	122.732	38.783	0.000	-150.161
1128.000	122.841	38.128	0.000	-148.933
1130.000	122.688	36.201	0.000	-157.695
1132.000	122.759	36.139	0.000	-172.726
1134.000	122.813	34.209	0.000	174.968
1136.000	122.706	32.039	0.000	144.988
1138.000	122.738	30.876	0.000	105.050
1140.000	122.838	32.424	0.000	63.198
1142.000	122.672	34.772	0.000	23.241
1144.000	122.781	38.534	0.000	-2.845
1146.000	122.803	39.871	0.000	-14.101
1148.000	122.679	41.929	0.000	-36.519
1150.000	122.782	44.210	0.000	-48.119
1152.000	122.793	45.354	0.000	-61.051
1154.000	122.682	46.441	0.000	-77.720
1156.000	122.779	48.007	0.000	-92.052
1158.000	122.798	48.652	0.000	-101.162
1160.000	122.659	48.899	0.000	-119.925
1162.000	122.819	50.324	0.000	-131.880
1164.000	122.755	49.803	0.000	-140.189
1166.000	122.682	50.052	0.000	-159.255
1168.000	122.816	50.562	0.000	-164.260
1170.000	122.735	49.956	0.000	-175.988
1172.000	122.698	50.062	0.000	173.895
1174.000	122.809	50.443	0.000	164.994
1176.000	122.735	50.089	0.000	161.936
1178.000	122.695	50.296	0.000	147.615
1180.000	122.826	51.106	0.000	148.407
1182.000	122.700	50.429	0.000	138.701
1184.000	122.725	51.592	0.000	130.504
1186.000	122.805	51.917	0.000	125.150
1188.000	122.704	52.055	0.000	116.741
1190.000	122.719	52.908	0.000	105.681
1192.000	122.820	53.676	0.000	101.754
1194.000	122.676	53.606	0.000	90.875
1196.000	122.747	54.997	0.000	77.852
1198.000	122.810	55.642	0.000	73.652
1200.000	122.654	55.566	0.000	54.779
1202.000	122.792	56.875	0.000	45.860
1204.000	122.761	56.353	0.000	33.222
1206.000	122.683	56.449	0.000	19.407
1208.000	122.773	56.760	0.000	4.310
1210.000	122.778	56.540	0.000	-2.025
1212.000	122.657	55.711	0.000	-21.136
1214.000	122.814	56.306	0.000	-28.873
1216.000	122.725	54.904	0.000	-38.524
1218.000	122.688	54.799	0.000	-54.243
1220.000	122.811	54.275	0.000	-59.588
1222.000	122.704	53.261	0.000	-69.654
1224.000	122.704	52.696	0.000	-79.017
1226.000	122.810	52.673	0.000	-83.520
1228.000	122.686	51.483	0.000	-89.402
1230.000	122.725	51.560	0.000	-98.425
1232.000	122.804	51.468	0.000	-98.721
1234.000	122.663	50.761	0.000	-106.522
1236.000	122.766	51.789	0.000	-109.876
1238.000	122.760	51.494	0.000	-113.084
1240.000	122.687	52.223	0.000	-120.511
1242.000	122.752	53.111	0.000	-129.539
1244.000	122.776	53.946	0.000	-133.896
1246.000	122.655	54.117	0.000	-151.044
1248.000	122.799	55.533	0.000	-158.879
1250.000	122.726	54.835	0.000	-170.526
1252.000	122.684	55.495	0.000	172.372
1254.000	122.795	55.626	0.000	163.040
1256.000	122.708	55.261	0.000	149.942
1258.000	122.694	55.397	0.000	133.906
1260.000	122.807	55.659	0.000	124.236
1262.000	122.674	54.745	0.000	110.187
1264.000	122.725	54.933	0.000	92.519
1266.000	122.801	54.682	0.000	85.593
1268.000	122.646	53.368	0.000	66.924
1270.000	122.783	53.484	0.000	57.282
1272.000	122.739	51.986	0.000	46.494
1274.000	122.678	51.277	0.000	35.145
1276.000	122.774	50.811	0.000	24.378
1278.000	122.735	50.048	0.000	19.862
1280.000	122.672	49.168	0.000	5.972
1282.000	122.796	49.551	0.000	1.654
1284.000	122.697	48.341	0.000	-6.894
1286.000	122.708	48.710	0.000	-18.001
1288.000	122.777	48.356	0.000	-24.573
1290.000	122.691	48.107	0.000	-34.238
1292.000	122.713	48.317	0.000	-47.934
1294.000	122.788	48.601	0.000	-54.577
1296.000	122.656	48.011	0.000	-69.917
1298.000	122.757	48.731	0.000	-85.073
1300.000	122.758	48.555	0.000	-94.099
1302.000	122.657	48.090	0.000	-118.557
1304.000	122.783	48.314	0.000	-129.542
1306.000	122.716	46.926	0.000	-149.636
1308.000	122.679	46.013	0.000	-167.352
1310.000	122.787	45.250	0.000	173.988
1312.000	122.691	43.263	0.000	162.065
1314.000	122.706	41.743	0.000	138.577
1316.000	122.785	40.329	0.000	131.835
1318.000	122.665	37.435	0.000	113.599
1320.000	122.738	35.921	0.000	102.858
1322.000	122.759	33.494	0.000	94.857
1324.000	122.663	31.027	0.000	84.843
1326.000	122.758	29.386	0.000	76.947
1328.000	122.742	27.504	0.000	75.420
1330.000	122.651	25.410	0.000	65.368
1332.000	122.807	24.518	0.000	62.125
1334.000	122.675	22.254	0.000	60.844
1336.000	122.711	21.219	0.000	53.926
1338.000	122.771	19.815	0.000	53.330
1340.000	122.670	18.691	0.000	44.067
1342.000	122.729	17.585	0.000	41.676
1344.000	122.766	16.997	0.000	41.012
1346.000	122.647	15.937	0.000	34.172
1348.000	122.783	15.610	0.000	28.349
1350.000	122.707	14.451	0.000	22.304
1352.000	122.683	13.582	0.000	16.942
1354.000	122.773	12.950	0.000	18.856
1356.000	122.690	11.971	0.000	16.375
1358.000	122.698	11.183	0.000	11.561
1360.000	122.781	11.853	0.000	3.704
1362.000	122.656	11.087	0.000	-12.528
1364.000	122.744	10.858	0.000	-15.853
1366.000	122.749	11.625	0.000	-15.558
1368.000	122.652	11.804	0.000	-16.365
1370.000	122.783	10.978	0.000	-20.933
1372.000	122.697	10.608	0.000	-37.680
1374.000	122.683	10.388	0.000	-53.526
1376.000	122.789	10.966	0.000	-54.428
1378.000	122.660	10.958	0.000	-78.859
1380.000	122.736	10.612	0.000	-79.126
1382.000	122.750	10.104	0.000	-58.345
1384.000	122.661	9.371	0.000	-88.552
1386.000	122.760	9.257	0.000	-64.465
1388.000	122.717	10.154	0.000	-40.113
1390.000	122.676	10.853	0.000	-75.369
1392.000	122.768	11.918	0.000	-88.928
1394.000	122.695	11.850	0.000	-98.381
1396.000	122.692	11.843	0.000	-111.138
1398.000	122.782	12.150	0.000	-110.641
1400.000	122.645	11.972	0.000	-125.837
1402.000	122.756	11.832	0.000	-133.124
1404.000	122.730	11.708	0.000	-154.870
1406.000	122.662	12.181	0.000	-159.151
1408.000	122.776	10.492	0.000	-159.073
1410.000	122.693	10.960	0.000	-167.488
1412.000	122.692	11.146	0.000	-165.361
1414.000	122.775	11.713	0.000	-153.880
1416.000	122.660	11.871	0.000	-168.209
1418.000	122.740	11.403	0.000	175.712
1420.000	122.737	11.785	0.000	179.868
1422.000	122.667	12.811	0.000	-165.594
1424.000	122.758	13.514	0.000	-179.948
1426.000	122.715	12.393	0.000	168.398
1428.000	122.666	11.846	0.000	156.104
1430.000	122.797	12.549	0.000	159.814
1432.000	122.650	12.672	0.000	159.161
1434.000	122.741	11.810	0.000	137.397
1436.000	122.743	9.774	0.000	135.722
1438.000	122.655	10.363	0.000	142.534
1440.000	122.771	11.621	0.000	164.529
1442.000	122.701	10.994	0.000	155.844
1444.000	122.683	11.015	0.000	145.762
1446.000	122.778	10.454	0.000	169.603
1448.000	122.659	9.692	0.000	164.993
1450.000	122.737	10.450	0.000	150.403
1452.000	122.736	10.236	0.000	139.187
1454.000	122.668	10.515	0.000	134.589
1456.000	122.755	11.516	0.000	119.374
1458.000	122.712	11.752	0.000	132.003
1460.000	122.675	10.385	0.000	139.607
1462.000	122.784	10.727	0.000	126.694
1464.000	122.654	10.075	0.000	124.625
1466.000	122.743	11.178	0.000	131.975
1468.000	122.729	10.380	0.000	148.679
1470.000	122.672	10.965	0.000	149.963
1472.000	122.758	12.070	0.000	139.988
1474.000	122.699	11.326	0.000	125.424
1476.000	122.702	10.607	0.000	113.359
1478.000	122.759	9.726	0.000	119.713
1480.000	122.670	9.607	0.000	108.899
1482.000	122.736	9.925	0.000	92.500
1484.000	122.731	11.083	0.000	82.171
1486.000	122.671	10.309	0.000	108.164
1488.000	122.765	9.871	0.000	143.718
1490.000	122.689	9.291	0.000	86.185
1492.000	122.705	9.832	0.000	118.022
1494.000	122.763	9.860	0.000	106.665
1496.000	122.656	9.802	0.000	102.321
1498.000	122.761	10.300	0.000	85.489
1500.000	122.706	11.531	0.000	113.288
1502.000	122.686	11.313	0.000	91.474
1504.000	122.767	10.234	0.000	120.386
1506.000	122.674	9.837	0.000	140.222
1508.000	122.728	10.783	0.000	107.690
1510.000	122.745	11.568	0.000	109.385
1512.000	122.663	10.164	0.000	123.283
1514.000	122.764	10.805	0.000	89.236
1516.000	122.700	10.500	0.000	58.027
1518.000	122.689	10.268	0.000	73.554
1520.000	122.778	10.151	0.000	96.527
1522.000	122.650	10.260	0.000	88.424
1524.000	122.762	10.082	0.000	79.921
1526.000	122.708	9.758	0.000	88.372
1528.000	122.700	9.182	0.000	136.849
1530.000	122.750	9.228	0.000	98.816
1532.000	122.694	10.295	0.000	67.217
1534.000	122.715	10.940	0.000	73.141
1536.000	122.752	9.005	0.000	73.996
1538.000	122.665	8.519	0.000	70.587
1540.000	122.767	10.056	0.000	111.089
1542.000	122.694	10.111	0.000	119.915
1544.000	122.705	9.464	0.000	94.647
1546.000	122.759	10.310	0.000	84.802
1548.000	122.664	10.380	0.000	48.944
1550.000	122.755	11.106	0.000	67.318
1552.000	122.716	10.431	0.000	55.569
1554.000	122.685	9.567	0.000	52.652
1556.000	122.774	10.700	0.000	66.705
1558.000	122.670	10.553	0.000	43.537
1560.000	122.739	10.567	0.000	9.545
1562.000	122.733	9.928	0.000	-2.868
1564.000	122.676	9.749	0.000	8.026
1566.000	122.767	11.376	0.000	24.915
1568.000	122.688	9.754	0.000	52.965
1570.000	122.720	10.659	0.000	65.762
1572.000	122.755	11.240	0.000	47.156
1574.000	122.667	10.369	0.000	35.669
1576.000	122.767	10.755	0.000	28.459
1578.000	122.696	10.540	0.000	10.118
1580.000	122.708	10.559	0.000	15.294
1582.000	122.759	11.150	0.000	18.436
1584.000	122.672	10.274	0.000	10.263
1586.000	122.757	8.789	0.000	2.494
1588.000	122.713	10.202	0.000	-22.283
1590.000	122.697	10.369	0.000	-37.200
1592.000	122.765	10.679	0.000	-31.845
1594.000	122.676	11.136	0.000	-26.505
1596.000	122.747	10.524	0.000	-3.709
1598.000	122.729	10.201	0.000	-24.019
1600.000	122.688	8.562	0.000	-20.508
1602.000	122.768	8.901	0.000	-21.779
1604.000	122.683	10.128	0.000	-64.163
1606.000	122.740	12.053	0.000	-70.789
1608.000	122.734	11.485	0.000	-106.047
1610.000	122.685	10.077	0.000	-106.302
1612.000	122.766	11.673	0.000	-87.563
1614.000	122.698	11.167	0.000	-94.597
1616.000	122.717	10.246	0.000	-82.336
1618.000	122.764	10.940	0.000	-103.268
1620.000	122.663	9.444	0.000	-105.970
1622.000	122.782	10.027	0.000	-72.565
1624.000	122.690	10.253	0.000	-81.666
1626.000	122.723	11.883	0.000	-143.383
1628.000	122.757	10.744	0.000	-107.141
1630.000	122.677	11.213	0.000	-116.777
1632.000	122.766	11.282	0.000	-142.821
1634.000	122.707	10.656	0.000	-158.318
1636.000	122.711	10.537	0.000	-170.357
1638.000	122.767	10.913	0.000	-161.143
1640.000	122.668	10.796	0.000	160.728
1642.000	122.772	10.281	0.000	-169.320
1644.000	122.705	9.057	0.000	-157.086
1646.000	122.716	9.000	0.000	-143.215
1648.000	122.765	9.603	0.000	179.000
1650.000	122.682	9.605	0.000	179.934
1652.000	122.758	10.374	0.000	-172.057
1654.000	122.718	10.645	0.000	-139.664
1656.000	122.704	10.683	0.000	-148.513
1658.000	122.774	9.929	0.000	-157.844
1660.000	122.671	10.229	0.000	-173.912
1662.000	122.773	10.633	0.000	142.764
1664.000	122.710	9.896	0.000	-178.003
1666.000	122.715	9.843	0.000	176.469
1668.000	122.761	9.668	0.000	160.001
1670.000	122.688	10.341	0.000	167.183
1672.000	122.755	11.015	0.000	-179.524
1674.000	122.725	10.687	0.000	160.439
1676.000	122.707	10.274	0.000	131.401
1678.000	122.774	10.240	0.000	160.241
1680.000	122.674	10.102	0.000	158.913
1682.000	122.772	10.107	0.000	113.240
1684.000	122.717	9.936	0.000	124.945
1686.000	122.706	10.784	0.000	121.754
1688.000	122.787	10.663	0.000	111.548
1690.000	122.667	10.816	0.000	124.192
1692.000	122.784	10.719	0.000	110.587
1694.000	122.701	9.716	0.000	68.921
1696.000	122.736	8.922	0.000	11.401
1698.000	122.747	9.094	0.000	127.210
1700.000	122.704	9.870	0.000	110.074
1702.000	122.755	9.260	0.000	161.578
1704.000	122.726	9.450	0.000	153.823
1706.000	122.713	10.157	0.000	147.267
1708.000	122.776	9.110	0.000	-54.817
1710.000	122.677	9.316	0.000	9.073
1712.000	122.783	9.821	0.000	21.921
1714.000	122.701	9.679	0.000	127.203
1716.000	122.739	8.954	0.000	-169.661
1718.000	122.753	8.474	0.000	-68.824
1720.000	122.694	9.175	0.000	-67.373
1722.000	122.777	7.577	0.000	-66.865
1724.000	122.709	7.345	0.000	-77.194
1726.000	122.731	9.495	0.000	-160.881
1728.000	122.765	9.900	0.000	153.344
1730.000	122.684	9.065	0.000	-93.222
1732.000	122.789	9.290	0.000	-108.586
1734.000	122.688	8.943	0.000	-117.567
1736.000	122.768	8.484	0.000	-126.591
1738.000	122.727	8.321	0.000	-131.376
1740.000	122.722	9.928	0.000	-170.897
1742.000	122.763	10.517	0.000	-158.042
1744.000	122.706	10.784	0.000	-116.914
1746.000	122.754	10.176	0.000	-153.156
1748.000	122.737	10.085	0.000	-163.314
1750.000	122.716	9.763	0.000	-169.431
1752.000	122.774	9.947	0.000	-166.638
1754.000	122.696	9.569	0.000	162.832
1756.000	122.767	7.870	0.000	-168.537
1758.000	122.729	9.058	0.000	-144.305
1760.000	122.718	8.999	0.000	-151.091
1762.000	122.780	9.479	0.000	179.582
1764.000	122.687	10.442	0.000	-151.945
1766.000	122.789	8.039	0.000	138.623
1768.000	122.697	9.601	0.000	88.880
1770.000	122.763	9.723	0.000	89.827
1772.000	122.740	9.384	0.000	109.963
1774.000	122.717	10.124	0.000	114.622
1776.000	122.777	9.224	0.000	156.569
1778.000	122.705	9.284	0.000	175.350
1780.000	122.759	11.140	0.000	168.174
1782.000	122.747	10.957	0.000	174.048
1784.000	122.710	10.352	0.000	160.229
1786.000	122.783	10.439	0.000	170.171
1788.000	122.691	10.279	0.000	170.565
1790.000	122.783	10.660	0.000	-177.176
1792.000	122.715	10.092	0.000	126.903
1794.000	122.746	9.437	0.000	138.642
1796.000	122.755	9.891	0.000	156.293
1798.000	122.725	9.147	0.000	179.908
1800.000	122.757	9.075	0.000	138.113
1802.000	122.734	9.601	0.000	142.355
1804.000	122.735	9.123	0.000	-154.573
1806.000	122.767	8.549	0.000	-152.508
1808.000	122.700	9.174	0.000	164.282
1810.000	122.795	9.398	0.000	178.631
1812.000	122.696	8.829	0.000	178.777
1814.000	122.772	9.156	0.000	144.082
1816.000	122.734	10.133	0.000	-165.567
1818.000	122.726	10.288	0.000	173.606
1820.000	122.782	10.396	0.000	117.475
1822.000	122.695	8.985	0.000	85.370
1824.000	122.792	10.271	0.000	149.509
1826.000	122.703	10.381	0.000	-173.278
1828.000	122.775	9.185	0.000	167.224
1830.000	122.734	9.776	0.000	152.541
1832.000	122.736	9.517	0.000	124.996
1834.000	122.768	8.663	0.000	154.328
1836.000	122.725	10.004	0.000	-177.543
1838.000	122.762	9.960	0.000	175.822
1840.000	122.744	8.654	0.000	-161.674
1842.000	122.728	8.559	0.000	-154.554
1844.000	122.779	8.899	0.000	-144.160
1846.000	122.704	8.905	0.000	172.471
1848.000	122.786	9.129	0.000	-126.699
1850.000	122.717	9.337	0.000	-68.637
1852.000	122.759	9.333	0.000	156.353
1854.000	122.758	9.481	0.000	167.970
1856.000	122.722	10.204	0.000	140.935
1858.000	122.783	10.496	0.000	148.615
1860.000	122.707	9.347	0.000	147.990
1862.000	122.785	9.391	0.000	144.025
1864.000	122.719	10.023	0.000	129.456
1866.000	122.766	10.234	0.000	139.688
1868.000	122.748	9.535	0.000	-166.609
1870.000	122.737	10.617	0.000	-179.408
1872.000	122.769	11.241	0.000	140.890
1874.000	122.727	11.422	0.000	127.945
1876.000	122.765	10.016	0.000	149.879
1878.000	122.748	9.748	0.000	162.789
1880.000	122.736	10.046	0.000	127.593
1882.000	122.774	8.805	0.000	136.271
1884.000	122.726	9.330	0.000	127.085
1886.000	122.768	9.506	0.000	116.246
1888.000	122.746	9.683	0.000	101.559
1890.000	122.738	10.081	0.000	114.678
1892.000	122.783	9.732	0.000	125.409
1894.000	122.712	9.428	0.000	108.685
1896.000	122.799	10.187	0.000	108.691
1898.000	122.699	10.080	0.000	102.292
1900.000	122.798	9.753	0.000	96.859
1902.000	122.722	9.733	0.000	76.275
1904.000	122.764	10.775	0.000	91.828
1906.000	122.762	10.244	0.000	81.038
1908.000	122.720	9.873	0.000	94.088
1910.000	122.804	9.563	0.000	95.234
1912.000	122.698	9.537	0.000	77.491
1914.000	122.803	9.386	0.000	78.823
1916.000	122.714	10.630	0.000	70.010
1918.000	122.773	9.383	0.000	61.954
1920.000	122.756	8.552	0.000	19.479
1922.000	122.736	8.721	0.000	3.048
1924.000	122.781	9.608	0.000	26.607
1926.000	122.723	9.268	0.000	9.013
1928.000	122.786	9.238	0.000	14.443
1930.000	122.728	8.925	0.000	-70.701
1932.000	122.769	8.488	0.000	-98.309
1934.000	122.750	9.086	0.000	-35.021
1936.000	122.749	7.284	0.000	-11.278
1938.000	122.775	8.623	0.000	171.656
1940.000	122.732	9.616	0.000	152.467
1942.000	122.773	8.578	0.000	-161.851
1944.000	122.742	8.563	0.000	146.552
1946.000	122.759	9.143	0.000	176.843
1948.000	122.764	10.229	0.000	151.910
1950.000	122.738	11.439	0.000	133.769
1952.000	122.777	10.071	0.000	112.864
1954.000	122.737	10.122	0.000	103.454
1956.000	122.769	10.754	0.000	94.030
1958.000	122.751	10.896	0.000	75.414
1960.000	122.747	11.031	0.000	78.348
1962.000	122.776	12.071	0.000	64.043
1964.000	122.732	11.964	0.000	49.137
1966.000	122.786	11.334	0.000	41.238
1968.000	122.729	10.838	0.000	17.567
1970.000	122.778	11.296	0.000	21.110
1972.000	122.746	10.837	0.000	26.239
1974.000	122.760	11.228	0.000	-11.058
1976.000	122.764	11.585	0.000	-26.118
1978.000	122.741	10.917	0.000	-37.634
1980.000	122.782	10.640	0.000	-43.295
1982.000	122.729	11.122	0.000	-60.689
1984.000	122.784	11.312	0.000	-60.642
1986.000	122.736	10.873	0.000	-83.656
1988.000	122.765	11.612	0.000	-91.681
1990.000	122.764	11.669	0.000	-104.769
1992.000	122.744	11.441	0.000	-115.308
1994.000	122.780	10.625	0.000	-130.806
1996.000	122.733	11.241	0.000	-134.719
1998.000	122.778	10.830	0.000	-144.411
2000.000	122.744	11.187	0.000	-153.446
