2000.000	122.821	11.247	0.000	84.286
2.000	122.872	12.706	0.000	82.630
4.000	123.090	11.699	0.000	89.967
6.000	123.110	12.708	0.000	77.357
8.000	122.953	12.252	0.000	80.627
10.000	122.812	11.243	0.000	62.121
12.000	122.914	12.193	0.000	55.718
14.000	123.178	12.409	0.000	33.323
16.000	123.103	12.913	0.000	50.582
18.000	122.769	11.880	0.000	78.302
20.000	122.864	11.566	0.000	44.155
22.000	123.140	11.334	0.000	45.756
24.000	123.071	11.168	0.000	51.447
26.000	122.931	11.600	0.000	23.950
28.000	122.893	10.929	0.000	-30.948
30.000	122.892	11.714	0.000	31.097
32.000	123.095	11.656	0.000	38.480
34.000	123.159	11.324	0.000	44.394
36.000	122.832	10.787	0.000	93.397
38.000	122.787	11.496	0.000	68.646
40.000	123.127	12.389	0.000	6.933
42.000	123.144	11.719	0.000	-5.028
44.000	122.908	11.502	0.000	-13.251
46.000	122.841	11.070	0.000	-15.947
48.000	122.951	10.336	0.000	-4.497
50.000	123.116	11.682	0.000	23.392
52.000	123.083	11.975	0.000	32.655
54.000	122.842	11.403	0.000	12.987
56.000	122.858	11.769	0.000	1.504
58.000	123.075	12.193	0.000	-56.545
60.000	123.104	11.933	0.000	-59.531
62.000	122.976	11.192	0.000	-30.885
64.000	122.823	10.634	0.000	-29.914
66.000	122.903	10.468	0.000	15.365
68.000	123.192	10.201	0.000	-40.558
70.000	123.088	9.673	0.000	-45.272
72.000	122.751	10.600	0.000	-27.063
74.000	122.918	11.743	0.000	-46.175
76.000	123.145	11.035	0.000	-70.650
78.000	123.030	10.897	0.000	-77.673
80.000	122.942	10.747	0.000	-59.007
82.000	122.881	11.098	0.000	-68.066
84.000	122.915	11.599	0.000	-76.486
86.000	123.167	11.172	0.000	-64.160
88.000	123.077	10.887	0.000	-87.781
90.000	122.752	10.143	0.000	-58.858
92.000	122.921	10.440	0.000	-85.183
94.000	123.168	10.508	0.000	-73.786
96.000	123.049	11.317	0.000	-57.473
98.000	122.874	11.063	0.000	-94.160
100.000	122.857	10.463	0.000	-73.263
102.000	123.039	10.656	0.000	-64.168
104.000	123.153	11.831	0.000	-75.821
106.000	122.935	12.046	0.000	-104.702
108.000	122.818	12.174	0.000	-118.071
110.000	122.999	10.959	0.000	-107.455
112.000	123.093	11.626	0.000	-113.447
114.000	123.052	10.905	0.000	-126.446
116.000	122.873	10.930	0.000	-98.358
118.000	122.819	11.232	0.000	-112.844
120.000	123.144	11.358	0.000	-118.962
122.000	123.159	10.981	0.000	-118.593
124.000	122.793	10.181	0.000	-98.666
126.000	122.874	10.410	0.000	-132.186
128.000	123.108	11.170	0.000	-135.561
130.000	123.049	11.196	0.000	-128.198
132.000	122.975	10.523	0.000	-147.235
134.000	122.866	11.188	0.000	-153.302
136.000	122.906	12.265	0.000	-155.071
138.000	123.168	12.319	0.000	-152.401
140.000	123.058	12.224	0.000	-169.154
142.000	122.778	11.648	0.000	-161.431
144.000	122.928	11.504	0.000	-164.958
146.000	123.134	11.363	0.000	-157.351
148.000	123.064	11.329	0.000	-140.920
150.000	122.862	11.032	0.000	-157.577
152.000	122.850	11.710	0.000	155.615
154.000	123.097	12.215	0.000	168.286
156.000	123.111	12.210	0.000	173.164
158.000	122.884	10.834	0.000	158.514
160.000	122.873	11.515	0.000	130.616
162.000	122.999	12.636	0.000	122.602
164.000	123.102	12.225	0.000	137.008
166.000	123.033	11.002	0.000	156.398
168.000	122.785	11.219	0.000	149.858
170.000	122.933	12.257	0.000	143.950
172.000	123.209	11.953	0.000	112.799
174.000	122.991	10.443	0.000	116.776
176.000	122.793	11.722	0.000	113.672
178.000	122.975	12.629	0.000	99.571
180.000	123.090	12.105	0.000	93.924
182.000	123.039	11.860	0.000	97.355
184.000	122.893	11.404	0.000	88.898
186.000	122.858	12.184	0.000	80.782
188.000	123.068	12.358	0.000	73.265
190.000	123.123	12.461	0.000	61.998
192.000	122.892	12.104	0.000	67.935
194.000	122.817	12.159	0.000	57.049
196.000	123.061	13.969	0.000	48.954
198.000	123.150	13.353	0.000	49.967
200.000	122.893	12.179	0.000	30.789
202.000	122.822	12.569	0.000	27.665
204.000	123.054	12.750	0.000	24.102
206.000	123.097	13.077	0.000	21.035
208.000	122.954	12.264	0.000	22.345
210.000	122.856	12.246	0.000	31.103
212.000	122.944	12.757	0.000	11.890
214.000	123.128	13.570	0.000	7.092
216.000	123.028	13.470	0.000	5.208
218.000	122.799	12.527	0.000	-17.166
220.000	122.932	13.190	0.000	-21.670
222.000	123.152	13.668	0.000	-22.865
224.000	123.025	12.858	0.000	-21.487
226.000	122.799	11.359	0.000	-28.994
228.000	122.941	12.741	0.000	-30.123
230.000	123.128	12.844	0.000	-22.863
232.000	123.002	12.976	0.000	-25.785
234.000	122.877	13.566	0.000	-35.426
236.000	122.902	12.979	0.000	-55.494
238.000	123.042	12.181	0.000	-67.504
240.000	123.124	13.267	0.000	-47.555
242.000	122.857	13.049	0.000	-51.458
244.000	122.820	13.280	0.000	-80.556
246.000	123.149	14.770	0.000	-68.458
248.000	123.069	13.893	0.000	-60.996
250.000	122.836	11.208	0.000	-66.408
252.000	122.901	13.090	0.000	-82.558
254.000	123.048	13.202	0.000	-81.733
256.000	123.089	12.270	0.000	-71.185
258.000	122.893	12.949	0.000	-80.103
260.000	122.842	13.264	0.000	-91.768
262.000	123.062	12.475	0.000	-82.339
264.000	123.081	12.818	0.000	-83.888
266.000	122.924	12.799	0.000	-94.890
268.000	122.820	13.259	0.000	-106.321
270.000	123.024	13.225	0.000	-111.356
272.000	123.171	13.416	0.000	-105.755
274.000	122.849	11.849	0.000	-110.890
276.000	122.836	12.018	0.000	-123.274
278.000	123.103	12.218	0.000	-133.403
280.000	123.026	11.769	0.000	-126.521
282.000	122.940	13.525	0.000	-114.662
284.000	122.862	13.049	0.000	-108.740
286.000	122.963	12.751	0.000	-116.829
288.000	123.164	13.082	0.000	-125.607
290.000	122.907	12.312	0.000	-143.450
292.000	122.796	11.738	0.000	171.967
294.000	123.069	13.277	0.000	123.309
296.000	123.090	16.052	0.000	92.310
298.000	122.904	18.587	0.000	54.243
300.000	122.829	23.217	0.000	21.852
302.000	123.040	27.642	0.000	5.682
304.000	123.101	30.929	0.000	-15.106
306.000	122.881	33.483	0.000	-40.994
308.000	122.871	35.661	0.000	-71.153
310.000	123.000	37.883	0.000	-98.031
312.000	123.089	39.222	0.000	-118.390
314.000	122.948	39.054	0.000	-140.111
316.000	122.778	39.019	0.000	-173.117
318.000	123.065	40.461	0.000	164.249
320.000	123.125	40.477	0.000	152.243
322.000	122.833	38.831	0.000	128.298
324.000	122.874	39.472	0.000	95.408
326.000	123.053	40.196	0.000	80.547
328.000	123.049	39.407	0.000	60.598
330.000	122.900	38.999	0.000	32.437
332.000	122.852	38.820	0.000	7.163
334.000	123.029	38.899	0.000	-21.902
336.000	123.091	38.972	0.000	-40.445
338.000	122.878	36.796	0.000	-60.319
340.000	122.819	35.076	0.000	-100.400
342.000	123.100	35.017	0.000	-115.158
344.000	123.069	32.743	0.000	-118.434
346.000	122.808	29.975	0.000	-117.866
348.000	122.915	32.819	0.000	-116.099
350.000	123.064	35.553	0.000	-125.500
352.000	123.020	37.424	0.000	-141.282
354.000	122.864	38.375	0.000	-162.243
356.000	122.873	39.461	0.000	170.434
358.000	123.087	40.487	0.000	153.412
360.000	123.026	40.408	0.000	137.597
362.000	122.827	39.436	0.000	116.067
364.000	122.892	39.516	0.000	90.746
366.000	123.115	40.249	0.000	79.326
368.000	123.007	39.166	0.000	71.399
370.000	122.766	38.115	0.000	45.433
372.000	123.001	39.202	0.000	31.049
374.000	123.077	38.356	0.000	20.905
376.000	122.925	37.738	0.000	2.137
378.000	122.880	37.880	0.000	-11.522
380.000	122.907	38.283	0.000	-30.740
382.000	123.122	39.514	0.000	-45.992
384.000	122.955	38.858	0.000	-58.260
386.000	122.766	38.064	0.000	-90.963
388.000	123.054	39.610	0.000	-110.472
390.000	123.069	39.170	0.000	-120.403
392.000	122.878	37.808	0.000	-144.513
394.000	122.844	38.624	0.000	-167.686
396.000	123.036	39.513	0.000	175.923
398.000	123.062	39.558	0.000	156.980
400.000	122.842	39.223	0.000	132.772
402.000	122.891	39.331	0.000	104.397
404.000	123.025	39.437	0.000	82.864
406.000	123.049	38.836	0.000	67.100
408.000	122.847	37.705	0.000	47.350
410.000	122.846	37.915	0.000	16.353
412.000	123.143	38.701	0.000	2.287
414.000	122.964	37.469	0.000	-12.492
416.000	122.795	36.477	0.000	-45.573
418.000	122.982	37.377	0.000	-67.969
420.000	123.049	36.549	0.000	-86.254
422.000	122.946	34.912	0.000	-113.387
424.000	122.829	33.815	0.000	-139.153
426.000	122.960	32.670	0.000	-164.599
428.000	123.084	31.868	0.000	176.581
430.000	122.910	29.411	0.000	164.307
432.000	122.795	27.161	0.000	135.803
434.000	123.051	27.224	0.000	122.467
436.000	123.065	25.223	0.000	118.824
438.000	122.805	22.362	0.000	98.740
440.000	122.905	21.936	0.000	87.768
442.000	123.045	21.374	0.000	82.928
444.000	122.992	20.698	0.000	74.035
446.000	122.838	19.730	0.000	63.720
448.000	122.896	19.417	0.000	52.179
450.000	123.082	19.800	0.000	49.689
452.000	122.953	18.430	0.000	47.513
454.000	122.806	16.970	0.000	31.709
456.000	122.949	18.035	0.000	11.807
458.000	123.111	17.552	0.000	23.772
460.000	122.860	16.171	0.000	18.522
462.000	122.823	17.905	0.000	-1.420
464.000	123.070	19.060	0.000	-3.109
466.000	122.971	17.740	0.000	-14.500
468.000	122.889	17.451	0.000	-32.546
470.000	122.850	17.605	0.000	-44.696
472.000	123.038	16.727	0.000	-62.789
474.000	123.036	14.319	0.000	-67.323
476.000	122.759	12.918	0.000	-97.722
478.000	122.958	12.909	0.000	-110.171
480.000	123.072	11.502	0.000	-87.230
482.000	122.900	10.638	0.000	-53.719
484.000	122.812	10.770	0.000	-49.649
486.000	123.006	9.057	0.000	-78.227
488.000	123.037	8.677	0.000	-102.731
490.000	122.842	9.377	0.000	-87.679
492.000	122.874	10.264	0.000	-88.162
494.000	123.004	11.041	0.000	-70.503
496.000	123.028	10.477	0.000	-51.289
498.000	122.796	10.000	0.000	-73.836
500.000	122.896	10.245	0.000	-122.396
502.000	123.105	10.830	0.000	52.966
504.000	122.884	10.522	0.000	109.014
506.000	122.813	10.432	0.000	-125.623
508.000	123.002	10.504	0.000	-57.804
510.000	123.015	9.828	0.000	-81.206
512.000	122.857	10.562	0.000	123.873
514.000	122.857	9.859	0.000	72.687
516.000	123.004	9.412	0.000	12.550
518.000	123.022	10.513	0.000	15.714
520.000	122.781	10.495	0.000	11.432
522.000	122.910	11.221	0.000	-47.506
524.000	123.097	11.094	0.000	-126.839
526.000	122.856	10.789	0.000	-57.074
528.000	122.837	8.792	0.000	-143.965
530.000	122.983	9.591	0.000	4.435
532.000	123.017	9.705	0.000	17.372
534.000	122.835	9.643	0.000	137.427
536.000	122.862	10.323	0.000	-47.002
538.000	123.032	10.440	0.000	-45.233
540.000	122.959	10.300	0.000	78.309
542.000	122.801	9.921	0.000	75.004
544.000	122.912	10.209	0.000	-30.886
546.000	123.098	10.026	0.000	4.938
548.000	122.815	10.692	0.000	-64.531
550.000	122.851	10.931	0.000	-53.839
552.000	123.025	11.117	0.000	-73.458
554.000	122.949	11.268	0.000	-102.367
556.000	122.848	11.048	0.000	-84.919
558.000	122.858	10.254	0.000	13.585
560.000	123.060	9.165	0.000	57.925
562.000	122.910	10.061	0.000	-169.332
564.000	122.780	9.206	0.000	8.186
566.000	122.994	9.264	0.000	-77.975
568.000	123.022	9.055	0.000	6.627
570.000	122.793	9.157	0.000	-20.653
572.000	122.886	9.714	0.000	1.232
574.000	123.026	8.972	0.000	-51.361
576.000	122.915	9.724	0.000	-37.112
578.000	122.813	9.834	0.000	72.191
580.000	122.926	10.550	0.000	58.708
582.000	123.038	9.576	0.000	87.302
584.000	122.837	10.102	0.000	-88.179
586.000	122.820	10.404	0.000	-61.648
588.000	123.035	10.076	0.000	-78.129
590.000	122.955	9.848	0.000	-132.225
592.000	122.758	10.192	0.000	-28.355
594.000	122.974	10.660	0.000	-158.351
596.000	122.988	11.425	0.000	-95.351
598.000	122.861	10.229	0.000	-36.123
600.000	122.833	10.498	0.000	-41.892
602.000	122.973	11.299	0.000	-65.086
604.000	123.007	9.822	0.000	-95.746
606.000	122.748	8.873	0.000	-138.700
608.000	122.939	9.313	0.000	-109.833
610.000	123.024	9.522	0.000	-124.939
612.000	122.839	10.338	0.000	-123.028
614.000	122.819	8.767	0.000	-173.145
616.000	123.009	8.263	0.000	-160.649
618.000	122.938	10.228	0.000	-139.395
620.000	122.803	11.335	0.000	42.232
622.000	122.897	10.240	0.000	43.227
624.000	123.010	9.866	0.000	22.202
626.000	122.877	10.952	0.000	31.480
628.000	122.776	10.848	0.000	30.567
630.000	123.029	10.449	0.000	27.156
632.000	122.942	11.347	0.000	19.304
634.000	122.770	11.200	0.000	8.334
636.000	122.931	11.055	0.000	-30.780
638.000	122.993	9.936	0.000	-59.761
640.000	122.841	10.304	0.000	-70.116
642.000	122.830	10.281	0.000	-131.320
644.000	122.961	9.983	0.000	-165.251
646.000	122.981	10.789	0.000	-176.758
648.000	122.744	11.305	0.000	-35.334
650.000	122.935	11.425	0.000	-7.037
652.000	123.015	9.984	0.000	61.363
654.000	122.801	9.570	0.000	87.450
656.000	122.842	10.675	0.000	61.875
658.000	122.987	10.958	0.000	69.028
660.000	122.918	10.918	0.000	37.762
662.000	122.779	11.897	0.000	33.548
664.000	122.929	12.303	0.000	11.870
666.000	122.979	12.391	0.000	3.964
668.000	122.833	11.426	0.000	2.101
670.000	122.797	12.105	0.000	-7.251
672.000	123.051	12.108	0.000	-12.399
674.000	122.857	12.075	0.000	-19.436
676.000	122.791	13.139	0.000	-40.306
678.000	122.959	13.459	0.000	-29.190
680.000	122.941	13.061	0.000	-21.881
682.000	122.809	13.085	0.000	-28.763
684.000	122.850	12.730	0.000	-33.536
686.000	122.996	13.532	0.000	-35.872
688.000	122.871	14.030	0.000	-34.686
690.000	122.760	14.602	0.000	-48.838
692.000	123.001	15.530	0.000	-48.021
694.000	122.924	14.375	0.000	-41.664
696.000	122.764	14.370	0.000	-52.084
698.000	122.917	15.415	0.000	-54.351
700.000	122.960	16.173	0.000	-53.580
702.000	122.831	14.725	0.000	-60.922
704.000	122.808	15.779	0.000	-69.634
706.000	122.986	17.098	0.000	-74.102
708.000	122.890	16.579	0.000	-70.384
710.000	122.770	17.353	0.000	-82.132
712.000	122.923	18.682	0.000	-93.435
714.000	122.991	18.222	0.000	-88.971
716.000	122.734	17.096	0.000	-96.220
718.000	122.914	18.171	0.000	-100.223
720.000	122.941	17.687	0.000	-103.364
722.000	122.856	17.739	0.000	-111.246
724.000	122.785	18.049	0.000	-115.665
726.000	122.962	18.889	0.000	-116.602
728.000	122.923	18.657	0.000	-112.025
730.000	122.748	17.899	0.000	-123.744
732.000	122.913	19.925	0.000	-129.948
734.000	122.974	19.918	0.000	-123.759
736.000	122.761	19.067	0.000	-133.476
738.000	122.863	19.556	0.000	-138.710
740.000	122.961	19.390	0.000	-137.213
742.000	122.844	18.722	0.000	-138.756
744.000	122.784	18.945	0.000	-149.592
746.000	122.941	19.719	0.000	-153.433
748.000	122.924	19.327	0.000	-147.903
750.000	122.749	18.779	0.000	-154.333
752.000	122.892	19.149	0.000	-164.180
754.000	122.976	19.685	0.000	-159.398
756.000	122.756	19.105	0.000	-165.161
758.000	122.857	20.142	0.000	-169.774
760.000	122.961	20.157	0.000	-167.896
762.000	122.828	20.201	0.000	-175.358
764.000	122.795	20.634	0.000	-176.127
766.000	122.919	21.120	0.000	176.803
768.000	122.939	20.952	0.000	176.290
770.000	122.719	19.795	0.000	167.484
772.000	122.922	20.676	0.000	165.909
774.000	122.937	19.932	0.000	173.304
776.000	122.766	19.358	0.000	164.507
778.000	122.841	20.523	0.000	162.573
780.000	122.963	20.833	0.000	165.128
782.000	122.808	20.156	0.000	162.797
784.000	122.794	20.629	0.000	160.953
786.000	122.927	21.485	0.000	160.704
788.000	122.901	21.462	0.000	159.322
790.000	122.728	21.796	0.000	151.755
792.000	122.923	23.290	0.000	151.647
794.000	122.927	23.265	0.000	159.245
796.000	122.738	22.836	0.000	154.327
798.000	122.878	24.414	0.000	152.607
800.000	122.931	24.992	0.000	157.766
802.000	122.795	26.220	0.000	156.030
804.000	122.799	27.819	0.000	154.951
806.000	122.941	29.921	0.000	151.806
808.000	122.862	30.641	0.000	154.560
810.000	122.729	32.376	0.000	139.749
812.000	122.960	35.135	0.000	141.855
814.000	122.866	35.744	0.000	136.862
816.000	122.747	38.302	0.000	121.874
818.000	122.892	40.912	0.000	114.253
820.000	122.913	42.835	0.000	102.664
822.000	122.762	44.282	0.000	83.582
824.000	122.829	46.454	0.000	62.179
826.000	122.941	47.818	0.000	47.409
828.000	122.799	47.875	0.000	28.857
830.000	122.768	48.915	0.000	2.221
832.000	122.966	50.413	0.000	-10.352
834.000	122.812	49.688	0.000	-27.663
836.000	122.757	50.584	0.000	-59.769
838.000	122.933	50.931	0.000	-74.100
840.000	122.845	49.476	0.000	-99.362
842.000	122.769	48.246	0.000	-122.254
844.000	122.850	46.345	0.000	-144.080
846.000	122.940	44.593	0.000	-153.820
848.000	122.721	41.000	0.000	-159.512
850.000	122.857	40.249	0.000	-163.015
852.000	122.930	40.138	0.000	-153.877
854.000	122.757	40.419	0.000	-165.878
856.000	122.802	42.092	0.000	-179.441
858.000	122.938	42.155	0.000	166.572
860.000	122.788	40.937	0.000	146.711
862.000	122.779	39.363	0.000	125.526
864.000	122.899	37.821	0.000	111.268
866.000	122.866	35.006	0.000	104.865
868.000	122.709	31.370	0.000	93.910
870.000	122.929	29.438	0.000	93.867
872.000	122.859	26.484	0.000	106.541
874.000	122.730	24.066	0.000	121.960
876.000	122.876	24.984	0.000	141.225
878.000	122.885	25.636	0.000	153.155
880.000	122.749	26.924	0.000	154.459
882.000	122.820	28.112	0.000	155.997
884.000	122.917	30.018	0.000	159.637
886.000	122.763	30.036	0.000	161.144
888.000	122.782	32.590	0.000	154.622
890.000	122.950	34.062	0.000	161.897
892.000	122.752	35.385	0.000	151.151
894.000	122.782	38.012	0.000	143.571
896.000	122.906	39.861	0.000	134.684
898.000	122.810	40.648	0.000	121.947
900.000	122.748	41.728	0.000	102.499
902.000	122.888	42.837	0.000	89.901
904.000	122.854	42.751	0.000	79.111
906.000	122.709	42.228	0.000	61.357
908.000	122.896	43.352	0.000	49.756
910.000	122.863	42.599	0.000	46.492
912.000	122.715	42.367	0.000	27.988
914.000	122.865	43.486	0.000	22.577
916.000	122.866	43.440	0.000	13.276
918.000	122.743	43.993	0.000	-2.391
920.000	122.810	44.781	0.000	-19.594
922.000	122.903	45.639	0.000	-34.257
924.000	122.742	44.822	0.000	-50.861
926.000	122.789	45.643	0.000	-80.326
928.000	122.923	45.908	0.000	-89.405
930.000	122.734	44.581	0.000	-118.170
932.000	122.789	45.313	0.000	-141.865
934.000	122.892	45.036	0.000	-162.262
936.000	122.777	44.648	0.000	175.350
938.000	122.756	44.835	0.000	146.935
940.000	122.883	45.691	0.000	128.554
942.000	122.814	45.136	0.000	109.663
944.000	122.713	44.986	0.000	82.171
946.000	122.912	45.723	0.000	66.997
948.000	122.799	44.290	0.000	58.579
950.000	122.730	44.006	0.000	40.392
952.000	122.874	44.722	0.000	41.695
954.000	122.821	45.117	0.000	33.404
956.000	122.732	46.491	0.000	23.730
958.000	122.834	48.058	0.000	8.171
960.000	122.871	49.024	0.000	1.071
962.000	122.696	48.523	0.000	-19.687
964.000	122.856	50.068	0.000	-34.171
966.000	122.853	49.046	0.000	-40.101
968.000	122.719	48.223	0.000	-59.111
970.000	122.819	48.379	0.000	-65.057
972.000	122.868	47.946	0.000	-69.973
974.000	122.721	47.595	0.000	-78.716
976.000	122.805	48.235	0.000	-88.083
978.000	122.867	48.522	0.000	-92.241
980.000	122.741	47.745	0.000	-100.760
982.000	122.768	48.549	0.000	-113.101
984.000	122.908	48.905	0.000	-113.142
986.000	122.708	48.039	0.000	-125.765
988.000	122.795	49.225	0.000	-135.775
990.000	122.861	48.987	0.000	-141.463
992.000	122.751	48.536	0.000	-156.285
994.000	122.755	48.216	0.000	-168.642
996.000	122.876	47.893	0.000	-179.498
998.000	122.761	46.157	0.000	175.562
1000.000	122.727	44.655	0.000	159.412
1002.000	122.908	43.969	0.000	163.870
1004.000	122.730	40.815	0.000	163.337
1006.000	122.756	40.100	0.000	167.602
1008.000	122.862	39.793	0.000	-178.461
1010.000	122.768	40.404	0.000	-167.379
1012.000	122.729	42.520	0.000	-167.256
1014.000	122.866	44.727	0.000	-166.173
1016.000	122.780	45.624	0.000	-171.479
1018.000	122.702	46.902	0.000	174.208
1020.000	122.894	48.805	0.000	168.864
1022.000	122.754	48.333	0.000	161.743
1024.000	122.731	49.620	0.000	143.824
1026.000	122.857	50.017	0.000	139.502
1028.000	122.773	49.734	0.000	124.977
1030.000	122.720	49.578	0.000	112.444
1032.000	122.847	49.780	0.000	98.955
1034.000	122.795	48.832	0.000	93.273
1036.000	122.691	47.155	0.000	74.454
1038.000	122.880	46.809	0.000	69.070
1040.000	122.759	43.605	0.000	67.110
1042.000	122.721	40.683	0.000	64.841
1044.000	122.847	39.386	0.000	92.105
1046.000	122.776	41.116	0.000	115.940
1048.000	122.716	44.599	0.000	118.384
1050.000	122.833	48.145	0.000	115.223
1052.000	122.797	49.696	0.000	107.078
1054.000	122.687	51.162	0.000	87.392
1056.000	122.869	53.098	0.000	77.684
1058.000	122.762	52.925	0.000	68.146
1060.000	122.715	53.864	0.000	46.851
1062.000	122.839	54.611	0.000	40.629
1064.000	122.773	54.103	0.000	25.609
1066.000	122.712	54.237	0.000	12.713
1068.000	122.824	54.602	0.000	-0.862
1070.000	122.799	54.400	0.000	-5.622
1072.000	122.678	53.741	0.000	-25.215
1074.000	122.868	54.707	0.000	-30.410
1076.000	122.752	53.251	0.000	-40.065
1078.000	122.716	53.458	0.000	-55.097
1080.000	122.831	53.422	0.000	-62.460
1082.000	122.770	52.873	0.000	-72.228
1084.000	122.705	52.458	0.000	-86.364
1086.000	122.831	52.740	0.000	-94.646
1088.000	122.777	52.107	0.000	-101.907
1090.000	122.683	51.879	0.000	-118.172
1092.000	122.866	52.931	0.000	-126.100
1094.000	122.736	51.940	0.000	-136.284
1096.000	122.719	52.626	0.000	-157.561
1098.000	122.834	52.665	0.000	-167.091
1100.000	122.745	52.097	0.000	172.388
1102.000	122.712	51.803	0.000	152.425
1104.000	122.837	51.787	0.000	132.248
1106.000	122.744	50.607	0.000	118.195
1108.000	122.706	49.698	0.000	88.424
1110.000	122.857	49.723	0.000	77.297
1112.000	122.711	47.614	0.000	56.770
1114.000	122.733	47.670	0.000	36.345
1116.000	122.833	47.123	0.000	23.191
1118.000	122.717	46.637	0.000	6.795
1120.000	122.730	46.934	0.000	-13.636
1122.000	122.831	47.744	0.000	-25.295
1124.000	122.714	47.364	0.000	-42.387
1126.000	122.732	48.377	0.000	-64.816
1128.000	122.841	49.227	0.000	-75.879
1130.000	122.688	48.495	0.000	-96.971
1132.000	122.759	49.662	0.000	-116.933
1134.000	122.813	48.992	0.000	-128.608
1136.000	122.705	48.552	0.000	-148.299
1138.000	122.738	48.119	0.000	-163.505
1140.000	122.838	48.330	0.000	-172.991
1142.000	122.671	46.803	0.000	175.162
1144.000	122.781	47.560	0.000	162.044
1146.000	122.803	46.917	0.000	160.236
1148.000	122.679	46.741	0.000	145.073
1150.000	122.781	47.638	0.000	138.294
1152.000	122.793	47.736	0.000	129.717
1154.000	122.682	48.001	0.000	116.314
1156.000	122.779	48.967	0.000	103.935
1158.000	122.798	49.168	0.000	95.874
1160.000	122.658	48.946	0.000	77.944
1162.000	122.820	50.068	0.000	66.471
1164.000	122.755	49.337	0.000	58.513
1166.000	122.682	49.421	0.000	38.981
1168.000	122.816	49.754	0.000	33.439
1170.000	122.735	48.996	0.000	21.243
1172.000	122.697	49.021	0.000	10.990
1174.000	122.810	49.435	0.000	1.457
1176.000	122.734	49.137	0.000	-2.129
1178.000	122.695	49.479	0.000	-18.096
1180.000	122.826	50.365	0.000	-18.826
1182.000	122.699	49.677	0.000	-31.244
1184.000	122.725	50.757	0.000	-41.201
1186.000	122.805	51.053	0.000	-47.820
1188.000	122.704	51.218	0.000	-57.774
1190.000	122.718	52.137	0.000	-71.468
1192.000	122.820	52.839	0.000	-77.873
1194.000	122.676	52.501	0.000	-91.666
1196.000	122.746	53.506	0.000	-106.814
1198.000	122.810	53.763	0.000	-111.995
1200.000	122.653	53.223	0.000	-130.994
1202.000	122.792	54.262	0.000	-139.711
1204.000	122.761	53.458	0.000	-151.641
1206.000	122.683	53.322	0.000	-164.971
1208.000	122.773	53.397	0.000	-179.769
1210.000	122.778	52.949	0.000	174.163
1212.000	122.656	51.724	0.000	155.602
1214.000	122.814	51.937	0.000	148.526
1216.000	122.725	50.059	0.000	140.803
1218.000	122.687	49.353	0.000	127.615
1220.000	122.811	48.386	0.000	125.719
1222.000	122.704	46.848	0.000	120.707
1224.000	122.703	45.856	0.000	118.562
1226.000	122.810	45.790	0.000	122.314
1228.000	122.685	45.027	0.000	124.812
1230.000	122.725	46.179	0.000	123.656
1232.000	122.803	47.048	0.000	127.064
1234.000	122.663	47.555	0.000	119.461
1236.000	122.766	49.478	0.000	115.484
1238.000	122.760	49.630	0.000	109.871
1240.000	122.686	50.689	0.000	100.369
1242.000	122.752	51.687	0.000	89.835
1244.000	122.776	52.525	0.000	84.929
1246.000	122.655	52.708	0.000	67.494
1248.000	122.799	54.132	0.000	59.750
1250.000	122.726	53.438	0.000	48.177
1252.000	122.684	54.065	0.000	31.058
1254.000	122.795	54.118	0.000	21.693
1256.000	122.707	53.578	0.000	8.510
1258.000	122.693	53.407	0.000	-7.400
1260.000	122.807	53.318	0.000	-16.471
1262.000	122.674	51.941	0.000	-29.038
1264.000	122.725	51.523	0.000	-44.443
1266.000	122.801	50.768	0.000	-48.512
1268.000	122.646	48.778	0.000	-61.674
1270.000	122.782	48.332	0.000	-65.480
1272.000	122.739	46.519	0.000	-67.728
1274.000	122.678	45.796	0.000	-69.853
1276.000	122.774	45.772	0.000	-71.583
1278.000	122.735	45.504	0.000	-70.378
1280.000	122.671	45.422	0.000	-79.304
1282.000	122.796	46.352	0.000	-79.895
1284.000	122.696	45.518	0.000	-85.683
1286.000	122.707	46.104	0.000	-93.669
1288.000	122.777	45.841	0.000	-96.813
1290.000	122.690	45.687	0.000	-101.954
1292.000	122.712	46.056	0.000	-109.832
1294.000	122.788	46.535	0.000	-110.869
1296.000	122.655	46.365	0.000	-119.386
1298.000	122.757	47.629	0.000	-127.829
1300.000	122.758	48.014	0.000	-131.250
1302.000	122.657	48.548	0.000	-149.300
1304.000	122.783	49.425	0.000	-155.774
1306.000	122.715	49.085	0.000	-172.076
1308.000	122.678	49.022	0.000	173.053
1310.000	122.787	49.289	0.000	157.105
1312.000	122.690	48.077	0.000	146.422
1314.000	122.705	47.507	0.000	124.272
1316.000	122.785	46.640	0.000	118.304
1318.000	122.664	44.540	0.000	100.107
1320.000	122.738	43.635	0.000	89.981
1322.000	122.759	41.824	0.000	81.457
1324.000	122.663	39.969	0.000	71.486
1326.000	122.758	38.814	0.000	63.926
1328.000	122.742	37.129	0.000	60.526
1330.000	122.651	35.297	0.000	50.974
1332.000	122.807	34.628	0.000	48.665
1334.000	122.675	32.351	0.000	45.336
1336.000	122.711	31.437	0.000	38.809
1338.000	122.771	30.039	0.000	38.828
1340.000	122.669	28.569	0.000	33.138
1342.000	122.728	27.666	0.000	30.248
1344.000	122.766	26.879	0.000	30.785
1346.000	122.646	25.043	0.000	25.440
1348.000	122.783	25.137	0.000	23.158
1350.000	122.707	23.585	0.000	21.770
1352.000	122.682	22.577	0.000	15.116
1354.000	122.773	20.916	0.000	17.064
1356.000	122.690	20.076	0.000	16.276
1358.000	122.697	18.550	0.000	15.680
1360.000	122.780	17.484	0.000	19.234
1362.000	122.656	16.747	0.000	16.236
1364.000	122.744	16.943	0.000	13.658
1366.000	122.749	16.756	0.000	19.567
1368.000	122.651	15.786	0.000	11.876
1370.000	122.782	14.301	0.000	11.711
1372.000	122.697	13.727	0.000	10.867
1374.000	122.682	13.096	0.000	9.457
1376.000	122.788	13.220	0.000	-1.585
1378.000	122.660	12.294	0.000	-11.054
1380.000	122.736	11.868	0.000	3.205
1382.000	122.750	11.875	0.000	18.755
1384.000	122.661	11.813	0.000	5.675
1386.000	122.759	11.764	0.000	21.553
1388.000	122.717	12.051	0.000	16.595
1390.000	122.676	11.397	0.000	-2.624
1392.000	122.767	11.164	0.000	-2.719
1394.000	122.695	11.277	0.000	13.952
1396.000	122.692	11.620	0.000	4.076
1398.000	122.782	11.534	0.000	-10.044
1400.000	122.645	10.996	0.000	-37.689
1402.000	122.756	11.415	0.000	-37.630
1404.000	122.729	11.100	0.000	-44.164
1406.000	122.661	11.634	0.000	-62.768
1408.000	122.776	12.595	0.000	-86.310
1410.000	122.692	12.062	0.000	-98.795
1412.000	122.692	12.105	0.000	-131.031
1414.000	122.774	13.263	0.000	-134.375
1416.000	122.659	12.632	0.000	-139.008
1418.000	122.739	11.350	0.000	-157.201
1420.000	122.737	11.714	0.000	175.365
1422.000	122.666	11.514	0.000	166.353
1424.000	122.758	11.185	0.000	148.709
1426.000	122.714	11.073	0.000	149.878
1428.000	122.666	11.455	0.000	144.765
1430.000	122.797	12.424	0.000	153.370
1432.000	122.650	11.993	0.000	146.972
1434.000	122.740	12.588	0.000	142.220
1436.000	122.743	12.299	0.000	134.356
1438.000	122.654	12.574	0.000	128.845
1440.000	122.770	12.636	0.000	120.317
1442.000	122.701	11.838	0.000	110.010
1444.000	122.683	12.608	0.000	111.006
1446.000	122.777	13.049	0.000	113.781
1448.000	122.659	12.468	0.000	110.498
1450.000	122.736	12.720	0.000	107.131
1452.000	122.736	12.302	0.000	92.115
1454.000	122.667	13.970	0.000	91.085
1456.000	122.755	12.841	0.000	94.751
1458.000	122.711	12.132	0.000	89.359
1460.000	122.674	12.676	0.000	88.144
1462.000	122.784	13.216	0.000	79.200
1464.000	122.653	14.122	0.000	80.102
1466.000	122.742	13.807	0.000	85.908
1468.000	122.728	12.930	0.000	75.738
1470.000	122.670	13.168	0.000	75.934
1472.000	122.758	12.889	0.000	79.360
1474.000	122.698	12.149	0.000	78.481
1476.000	122.701	12.332	0.000	68.113
1478.000	122.758	11.944	0.000	66.647
1480.000	122.669	11.346	0.000	61.282
1482.000	122.735	11.675	0.000	56.672
1484.000	122.731	12.677	0.000	58.863
1486.000	122.670	12.174	0.000	49.979
1488.000	122.764	12.762	0.000	59.477
1490.000	122.689	12.637	0.000	59.596
1492.000	122.704	11.793	0.000	55.738
1494.000	122.762	11.839	0.000	50.405
1496.000	122.655	11.257	0.000	40.660
1498.000	122.761	11.260	0.000	51.219
1500.000	122.705	11.618	0.000	28.835
1502.000	122.685	11.175	0.000	20.058
1504.000	122.767	11.793	0.000	18.494
1506.000	122.673	11.721	0.000	12.348
1508.000	122.727	11.323	0.000	23.613
1510.000	122.745	9.897	0.000	23.398
1512.000	122.662	10.482	0.000	1.280
1514.000	122.763	10.287	0.000	17.239
1516.000	122.700	10.824	0.000	17.792
1518.000	122.688	10.199	0.000	12.930
1520.000	122.777	10.196	0.000	-1.766
1522.000	122.650	10.055	0.000	1.665
1524.000	122.761	10.581	0.000	14.716
1526.000	122.707	10.678	0.000	10.734
1528.000	122.700	10.047	0.000	28.061
1530.000	122.749	9.847	0.000	15.147
1532.000	122.693	10.784	0.000	44.642
1534.000	122.715	10.480	0.000	25.436
1536.000	122.751	10.262	0.000	14.648
1538.000	122.664	9.396	0.000	13.304
1540.000	122.767	9.851	0.000	20.511
1542.000	122.693	9.830	0.000	-16.926
1544.000	122.704	10.051	0.000	-24.853
1546.000	122.759	9.473	0.000	-0.384
1548.000	122.664	9.994	0.000	-0.654
1550.000	122.753	10.946	0.000	-10.188
1552.000	122.715	9.122	0.000	16.624
1554.000	122.685	8.634	0.000	-0.061
1556.000	122.772	10.604	0.000	-7.482
1558.000	122.669	10.772	0.000	-24.118
1560.000	122.739	10.437	0.000	-19.302
1562.000	122.732	10.194	0.000	-39.366
1564.000	122.675	9.370	0.000	-28.072
1566.000	122.767	10.804	0.000	-25.147
1568.000	122.687	10.708	0.000	-28.523
1570.000	122.719	10.416	0.000	-40.660
1572.000	122.755	11.265	0.000	-28.669
1574.000	122.666	11.341	0.000	-42.073
1576.000	122.765	10.863	0.000	-41.191
1578.000	122.696	10.230	0.000	-17.864
1580.000	122.708	9.956	0.000	-37.077
1582.000	122.758	9.754	0.000	-72.778
1584.000	122.671	9.617	0.000	-46.687
1586.000	122.757	9.225	0.000	-49.190
1588.000	122.712	9.465	0.000	-84.719
1590.000	122.695	10.021	0.000	-80.569
1592.000	122.765	10.675	0.000	-60.524
1594.000	122.675	10.301	0.000	-61.774
1596.000	122.745	9.896	0.000	-85.513
1598.000	122.729	9.587	0.000	-88.464
1600.000	122.688	10.092	0.000	-78.146
1602.000	122.767	10.907	0.000	-69.410
1604.000	122.682	11.286	0.000	-74.654
1606.000	122.739	10.663	0.000	-99.385
1608.000	122.733	10.669	0.000	-96.741
1610.000	122.684	10.796	0.000	-78.927
1612.000	122.765	10.713	0.000	-91.613
1614.000	122.697	10.758	0.000	-108.515
1616.000	122.716	10.083	0.000	-99.834
1618.000	122.763	9.258	0.000	-107.748
1620.000	122.663	9.130	0.000	-130.340
1622.000	122.780	11.088	0.000	-126.733
1624.000	122.688	10.973	0.000	-97.969
1626.000	122.723	9.789	0.000	-88.819
1628.000	122.756	10.222	0.000	-109.860
1630.000	122.675	10.842	0.000	-108.106
1632.000	122.766	10.104	0.000	-110.952
1634.000	122.707	10.161	0.000	-103.657
1636.000	122.708	9.548	0.000	-109.481
1638.000	122.766	10.586	0.000	-105.909
1640.000	122.668	11.504	0.000	-108.778
1642.000	122.771	11.143	0.000	-128.244
1644.000	122.703	10.969	0.000	-131.657
1646.000	122.716	10.419	0.000	-149.588
1648.000	122.764	10.170	0.000	-147.367
1650.000	122.680	8.747	0.000	-155.552
1652.000	122.758	9.004	0.000	-130.690
1654.000	122.718	9.456	0.000	-134.282
1656.000	122.702	9.880	0.000	-161.444
1658.000	122.772	11.283	0.000	-151.998
1660.000	122.670	11.050	0.000	-167.565
1662.000	122.772	10.776	0.000	-163.032
1664.000	122.708	10.783	0.000	-146.296
1666.000	122.714	11.085	0.000	-160.852
1668.000	122.760	11.127	0.000	-166.246
1670.000	122.686	10.725	0.000	-156.197
1672.000	122.754	9.904	0.000	-159.638
1674.000	122.724	10.427	0.000	-165.138
1676.000	122.706	10.687	0.000	-162.063
1678.000	122.772	10.400	0.000	-166.794
1680.000	122.673	10.136	0.000	166.749
1682.000	122.772	10.045	0.000	157.768
1684.000	122.715	10.796	0.000	-179.221
1686.000	122.704	11.333	0.000	171.078
1688.000	122.786	11.220	0.000	-170.584
1690.000	122.666	10.020	0.000	-171.805
1692.000	122.781	10.293	0.000	-172.897
1694.000	122.700	10.300	0.000	-163.027
1696.000	122.735	10.041	0.000	161.025
1698.000	122.746	9.853	0.000	-172.776
1700.000	122.701	10.163	0.000	172.861
1702.000	122.754	9.811	0.000	155.465
1704.000	122.725	9.637	0.000	142.046
1706.000	122.711	9.177	0.000	151.305
1708.000	122.774	9.172	0.000	-178.336
1710.000	122.677	9.560	0.000	169.466
1712.000	122.781	10.456	0.000	160.684
1714.000	122.699	9.235	0.000	153.081
1716.000	122.738	9.971	0.000	135.035
1718.000	122.753	8.722	0.000	139.449
1720.000	122.692	8.448	0.000	-169.696
1722.000	122.774	9.795	0.000	138.134
1724.000	122.709	10.789	0.000	129.899
1726.000	122.730	10.432	0.000	129.286
1728.000	122.762	9.813	0.000	133.689
1730.000	122.682	9.809	0.000	127.352
1732.000	122.788	9.532	0.000	119.577
1734.000	122.686	9.195	0.000	137.124
1736.000	122.766	9.481	0.000	147.069
1738.000	122.726	9.761	0.000	139.508
1740.000	122.721	10.104	0.000	140.110
1742.000	122.760	9.536	0.000	131.582
1744.000	122.703	9.352	0.000	83.160
1746.000	122.754	9.366	0.000	90.123
1748.000	122.736	9.668	0.000	161.959
1750.000	122.713	9.301	0.000	-169.853
1752.000	122.772	9.578	0.000	-176.812
1754.000	122.695	9.189	0.000	82.853
1756.000	122.766	8.889	0.000	123.973
1758.000	122.726	8.705	0.000	128.782
1760.000	122.717	8.805	0.000	178.438
1762.000	122.779	9.279	0.000	151.281
1764.000	122.685	9.178	0.000	145.098
1766.000	122.787	9.680	0.000	154.498
1768.000	122.696	8.818	0.000	157.552
1770.000	122.762	8.702	0.000	107.975
1772.000	122.737	9.082	0.000	153.960
1774.000	122.714	10.256	0.000	-177.888
1776.000	122.776	10.590	0.000	-175.140
1778.000	122.704	10.314	0.000	-178.890
1780.000	122.756	9.289	0.000	143.802
1782.000	122.744	9.520	0.000	130.124
1784.000	122.709	9.488	0.000	141.128
1786.000	122.783	9.099	0.000	151.843
1788.000	122.687	9.106	0.000	134.103
1790.000	122.781	9.689	0.000	163.182
1792.000	122.715	9.406	0.000	141.304
1794.000	122.745	9.173	0.000	127.721
1796.000	122.751	9.912	0.000	172.146
1798.000	122.723	9.356	0.000	171.211
1800.000	122.757	9.551	0.000	171.096
1802.000	122.732	9.924	0.000	153.550
1804.000	122.732	9.118	0.000	140.752
1806.000	122.765	9.515	0.000	169.561
1808.000	122.700	10.485	0.000	122.353
1810.000	122.793	10.835	0.000	99.999
1812.000	122.693	10.557	0.000	90.126
1814.000	122.771	11.137	0.000	129.860
1816.000	122.734	10.404	0.000	137.840
1818.000	122.724	9.153	0.000	178.265
1820.000	122.779	9.104	0.000	135.667
1822.000	122.693	9.917	0.000	131.052
1824.000	122.792	7.659	0.000	167.717
1826.000	122.700	7.620	0.000	84.598
1828.000	122.772	9.481	0.000	158.228
1830.000	122.732	10.194	0.000	132.974
1832.000	122.736	8.663	0.000	94.040
1834.000	122.766	10.214	0.000	124.518
1836.000	122.721	10.553	0.000	130.003
1838.000	122.760	9.303	0.000	128.455
1840.000	122.744	9.664	0.000	127.314
1842.000	122.725	9.702	0.000	73.093
1844.000	122.776	8.539	0.000	126.586
1846.000	122.702	8.076	0.000	86.879
1848.000	122.786	9.215	0.000	80.862
1850.000	122.715	9.107	0.000	-165.333
1852.000	122.755	9.113	0.000	113.173
1854.000	122.756	8.487	0.000	136.191
1856.000	122.722	9.498	0.000	149.270
1858.000	122.781	9.893	0.000	147.112
1860.000	122.703	10.062	0.000	98.614
1862.000	122.783	8.939	0.000	139.193
1864.000	122.719	9.572	0.000	130.473
1866.000	122.764	8.898	0.000	94.847
1868.000	122.744	7.785	0.000	18.975
1870.000	122.734	9.261	0.000	122.799
1872.000	122.768	8.967	0.000	-168.635
1874.000	122.725	7.068	0.000	-132.857
1876.000	122.761	8.577	0.000	81.166
1878.000	122.745	8.999	0.000	120.173
1880.000	122.736	9.579	0.000	-167.700
1882.000	122.773	9.524	0.000	-177.172
1884.000	122.722	9.046	0.000	109.858
1886.000	122.765	8.094	0.000	49.602
1888.000	122.745	9.978	0.000	76.917
1890.000	122.737	9.711	0.000	90.854
1892.000	122.779	9.462	0.000	108.543
1894.000	122.708	10.170	0.000	120.028
1896.000	122.798	10.531	0.000	131.707
1898.000	122.699	10.571	0.000	86.675
1900.000	122.795	9.568	0.000	72.482
1902.000	122.717	8.604	0.000	63.185
1904.000	122.762	8.466	0.000	81.907
1906.000	122.762	9.472	0.000	65.500
1908.000	122.718	8.924	0.000	38.355
1910.000	122.799	9.596	0.000	54.896
1912.000	122.695	10.308	0.000	55.342
1914.000	122.803	10.662	0.000	42.585
1916.000	122.713	10.996	0.000	53.075
1918.000	122.769	9.879	0.000	57.458
1920.000	122.751	9.956	0.000	36.815
1922.000	122.735	9.326	0.000	31.877
1924.000	122.780	9.881	0.000	19.182
1926.000	122.719	10.277	0.000	12.245
1928.000	122.781	10.784	0.000	9.836
1930.000	122.726	11.301	0.000	-4.193
1932.000	122.769	11.308	0.000	-13.356
1934.000	122.748	10.482	0.000	-6.486
1936.000	122.744	12.284	0.000	-11.117
1938.000	122.772	13.305	0.000	-23.786
1940.000	122.731	12.759	0.000	-44.402
1942.000	122.772	13.517	0.000	-45.536
1944.000	122.738	14.756	0.000	-57.740
1946.000	122.755	15.625	0.000	-64.784
1948.000	122.762	15.057	0.000	-68.089
1950.000	122.738	15.123	0.000	-76.040
1952.000	122.774	14.646	0.000	-80.787
1954.000	122.732	15.000	0.000	-94.925
1956.000	122.766	15.410	0.000	-97.198
1958.000	122.750	15.550	0.000	-104.066
1960.000	122.746	15.648	0.000	-115.008
1962.000	122.771	15.776	0.000	-121.953
1964.000	122.727	16.267	0.000	-132.800
1966.000	122.784	15.876	0.000	-132.720
1968.000	122.729	16.844	0.000	-135.260
1970.000	122.775	17.489	0.000	-141.523
1972.000	122.741	16.478	0.000	-150.171
1974.000	122.757	17.337	0.000	-158.859
1976.000	122.763	17.182	0.000	-163.380
1978.000	122.740	16.590	0.000	-170.372
1980.000	122.778	16.289	0.000	-176.221
1982.000	122.724	15.901	0.000	172.366
1984.000	122.782	15.484	0.000	167.726
1986.000	122.735	15.119	0.000	167.863
1988.000	122.763	15.656	0.000	171.657
1990.000	122.759	14.587	0.000	171.148
1992.000	122.740	14.797	0.000	162.686
1994.000	122.779	14.399	0.000	166.753
1996.000	122.732	14.589	0.000	163.348
1998.000	122.775	15.150	0.000	166.431
2000.000	122.738	15.416	0.000	168.177
