2000.000	122.820	10.996	0.000	-159.294
2.000	122.874	11.700	0.000	-137.128
4.000	123.085	12.020	0.000	-151.987
6.000	123.106	11.145	0.000	-147.438
8.000	122.953	10.686	0.000	-131.954
10.000	122.811	9.972	0.000	167.444
12.000	122.911	10.501	0.000	139.957
14.000	123.178	11.184	0.000	149.392
16.000	123.100	11.070	0.000	-176.950
18.000	122.765	10.176	0.000	129.733
20.000	122.865	11.137	0.000	120.886
22.000	123.140	11.701	0.000	115.132
24.000	123.065	11.011	0.000	32.995
26.000	122.928	11.165	0.000	168.660
28.000	122.895	11.221	0.000	140.557
30.000	122.891	10.783	0.000	109.772
32.000	123.091	10.062	0.000	121.796
34.000	123.157	11.750	0.000	99.713
36.000	122.832	12.160	0.000	141.072
38.000	122.785	11.683	0.000	140.650
40.000	123.125	11.396	0.000	168.090
42.000	123.142	11.698	0.000	127.110
44.000	122.905	10.844	0.000	-90.160
46.000	122.839	10.082	0.000	-72.255
48.000	122.952	10.169	0.000	-144.935
50.000	123.115	11.631	0.000	-19.614
52.000	123.078	12.391	0.000	-44.134
54.000	122.841	11.815	0.000	-55.018
56.000	122.860	10.444	0.000	-130.012
58.000	123.072	9.364	0.000	-130.388
60.000	123.099	11.036	0.000	-122.364
62.000	122.976	10.461	0.000	-96.473
64.000	122.822	10.119	0.000	-105.058
66.000	122.901	10.947	0.000	-125.631
68.000	123.191	11.880	0.000	-130.917
70.000	123.086	12.995	0.000	-129.753
72.000	122.748	11.240	0.000	-161.144
74.000	122.919	10.867	0.000	-161.267
76.000	123.145	10.483	0.000	-163.307
78.000	123.024	10.081	0.000	-156.920
80.000	122.940	9.413	0.000	-140.956
82.000	122.883	10.845	0.000	-164.603
84.000	122.913	11.117	0.000	-165.520
86.000	123.163	11.565	0.000	-166.897
88.000	123.076	10.231	0.000	-153.536
90.000	122.752	11.159	0.000	-175.276
92.000	122.919	11.412	0.000	166.767
94.000	123.166	11.768	0.000	154.120
96.000	123.047	12.111	0.000	169.943
98.000	122.872	11.783	0.000	-178.438
100.000	122.857	12.649	0.000	177.752
102.000	123.040	12.115	0.000	168.686
104.000	123.149	11.954	0.000	149.092
106.000	122.930	12.570	0.000	144.690
108.000	122.820	12.382	0.000	168.601
110.000	122.998	12.514	0.000	133.802
112.000	123.088	12.662	0.000	127.558
114.000	123.051	11.601	0.000	136.915
116.000	122.874	10.924	0.000	125.914
118.000	122.816	12.049	0.000	112.907
120.000	123.143	12.453	0.000	116.116
122.000	123.158	11.917	0.000	117.442
124.000	122.789	11.290	0.000	123.761
126.000	122.875	10.501	0.000	105.604
128.000	123.108	12.172	0.000	99.487
130.000	123.044	13.118	0.000	98.103
132.000	122.973	12.968	0.000	76.313
134.000	122.868	13.096	0.000	79.554
136.000	122.905	12.180	0.000	79.589
138.000	123.164	11.564	0.000	69.768
140.000	123.057	12.599	0.000	62.702
142.000	122.777	12.691	0.000	58.215
144.000	122.927	12.135	0.000	38.059
146.000	123.132	11.542	0.000	52.642
148.000	123.062	11.907	0.000	50.595
150.000	122.860	12.330	0.000	35.702
152.000	122.850	12.399	0.000	32.095
154.000	123.098	12.782	0.000	18.683
156.000	123.107	11.033	0.000	27.873
158.000	122.881	11.229	0.000	17.962
160.000	122.876	11.855	0.000	-1.819
162.000	122.997	12.386	0.000	-14.214
164.000	123.097	11.732	0.000	-12.201
166.000	123.034	12.568	0.000	-0.259
168.000	122.785	11.832	0.000	1.401
170.000	122.931	12.923	0.000	-21.144
172.000	123.209	13.772	0.000	-34.065
174.000	122.988	12.562	0.000	-44.456
176.000	122.791	12.026	0.000	-42.940
178.000	122.978	12.550	0.000	-47.921
180.000	123.088	12.686	0.000	-58.743
182.000	123.034	12.922	0.000	-79.141
184.000	122.893	14.003	0.000	-89.304
186.000	122.859	12.580	0.000	-103.738
188.000	123.066	12.657	0.000	-106.293
190.000	123.120	12.032	0.000	-101.481
192.000	122.892	11.796	0.000	-103.350
194.000	122.817	12.085	0.000	-115.018
196.000	123.059	12.349	0.000	-116.316
198.000	123.148	12.759	0.000	-114.341
200.000	122.891	12.545	0.000	-115.116
202.000	122.821	12.499	0.000	-110.477
204.000	123.055	12.240	0.000	-124.228
206.000	123.094	13.083	0.000	-121.064
208.000	122.949	12.202	0.000	-121.152
210.000	122.859	12.257	0.000	-131.117
212.000	122.944	12.412	0.000	-132.418
214.000	123.123	13.121	0.000	-140.687
216.000	123.028	12.664	0.000	-139.103
218.000	122.799	11.189	0.000	-134.713
220.000	122.930	12.235	0.000	-138.018
222.000	123.152	12.089	0.000	-137.470
224.000	123.022	11.976	0.000	-141.558
226.000	122.797	12.200	0.000	-147.509
228.000	122.944	11.945	0.000	-154.383
230.000	123.126	10.894	0.000	-149.239
232.000	122.997	12.856	0.000	-160.882
234.000	122.878	13.555	0.000	-166.722
236.000	122.903	12.674	0.000	-154.534
238.000	123.039	12.394	0.000	-147.421
240.000	123.122	12.560	0.000	-155.132
242.000	122.858	11.916	0.000	-153.952
244.000	122.820	11.217	0.000	-159.328
246.000	123.148	12.365	0.000	-153.319
248.000	123.067	12.217	0.000	-163.644
250.000	122.834	11.949	0.000	173.497
252.000	122.901	12.668	0.000	178.998
254.000	123.048	13.054	0.000	-159.687
256.000	123.084	14.347	0.000	-156.676
258.000	122.892	13.301	0.000	-162.348
260.000	122.845	12.972	0.000	-166.959
262.000	123.059	13.758	0.000	-173.874
264.000	123.078	13.912	0.000	-167.341
266.000	122.925	13.470	0.000	-162.086
268.000	122.819	12.386	0.000	-177.001
270.000	123.024	12.320	0.000	-175.946
272.000	123.170	13.834	0.000	-170.949
274.000	122.846	13.792	0.000	-174.736
276.000	122.838	13.285	0.000	-178.754
278.000	123.104	13.630	0.000	179.611
280.000	123.022	13.249	0.000	173.805
282.000	122.939	13.899	0.000	173.238
284.000	122.865	14.002	0.000	168.048
286.000	122.962	14.063	0.000	159.089
288.000	123.161	15.484	0.000	168.871
290.000	122.907	14.244	0.000	167.990
292.000	122.796	14.043	0.000	159.025
294.000	123.068	15.756	0.000	149.129
296.000	123.088	16.222	0.000	159.807
298.000	122.902	15.714	0.000	144.454
300.000	122.830	16.279	0.000	123.063
302.000	123.041	17.480	0.000	117.329
304.000	123.098	17.947	0.000	98.991
306.000	122.879	18.563	0.000	75.680
308.000	122.875	19.993	0.000	49.727
310.000	122.998	22.809	0.000	16.111
312.000	123.086	25.126	0.000	-8.437
314.000	122.950	26.254	0.000	-31.682
316.000	122.777	28.499	0.000	-65.924
318.000	123.064	31.650	0.000	-87.572
320.000	123.125	32.896	0.000	-99.037
322.000	122.830	32.695	0.000	-121.212
324.000	122.876	34.732	0.000	-147.501
326.000	123.054	36.665	0.000	-158.796
328.000	123.044	37.030	0.000	-175.362
330.000	122.900	37.789	0.000	161.714
332.000	122.854	38.304	0.000	141.879
334.000	123.027	39.196	0.000	119.228
336.000	123.088	39.861	0.000	106.123
338.000	122.878	38.662	0.000	91.256
340.000	122.820	39.049	0.000	59.552
342.000	123.098	40.673	0.000	46.964
344.000	123.067	39.936	0.000	34.439
346.000	122.806	39.230	0.000	2.076
348.000	122.916	40.227	0.000	-23.960
350.000	123.064	40.351	0.000	-45.463
352.000	123.015	39.954	0.000	-69.168
354.000	122.865	39.363	0.000	-95.511
356.000	122.876	39.634	0.000	-125.307
358.000	123.082	40.226	0.000	-145.686
360.000	123.025	39.766	0.000	-163.397
362.000	122.828	38.842	0.000	174.144
364.000	122.890	39.324	0.000	148.969
366.000	123.115	40.325	0.000	136.572
368.000	123.004	39.107	0.000	126.719
370.000	122.766	37.849	0.000	100.330
372.000	123.004	38.772	0.000	87.307
374.000	123.074	37.852	0.000	82.602
376.000	122.923	36.448	0.000	71.120
378.000	122.883	36.131	0.000	65.085
380.000	122.906	36.156	0.000	56.114
382.000	123.119	37.446	0.000	51.710
384.000	122.955	36.927	0.000	49.749
386.000	122.767	36.434	0.000	29.062
388.000	123.053	38.054	0.000	18.286
390.000	123.067	37.504	0.000	16.266
392.000	122.876	35.869	0.000	2.357
394.000	122.845	35.856	0.000	-12.207
396.000	123.037	35.659	0.000	-16.348
398.000	123.058	34.624	0.000	-21.312
400.000	122.842	33.468	0.000	-28.560
402.000	122.894	33.207	0.000	-36.313
404.000	123.021	33.431	0.000	-40.687
406.000	123.048	32.909	0.000	-42.965
408.000	122.849	31.291	0.000	-50.086
410.000	122.845	30.758	0.000	-64.424
412.000	123.143	30.599	0.000	-64.062
414.000	122.962	28.432	0.000	-58.925
416.000	122.795	26.856	0.000	-65.816
418.000	122.985	27.589	0.000	-60.068
420.000	123.046	27.015	0.000	-49.401
422.000	122.945	26.791	0.000	-49.978
424.000	122.832	27.213	0.000	-50.418
426.000	122.960	28.162	0.000	-51.394
428.000	123.081	30.066	0.000	-50.055
430.000	122.911	29.907	0.000	-49.433
432.000	122.796	30.296	0.000	-66.421
434.000	123.050	32.570	0.000	-69.747
436.000	123.065	32.045	0.000	-68.659
438.000	122.804	30.992	0.000	-83.919
440.000	122.906	31.937	0.000	-94.186
442.000	123.045	32.107	0.000	-96.730
444.000	122.988	31.639	0.000	-101.825
446.000	122.840	30.945	0.000	-110.606
448.000	122.898	31.334	0.000	-118.540
450.000	123.078	31.797	0.000	-121.235
452.000	122.954	31.020	0.000	-124.977
454.000	122.807	30.274	0.000	-135.382
456.000	122.949	31.152	0.000	-145.755
458.000	123.111	31.389	0.000	-145.627
460.000	122.858	29.312	0.000	-152.691
462.000	122.825	29.063	0.000	-168.692
464.000	123.071	29.403	0.000	-167.947
466.000	122.967	27.770	0.000	-172.401
468.000	122.890	26.837	0.000	-179.191
470.000	122.852	25.750	0.000	175.660
472.000	123.036	25.773	0.000	170.670
474.000	123.035	25.221	0.000	173.925
476.000	122.761	23.332	0.000	167.598
478.000	122.958	23.955	0.000	158.790
480.000	123.071	23.930	0.000	166.603
482.000	122.899	21.846	0.000	165.410
484.000	122.813	21.259	0.000	157.616
486.000	123.007	22.074	0.000	159.517
488.000	123.034	21.024	0.000	163.126
490.000	122.842	19.838	0.000	163.313
492.000	122.877	19.974	0.000	155.984
494.000	123.001	20.363	0.000	154.252
496.000	123.028	19.841	0.000	157.671
498.000	122.798	18.794	0.000	150.179
500.000	122.896	19.455	0.000	148.601
502.000	123.106	19.742	0.000	153.050
504.000	122.882	17.879	0.000	153.419
506.000	122.815	18.054	0.000	144.669
508.000	123.004	18.398	0.000	148.485
510.000	123.012	17.197	0.000	148.352
512.000	122.858	17.320	0.000	142.653
514.000	122.859	17.301	0.000	144.415
516.000	123.003	17.531	0.000	138.582
518.000	123.022	16.448	0.000	137.246
520.000	122.783	15.846	0.000	137.506
522.000	122.911	17.150	0.000	137.059
524.000	123.097	17.620	0.000	140.107
526.000	122.855	15.962	0.000	131.695
528.000	122.839	16.087	0.000	131.066
530.000	122.985	17.332	0.000	131.167
532.000	123.014	16.573	0.000	131.988
534.000	122.836	15.137	0.000	130.454
536.000	122.865	15.752	0.000	126.222
538.000	123.029	15.551	0.000	127.362
540.000	122.960	15.373	0.000	123.930
542.000	122.803	15.487	0.000	114.271
544.000	122.913	15.050	0.000	111.198
546.000	123.099	14.774	0.000	118.634
548.000	122.814	14.017	0.000	121.001
550.000	122.854	15.085	0.000	108.991
552.000	123.025	14.112	0.000	106.995
554.000	122.947	13.146	0.000	106.945
556.000	122.851	13.455	0.000	97.742
558.000	122.860	12.891	0.000	100.244
560.000	123.059	14.539	0.000	98.648
562.000	122.911	13.697	0.000	94.641
564.000	122.782	12.535	0.000	79.530
566.000	122.994	13.391	0.000	77.876
568.000	123.022	12.912	0.000	74.791
570.000	122.793	12.016	0.000	64.561
572.000	122.889	11.429	0.000	72.689
574.000	123.026	11.915	0.000	72.918
576.000	122.913	13.095	0.000	63.449
578.000	122.818	12.390	0.000	57.739
580.000	122.926	11.287	0.000	63.392
582.000	123.036	11.158	0.000	59.849
584.000	122.840	11.220	0.000	35.553
586.000	122.821	10.904	0.000	-24.004
588.000	123.037	10.412	0.000	31.642
590.000	122.954	11.343	0.000	21.670
592.000	122.760	10.640	0.000	-2.890
594.000	122.977	8.772	0.000	-28.349
596.000	122.986	10.839	0.000	-56.639
598.000	122.863	11.436	0.000	-74.692
600.000	122.836	10.034	0.000	-120.187
602.000	122.972	9.955	0.000	-104.626
604.000	123.007	10.172	0.000	-91.785
606.000	122.750	11.547	0.000	-120.672
608.000	122.939	11.073	0.000	-106.388
610.000	123.024	10.433	0.000	-116.034
612.000	122.839	10.537	0.000	-146.684
614.000	122.822	11.143	0.000	-141.946
616.000	123.010	11.084	0.000	-135.348
618.000	122.936	11.207	0.000	-124.397
620.000	122.807	11.428	0.000	-140.120
622.000	122.899	12.026	0.000	-141.271
624.000	123.009	11.924	0.000	-147.241
626.000	122.880	12.618	0.000	-152.467
628.000	122.776	12.624	0.000	-162.924
630.000	123.031	13.720	0.000	-170.865
632.000	122.942	13.406	0.000	-177.078
634.000	122.771	13.001	0.000	175.292
636.000	122.935	13.062	0.000	-175.484
638.000	122.991	12.524	0.000	-175.478
640.000	122.843	13.045	0.000	167.885
642.000	122.834	13.731	0.000	168.108
644.000	122.961	13.652	0.000	176.023
646.000	122.981	13.436	0.000	-169.588
648.000	122.747	13.656	0.000	176.334
650.000	122.936	14.784	0.000	167.911
652.000	123.016	15.151	0.000	171.303
654.000	122.801	13.829	0.000	171.912
656.000	122.845	14.733	0.000	164.895
658.000	122.989	15.028	0.000	161.524
660.000	122.916	14.480	0.000	159.343
662.000	122.784	13.255	0.000	155.885
664.000	122.929	14.163	0.000	150.106
666.000	122.978	14.689	0.000	148.990
668.000	122.836	14.137	0.000	142.947
670.000	122.798	14.478	0.000	133.669
672.000	123.053	15.669	0.000	138.937
674.000	122.857	14.568	0.000	147.115
676.000	122.794	13.825	0.000	133.358
678.000	122.962	14.271	0.000	141.461
680.000	122.940	14.263	0.000	142.810
682.000	122.812	15.031	0.000	135.400
684.000	122.852	14.773	0.000	130.653
686.000	122.995	14.503	0.000	117.285
688.000	122.873	14.515	0.000	124.133
690.000	122.763	14.469	0.000	113.249
692.000	123.002	15.390	0.000	105.813
694.000	122.924	14.869	0.000	107.820
696.000	122.766	14.375	0.000	98.554
698.000	122.921	14.688	0.000	104.589
700.000	122.959	15.289	0.000	101.595
702.000	122.832	14.467	0.000	95.764
704.000	122.813	15.176	0.000	97.047
706.000	122.984	15.290	0.000	103.040
708.000	122.892	13.625	0.000	97.221
710.000	122.772	14.202	0.000	88.009
712.000	122.925	14.707	0.000	84.539
714.000	122.992	14.690	0.000	86.946
716.000	122.735	14.715	0.000	76.261
718.000	122.918	15.209	0.000	75.878
720.000	122.940	15.267	0.000	80.745
722.000	122.858	14.751	0.000	72.069
724.000	122.789	13.979	0.000	61.478
726.000	122.962	14.570	0.000	61.492
728.000	122.923	13.094	0.000	66.775
730.000	122.751	13.454	0.000	54.556
732.000	122.914	15.180	0.000	51.341
734.000	122.975	14.602	0.000	61.965
736.000	122.762	13.666	0.000	59.332
738.000	122.868	13.683	0.000	50.503
740.000	122.961	13.798	0.000	43.300
742.000	122.844	12.880	0.000	40.483
744.000	122.789	13.249	0.000	31.616
746.000	122.940	14.578	0.000	31.952
748.000	122.926	14.183	0.000	35.647
750.000	122.752	13.488	0.000	23.942
752.000	122.894	14.356	0.000	17.093
754.000	122.977	14.371	0.000	35.012
756.000	122.757	12.850	0.000	30.699
758.000	122.861	13.988	0.000	18.026
760.000	122.961	14.903	0.000	25.578
762.000	122.829	13.408	0.000	17.295
764.000	122.799	13.318	0.000	8.981
766.000	122.919	14.057	0.000	9.661
768.000	122.940	13.963	0.000	13.523
770.000	122.722	12.402	0.000	6.006
772.000	122.924	13.600	0.000	-7.600
774.000	122.938	13.576	0.000	-8.218
776.000	122.767	12.903	0.000	-12.805
778.000	122.845	14.433	0.000	-12.214
780.000	122.963	14.496	0.000	-13.021
782.000	122.809	15.297	0.000	-8.614
784.000	122.799	14.776	0.000	-20.808
786.000	122.926	15.130	0.000	-39.553
788.000	122.903	15.039	0.000	-28.779
790.000	122.730	15.666	0.000	-29.059
792.000	122.924	16.602	0.000	-29.316
794.000	122.927	17.089	0.000	-23.931
796.000	122.739	17.103	0.000	-26.278
798.000	122.882	17.959	0.000	-28.391
800.000	122.930	19.014	0.000	-24.355
802.000	122.797	20.077	0.000	-28.153
804.000	122.802	20.376	0.000	-28.219
806.000	122.940	22.333	0.000	-25.955
808.000	122.864	23.198	0.000	-18.950
810.000	122.732	24.731	0.000	-29.979
812.000	122.961	27.446	0.000	-26.928
814.000	122.866	27.856	0.000	-27.262
816.000	122.749	30.246	0.000	-37.771
818.000	122.895	32.687	0.000	-39.122
820.000	122.912	34.650	0.000	-43.008
822.000	122.766	36.462	0.000	-52.379
824.000	122.831	39.164	0.000	-64.653
826.000	122.940	41.255	0.000	-72.492
828.000	122.802	42.125	0.000	-85.721
830.000	122.769	43.912	0.000	-106.545
832.000	122.968	45.735	0.000	-113.347
834.000	122.812	45.419	0.000	-123.201
836.000	122.760	47.195	0.000	-142.518
838.000	122.934	48.617	0.000	-146.572
840.000	122.844	49.169	0.000	-161.665
842.000	122.774	50.406	0.000	-176.168
844.000	122.851	51.853	0.000	165.547
846.000	122.940	53.098	0.000	154.919
848.000	122.724	52.493	0.000	133.549
850.000	122.859	53.942	0.000	107.849
852.000	122.931	53.427	0.000	98.619
854.000	122.758	51.408	0.000	72.667
856.000	122.805	50.790	0.000	53.054
858.000	122.938	48.845	0.000	40.507
860.000	122.788	45.417	0.000	26.353
862.000	122.784	40.499	0.000	18.516
864.000	122.897	35.858	0.000	57.204
866.000	122.869	38.800	0.000	109.714
868.000	122.711	43.792	0.000	103.870
870.000	122.931	47.752	0.000	98.327
872.000	122.860	48.930	0.000	91.028
874.000	122.732	50.402	0.000	68.485
876.000	122.879	52.285	0.000	59.258
878.000	122.883	52.029	0.000	48.854
880.000	122.753	52.421	0.000	34.064
882.000	122.822	52.706	0.000	23.751
884.000	122.917	53.650	0.000	16.302
886.000	122.766	52.862	0.000	10.352
888.000	122.784	54.056	0.000	-7.569
890.000	122.951	54.469	0.000	-6.373
892.000	122.753	53.416	0.000	-20.882
894.000	122.786	54.127	0.000	-31.123
896.000	122.907	54.236	0.000	-36.130
898.000	122.809	53.806	0.000	-41.917
900.000	122.753	54.080	0.000	-52.269
902.000	122.887	55.010	0.000	-57.636
904.000	122.856	55.085	0.000	-62.932
906.000	122.712	54.874	0.000	-77.599
908.000	122.898	56.219	0.000	-87.796
910.000	122.864	55.347	0.000	-90.273
912.000	122.718	54.534	0.000	-107.871
914.000	122.868	54.990	0.000	-110.935
916.000	122.865	54.012	0.000	-114.175
918.000	122.747	53.720	0.000	-120.062
920.000	122.812	54.091	0.000	-124.072
922.000	122.902	55.022	0.000	-124.569
924.000	122.745	54.746	0.000	-128.584
926.000	122.791	56.640	0.000	-142.056
928.000	122.924	57.444	0.000	-140.851
930.000	122.736	56.989	0.000	-157.694
932.000	122.792	58.244	0.000	-168.567
934.000	122.892	58.253	0.000	-176.989
936.000	122.778	57.946	0.000	172.612
938.000	122.760	57.954	0.000	158.042
940.000	122.882	58.493	0.000	151.030
942.000	122.816	57.665	0.000	143.322
944.000	122.715	57.299	0.000	127.528
946.000	122.913	57.982	0.000	120.098
948.000	122.799	56.643	0.000	115.743
950.000	122.734	56.086	0.000	98.289
952.000	122.876	56.084	0.000	97.714
954.000	122.820	54.676	0.000	91.464
956.000	122.736	54.358	0.000	86.761
958.000	122.834	54.655	0.000	81.008
960.000	122.871	55.098	0.000	81.627
962.000	122.699	54.329	0.000	69.874
964.000	122.858	55.802	0.000	61.554
966.000	122.854	54.968	0.000	59.822
968.000	122.721	54.474	0.000	44.101
970.000	122.822	54.822	0.000	38.345
972.000	122.867	54.259	0.000	32.414
974.000	122.724	53.369	0.000	22.940
976.000	122.807	53.178	0.000	14.118
978.000	122.867	52.735	0.000	12.467
980.000	122.744	51.294	0.000	9.057
982.000	122.770	51.574	0.000	3.760
984.000	122.909	51.879	0.000	9.805
986.000	122.709	51.406	0.000	3.580
988.000	122.799	53.085	0.000	-1.291
990.000	122.860	53.365	0.000	-3.439
992.000	122.753	53.641	0.000	-14.534
994.000	122.758	54.181	0.000	-23.965
996.000	122.875	55.049	0.000	-32.540
998.000	122.764	54.522	0.000	-37.893
1000.000	122.729	54.985	0.000	-57.803
1002.000	122.910	55.612	0.000	-58.874
1004.000	122.731	53.996	0.000	-73.455
1006.000	122.761	54.269	0.000	-85.872
1008.000	122.863	53.591	0.000	-92.949
1010.000	122.769	52.528	0.000	-100.589
1012.000	122.734	51.700	0.000	-111.997
1014.000	122.865	51.641	0.000	-115.399
1016.000	122.783	50.456	0.000	-119.703
1018.000	122.704	49.861	0.000	-131.195
1020.000	122.897	50.426	0.000	-135.336
1022.000	122.754	48.680	0.000	-140.110
1024.000	122.735	48.035	0.000	-156.363
1026.000	122.858	46.912	0.000	-157.212
1028.000	122.774	44.196	0.000	-163.738
1030.000	122.724	41.644	0.000	-160.703
1032.000	122.847	40.134	0.000	-143.495
1034.000	122.797	40.443	0.000	-118.702
1036.000	122.694	43.368	0.000	-115.585
1038.000	122.881	46.405	0.000	-110.410
1040.000	122.760	47.011	0.000	-116.039
1042.000	122.724	49.224	0.000	-128.295
1044.000	122.848	50.479	0.000	-132.537
1046.000	122.776	51.114	0.000	-141.943
1048.000	122.721	51.911	0.000	-154.201
1050.000	122.833	53.380	0.000	-162.879
1052.000	122.800	53.533	0.000	-169.152
1054.000	122.689	54.085	0.000	173.765
1056.000	122.871	55.622	0.000	165.290
1058.000	122.762	55.177	0.000	156.757
1060.000	122.719	55.856	0.000	135.227
1062.000	122.841	56.460	0.000	128.400
1064.000	122.773	55.674	0.000	112.411
1066.000	122.717	55.497	0.000	98.318
1068.000	122.824	55.376	0.000	83.749
1070.000	122.801	54.772	0.000	78.492
1072.000	122.681	53.505	0.000	60.106
1074.000	122.869	54.099	0.000	55.526
1076.000	122.753	52.321	0.000	47.815
1078.000	122.719	52.229	0.000	34.558
1080.000	122.832	52.011	0.000	28.987
1082.000	122.770	51.355	0.000	20.610
1084.000	122.710	50.882	0.000	7.313
1086.000	122.830	51.005	0.000	-1.082
1088.000	122.780	50.045	0.000	-8.872
1090.000	122.685	49.130	0.000	-24.571
1092.000	122.868	49.397	0.000	-31.434
1094.000	122.736	47.482	0.000	-37.486
1096.000	122.724	46.834	0.000	-51.970
1098.000	122.834	46.105	0.000	-52.787
1100.000	122.746	44.830	0.000	-59.891
1102.000	122.716	44.364	0.000	-65.057
1104.000	122.836	44.736	0.000	-69.600
1106.000	122.747	44.142	0.000	-71.578
1108.000	122.708	44.396	0.000	-86.816
1110.000	122.858	45.158	0.000	-88.910
1112.000	122.712	43.826	0.000	-101.846
1114.000	122.737	44.259	0.000	-115.055
1116.000	122.833	43.709	0.000	-122.306
1118.000	122.719	42.917	0.000	-132.648
1120.000	122.734	42.467	0.000	-146.249
1122.000	122.830	42.460	0.000	-152.532
1124.000	122.717	41.017	0.000	-162.680
1126.000	122.734	40.711	0.000	-178.278
1128.000	122.842	40.394	0.000	176.855
1130.000	122.689	38.262	0.000	165.985
1132.000	122.763	38.042	0.000	155.899
1134.000	122.812	36.518	0.000	155.788
1136.000	122.709	35.213	0.000	149.892
1138.000	122.740	34.688	0.000	149.469
1140.000	122.838	35.134	0.000	153.293
1142.000	122.675	34.736	0.000	150.588
1144.000	122.783	36.632	0.000	144.597
1146.000	122.804	36.717	0.000	144.078
1148.000	122.682	37.290	0.000	129.393
1150.000	122.784	38.528	0.000	122.529
1152.000	122.792	38.751	0.000	113.853
1154.000	122.686	39.033	0.000	101.227
1156.000	122.780	40.014	0.000	89.344
1158.000	122.799	40.344	0.000	81.917
1160.000	122.661	40.292	0.000	64.122
1162.000	122.821	41.573	0.000	51.416
1164.000	122.755	41.000	0.000	41.270
1166.000	122.686	41.138	0.000	17.834
1168.000	122.817	41.348	0.000	8.054
1170.000	122.736	40.112	0.000	-9.468
1172.000	122.701	39.421	0.000	-25.356
1174.000	122.809	38.638	0.000	-41.431
1176.000	122.736	37.235	0.000	-49.101
1178.000	122.697	35.317	0.000	-70.035
1180.000	122.828	34.397	0.000	-75.042
1182.000	122.700	30.749	0.000	-86.413
1184.000	122.728	28.265	0.000	-95.817
1186.000	122.805	24.202	0.000	-86.837
1188.000	122.706	20.676	0.000	-53.535
1190.000	122.722	23.458	0.000	-17.251
1192.000	122.819	27.212	0.000	-6.668
1194.000	122.678	29.722	0.000	-14.481
1196.000	122.749	32.736	0.000	-25.661
1198.000	122.810	34.314	0.000	-28.660
1200.000	122.655	35.234	0.000	-46.820
1202.000	122.795	37.101	0.000	-54.190
1204.000	122.760	37.199	0.000	-66.064
1206.000	122.687	37.801	0.000	-78.130
1208.000	122.774	38.643	0.000	-92.212
1210.000	122.779	38.907	0.000	-97.415
1212.000	122.659	38.680	0.000	-115.983
1214.000	122.815	39.725	0.000	-122.502
1216.000	122.725	38.890	0.000	-131.636
1218.000	122.691	39.559	0.000	-147.325
1220.000	122.811	39.609	0.000	-153.497
1222.000	122.704	39.122	0.000	-165.991
1224.000	122.707	39.102	0.000	-178.883
1226.000	122.808	39.373	0.000	173.161
1228.000	122.688	38.320	0.000	163.091
1230.000	122.727	38.506	0.000	148.156
1232.000	122.804	38.359	0.000	142.291
1234.000	122.665	37.123	0.000	127.496
1236.000	122.769	37.256	0.000	115.927
1238.000	122.759	35.737	0.000	107.646
1240.000	122.690	34.609	0.000	94.504
1242.000	122.752	33.132	0.000	83.144
1244.000	122.776	31.976	0.000	78.379
1246.000	122.657	29.166	0.000	68.089
1248.000	122.800	27.981	0.000	63.582
1250.000	122.726	24.709	0.000	66.769
1252.000	122.687	22.072	0.000	69.760
1254.000	122.795	20.435	0.000	94.701
1256.000	122.708	20.787	0.000	117.199
1258.000	122.697	24.091	0.000	127.425
1260.000	122.805	26.471	0.000	131.271
1262.000	122.677	27.379	0.000	122.491
1264.000	122.726	29.767	0.000	110.673
1266.000	122.801	30.656	0.000	109.367
1268.000	122.648	30.703	0.000	91.464
1270.000	122.784	31.930	0.000	84.262
1272.000	122.737	31.382	0.000	71.931
1274.000	122.681	31.395	0.000	59.985
1276.000	122.773	31.318	0.000	48.605
1278.000	122.736	30.649	0.000	43.691
1280.000	122.674	29.421	0.000	29.697
1282.000	122.796	29.417	0.000	24.473
1284.000	122.696	27.761	0.000	19.062
1286.000	122.711	27.142	0.000	9.840
1288.000	122.776	26.165	0.000	5.718
1290.000	122.692	25.263	0.000	3.308
1292.000	122.714	24.205	0.000	-2.594
1294.000	122.786	23.706	0.000	-1.792
1296.000	122.657	22.375	0.000	-4.473
1298.000	122.758	22.428	0.000	-6.581
1300.000	122.757	21.360	0.000	-3.010
1302.000	122.660	20.673	0.000	-7.238
1304.000	122.783	21.071	0.000	-2.549
1306.000	122.715	20.348	0.000	-4.447
1308.000	122.682	20.182	0.000	-6.508
1310.000	122.786	20.676	0.000	-7.852
1312.000	122.691	19.377	0.000	-7.898
1314.000	122.707	20.192	0.000	-20.175
1316.000	122.784	20.165	0.000	-20.823
1318.000	122.665	18.287	0.000	-30.580
1320.000	122.741	18.142	0.000	-30.866
1322.000	122.757	16.756	0.000	-25.861
1324.000	122.666	15.531	0.000	-16.800
1326.000	122.757	16.804	0.000	-11.688
1328.000	122.743	16.934	0.000	-3.575
1330.000	122.652	17.626	0.000	-7.398
1332.000	122.808	18.424	0.000	-9.341
1334.000	122.674	18.051	0.000	-13.764
1336.000	122.713	19.079	0.000	-18.847
1338.000	122.770	19.109	0.000	-23.084
1340.000	122.671	19.464	0.000	-25.010
1342.000	122.729	19.959	0.000	-28.281
1344.000	122.765	20.296	0.000	-29.983
1346.000	122.647	19.636	0.000	-39.545
1348.000	122.783	20.837	0.000	-41.677
1350.000	122.706	19.513	0.000	-41.076
1352.000	122.684	19.442	0.000	-56.609
1354.000	122.772	19.617	0.000	-59.424
1356.000	122.691	19.509	0.000	-62.150
1358.000	122.698	18.547	0.000	-72.484
1360.000	122.778	16.908	0.000	-77.045
1362.000	122.658	16.228	0.000	-77.841
1364.000	122.744	17.128	0.000	-79.122
1366.000	122.747	16.712	0.000	-75.055
1368.000	122.654	16.551	0.000	-66.859
1370.000	122.781	16.390	0.000	-57.980
1372.000	122.696	15.674	0.000	-66.557
1374.000	122.685	16.314	0.000	-73.853
1376.000	122.786	17.428	0.000	-70.801
1378.000	122.660	17.804	0.000	-73.295
1380.000	122.737	18.685	0.000	-85.962
1382.000	122.749	18.515	0.000	-83.813
1384.000	122.661	17.527	0.000	-103.794
1386.000	122.761	17.966	0.000	-109.535
1388.000	122.715	17.543	0.000	-113.183
1390.000	122.678	17.159	0.000	-122.813
1392.000	122.765	17.332	0.000	-125.849
1394.000	122.696	16.435	0.000	-125.440
1396.000	122.692	15.166	0.000	-134.753
1398.000	122.781	16.138	0.000	-138.845
1400.000	122.645	14.533	0.000	-149.950
1402.000	122.756	14.538	0.000	-139.358
1404.000	122.728	14.284	0.000	-142.437
1406.000	122.664	13.278	0.000	-148.003
1408.000	122.773	12.197	0.000	-161.272
1410.000	122.693	12.136	0.000	-146.428
1412.000	122.692	10.378	0.000	-139.558
1414.000	122.773	9.580	0.000	-150.332
1416.000	122.659	9.697	0.000	-161.906
1418.000	122.740	8.712	0.000	-130.622
1420.000	122.733	10.864	0.000	-47.119
1422.000	122.668	11.931	0.000	-63.325
1424.000	122.756	11.446	0.000	-66.107
1426.000	122.714	11.508	0.000	-70.035
1428.000	122.666	10.465	0.000	-87.826
1430.000	122.796	12.612	0.000	-90.368
1432.000	122.648	13.901	0.000	-91.143
1434.000	122.741	14.563	0.000	-94.130
1436.000	122.741	13.717	0.000	-104.125
1438.000	122.656	14.066	0.000	-120.033
1440.000	122.768	15.046	0.000	-109.403
1442.000	122.701	14.931	0.000	-109.425
1444.000	122.683	15.618	0.000	-122.661
1446.000	122.775	15.932	0.000	-117.473
1448.000	122.658	14.797	0.000	-119.462
1450.000	122.737	15.104	0.000	-122.814
1452.000	122.732	14.918	0.000	-127.459
1454.000	122.669	14.739	0.000	-134.072
1456.000	122.752	14.942	0.000	-134.350
1458.000	122.710	15.269	0.000	-134.441
1460.000	122.674	15.246	0.000	-141.293
1462.000	122.783	15.104	0.000	-144.544
1464.000	122.652	14.843	0.000	-151.502
1466.000	122.743	16.236	0.000	-148.281
1468.000	122.726	15.523	0.000	-155.306
1470.000	122.672	14.513	0.000	-155.661
1472.000	122.755	15.052	0.000	-159.222
1474.000	122.699	16.055	0.000	-161.310
1476.000	122.701	15.283	0.000	-173.826
1478.000	122.756	14.945	0.000	-172.746
1480.000	122.669	15.287	0.000	-177.106
1482.000	122.736	16.048	0.000	-173.581
1484.000	122.728	15.949	0.000	-175.019
1486.000	122.672	15.158	0.000	174.687
1488.000	122.762	15.909	0.000	177.779
1490.000	122.689	14.737	0.000	-178.873
1492.000	122.703	14.840	0.000	168.703
1494.000	122.762	15.148	0.000	166.491
1496.000	122.655	14.842	0.000	165.074
1498.000	122.759	15.222	0.000	165.719
1500.000	122.704	15.490	0.000	158.840
1502.000	122.686	14.866	0.000	158.816
1504.000	122.764	14.869	0.000	154.737
1506.000	122.673	14.547	0.000	147.040
1508.000	122.727	15.084	0.000	137.329
1510.000	122.742	14.076	0.000	143.472
1512.000	122.663	13.808	0.000	141.827
1514.000	122.763	14.217	0.000	144.936
1516.000	122.698	13.884	0.000	142.989
1518.000	122.688	14.113	0.000	142.774
1520.000	122.775	14.355	0.000	138.872
1522.000	122.650	12.853	0.000	132.955
1524.000	122.759	13.222	0.000	132.458
1526.000	122.705	13.093	0.000	126.536
1528.000	122.701	14.349	0.000	123.879
1530.000	122.746	14.219	0.000	133.881
1532.000	122.693	12.891	0.000	126.911
1534.000	122.714	12.886	0.000	127.312
1536.000	122.749	13.481	0.000	121.721
1538.000	122.664	12.497	0.000	117.189
1540.000	122.766	12.745	0.000	105.401
1542.000	122.692	12.687	0.000	106.115
1544.000	122.705	13.155	0.000	103.517
1546.000	122.756	13.245	0.000	101.674
1548.000	122.666	12.567	0.000	107.655
1550.000	122.751	12.207	0.000	97.461
1552.000	122.715	12.036	0.000	94.320
1554.000	122.685	12.756	0.000	94.696
1556.000	122.771	12.692	0.000	96.333
1558.000	122.668	12.570	0.000	97.475
1560.000	122.739	12.025	0.000	89.271
1562.000	122.731	11.827	0.000	89.106
1564.000	122.675	10.290	0.000	77.868
1566.000	122.764	11.500	0.000	81.535
1568.000	122.687	10.843	0.000	68.911
1570.000	122.719	11.288	0.000	75.635
1572.000	122.752	10.813	0.000	96.661
1574.000	122.667	11.766	0.000	84.692
1576.000	122.765	11.553	0.000	80.955
1578.000	122.693	10.041	0.000	84.954
1580.000	122.708	9.476	0.000	87.836
1582.000	122.756	10.274	0.000	88.305
1584.000	122.672	10.258	0.000	87.803
1586.000	122.756	10.982	0.000	85.159
1588.000	122.711	10.668	0.000	90.242
1590.000	122.698	10.583	0.000	74.489
1592.000	122.761	10.941	0.000	77.306
1594.000	122.675	11.950	0.000	63.391
1596.000	122.745	12.256	0.000	77.722
1598.000	122.728	11.123	0.000	93.472
1600.000	122.687	11.065	0.000	72.924
1602.000	122.766	10.830	0.000	60.512
1604.000	122.682	10.728	0.000	60.962
1606.000	122.739	10.260	0.000	71.593
1608.000	122.730	9.441	0.000	64.423
1610.000	122.687	9.732	0.000	42.510
1612.000	122.763	9.476	0.000	47.408
1614.000	122.696	10.594	0.000	41.860
1616.000	122.716	11.153	0.000	55.794
1618.000	122.762	10.119	0.000	45.033
1620.000	122.664	9.785	0.000	36.821
1622.000	122.778	10.815	0.000	46.119
1624.000	122.689	11.019	0.000	55.024
1626.000	122.723	8.619	0.000	48.287
1628.000	122.753	9.346	0.000	45.023
1630.000	122.676	10.774	0.000	42.358
1632.000	122.766	10.842	0.000	61.842
1634.000	122.706	10.230	0.000	50.669
1636.000	122.710	8.849	0.000	12.988
1638.000	122.764	9.828	0.000	-7.480
1640.000	122.670	9.235	0.000	-4.296
1642.000	122.769	8.119	0.000	60.680
1644.000	122.703	8.576	0.000	36.887
1646.000	122.717	10.131	0.000	45.802
1648.000	122.763	9.565	0.000	-5.028
1650.000	122.682	9.084	0.000	4.857
1652.000	122.756	9.031	0.000	37.738
1654.000	122.718	9.187	0.000	53.932
1656.000	122.704	9.136	0.000	4.957
1658.000	122.770	9.250	0.000	-17.281
1660.000	122.671	9.500	0.000	-0.017
1662.000	122.773	9.376	0.000	-8.140
1664.000	122.707	9.989	0.000	-39.662
1666.000	122.715	10.097	0.000	-16.970
1668.000	122.759	10.222	0.000	-24.618
1670.000	122.689	10.211	0.000	-99.453
1672.000	122.753	10.414	0.000	160.582
1674.000	122.723	9.908	0.000	27.849
1676.000	122.708	9.482	0.000	-43.832
1678.000	122.772	9.183	0.000	-67.522
1680.000	122.674	8.785	0.000	-93.122
1682.000	122.771	7.664	0.000	-84.175
1684.000	122.716	7.709	0.000	-17.072
1686.000	122.706	9.603	0.000	4.743
1688.000	122.784	10.801	0.000	13.808
1690.000	122.667	9.823	0.000	4.080
1692.000	122.783	9.366	0.000	125.095
1694.000	122.700	9.032	0.000	47.361
1696.000	122.736	9.012	0.000	20.195
1698.000	122.744	9.191	0.000	-36.603
1700.000	122.706	9.566	0.000	-25.195
1702.000	122.753	10.737	0.000	-59.475
1704.000	122.725	9.994	0.000	8.865
1706.000	122.713	9.379	0.000	135.044
1708.000	122.775	9.059	0.000	160.002
1710.000	122.678	9.615	0.000	173.684
1712.000	122.781	9.926	0.000	122.504
1714.000	122.701	9.849	0.000	103.675
1716.000	122.740	9.305	0.000	178.334
1718.000	122.752	9.635	0.000	-53.105
1720.000	122.693	9.993	0.000	3.950
1722.000	122.776	10.346	0.000	-33.853
1724.000	122.710	9.892	0.000	22.978
1726.000	122.732	9.159	0.000	-173.375
1728.000	122.761	10.131	0.000	-89.216
1730.000	122.687	9.430	0.000	-46.815
1732.000	122.788	9.124	0.000	-45.657
1734.000	122.687	9.643	0.000	73.888
1736.000	122.768	9.416	0.000	-34.938
1738.000	122.726	9.798	0.000	-164.841
1740.000	122.726	10.077	0.000	132.802
1742.000	122.759	9.947	0.000	-144.799
1744.000	122.706	8.465	0.000	-165.224
1746.000	122.755	9.473	0.000	-178.606
1748.000	122.739	9.920	0.000	-176.969
1750.000	122.715	10.057	0.000	-107.822
1752.000	122.772	10.502	0.000	57.124
1754.000	122.698	9.641	0.000	112.282
1756.000	122.769	8.809	0.000	128.022
1758.000	122.726	9.348	0.000	-58.055
1760.000	122.719	9.425	0.000	-117.948
1762.000	122.779	9.386	0.000	-94.821
1764.000	122.690	10.607	0.000	-93.152
1766.000	122.788	8.442	0.000	13.315
1768.000	122.696	8.874	0.000	-164.063
1770.000	122.765	9.199	0.000	170.287
1772.000	122.740	8.231	0.000	75.172
1774.000	122.718	9.353	0.000	-27.933
1776.000	122.776	9.323	0.000	-36.997
1778.000	122.706	9.154	0.000	-66.599
1780.000	122.761	8.985	0.000	-168.947
1782.000	122.745	8.517	0.000	100.017
1784.000	122.712	8.814	0.000	59.388
1786.000	122.782	8.976	0.000	30.162
1788.000	122.694	9.459	0.000	130.593
1790.000	122.782	9.222	0.000	170.863
1792.000	122.716	9.576	0.000	71.697
1794.000	122.747	10.579	0.000	118.370
1796.000	122.755	8.560	0.000	156.772
1798.000	122.728	8.494	0.000	-176.336
1800.000	122.757	9.389	0.000	163.368
1802.000	122.734	9.416	0.000	-149.678
1804.000	122.737	9.454	0.000	-117.178
1806.000	122.768	9.603	0.000	39.975
1808.000	122.702	9.047	0.000	100.756
1810.000	122.794	10.310	0.000	-96.560
1812.000	122.698	11.748	0.000	-119.348
1814.000	122.775	10.939	0.000	-151.923
1816.000	122.735	9.524	0.000	177.101
1818.000	122.727	9.211	0.000	55.404
1820.000	122.781	8.663	0.000	53.483
1822.000	122.699	9.868	0.000	127.539
1824.000	122.793	9.356	0.000	78.419
1826.000	122.703	9.960	0.000	20.986
1828.000	122.776	9.579	0.000	-103.962
1830.000	122.735	9.150	0.000	-112.672
1832.000	122.740	10.340	0.000	-90.874
1834.000	122.767	10.740	0.000	-85.874
1836.000	122.724	9.903	0.000	-37.767
1838.000	122.765	8.870	0.000	-9.737
1840.000	122.747	9.828	0.000	-169.376
1842.000	122.730	9.792	0.000	-131.748
1844.000	122.777	9.002	0.000	91.885
1846.000	122.708	8.088	0.000	109.884
1848.000	122.788	8.372	0.000	162.257
1850.000	122.720	8.083	0.000	-48.814
1852.000	122.758	8.119	0.000	42.340
1854.000	122.758	9.173	0.000	-156.261
1856.000	122.727	8.198	0.000	-138.505
1858.000	122.784	8.843	0.000	-159.901
1860.000	122.708	9.290	0.000	75.777
1862.000	122.784	9.478	0.000	121.530
1864.000	122.723	9.670	0.000	-105.964
1866.000	122.771	10.674	0.000	-107.455
1868.000	122.748	9.437	0.000	-96.837
1870.000	122.738	9.238	0.000	-71.798
1872.000	122.770	9.879	0.000	-145.525
1874.000	122.731	10.012	0.000	-120.026
1876.000	122.767	9.707	0.000	-101.740
1878.000	122.748	9.839	0.000	-124.851
1880.000	122.738	9.633	0.000	-125.468
1882.000	122.776	9.146	0.000	-127.539
1884.000	122.730	10.168	0.000	-171.295
1886.000	122.768	11.024	0.000	-163.450
1888.000	122.748	10.589	0.000	-149.530
1890.000	122.739	10.602	0.000	-159.489
1892.000	122.785	11.070	0.000	-160.982
1894.000	122.715	11.865	0.000	-154.896
1896.000	122.800	11.770	0.000	-150.079
1898.000	122.702	11.924	0.000	-174.233
1900.000	122.799	12.613	0.000	-169.730
1902.000	122.724	13.229	0.000	-165.120
1904.000	122.767	13.910	0.000	-167.631
1906.000	122.763	14.522	0.000	-173.979
1908.000	122.722	15.080	0.000	170.284
1910.000	122.805	15.137	0.000	168.932
1912.000	122.702	15.237	0.000	158.208
1914.000	122.806	16.528	0.000	157.746
1916.000	122.715	17.580	0.000	151.088
1918.000	122.774	18.627	0.000	144.831
1920.000	122.757	18.980	0.000	140.264
1922.000	122.741	20.396	0.000	128.001
1924.000	122.782	21.103	0.000	122.160
1926.000	122.724	21.445	0.000	112.522
1928.000	122.786	22.464	0.000	104.010
1930.000	122.732	23.255	0.000	93.217
1932.000	122.775	23.798	0.000	85.654
1934.000	122.750	24.295	0.000	76.485
1936.000	122.750	24.741	0.000	62.274
1938.000	122.775	25.189	0.000	56.119
1940.000	122.738	25.409	0.000	43.275
1942.000	122.776	25.673	0.000	35.635
1944.000	122.743	25.796	0.000	24.966
1946.000	122.758	26.179	0.000	13.404
1948.000	122.767	25.974	0.000	6.162
1950.000	122.744	25.968	0.000	-6.192
1952.000	122.780	26.168	0.000	-11.105
1954.000	122.737	25.814	0.000	-25.336
1956.000	122.769	25.603	0.000	-33.758
1958.000	122.755	24.989	0.000	-42.444
1960.000	122.753	25.004	0.000	-49.009
1962.000	122.778	24.519	0.000	-55.427
1964.000	122.732	24.138	0.000	-66.577
1966.000	122.786	23.682	0.000	-68.582
1968.000	122.735	22.967	0.000	-75.407
1970.000	122.783	22.422	0.000	-78.295
1972.000	122.748	21.685	0.000	-84.669
1974.000	122.761	21.831	0.000	-89.593
1976.000	122.765	21.467	0.000	-90.140
1978.000	122.747	20.555	0.000	-94.853
1980.000	122.785	19.935	0.000	-95.556
1982.000	122.733	19.420	0.000	-95.310
1984.000	122.784	19.072	0.000	-93.264
1986.000	122.739	18.474	0.000	-93.494
1988.000	122.768	18.995	0.000	-93.941
1990.000	122.768	19.389	0.000	-90.918
1992.000	122.747	19.974	0.000	-87.069
1994.000	122.781	20.699	0.000	-87.422
1996.000	122.737	22.056	0.000	-90.317
1998.000	122.780	22.432	0.000	-93.202
2000.000	122.749	23.512	0.000	-95.545
