2000.000	122.839	12.537	0.000	-68.093
2.000	122.891	11.349	0.000	-75.442
4.000	123.108	11.285	0.000	-87.593
6.000	123.129	13.030	0.000	-72.376
8.000	122.972	12.572	0.000	-79.762
10.000	122.830	11.400	0.000	-82.596
12.000	122.931	12.192	0.000	-69.943
14.000	123.198	12.272	0.000	-80.630
16.000	123.122	11.587	0.000	-68.253
18.000	122.786	11.793	0.000	-60.324
20.000	122.882	12.106	0.000	-82.881
22.000	123.160	12.783	0.000	-71.622
24.000	123.088	13.462	0.000	-76.431
26.000	122.948	12.923	0.000	-74.796
28.000	122.911	13.008	0.000	-61.108
30.000	122.909	11.872	0.000	-54.526
32.000	123.113	13.338	0.000	-68.617
34.000	123.178	13.311	0.000	-64.842
36.000	122.850	11.669	0.000	-50.850
38.000	122.803	11.716	0.000	-68.522
40.000	123.145	12.701	0.000	-68.594
42.000	123.163	13.078	0.000	-51.575
44.000	122.925	12.359	0.000	-59.829
46.000	122.857	12.064	0.000	-83.644
48.000	122.968	12.604	0.000	-84.071
50.000	123.134	14.075	0.000	-89.749
52.000	123.100	13.778	0.000	-97.457
54.000	122.859	13.166	0.000	-95.705
56.000	122.875	14.430	0.000	-103.535
58.000	123.092	14.981	0.000	-101.679
60.000	123.121	15.029	0.000	-95.284
62.000	122.994	14.515	0.000	-92.097
64.000	122.839	14.429	0.000	-99.460
66.000	122.919	13.627	0.000	-110.090
68.000	123.210	14.080	0.000	-116.659
70.000	123.106	14.550	0.000	-113.016
72.000	122.766	14.137	0.000	-118.685
74.000	122.934	13.775	0.000	-119.585
76.000	123.163	14.700	0.000	-128.904
78.000	123.046	14.752	0.000	-128.601
80.000	122.958	14.103	0.000	-130.408
82.000	122.898	13.812	0.000	-143.137
84.000	122.930	13.710	0.000	-152.674
86.000	123.184	13.523	0.000	-141.131
88.000	123.094	14.465	0.000	-125.457
90.000	122.767	13.766	0.000	-139.507
92.000	122.936	13.233	0.000	-159.359
94.000	123.185	14.270	0.000	-158.551
96.000	123.066	13.417	0.000	-148.345
98.000	122.889	13.279	0.000	-159.656
100.000	122.872	13.199	0.000	-156.488
102.000	123.055	14.110	0.000	-157.613
104.000	123.169	14.111	0.000	-164.723
106.000	122.949	13.750	0.000	-157.960
108.000	122.833	13.642	0.000	-148.850
110.000	123.014	13.783	0.000	-150.214
112.000	123.108	14.301	0.000	-156.916
114.000	123.068	13.098	0.000	-159.469
116.000	122.889	12.558	0.000	-164.922
118.000	122.832	13.459	0.000	-170.896
120.000	123.160	13.975	0.000	-161.806
122.000	123.176	12.343	0.000	-160.439
124.000	122.807	12.303	0.000	-154.971
126.000	122.888	14.464	0.000	-157.985
128.000	123.124	14.491	0.000	-156.880
130.000	123.063	14.396	0.000	-154.814
132.000	122.990	13.643	0.000	-162.987
134.000	122.881	14.150	0.000	-164.314
136.000	122.920	13.692	0.000	-161.074
138.000	123.183	14.323	0.000	-157.396
140.000	123.074	14.613	0.000	-156.017
142.000	122.791	13.384	0.000	-155.954
144.000	122.941	13.309	0.000	-171.809
146.000	123.149	14.738	0.000	-164.331
148.000	123.079	14.431	0.000	-157.491
150.000	122.875	14.477	0.000	-169.720
152.000	122.863	14.788	0.000	179.238
154.000	123.112	15.315	0.000	-176.602
156.000	123.125	15.511	0.000	-172.348
158.000	122.897	14.946	0.000	-168.543
160.000	122.887	14.447	0.000	172.480
162.000	123.012	14.753	0.000	164.244
164.000	123.116	15.189	0.000	169.199
166.000	123.048	15.080	0.000	173.290
168.000	122.798	15.206	0.000	168.764
170.000	122.946	16.696	0.000	153.637
172.000	123.225	17.335	0.000	153.947
174.000	123.004	16.628	0.000	165.141
176.000	122.805	14.639	0.000	153.780
178.000	122.989	16.033	0.000	146.429
180.000	123.104	16.974	0.000	152.328
182.000	123.052	17.267	0.000	149.742
184.000	122.906	17.230	0.000	145.041
186.000	122.870	16.041	0.000	149.605
188.000	123.081	15.924	0.000	147.203
190.000	123.136	16.257	0.000	141.142
192.000	122.905	16.191	0.000	135.573
194.000	122.828	16.642	0.000	123.003
196.000	123.074	17.054	0.000	130.616
198.000	123.164	16.559	0.000	132.882
200.000	122.904	15.491	0.000	121.488
202.000	122.833	15.661	0.000	125.044
204.000	123.067	16.880	0.000	128.959
206.000	123.109	16.620	0.000	129.328
208.000	122.965	15.248	0.000	128.409
210.000	122.868	14.036	0.000	128.319
212.000	122.956	14.771	0.000	125.609
214.000	123.140	16.464	0.000	122.049
216.000	123.041	16.156	0.000	117.166
218.000	122.810	15.334	0.000	111.044
220.000	122.943	15.495	0.000	98.629
222.000	123.165	16.281	0.000	103.181
224.000	123.037	15.465	0.000	115.734
226.000	122.809	14.958	0.000	113.235
228.000	122.953	15.854	0.000	110.160
230.000	123.141	16.475	0.000	115.041
232.000	123.013	15.373	0.000	110.656
234.000	122.888	15.854	0.000	107.271
236.000	122.913	15.460	0.000	111.488
238.000	123.053	15.311	0.000	106.455
240.000	123.136	15.749	0.000	103.753
242.000	122.869	15.261	0.000	101.881
244.000	122.830	15.965	0.000	92.637
246.000	123.161	16.463	0.000	93.523
248.000	123.081	15.715	0.000	95.400
250.000	122.846	15.803	0.000	86.150
252.000	122.912	15.900	0.000	86.302
254.000	123.059	15.993	0.000	84.873
256.000	123.100	16.591	0.000	89.124
258.000	122.904	17.253	0.000	88.551
260.000	122.853	16.583	0.000	75.278
262.000	123.072	16.014	0.000	73.551
264.000	123.092	16.808	0.000	76.518
266.000	122.935	16.580	0.000	76.477
268.000	122.829	16.705	0.000	71.321
270.000	123.035	17.916	0.000	65.121
272.000	123.183	17.786	0.000	68.349
274.000	122.858	15.565	0.000	65.451
276.000	122.846	16.227	0.000	50.863
278.000	123.114	17.314	0.000	57.222
280.000	123.036	15.826	0.000	70.309
282.000	122.950	16.661	0.000	71.069
284.000	122.873	18.473	0.000	73.886
286.000	122.973	19.674	0.000	68.364
288.000	123.175	18.585	0.000	64.731
290.000	122.917	16.306	0.000	74.948
292.000	122.805	17.767	0.000	60.395
294.000	123.079	19.043	0.000	58.362
296.000	123.100	19.054	0.000	61.020
298.000	122.913	19.317	0.000	51.009
300.000	122.838	21.273	0.000	40.606
302.000	123.050	23.421	0.000	36.093
304.000	123.111	24.937	0.000	27.425
306.000	122.890	25.214	0.000	10.273
308.000	122.881	26.296	0.000	-15.952
310.000	123.009	28.582	0.000	-50.888
312.000	123.098	30.483	0.000	-81.691
314.000	122.958	31.594	0.000	-114.560
316.000	122.786	33.032	0.000	-161.452
318.000	123.074	36.092	0.000	165.002
320.000	123.135	37.301	0.000	145.617
322.000	122.841	36.948	0.000	113.388
324.000	122.883	38.597	0.000	77.093
326.000	123.063	39.826	0.000	59.531
328.000	123.057	39.348	0.000	37.294
330.000	122.909	39.051	0.000	11.111
332.000	122.860	38.903	0.000	-10.518
334.000	123.037	39.162	0.000	-34.244
336.000	123.100	39.736	0.000	-48.264
338.000	122.887	38.336	0.000	-66.219
340.000	122.827	38.245	0.000	-105.140
342.000	123.108	39.492	0.000	-123.635
344.000	123.078	38.160	0.000	-139.257
346.000	122.815	36.129	0.000	-173.340
348.000	122.923	36.465	0.000	159.779
350.000	123.073	36.449	0.000	139.623
352.000	123.027	35.807	0.000	120.289
354.000	122.872	35.446	0.000	98.543
356.000	122.882	36.931	0.000	73.081
358.000	123.094	38.301	0.000	50.753
360.000	123.034	38.276	0.000	33.448
362.000	122.835	37.616	0.000	9.092
364.000	122.899	38.006	0.000	-22.772
366.000	123.123	38.764	0.000	-40.574
368.000	123.014	36.563	0.000	-56.621
370.000	122.773	32.864	0.000	-91.822
372.000	123.009	31.576	0.000	-112.228
374.000	123.085	28.068	0.000	-125.153
376.000	122.933	22.352	0.000	-174.145
378.000	122.888	21.007	0.000	43.236
380.000	122.914	26.347	0.000	7.965
382.000	123.129	30.936	0.000	-10.219
384.000	122.963	32.079	0.000	-22.943
386.000	122.773	33.042	0.000	-54.375
388.000	123.061	35.524	0.000	-71.820
390.000	123.076	35.465	0.000	-80.097
392.000	122.884	34.267	0.000	-101.635
394.000	122.851	34.497	0.000	-123.510
396.000	123.044	34.621	0.000	-135.283
398.000	123.068	33.686	0.000	-148.606
400.000	122.849	31.985	0.000	-164.912
402.000	122.898	30.539	0.000	173.560
404.000	123.031	29.864	0.000	161.697
406.000	123.056	28.495	0.000	151.630
408.000	122.854	25.477	0.000	133.504
410.000	122.852	21.935	0.000	106.612
412.000	123.150	19.535	0.000	77.227
414.000	122.971	15.263	0.000	32.722
416.000	122.802	15.282	0.000	-61.573
418.000	122.989	19.169	0.000	-77.005
420.000	123.055	21.002	0.000	-88.117
422.000	122.953	21.954	0.000	-102.293
424.000	122.836	22.330	0.000	-116.925
426.000	122.966	23.147	0.000	-130.722
428.000	123.090	24.624	0.000	-133.953
430.000	122.917	24.530	0.000	-135.159
432.000	122.801	24.649	0.000	-152.101
434.000	123.057	26.631	0.000	-154.349
436.000	123.072	26.669	0.000	-157.139
438.000	122.811	26.463	0.000	-174.708
440.000	122.911	27.439	0.000	177.015
442.000	123.051	27.745	0.000	165.498
444.000	122.997	27.316	0.000	157.499
446.000	122.844	26.793	0.000	144.614
448.000	122.902	27.123	0.000	128.740
450.000	123.087	27.107	0.000	122.308
452.000	122.960	25.894	0.000	114.479
454.000	122.812	24.152	0.000	100.184
456.000	122.954	23.677	0.000	85.628
458.000	123.117	23.612	0.000	85.668
460.000	122.865	21.820	0.000	74.626
462.000	122.828	21.165	0.000	51.440
464.000	123.076	20.469	0.000	44.815
466.000	122.976	17.073	0.000	33.803
468.000	122.895	16.020	0.000	12.075
470.000	122.855	14.273	0.000	-6.561
472.000	123.042	12.571	0.000	-23.921
474.000	123.041	11.848	0.000	-50.929
476.000	122.765	11.658	0.000	-134.885
478.000	122.963	12.169	0.000	-155.142
480.000	123.077	12.617	0.000	-169.336
482.000	122.904	11.918	0.000	-172.236
484.000	122.818	12.719	0.000	167.852
486.000	123.011	13.776	0.000	163.117
488.000	123.041	13.052	0.000	160.028
490.000	122.847	13.628	0.000	149.559
492.000	122.879	13.340	0.000	147.993
494.000	123.008	13.566	0.000	146.976
496.000	123.033	14.091	0.000	138.427
498.000	122.801	13.510	0.000	126.797
500.000	122.900	14.303	0.000	122.988
502.000	123.110	13.556	0.000	123.958
504.000	122.889	12.976	0.000	114.672
506.000	122.818	12.536	0.000	105.896
508.000	123.007	13.203	0.000	105.907
510.000	123.019	11.911	0.000	102.773
512.000	122.862	11.574	0.000	97.079
514.000	122.862	12.639	0.000	94.229
516.000	123.008	12.887	0.000	110.629
518.000	123.027	11.689	0.000	123.372
520.000	122.786	12.463	0.000	108.236
522.000	122.914	13.176	0.000	98.050
524.000	123.101	13.069	0.000	91.795
526.000	122.860	12.195	0.000	97.466
528.000	122.842	11.820	0.000	102.257
530.000	122.987	12.436	0.000	99.825
532.000	123.021	12.040	0.000	99.911
534.000	122.840	12.384	0.000	97.306
536.000	122.867	12.009	0.000	100.092
538.000	123.035	10.022	0.000	117.640
540.000	122.963	11.419	0.000	80.868
542.000	122.806	11.356	0.000	73.109
544.000	122.916	11.242	0.000	107.271
546.000	123.102	12.056	0.000	124.744
548.000	122.819	11.231	0.000	107.365
550.000	122.855	12.000	0.000	104.844
552.000	123.029	12.618	0.000	108.227
554.000	122.952	12.148	0.000	101.411
556.000	122.853	13.103	0.000	89.112
558.000	122.862	12.506	0.000	81.666
560.000	123.063	10.284	0.000	90.331
562.000	122.914	10.288	0.000	108.658
564.000	122.783	11.329	0.000	103.204
566.000	122.997	11.693	0.000	117.092
568.000	123.025	10.637	0.000	132.915
570.000	122.796	11.307	0.000	120.400
572.000	122.890	11.997	0.000	111.760
574.000	123.029	12.014	0.000	105.074
576.000	122.918	11.589	0.000	92.805
578.000	122.818	12.284	0.000	73.240
580.000	122.929	12.619	0.000	86.647
582.000	123.040	12.394	0.000	98.662
584.000	122.842	11.337	0.000	93.267
586.000	122.823	12.223	0.000	81.649
588.000	123.038	13.836	0.000	86.772
590.000	122.958	13.523	0.000	94.795
592.000	122.762	13.687	0.000	77.859
594.000	122.977	14.413	0.000	71.064
596.000	122.990	14.064	0.000	73.170
598.000	122.865	13.793	0.000	72.874
600.000	122.836	13.310	0.000	69.231
602.000	122.975	12.635	0.000	60.932
604.000	123.009	11.776	0.000	71.525
606.000	122.752	11.213	0.000	56.772
608.000	122.941	12.235	0.000	35.627
610.000	123.026	13.139	0.000	44.551
612.000	122.842	12.428	0.000	46.483
614.000	122.823	13.211	0.000	53.601
616.000	123.011	14.143	0.000	60.351
618.000	122.940	14.718	0.000	47.293
620.000	122.807	14.740	0.000	37.148
622.000	122.900	14.579	0.000	35.902
624.000	123.012	15.254	0.000	30.734
626.000	122.880	14.748	0.000	26.268
628.000	122.778	14.662	0.000	19.425
630.000	123.032	15.684	0.000	7.612
632.000	122.944	15.118	0.000	8.801
634.000	122.772	14.169	0.000	1.176
636.000	122.934	14.027	0.000	0.472
638.000	122.995	13.901	0.000	5.612
640.000	122.844	13.958	0.000	1.572
642.000	122.833	12.811	0.000	-1.293
644.000	122.963	13.851	0.000	5.191
646.000	122.983	15.078	0.000	11.090
648.000	122.747	14.224	0.000	-9.365
650.000	122.937	14.544	0.000	-20.485
652.000	123.017	14.648	0.000	-6.969
654.000	122.803	14.395	0.000	-9.350
656.000	122.845	16.015	0.000	-17.099
658.000	122.989	16.828	0.000	-16.706
660.000	122.920	16.216	0.000	-20.171
662.000	122.782	15.297	0.000	-29.103
664.000	122.930	16.234	0.000	-37.053
666.000	122.980	16.389	0.000	-37.472
668.000	122.836	15.264	0.000	-30.812
670.000	122.799	15.664	0.000	-39.556
672.000	123.053	15.874	0.000	-46.908
674.000	122.859	13.926	0.000	-57.961
676.000	122.793	15.198	0.000	-66.269
678.000	122.961	16.595	0.000	-53.198
680.000	122.943	15.602	0.000	-54.467
682.000	122.811	15.618	0.000	-59.531
684.000	122.851	16.077	0.000	-63.691
686.000	122.997	17.152	0.000	-59.625
688.000	122.874	16.498	0.000	-51.928
690.000	122.762	16.169	0.000	-67.051
692.000	123.002	17.185	0.000	-64.919
694.000	122.925	16.614	0.000	-65.159
696.000	122.767	15.997	0.000	-73.430
698.000	122.919	16.974	0.000	-81.030
700.000	122.961	18.149	0.000	-75.072
702.000	122.833	17.327	0.000	-80.201
704.000	122.810	17.646	0.000	-87.886
706.000	122.987	17.817	0.000	-79.751
708.000	122.892	17.535	0.000	-77.000
710.000	122.772	17.092	0.000	-86.500
712.000	122.924	18.490	0.000	-96.741
714.000	122.993	18.491	0.000	-87.215
716.000	122.736	17.381	0.000	-100.285
718.000	122.916	18.272	0.000	-103.934
720.000	122.942	18.240	0.000	-101.491
722.000	122.858	18.546	0.000	-99.634
724.000	122.787	18.666	0.000	-103.814
726.000	122.962	19.457	0.000	-110.768
728.000	122.924	19.043	0.000	-107.538
730.000	122.749	17.845	0.000	-116.485
732.000	122.914	19.296	0.000	-120.539
734.000	122.975	19.131	0.000	-114.718
736.000	122.762	17.875	0.000	-125.318
738.000	122.865	18.873	0.000	-127.392
740.000	122.962	18.890	0.000	-125.985
742.000	122.845	19.188	0.000	-127.345
744.000	122.787	19.190	0.000	-133.370
746.000	122.942	20.255	0.000	-137.683
748.000	122.926	20.333	0.000	-132.728
750.000	122.751	20.043	0.000	-137.624
752.000	122.893	21.011	0.000	-139.254
754.000	122.977	21.215	0.000	-132.220
756.000	122.757	20.045	0.000	-143.794
758.000	122.858	21.330	0.000	-151.551
760.000	122.962	21.052	0.000	-145.295
762.000	122.828	20.503	0.000	-154.168
764.000	122.796	20.871	0.000	-157.482
766.000	122.920	21.669	0.000	-162.144
768.000	122.940	21.666	0.000	-157.897
770.000	122.721	20.771	0.000	-167.583
772.000	122.923	21.746	0.000	-169.298
774.000	122.938	21.176	0.000	-162.657
776.000	122.767	21.124	0.000	-168.529
778.000	122.843	22.256	0.000	-168.431
780.000	122.964	22.490	0.000	-168.203
782.000	122.809	22.296	0.000	-173.268
784.000	122.796	22.547	0.000	-176.360
786.000	122.928	23.576	0.000	-177.009
788.000	122.902	23.240	0.000	-176.740
790.000	122.729	23.318	0.000	176.280
792.000	122.923	24.895	0.000	175.611
794.000	122.927	25.201	0.000	179.070
796.000	122.738	24.687	0.000	169.738
798.000	122.879	25.742	0.000	167.688
800.000	122.931	25.996	0.000	170.399
802.000	122.796	26.863	0.000	164.374
804.000	122.800	27.942	0.000	162.606
806.000	122.941	29.512	0.000	159.722
808.000	122.863	30.045	0.000	160.879
810.000	122.730	31.408	0.000	146.673
812.000	122.961	33.943	0.000	147.954
814.000	122.866	34.287	0.000	143.944
816.000	122.748	36.516	0.000	130.126
818.000	122.893	39.055	0.000	124.031
820.000	122.913	41.026	0.000	114.276
822.000	122.764	42.846	0.000	97.685
824.000	122.829	45.524	0.000	77.797
826.000	122.941	47.353	0.000	63.117
828.000	122.800	47.805	0.000	44.057
830.000	122.768	49.128	0.000	17.180
832.000	122.967	50.677	0.000	5.369
834.000	122.813	49.986	0.000	-8.854
836.000	122.757	51.168	0.000	-33.508
838.000	122.934	52.143	0.000	-40.073
840.000	122.845	52.244	0.000	-56.122
842.000	122.771	53.225	0.000	-70.925
844.000	122.850	54.569	0.000	-89.312
846.000	122.941	55.807	0.000	-99.693
848.000	122.722	55.211	0.000	-120.027
850.000	122.858	56.875	0.000	-142.882
852.000	122.931	56.752	0.000	-149.628
854.000	122.758	55.730	0.000	-172.499
856.000	122.803	56.371	0.000	171.536
858.000	122.938	56.029	0.000	161.322
860.000	122.788	55.182	0.000	148.045
862.000	122.780	54.840	0.000	133.651
864.000	122.899	55.306	0.000	124.733
866.000	122.867	54.793	0.000	118.833
868.000	122.710	54.492	0.000	100.843
870.000	122.929	55.582	0.000	90.193
872.000	122.860	54.675	0.000	83.399
874.000	122.730	53.728	0.000	62.714
876.000	122.877	54.225	0.000	54.690
878.000	122.885	52.921	0.000	47.603
880.000	122.750	52.305	0.000	34.585
882.000	122.821	51.857	0.000	25.178
884.000	122.917	52.184	0.000	17.228
886.000	122.764	50.769	0.000	11.005
888.000	122.782	50.949	0.000	-10.068
890.000	122.951	50.659	0.000	-11.085
892.000	122.752	48.268	0.000	-27.945
894.000	122.783	47.561	0.000	-41.419
896.000	122.907	45.971	0.000	-49.267
898.000	122.810	43.564	0.000	-57.987
900.000	122.749	40.465	0.000	-73.622
902.000	122.888	36.536	0.000	-83.033
904.000	122.854	30.085	0.000	-46.232
906.000	122.710	34.904	0.000	42.015
908.000	122.897	40.740	0.000	38.173
910.000	122.864	42.247	0.000	33.454
912.000	122.715	44.091	0.000	14.119
914.000	122.866	46.122	0.000	9.840
916.000	122.865	46.685	0.000	2.383
918.000	122.744	47.698	0.000	-8.719
920.000	122.810	48.915	0.000	-19.809
922.000	122.903	50.214	0.000	-27.556
924.000	122.743	49.793	0.000	-37.614
926.000	122.789	51.057	0.000	-56.238
928.000	122.923	51.428	0.000	-55.964
930.000	122.735	50.548	0.000	-71.003
932.000	122.789	51.786	0.000	-79.853
934.000	122.892	52.091	0.000	-87.299
936.000	122.777	52.158	0.000	-97.963
938.000	122.757	52.573	0.000	-114.785
940.000	122.882	53.345	0.000	-124.840
942.000	122.815	52.552	0.000	-136.379
944.000	122.713	51.985	0.000	-156.271
946.000	122.912	52.313	0.000	-167.048
948.000	122.799	50.632	0.000	-173.443
950.000	122.731	49.676	0.000	166.795
952.000	122.875	49.439	0.000	163.620
954.000	122.821	47.618	0.000	152.314
956.000	122.733	46.427	0.000	141.294
958.000	122.834	44.804	0.000	129.955
960.000	122.871	42.870	0.000	129.659
962.000	122.696	38.829	0.000	132.782
964.000	122.857	38.675	0.000	152.640
966.000	122.853	39.038	0.000	170.900
968.000	122.719	41.456	0.000	167.214
970.000	122.819	43.443	0.000	165.646
972.000	122.868	44.206	0.000	160.286
974.000	122.721	44.373	0.000	151.833
976.000	122.805	45.328	0.000	145.728
978.000	122.867	46.173	0.000	146.204
980.000	122.742	46.429	0.000	140.586
982.000	122.768	48.410	0.000	129.828
984.000	122.909	49.457	0.000	130.214
986.000	122.708	49.403	0.000	116.112
988.000	122.796	51.293	0.000	106.089
990.000	122.861	51.626	0.000	101.350
992.000	122.751	52.096	0.000	88.011
994.000	122.755	52.935	0.000	77.170
996.000	122.875	54.155	0.000	67.329
998.000	122.762	53.918	0.000	60.614
1000.000	122.727	54.865	0.000	39.341
1002.000	122.909	55.782	0.000	38.225
1004.000	122.730	54.723	0.000	22.763
1006.000	122.757	55.678	0.000	10.998
1008.000	122.862	55.828	0.000	3.179
1010.000	122.768	55.720	0.000	-5.728
1012.000	122.729	56.070	0.000	-20.560
1014.000	122.865	56.913	0.000	-27.367
1016.000	122.781	56.543	0.000	-36.640
1018.000	122.702	56.812	0.000	-53.342
1020.000	122.895	58.118	0.000	-61.176
1022.000	122.754	57.139	0.000	-70.222
1024.000	122.732	57.795	0.000	-90.917
1026.000	122.858	57.787	0.000	-96.161
1028.000	122.773	57.065	0.000	-111.684
1030.000	122.721	56.667	0.000	-124.128
1032.000	122.847	56.804	0.000	-136.990
1034.000	122.796	55.978	0.000	-141.740
1036.000	122.691	54.971	0.000	-159.911
1038.000	122.881	55.522	0.000	-164.234
1040.000	122.759	53.803	0.000	-170.476
1042.000	122.721	53.761	0.000	176.045
1044.000	122.847	53.621	0.000	172.985
1046.000	122.776	53.037	0.000	165.126
1048.000	122.716	52.733	0.000	154.233
1050.000	122.833	53.206	0.000	146.242
1052.000	122.798	52.559	0.000	141.648
1054.000	122.686	52.226	0.000	125.873
1056.000	122.870	53.035	0.000	118.184
1058.000	122.762	51.906	0.000	111.472
1060.000	122.716	51.659	0.000	91.911
1062.000	122.840	51.687	0.000	87.216
1064.000	122.773	50.271	0.000	74.241
1066.000	122.713	49.653	0.000	62.856
1068.000	122.824	49.211	0.000	51.073
1070.000	122.800	48.451	0.000	47.336
1072.000	122.678	47.012	0.000	28.624
1074.000	122.869	47.422	0.000	22.737
1076.000	122.752	45.094	0.000	12.534
1078.000	122.717	43.961	0.000	-5.559
1080.000	122.831	42.405	0.000	-14.654
1082.000	122.770	39.748	0.000	-23.589
1084.000	122.706	35.918	0.000	-31.996
1086.000	122.831	32.387	0.000	-26.936
1088.000	122.778	29.564	0.000	7.034
1090.000	122.683	32.117	0.000	29.009
1092.000	122.867	35.615	0.000	35.947
1094.000	122.736	36.735	0.000	30.327
1096.000	122.720	39.710	0.000	15.905
1098.000	122.835	40.789	0.000	8.695
1100.000	122.745	41.361	0.000	-10.239
1102.000	122.712	41.951	0.000	-27.285
1104.000	122.837	42.712	0.000	-43.534
1106.000	122.745	42.045	0.000	-55.195
1108.000	122.706	41.670	0.000	-81.142
1110.000	122.858	41.807	0.000	-89.010
1112.000	122.711	39.625	0.000	-105.232
1114.000	122.733	39.261	0.000	-120.343
1116.000	122.833	38.087	0.000	-127.318
1118.000	122.717	36.780	0.000	-135.238
1120.000	122.731	36.128	0.000	-144.767
1122.000	122.831	36.298	0.000	-147.117
1124.000	122.715	35.537	0.000	-153.461
1126.000	122.732	36.186	0.000	-164.917
1128.000	122.842	36.888	0.000	-168.423
1130.000	122.688	36.206	0.000	178.808
1132.000	122.759	37.369	0.000	166.350
1134.000	122.813	37.010	0.000	159.431
1136.000	122.706	36.953	0.000	145.837
1138.000	122.738	36.825	0.000	134.178
1140.000	122.838	37.417	0.000	128.175
1142.000	122.671	36.517	0.000	118.497
1144.000	122.782	37.665	0.000	106.747
1146.000	122.803	37.266	0.000	104.757
1148.000	122.679	37.264	0.000	90.711
1150.000	122.782	38.253	0.000	83.945
1152.000	122.793	38.482	0.000	75.467
1154.000	122.682	38.886	0.000	62.307
1156.000	122.779	39.965	0.000	49.387
1158.000	122.798	40.329	0.000	40.678
1160.000	122.659	40.243	0.000	20.920
1162.000	122.820	41.357	0.000	6.688
1164.000	122.755	40.513	0.000	-4.032
1166.000	122.682	40.167	0.000	-27.525
1168.000	122.817	40.087	0.000	-36.718
1170.000	122.735	38.553	0.000	-51.835
1172.000	122.698	37.721	0.000	-64.236
1174.000	122.810	37.012	0.000	-74.786
1176.000	122.735	35.941	0.000	-77.499
1178.000	122.695	35.240	0.000	-91.415
1180.000	122.827	35.542	0.000	-91.215
1182.000	122.700	34.164	0.000	-100.801
1184.000	122.725	34.687	0.000	-109.337
1186.000	122.805	34.388	0.000	-113.489
1188.000	122.704	34.006	0.000	-120.741
1190.000	122.719	34.354	0.000	-132.877
1192.000	122.820	34.668	0.000	-136.278
1194.000	122.676	33.944	0.000	-147.583
1196.000	122.747	34.350	0.000	-161.202
1198.000	122.810	33.982	0.000	-164.274
1200.000	122.653	32.415	0.000	-179.730
1202.000	122.793	32.458	0.000	174.925
1204.000	122.760	30.570	0.000	172.670
1206.000	122.684	29.750	0.000	170.720
1208.000	122.773	29.620	0.000	174.858
1210.000	122.779	29.872	0.000	-176.985
1212.000	122.657	31.024	0.000	177.906
1214.000	122.814	33.302	0.000	179.807
1216.000	122.725	33.460	0.000	174.241
1218.000	122.687	35.119	0.000	161.067
1220.000	122.811	35.899	0.000	156.622
1222.000	122.704	36.162	0.000	145.509
1224.000	122.704	36.904	0.000	133.713
1226.000	122.809	37.732	0.000	126.909
1228.000	122.686	37.302	0.000	116.219
1230.000	122.725	38.136	0.000	101.813
1232.000	122.804	38.351	0.000	96.918
1234.000	122.663	37.686	0.000	82.416
1236.000	122.767	38.399	0.000	72.280
1238.000	122.760	37.388	0.000	64.591
1240.000	122.687	37.073	0.000	54.063
1242.000	122.752	36.754	0.000	46.319
1244.000	122.776	36.551	0.000	43.346
1246.000	122.655	35.723	0.000	32.409
1248.000	122.799	36.445	0.000	29.166
1250.000	122.726	35.314	0.000	24.445
1252.000	122.684	35.836	0.000	13.993
1254.000	122.795	35.909	0.000	9.456
1256.000	122.707	35.519	0.000	0.726
1258.000	122.694	35.583	0.000	-11.016
1260.000	122.807	35.609	0.000	-17.009
1262.000	122.674	34.558	0.000	-26.047
1264.000	122.725	34.527	0.000	-38.649
1266.000	122.801	34.083	0.000	-41.598
1268.000	122.646	32.654	0.000	-55.416
1270.000	122.783	32.648	0.000	-61.518
1272.000	122.738	30.865	0.000	-69.184
1274.000	122.678	29.922	0.000	-75.100
1276.000	122.773	28.982	0.000	-80.862
1278.000	122.735	27.625	0.000	-81.542
1280.000	122.672	26.056	0.000	-89.545
1282.000	122.796	25.856	0.000	-85.711
1284.000	122.696	24.061	0.000	-85.703
1286.000	122.708	24.048	0.000	-87.662
1288.000	122.776	23.471	0.000	-84.250
1290.000	122.691	23.424	0.000	-85.769
1292.000	122.712	23.678	0.000	-90.128
1294.000	122.787	24.057	0.000	-89.336
1296.000	122.656	23.394	0.000	-97.320
1298.000	122.757	23.179	0.000	-106.968
1300.000	122.758	22.742	0.000	-105.847
1302.000	122.657	21.118	0.000	-117.228
1304.000	122.782	20.618	0.000	-117.906
1306.000	122.715	18.749	0.000	-118.261
1308.000	122.679	17.520	0.000	-112.843
1310.000	122.786	16.454	0.000	-111.450
1312.000	122.690	15.878	0.000	-106.355
1314.000	122.705	16.141	0.000	-96.855
1316.000	122.784	16.194	0.000	-81.945
1318.000	122.664	16.404	0.000	-87.470
1320.000	122.738	17.388	0.000	-89.592
1322.000	122.758	17.182	0.000	-94.016
1324.000	122.663	17.415	0.000	-97.836
1326.000	122.757	17.605	0.000	-100.885
1328.000	122.741	17.471	0.000	-98.679
1330.000	122.651	17.076	0.000	-95.938
1332.000	122.807	17.088	0.000	-91.047
1334.000	122.674	17.499	0.000	-90.634
1336.000	122.711	18.054	0.000	-97.600
1338.000	122.770	18.460	0.000	-96.707
1340.000	122.669	18.566	0.000	-99.536
1342.000	122.728	19.077	0.000	-101.023
1344.000	122.765	20.099	0.000	-106.758
1346.000	122.646	20.296	0.000	-113.787
1348.000	122.782	21.462	0.000	-113.975
1350.000	122.706	21.108	0.000	-116.582
1352.000	122.682	21.413	0.000	-127.519
1354.000	122.772	21.575	0.000	-133.270
1356.000	122.689	21.420	0.000	-142.536
1358.000	122.697	21.456	0.000	-151.503
1360.000	122.779	21.185	0.000	-152.617
1362.000	122.656	19.849	0.000	-162.140
1364.000	122.743	20.019	0.000	-167.367
1366.000	122.748	19.962	0.000	-167.255
1368.000	122.651	19.501	0.000	174.205
1370.000	122.782	19.520	0.000	171.646
1372.000	122.696	18.643	0.000	160.693
1374.000	122.682	17.525	0.000	160.714
1376.000	122.787	17.001	0.000	157.522
1378.000	122.659	15.216	0.000	153.896
1380.000	122.735	14.606	0.000	151.672
1382.000	122.749	14.485	0.000	151.061
1384.000	122.660	12.984	0.000	148.501
1386.000	122.759	12.810	0.000	155.020
1388.000	122.716	13.785	0.000	174.206
1390.000	122.675	13.443	0.000	179.879
1392.000	122.766	12.291	0.000	173.376
1394.000	122.695	12.011	0.000	170.625
1396.000	122.691	13.072	0.000	168.996
1398.000	122.781	13.312	0.000	-178.189
1400.000	122.644	11.808	0.000	-179.344
1402.000	122.755	12.061	0.000	176.826
1404.000	122.728	11.812	0.000	171.224
1406.000	122.661	12.329	0.000	168.360
1408.000	122.774	11.937	0.000	171.676
1410.000	122.692	10.785	0.000	151.863
1412.000	122.690	12.227	0.000	172.630
1414.000	122.773	12.979	0.000	174.094
1416.000	122.659	12.750	0.000	166.141
1418.000	122.738	14.329	0.000	167.179
1420.000	122.735	14.368	0.000	167.889
1422.000	122.666	12.970	0.000	168.524
1424.000	122.756	14.197	0.000	156.345
1426.000	122.713	14.447	0.000	153.037
1428.000	122.665	13.962	0.000	144.950
1430.000	122.795	14.229	0.000	139.183
1432.000	122.649	14.112	0.000	126.655
1434.000	122.739	14.197	0.000	128.121
1436.000	122.741	13.263	0.000	126.584
1438.000	122.654	12.384	0.000	123.040
1440.000	122.769	12.032	0.000	122.005
1442.000	122.699	11.842	0.000	125.559
1444.000	122.682	12.001	0.000	133.693
1446.000	122.775	11.982	0.000	146.608
1448.000	122.657	12.019	0.000	132.002
1450.000	122.735	12.673	0.000	115.509
1452.000	122.734	11.362	0.000	107.643
1454.000	122.666	11.342	0.000	116.487
1456.000	122.753	10.909	0.000	104.029
1458.000	122.710	9.841	0.000	109.962
1460.000	122.673	9.670	0.000	105.093
1462.000	122.782	9.953	0.000	130.459
1464.000	122.653	9.273	0.000	134.329
1466.000	122.741	8.963	0.000	124.221
1468.000	122.727	9.869	0.000	144.378
1470.000	122.670	10.653	0.000	142.295
1472.000	122.756	11.096	0.000	150.470
1474.000	122.697	11.482	0.000	157.569
1476.000	122.700	11.880	0.000	136.736
1478.000	122.756	11.640	0.000	133.543
1480.000	122.668	10.933	0.000	121.688
1482.000	122.734	10.280	0.000	126.553
1484.000	122.729	11.131	0.000	135.600
1486.000	122.668	10.785	0.000	141.628
1488.000	122.763	9.641	0.000	148.090
1490.000	122.687	11.057	0.000	126.372
1492.000	122.702	11.607	0.000	131.863
1494.000	122.761	11.042	0.000	153.939
1496.000	122.654	10.293	0.000	137.603
1498.000	122.758	11.921	0.000	133.200
1500.000	122.703	12.559	0.000	137.405
1502.000	122.684	12.047	0.000	125.515
1504.000	122.764	11.337	0.000	127.644
1506.000	122.672	12.041	0.000	113.943
1508.000	122.726	11.993	0.000	109.584
1510.000	122.742	11.408	0.000	107.487
1512.000	122.661	11.285	0.000	91.125
1514.000	122.762	11.501	0.000	106.436
1516.000	122.697	11.151	0.000	107.049
1518.000	122.687	10.485	0.000	114.375
1520.000	122.775	11.223	0.000	108.802
1522.000	122.648	11.498	0.000	89.613
1524.000	122.759	10.881	0.000	79.741
1526.000	122.705	10.400	0.000	83.287
1528.000	122.698	11.823	0.000	95.711
1530.000	122.747	10.505	0.000	104.628
1532.000	122.691	9.470	0.000	88.565
1534.000	122.713	10.536	0.000	93.190
1536.000	122.749	10.791	0.000	75.862
1538.000	122.663	10.655	0.000	69.261
1540.000	122.765	11.485	0.000	72.265
1542.000	122.691	11.727	0.000	85.448
1544.000	122.702	11.888	0.000	71.358
1546.000	122.757	10.423	0.000	50.911
1548.000	122.661	9.692	0.000	63.721
1550.000	122.751	9.662	0.000	47.336
1552.000	122.714	9.862	0.000	27.887
1554.000	122.683	10.899	0.000	32.064
1556.000	122.770	11.542	0.000	67.802
1558.000	122.668	10.317	0.000	70.893
1560.000	122.736	10.833	0.000	44.690
1562.000	122.730	10.787	0.000	17.907
1564.000	122.673	10.883	0.000	13.919
1566.000	122.764	11.590	0.000	41.296
1568.000	122.684	10.987	0.000	51.085
1570.000	122.717	9.109	0.000	56.636
1572.000	122.752	8.517	0.000	29.546
1574.000	122.663	9.781	0.000	64.158
1576.000	122.763	9.928	0.000	37.211
1578.000	122.694	8.793	0.000	34.000
1580.000	122.705	9.508	0.000	72.343
1582.000	122.755	9.074	0.000	76.179
1584.000	122.670	9.781	0.000	25.779
1586.000	122.754	9.226	0.000	55.161
1588.000	122.709	10.050	0.000	41.565
1590.000	122.694	9.574	0.000	44.483
1592.000	122.762	9.250	0.000	96.733
1594.000	122.672	9.579	0.000	66.138
1596.000	122.743	9.784	0.000	-19.505
1598.000	122.726	10.323	0.000	-155.748
1600.000	122.685	10.792	0.000	-109.351
1602.000	122.764	10.558	0.000	39.061
1604.000	122.680	9.465	0.000	49.621
1606.000	122.736	9.926	0.000	34.109
1608.000	122.730	9.844	0.000	16.275
1610.000	122.682	9.047	0.000	-18.329
1612.000	122.762	9.736	0.000	-52.000
1614.000	122.694	9.531	0.000	-36.958
1616.000	122.713	9.075	0.000	-14.394
1618.000	122.760	10.516	0.000	-51.209
1620.000	122.660	10.084	0.000	-70.834
1622.000	122.777	9.540	0.000	-113.042
1624.000	122.686	9.261	0.000	-0.530
1626.000	122.721	9.626	0.000	40.033
1628.000	122.752	9.390	0.000	-74.978
1630.000	122.673	9.598	0.000	-179.712
1632.000	122.763	9.424	0.000	-156.190
1634.000	122.704	9.719	0.000	-7.908
1636.000	122.705	9.450	0.000	-6.813
1638.000	122.764	9.798	0.000	74.838
1640.000	122.665	9.290	0.000	39.972
1642.000	122.767	9.909	0.000	-51.483
1644.000	122.700	10.670	0.000	-88.387
1646.000	122.713	9.859	0.000	-48.902
1648.000	122.760	9.166	0.000	-16.895
1650.000	122.678	8.284	0.000	-75.364
1652.000	122.755	8.855	0.000	-99.475
1654.000	122.714	9.380	0.000	-17.300
1656.000	122.699	9.760	0.000	-73.713
1658.000	122.769	9.858	0.000	-62.122
1660.000	122.667	9.251	0.000	-80.301
1662.000	122.768	9.542	0.000	177.469
1664.000	122.705	8.698	0.000	179.211
1666.000	122.711	9.163	0.000	-142.746
1668.000	122.757	10.140	0.000	-140.616
1670.000	122.682	9.255	0.000	-108.625
1672.000	122.751	9.899	0.000	-125.754
1674.000	122.721	10.717	0.000	-125.834
1676.000	122.702	8.996	0.000	-100.143
1678.000	122.768	9.955	0.000	-126.653
1680.000	122.671	10.486	0.000	-151.947
1682.000	122.768	10.007	0.000	179.440
1684.000	122.711	9.276	0.000	130.120
1686.000	122.701	9.093	0.000	174.373
1688.000	122.783	7.862	0.000	-148.914
1690.000	122.663	9.276	0.000	-124.469
1692.000	122.777	9.738	0.000	-170.396
1694.000	122.697	10.257	0.000	173.685
1696.000	122.731	10.272	0.000	134.016
1698.000	122.742	10.340	0.000	151.941
1700.000	122.698	10.187	0.000	152.926
1702.000	122.751	9.835	0.000	145.918
1704.000	122.721	9.928	0.000	160.512
1706.000	122.707	9.929	0.000	-171.329
1708.000	122.771	10.279	0.000	-172.069
1710.000	122.673	10.317	0.000	172.701
1712.000	122.778	10.823	0.000	-144.922
1714.000	122.694	10.193	0.000	179.380
1716.000	122.734	10.769	0.000	161.123
1718.000	122.749	9.978	0.000	147.581
1720.000	122.688	8.316	0.000	116.463
1722.000	122.770	8.582	0.000	151.845
1724.000	122.705	9.736	0.000	-114.643
1726.000	122.726	9.953	0.000	149.103
1728.000	122.758	9.983	0.000	147.310
1730.000	122.679	11.590	0.000	157.480
1732.000	122.784	10.705	0.000	164.716
1734.000	122.681	10.175	0.000	121.530
1736.000	122.761	9.622	0.000	118.784
1738.000	122.722	9.026	0.000	114.470
1740.000	122.717	9.323	0.000	146.906
1742.000	122.756	10.055	0.000	146.709
1744.000	122.698	10.516	0.000	-147.177
1746.000	122.750	10.593	0.000	165.687
1748.000	122.732	10.070	0.000	174.206
1750.000	122.709	8.967	0.000	-170.020
1752.000	122.767	9.336	0.000	-170.063
1754.000	122.691	8.457	0.000	145.973
1756.000	122.761	8.727	0.000	160.017
1758.000	122.721	8.854	0.000	153.861
1760.000	122.712	9.592	0.000	171.457
1762.000	122.774	9.441	0.000	163.824
1764.000	122.681	8.957	0.000	127.794
1766.000	122.781	10.006	0.000	-149.969
1768.000	122.691	11.233	0.000	-154.173
1770.000	122.757	10.852	0.000	130.641
1772.000	122.732	10.446	0.000	150.442
1774.000	122.709	9.577	0.000	151.981
1776.000	122.771	9.596	0.000	175.221
1778.000	122.699	10.306	0.000	-172.276
1780.000	122.751	10.355	0.000	164.188
1782.000	122.739	10.204	0.000	148.760
1784.000	122.704	10.448	0.000	157.185
1786.000	122.778	10.117	0.000	151.336
1788.000	122.682	9.832	0.000	142.251
1790.000	122.775	9.668	0.000	147.973
1792.000	122.710	9.536	0.000	169.649
1794.000	122.740	9.725	0.000	148.021
1796.000	122.746	9.946	0.000	148.575
1798.000	122.717	10.409	0.000	166.230
1800.000	122.752	8.430	0.000	167.779
1802.000	122.726	9.210	0.000	173.150
1804.000	122.727	9.686	0.000	-156.731
1806.000	122.759	9.321	0.000	173.247
1808.000	122.694	9.643	0.000	163.498
1810.000	122.788	9.787	0.000	153.025
1812.000	122.687	10.854	0.000	162.929
1814.000	122.765	10.559	0.000	134.960
1816.000	122.728	9.190	0.000	132.606
1818.000	122.718	9.504	0.000	153.975
1820.000	122.773	9.077	0.000	144.308
1822.000	122.687	10.470	0.000	143.462
1824.000	122.786	10.510	0.000	147.359
1826.000	122.695	10.234	0.000	136.453
1828.000	122.765	10.656	0.000	130.659
1830.000	122.725	10.822	0.000	131.622
1832.000	122.730	11.610	0.000	135.041
1834.000	122.761	10.588	0.000	125.672
1836.000	122.714	10.818	0.000	125.938
1838.000	122.753	11.850	0.000	123.638
1840.000	122.738	11.752	0.000	112.218
1842.000	122.720	12.321	0.000	119.061
1844.000	122.769	11.406	0.000	120.537
1846.000	122.695	11.797	0.000	101.011
1848.000	122.779	11.741	0.000	112.737
1850.000	122.709	12.236	0.000	117.104
1852.000	122.749	11.419	0.000	114.752
1854.000	122.748	11.417	0.000	111.292
1856.000	122.715	11.218	0.000	103.282
1858.000	122.775	10.985	0.000	103.897
1860.000	122.696	11.694	0.000	99.015
1862.000	122.775	11.653	0.000	98.965
1864.000	122.711	12.111	0.000	82.166
1866.000	122.759	11.872	0.000	82.257
1868.000	122.738	12.328	0.000	92.131
1870.000	122.726	12.793	0.000	84.387
1872.000	122.761	12.046	0.000	76.345
1874.000	122.718	12.796	0.000	62.304
1876.000	122.755	12.628	0.000	72.831
1878.000	122.737	11.625	0.000	69.458
1880.000	122.728	11.703	0.000	61.260
1882.000	122.766	11.777	0.000	67.618
1884.000	122.715	11.856	0.000	64.988
1886.000	122.757	13.362	0.000	61.835
1888.000	122.736	13.503	0.000	60.829
1890.000	122.730	13.286	0.000	69.090
1892.000	122.773	13.764	0.000	63.159
1894.000	122.701	14.268	0.000	54.050
1896.000	122.789	13.973	0.000	52.505
1898.000	122.691	14.834	0.000	50.537
1900.000	122.789	14.177	0.000	56.293
1902.000	122.710	13.725	0.000	51.361
1904.000	122.753	14.765	0.000	43.862
1906.000	122.753	14.745	0.000	41.499
1908.000	122.712	15.111	0.000	45.068
1910.000	122.792	15.663	0.000	42.752
1912.000	122.686	14.748	0.000	42.039
1914.000	122.794	15.453	0.000	39.386
1916.000	122.705	16.697	0.000	32.405
1918.000	122.762	17.083	0.000	29.487
1920.000	122.743	17.572	0.000	31.008
1922.000	122.725	18.157	0.000	24.276
1924.000	122.772	19.197	0.000	21.152
1926.000	122.712	19.439	0.000	15.775
1928.000	122.773	20.277	0.000	10.993
1930.000	122.716	20.883	0.000	3.906
1932.000	122.759	21.880	0.000	-1.126
1934.000	122.740	21.954	0.000	-7.905
1936.000	122.737	22.483	0.000	-17.263
1938.000	122.762	23.002	0.000	-19.542
1940.000	122.720	23.488	0.000	-28.085
1942.000	122.764	24.084	0.000	-32.303
1944.000	122.731	23.819	0.000	-38.676
1946.000	122.746	24.369	0.000	-47.296
1948.000	122.751	24.611	0.000	-54.098
1950.000	122.727	24.806	0.000	-62.710
1952.000	122.767	25.018	0.000	-65.849
1954.000	122.724	25.085	0.000	-75.556
1956.000	122.756	25.546	0.000	-79.943
1958.000	122.739	25.048	0.000	-86.416
1960.000	122.737	25.589	0.000	-94.110
1962.000	122.764	25.658	0.000	-100.386
1964.000	122.718	25.768	0.000	-108.780
1966.000	122.773	26.195	0.000	-111.677
1968.000	122.718	26.146	0.000	-121.990
1970.000	122.768	26.378	0.000	-126.415
1972.000	122.733	26.409	0.000	-135.876
1974.000	122.747	26.413	0.000	-142.903
1976.000	122.751	26.228	0.000	-147.114
1978.000	122.730	26.664	0.000	-154.314
1980.000	122.770	26.554	0.000	-160.402
1982.000	122.715	26.047	0.000	-169.291
1984.000	122.771	25.830	0.000	-173.738
1986.000	122.723	25.339	0.000	178.872
1988.000	122.754	25.586	0.000	174.853
1990.000	122.751	24.960	0.000	170.667
1992.000	122.730	25.046	0.000	167.025
1994.000	122.766	24.481	0.000	163.661
1996.000	122.721	24.803	0.000	155.581
1998.000	122.767	24.766	0.000	153.028
2000.000	122.730	24.631	0.000	147.522
