2000.000	122.826	12.582	0.000	-60.183
2.000	122.878	11.650	0.000	-47.648
4.000	123.095	11.342	0.000	-76.298
6.000	123.116	11.917	0.000	-89.990
8.000	122.960	11.092	0.000	-84.601
10.000	122.817	11.667	0.000	-73.743
12.000	122.918	11.944	0.000	-87.202
14.000	123.184	11.588	0.000	-55.268
16.000	123.109	11.708	0.000	-54.175
18.000	122.774	10.861	0.000	-50.583
20.000	122.869	10.771	0.000	33.762
22.000	123.146	10.784	0.000	-99.529
24.000	123.076	10.630	0.000	-151.835
26.000	122.936	11.246	0.000	-154.209
28.000	122.899	11.156	0.000	-105.097
30.000	122.897	10.294	0.000	-99.089
32.000	123.100	10.591	0.000	-62.580
34.000	123.165	10.946	0.000	-58.214
36.000	122.838	10.345	0.000	-91.230
38.000	122.791	9.672	0.000	-82.709
40.000	123.132	10.840	0.000	-90.495
42.000	123.150	12.136	0.000	-105.295
44.000	122.914	11.588	0.000	-104.856
46.000	122.846	11.859	0.000	-107.538
48.000	122.956	11.091	0.000	-106.650
50.000	123.122	10.955	0.000	-101.349
52.000	123.089	11.148	0.000	-99.156
54.000	122.847	11.319	0.000	-88.862
56.000	122.863	11.203	0.000	-99.023
58.000	123.080	11.408	0.000	-76.322
60.000	123.109	11.452	0.000	-137.523
62.000	122.982	11.351	0.000	-149.407
64.000	122.828	10.928	0.000	-98.956
66.000	122.908	9.655	0.000	-142.530
68.000	123.197	10.034	0.000	-148.906
70.000	123.094	11.518	0.000	-147.771
72.000	122.756	11.944	0.000	-148.099
74.000	122.922	11.094	0.000	147.096
76.000	123.150	11.001	0.000	52.901
78.000	123.035	10.737	0.000	170.632
80.000	122.947	11.434	0.000	96.879
82.000	122.886	11.499	0.000	67.190
84.000	122.919	11.122	0.000	151.344
86.000	123.172	11.188	0.000	-164.339
88.000	123.083	10.955	0.000	-65.472
90.000	122.757	10.694	0.000	-48.445
92.000	122.925	10.607	0.000	152.175
94.000	123.173	11.463	0.000	143.748
96.000	123.055	11.461	0.000	96.234
98.000	122.879	11.419	0.000	100.721
100.000	122.862	11.158	0.000	50.592
102.000	123.044	11.030	0.000	91.100
104.000	123.158	11.261	0.000	158.453
106.000	122.939	11.786	0.000	122.881
108.000	122.823	10.663	0.000	83.966
110.000	123.003	10.970	0.000	59.265
112.000	123.098	10.935	0.000	29.803
114.000	123.057	9.599	0.000	-0.515
116.000	122.878	10.114	0.000	14.119
118.000	122.823	10.228	0.000	21.624
120.000	123.148	10.851	0.000	-151.079
122.000	123.164	10.949	0.000	102.843
124.000	122.798	10.381	0.000	139.890
126.000	122.877	11.550	0.000	48.870
128.000	123.112	11.623	0.000	17.711
130.000	123.053	10.823	0.000	89.257
132.000	122.980	9.952	0.000	103.198
134.000	122.871	10.841	0.000	52.186
136.000	122.910	10.408	0.000	-42.227
138.000	123.172	9.721	0.000	-32.328
140.000	123.063	10.478	0.000	-60.407
142.000	122.782	10.407	0.000	-27.891
144.000	122.931	11.758	0.000	35.964
146.000	123.138	12.371	0.000	19.315
148.000	123.069	12.310	0.000	14.595
150.000	122.866	11.576	0.000	12.655
152.000	122.854	10.792	0.000	10.758
154.000	123.102	11.129	0.000	36.302
156.000	123.115	11.849	0.000	17.880
158.000	122.888	11.659	0.000	18.312
160.000	122.877	11.236	0.000	-26.460
162.000	123.003	11.945	0.000	-19.987
164.000	123.106	12.533	0.000	-12.280
166.000	123.038	11.974	0.000	-6.184
168.000	122.789	12.561	0.000	-6.868
170.000	122.937	12.912	0.000	-23.054
172.000	123.214	12.969	0.000	-27.408
174.000	122.995	11.994	0.000	-17.634
176.000	122.797	12.174	0.000	-36.672
178.000	122.979	12.522	0.000	-34.145
180.000	123.095	12.768	0.000	-42.122
182.000	123.043	13.695	0.000	-43.964
184.000	122.897	14.094	0.000	-43.578
186.000	122.862	13.785	0.000	-42.681
188.000	123.072	14.384	0.000	-48.442
190.000	123.127	15.158	0.000	-53.859
192.000	122.897	14.275	0.000	-59.029
194.000	122.820	13.756	0.000	-60.484
196.000	123.065	15.479	0.000	-63.216
198.000	123.154	15.858	0.000	-58.188
200.000	122.896	14.751	0.000	-65.770
202.000	122.825	14.552	0.000	-74.728
204.000	123.057	16.225	0.000	-74.092
206.000	123.101	15.580	0.000	-75.394
208.000	122.958	14.852	0.000	-81.975
210.000	122.859	14.692	0.000	-80.286
212.000	122.947	15.888	0.000	-83.506
214.000	123.132	16.466	0.000	-79.361
216.000	123.033	16.545	0.000	-79.243
218.000	122.802	15.728	0.000	-93.290
220.000	122.935	16.354	0.000	-107.129
222.000	123.156	17.120	0.000	-103.178
224.000	123.029	17.219	0.000	-100.714
226.000	122.802	15.614	0.000	-110.630
228.000	122.945	16.635	0.000	-112.091
230.000	123.132	17.638	0.000	-110.756
232.000	123.005	16.335	0.000	-116.995
234.000	122.880	15.916	0.000	-114.438
236.000	122.905	16.424	0.000	-116.834
238.000	123.045	17.037	0.000	-122.297
240.000	123.128	17.476	0.000	-120.037
242.000	122.861	16.670	0.000	-116.539
244.000	122.822	16.719	0.000	-128.118
246.000	123.153	17.938	0.000	-127.067
248.000	123.073	17.326	0.000	-121.826
250.000	122.839	15.683	0.000	-123.088
252.000	122.904	17.053	0.000	-129.889
254.000	123.051	18.501	0.000	-130.753
256.000	123.093	18.174	0.000	-129.654
258.000	122.897	17.685	0.000	-129.834
260.000	122.845	18.066	0.000	-138.696
262.000	123.065	18.652	0.000	-135.413
264.000	123.085	18.559	0.000	-131.489
266.000	122.927	18.437	0.000	-135.105
268.000	122.822	18.685	0.000	-141.747
270.000	123.027	20.173	0.000	-144.185
272.000	123.175	20.305	0.000	-140.462
274.000	122.852	20.054	0.000	-148.158
276.000	122.839	20.967	0.000	-154.489
278.000	123.106	22.506	0.000	-150.918
280.000	123.030	22.349	0.000	-152.855
282.000	122.943	22.640	0.000	-160.273
284.000	122.865	22.621	0.000	-166.664
286.000	122.966	23.672	0.000	-171.314
288.000	123.167	25.627	0.000	-173.888
290.000	122.910	25.813	0.000	-179.070
292.000	122.798	26.643	0.000	160.958
294.000	123.072	29.490	0.000	150.656
296.000	123.093	30.551	0.000	146.149
298.000	122.907	31.134	0.000	124.117
300.000	122.832	33.677	0.000	100.219
302.000	123.042	36.098	0.000	82.984
304.000	123.104	37.462	0.000	61.977
306.000	122.884	38.539	0.000	37.658
308.000	122.874	40.144	0.000	10.813
310.000	123.003	42.063	0.000	-11.831
312.000	123.092	43.459	0.000	-28.948
314.000	122.951	43.667	0.000	-48.384
316.000	122.780	44.325	0.000	-78.953
318.000	123.067	46.386	0.000	-100.479
320.000	123.129	46.751	0.000	-111.911
322.000	122.836	45.367	0.000	-133.665
324.000	122.877	46.055	0.000	-161.959
326.000	123.056	46.579	0.000	-172.780
328.000	123.052	45.326	0.000	174.677
330.000	122.903	44.468	0.000	156.684
332.000	122.854	43.685	0.000	144.078
334.000	123.032	43.267	0.000	131.102
336.000	123.094	43.108	0.000	127.544
338.000	122.881	41.479	0.000	125.458
340.000	122.821	41.729	0.000	111.232
342.000	123.102	43.742	0.000	111.339
344.000	123.072	43.568	0.000	109.777
346.000	122.810	43.853	0.000	88.958
348.000	122.917	45.585	0.000	73.676
350.000	123.067	46.359	0.000	60.687
352.000	123.022	46.378	0.000	43.250
354.000	122.867	45.716	0.000	21.717
356.000	122.876	45.548	0.000	-3.017
358.000	123.089	45.675	0.000	-20.770
360.000	123.028	44.587	0.000	-37.842
362.000	122.830	42.823	0.000	-61.545
364.000	122.894	42.378	0.000	-90.252
366.000	123.118	42.670	0.000	-107.498
368.000	123.009	41.266	0.000	-122.658
370.000	122.768	39.997	0.000	-158.011
372.000	123.003	40.961	0.000	-179.480
374.000	123.080	40.204	0.000	169.613
376.000	122.928	39.567	0.000	147.838
378.000	122.883	39.569	0.000	130.983
380.000	122.909	39.439	0.000	115.365
382.000	123.124	40.562	0.000	106.148
384.000	122.958	40.059	0.000	101.314
386.000	122.768	39.631	0.000	79.915
388.000	123.056	41.692	0.000	71.964
390.000	123.071	41.731	0.000	72.407
392.000	122.880	41.351	0.000	58.225
394.000	122.846	42.803	0.000	43.991
396.000	123.039	44.269	0.000	36.667
398.000	123.064	44.725	0.000	26.941
400.000	122.844	44.990	0.000	10.886
402.000	122.893	45.817	0.000	-8.347
404.000	123.026	46.746	0.000	-25.188
406.000	123.051	46.476	0.000	-37.573
408.000	122.849	45.092	0.000	-53.676
410.000	122.847	45.183	0.000	-77.711
412.000	123.145	45.722	0.000	-86.691
414.000	122.966	44.113	0.000	-95.427
416.000	122.797	42.716	0.000	-120.731
418.000	122.984	43.237	0.000	-135.427
420.000	123.051	42.025	0.000	-146.215
422.000	122.948	40.076	0.000	-166.181
424.000	122.831	38.743	0.000	176.692
426.000	122.962	37.123	0.000	158.638
428.000	123.086	35.884	0.000	145.213
430.000	122.913	33.344	0.000	136.870
432.000	122.796	30.309	0.000	112.445
434.000	123.052	29.724	0.000	100.514
436.000	123.068	27.690	0.000	96.275
438.000	122.807	24.965	0.000	75.590
440.000	122.906	24.710	0.000	63.038
442.000	123.047	24.443	0.000	56.029
444.000	122.994	24.268	0.000	44.574
446.000	122.840	24.044	0.000	29.785
448.000	122.898	25.047	0.000	15.292
450.000	123.083	26.353	0.000	11.107
452.000	122.955	26.383	0.000	4.536
454.000	122.808	26.779	0.000	-14.074
456.000	122.950	28.302	0.000	-31.927
458.000	123.112	28.440	0.000	-32.947
460.000	122.862	27.174	0.000	-37.500
462.000	122.824	29.177	0.000	-53.907
464.000	123.072	30.542	0.000	-56.182
466.000	122.973	30.354	0.000	-67.918
468.000	122.890	30.836	0.000	-82.282
470.000	122.851	30.578	0.000	-94.578
472.000	123.039	31.151	0.000	-107.788
474.000	123.037	30.707	0.000	-109.156
476.000	122.761	28.658	0.000	-124.809
478.000	122.959	29.267	0.000	-139.123
480.000	123.074	28.932	0.000	-135.188
482.000	122.901	27.046	0.000	-140.727
484.000	122.814	26.629	0.000	-154.649
486.000	123.007	26.800	0.000	-156.985
488.000	123.039	25.934	0.000	-156.574
490.000	122.844	24.574	0.000	-161.216
492.000	122.875	24.087	0.000	-168.256
494.000	123.005	24.251	0.000	-170.995
496.000	123.029	23.676	0.000	-170.818
498.000	122.798	22.282	0.000	-178.459
500.000	122.897	22.242	0.000	175.919
502.000	123.107	22.626	0.000	177.597
504.000	122.886	20.980	0.000	175.036
506.000	122.814	20.700	0.000	165.539
508.000	123.003	20.907	0.000	168.215
510.000	123.017	19.650	0.000	169.906
512.000	122.858	19.179	0.000	166.767
514.000	122.858	18.576	0.000	163.058
516.000	123.005	18.115	0.000	160.847
518.000	123.024	18.606	0.000	162.822
520.000	122.783	16.791	0.000	159.439
522.000	122.911	17.507	0.000	151.094
524.000	123.098	18.155	0.000	153.029
526.000	122.857	17.154	0.000	150.019
528.000	122.838	16.759	0.000	147.394
530.000	122.984	15.755	0.000	149.792
532.000	123.018	15.867	0.000	149.119
534.000	122.836	15.398	0.000	150.034
536.000	122.863	14.550	0.000	145.976
538.000	123.033	15.018	0.000	145.848
540.000	122.960	14.955	0.000	149.549
542.000	122.803	14.420	0.000	141.682
544.000	122.913	13.508	0.000	135.758
546.000	123.100	13.497	0.000	152.053
548.000	122.817	13.067	0.000	139.680
550.000	122.852	12.948	0.000	143.333
552.000	123.026	13.852	0.000	155.318
554.000	122.950	12.874	0.000	146.698
556.000	122.849	13.646	0.000	143.628
558.000	122.859	13.902	0.000	143.398
560.000	123.061	14.535	0.000	142.062
562.000	122.912	14.364	0.000	151.918
564.000	122.780	13.486	0.000	142.226
566.000	122.995	13.807	0.000	141.791
568.000	123.023	13.336	0.000	150.934
570.000	122.794	11.403	0.000	132.329
572.000	122.887	11.156	0.000	126.514
574.000	123.026	12.197	0.000	137.502
576.000	122.916	12.746	0.000	134.087
578.000	122.814	12.260	0.000	129.688
580.000	122.927	11.450	0.000	126.370
582.000	123.038	10.874	0.000	149.907
584.000	122.839	11.916	0.000	146.870
586.000	122.821	11.896	0.000	153.442
588.000	123.036	10.987	0.000	143.924
590.000	122.956	9.739	0.000	121.715
592.000	122.759	9.654	0.000	126.263
594.000	122.974	10.597	0.000	151.162
596.000	122.988	10.233	0.000	176.072
598.000	122.862	10.454	0.000	-156.396
600.000	122.834	9.424	0.000	-158.280
602.000	122.973	11.541	0.000	-167.764
604.000	123.008	11.897	0.000	-155.151
606.000	122.749	12.254	0.000	176.682
608.000	122.939	12.866	0.000	-178.015
610.000	123.025	12.404	0.000	-163.606
612.000	122.840	11.178	0.000	160.765
614.000	122.820	11.597	0.000	161.254
616.000	123.009	11.377	0.000	175.056
618.000	122.939	10.472	0.000	-176.046
620.000	122.804	11.562	0.000	-171.139
622.000	122.897	12.509	0.000	-157.422
624.000	123.011	12.664	0.000	-165.181
626.000	122.878	13.323	0.000	-159.454
628.000	122.776	14.531	0.000	-166.155
630.000	123.030	16.158	0.000	-175.691
632.000	122.943	16.178	0.000	174.455
634.000	122.770	16.506	0.000	157.557
636.000	122.932	17.386	0.000	158.238
638.000	122.994	16.696	0.000	150.506
640.000	122.842	15.932	0.000	139.777
642.000	122.831	15.232	0.000	128.215
644.000	122.961	14.958	0.000	121.730
646.000	122.981	14.658	0.000	133.228
648.000	122.745	14.095	0.000	128.311
650.000	122.936	14.964	0.000	129.492
652.000	123.016	14.194	0.000	132.823
654.000	122.801	12.744	0.000	132.103
656.000	122.842	13.496	0.000	134.292
658.000	122.988	13.430	0.000	135.119
660.000	122.919	13.839	0.000	135.128
662.000	122.779	14.702	0.000	135.535
664.000	122.929	15.735	0.000	127.125
666.000	122.979	15.573	0.000	129.779
668.000	122.834	14.471	0.000	122.674
670.000	122.797	15.172	0.000	112.715
672.000	123.051	15.320	0.000	115.663
674.000	122.858	14.334	0.000	111.153
676.000	122.791	14.514	0.000	106.353
678.000	122.959	14.808	0.000	102.329
680.000	122.942	14.072	0.000	96.956
682.000	122.809	14.488	0.000	97.482
684.000	122.850	13.230	0.000	98.865
686.000	122.996	13.451	0.000	96.608
688.000	122.872	12.439	0.000	92.298
690.000	122.761	13.324	0.000	91.486
692.000	123.001	14.876	0.000	93.086
694.000	122.924	14.648	0.000	92.373
696.000	122.765	13.999	0.000	72.948
698.000	122.917	13.563	0.000	72.391
700.000	122.960	13.041	0.000	83.644
702.000	122.832	12.848	0.000	85.422
704.000	122.809	13.118	0.000	71.390
706.000	122.986	13.589	0.000	68.333
708.000	122.890	13.114	0.000	66.870
710.000	122.771	12.712	0.000	76.005
712.000	122.923	13.485	0.000	65.470
714.000	122.992	13.671	0.000	70.624
716.000	122.734	12.732	0.000	59.981
718.000	122.914	13.124	0.000	48.798
720.000	122.942	13.018	0.000	55.386
722.000	122.857	11.232	0.000	62.316
724.000	122.785	12.166	0.000	57.330
726.000	122.962	12.142	0.000	50.372
728.000	122.923	11.023	0.000	67.830
730.000	122.748	11.573	0.000	62.714
732.000	122.913	11.909	0.000	47.188
734.000	122.974	12.250	0.000	46.319
736.000	122.761	10.701	0.000	42.872
738.000	122.864	11.428	0.000	50.098
740.000	122.961	11.136	0.000	26.696
742.000	122.844	10.876	0.000	12.418
744.000	122.785	9.694	0.000	8.596
746.000	122.941	10.483	0.000	4.633
748.000	122.925	11.160	0.000	8.808
750.000	122.749	10.009	0.000	27.831
752.000	122.892	10.752	0.000	-29.755
754.000	122.976	11.443	0.000	-1.261
756.000	122.757	10.811	0.000	-17.694
758.000	122.857	11.555	0.000	-42.442
760.000	122.961	11.653	0.000	-34.627
762.000	122.828	11.524	0.000	-64.546
764.000	122.795	11.770	0.000	-74.032
766.000	122.919	13.275	0.000	-97.301
768.000	122.939	13.932	0.000	-89.192
770.000	122.719	13.868	0.000	-108.089
772.000	122.922	15.820	0.000	-105.864
774.000	122.938	15.497	0.000	-103.234
776.000	122.766	14.992	0.000	-121.377
778.000	122.841	16.451	0.000	-120.099
780.000	122.963	17.812	0.000	-121.894
782.000	122.808	19.256	0.000	-130.495
784.000	122.794	20.233	0.000	-134.998
786.000	122.927	22.037	0.000	-140.528
788.000	122.901	22.597	0.000	-141.922
790.000	122.728	23.112	0.000	-151.396
792.000	122.922	25.159	0.000	-152.088
794.000	122.927	25.772	0.000	-148.984
796.000	122.738	26.752	0.000	-160.188
798.000	122.878	28.991	0.000	-163.602
800.000	122.931	29.488	0.000	-163.416
802.000	122.795	30.478	0.000	-171.742
804.000	122.799	31.930	0.000	-176.729
806.000	122.941	34.167	0.000	179.263
808.000	122.862	34.991	0.000	-179.590
810.000	122.729	36.703	0.000	163.706
812.000	122.960	39.354	0.000	163.787
814.000	122.866	39.656	0.000	158.362
816.000	122.747	41.791	0.000	142.819
818.000	122.892	43.935	0.000	135.029
820.000	122.913	45.387	0.000	123.895
822.000	122.763	46.336	0.000	106.532
824.000	122.828	47.885	0.000	87.122
826.000	122.941	48.653	0.000	75.262
828.000	122.799	48.084	0.000	61.003
830.000	122.768	48.310	0.000	40.141
832.000	122.966	49.155	0.000	32.777
834.000	122.812	47.743	0.000	23.136
836.000	122.756	47.624	0.000	2.916
838.000	122.933	47.366	0.000	1.132
840.000	122.845	45.782	0.000	-3.754
842.000	122.769	45.774	0.000	-3.824
844.000	122.850	47.258	0.000	-5.912
846.000	122.940	49.034	0.000	-5.758
848.000	122.721	49.351	0.000	-19.239
850.000	122.857	51.951	0.000	-36.065
852.000	122.930	52.434	0.000	-41.556
854.000	122.757	52.060	0.000	-65.271
856.000	122.802	52.945	0.000	-83.046
858.000	122.937	52.548	0.000	-95.976
860.000	122.788	51.356	0.000	-112.106
862.000	122.779	50.337	0.000	-129.616
864.000	122.898	49.825	0.000	-141.881
866.000	122.866	48.103	0.000	-149.105
868.000	122.709	45.746	0.000	-165.425
870.000	122.928	44.963	0.000	-171.808
872.000	122.860	42.673	0.000	-169.523
874.000	122.730	40.364	0.000	-176.574
876.000	122.876	40.118	0.000	-173.234
878.000	122.885	38.472	0.000	-168.133
880.000	122.749	37.610	0.000	-168.783
882.000	122.820	37.085	0.000	-166.734
884.000	122.917	37.201	0.000	-160.902
886.000	122.763	36.132	0.000	-152.884
888.000	122.782	37.700	0.000	-151.503
890.000	122.950	38.934	0.000	-141.006
892.000	122.752	39.420	0.000	-149.128
894.000	122.782	41.255	0.000	-155.695
896.000	122.906	42.283	0.000	-160.985
898.000	122.810	42.349	0.000	-169.019
900.000	122.747	42.677	0.000	177.416
902.000	122.887	43.232	0.000	169.463
904.000	122.854	42.750	0.000	163.615
906.000	122.709	41.964	0.000	151.029
908.000	122.896	43.042	0.000	143.560
910.000	122.864	42.358	0.000	142.380
912.000	122.715	42.162	0.000	123.201
914.000	122.865	43.231	0.000	114.481
916.000	122.866	42.797	0.000	99.864
918.000	122.743	42.792	0.000	76.355
920.000	122.809	43.137	0.000	49.285
922.000	122.902	43.979	0.000	24.911
924.000	122.742	43.718	0.000	-1.995
926.000	122.788	46.027	0.000	-40.618
928.000	122.923	47.207	0.000	-53.320
930.000	122.734	47.471	0.000	-86.115
932.000	122.788	49.270	0.000	-107.021
934.000	122.891	49.685	0.000	-123.403
936.000	122.777	49.622	0.000	-139.103
938.000	122.756	49.755	0.000	-157.074
940.000	122.882	50.453	0.000	-164.421
942.000	122.814	49.929	0.000	-170.702
944.000	122.712	50.229	0.000	176.413
946.000	122.911	51.730	0.000	172.208
948.000	122.799	51.265	0.000	169.301
950.000	122.730	52.139	0.000	153.471
952.000	122.874	53.168	0.000	152.825
954.000	122.821	53.096	0.000	143.485
956.000	122.732	53.816	0.000	134.908
958.000	122.833	54.875	0.000	123.555
960.000	122.871	55.681	0.000	119.911
962.000	122.695	55.171	0.000	104.111
964.000	122.856	56.863	0.000	92.913
966.000	122.853	56.237	0.000	88.760
968.000	122.719	55.954	0.000	70.034
970.000	122.818	56.459	0.000	61.870
972.000	122.868	56.090	0.000	53.625
974.000	122.721	55.412	0.000	41.366
976.000	122.804	55.474	0.000	28.892
978.000	122.867	55.255	0.000	22.707
980.000	122.741	53.881	0.000	12.878
982.000	122.768	53.789	0.000	-1.781
984.000	122.908	53.461	0.000	-3.111
986.000	122.708	51.472	0.000	-15.107
988.000	122.795	51.527	0.000	-25.306
990.000	122.861	50.428	0.000	-28.187
992.000	122.751	49.061	0.000	-39.667
994.000	122.754	48.096	0.000	-49.657
996.000	122.875	47.294	0.000	-60.012
998.000	122.761	45.122	0.000	-66.273
1000.000	122.726	42.424	0.000	-91.912
1002.000	122.908	40.704	0.000	-100.788
1004.000	122.730	35.196	0.000	-135.162
1006.000	122.756	34.311	0.000	159.211
1008.000	122.862	37.721	0.000	118.423
1010.000	122.768	40.761	0.000	99.033
1012.000	122.728	43.948	0.000	80.598
1014.000	122.865	46.404	0.000	72.897
1016.000	122.780	47.543	0.000	62.974
1018.000	122.702	49.048	0.000	47.508
1020.000	122.894	51.127	0.000	42.117
1022.000	122.754	50.904	0.000	34.563
1024.000	122.731	52.321	0.000	17.800
1026.000	122.857	52.723	0.000	14.962
1028.000	122.773	52.583	0.000	3.885
1030.000	122.720	52.685	0.000	-3.752
1032.000	122.846	53.394	0.000	-10.733
1034.000	122.795	53.155	0.000	-10.737
1036.000	122.691	53.204	0.000	-22.363
1038.000	122.880	54.569	0.000	-21.440
1040.000	122.759	53.938	0.000	-24.812
1042.000	122.721	55.190	0.000	-34.812
1044.000	122.847	56.038	0.000	-37.197
1046.000	122.776	56.366	0.000	-45.085
1048.000	122.715	56.866	0.000	-56.447
1050.000	122.833	58.050	0.000	-65.424
1052.000	122.797	57.734	0.000	-72.670
1054.000	122.686	57.377	0.000	-89.344
1056.000	122.869	58.072	0.000	-96.630
1058.000	122.762	56.880	0.000	-101.922
1060.000	122.715	56.515	0.000	-118.348
1062.000	122.839	56.433	0.000	-120.215
1064.000	122.773	54.958	0.000	-128.668
1066.000	122.712	54.269	0.000	-135.041
1068.000	122.823	53.797	0.000	-140.608
1070.000	122.799	53.017	0.000	-137.722
1072.000	122.678	51.801	0.000	-145.601
1074.000	122.868	52.600	0.000	-141.221
1076.000	122.752	51.253	0.000	-140.624
1078.000	122.716	51.817	0.000	-145.206
1080.000	122.831	52.248	0.000	-144.300
1082.000	122.770	52.317	0.000	-146.881
1084.000	122.705	52.624	0.000	-155.404
1086.000	122.830	53.343	0.000	-160.226
1088.000	122.777	52.816	0.000	-164.776
1090.000	122.683	52.242	0.000	-177.065
1092.000	122.866	52.742	0.000	179.050
1094.000	122.736	50.861	0.000	176.419
1096.000	122.719	49.783	0.000	167.518
1098.000	122.834	48.841	0.000	176.067
1100.000	122.745	47.932	0.000	-176.785
1102.000	122.712	48.712	0.000	-170.220
1104.000	122.837	50.569	0.000	-166.777
1106.000	122.745	51.167	0.000	-165.092
1108.000	122.705	52.739	0.000	-176.313
1110.000	122.857	54.230	0.000	-174.757
1112.000	122.711	53.977	0.000	175.720
1114.000	122.733	55.446	0.000	167.086
1116.000	122.833	55.886	0.000	162.127
1118.000	122.717	56.098	0.000	153.747
1120.000	122.730	56.715	0.000	141.482
1122.000	122.831	57.514	0.000	136.381
1124.000	122.714	56.926	0.000	126.375
1126.000	122.732	57.501	0.000	111.602
1128.000	122.841	57.896	0.000	106.877
1130.000	122.688	56.610	0.000	94.006
1132.000	122.758	57.186	0.000	81.593
1134.000	122.813	56.116	0.000	77.514
1136.000	122.705	55.216	0.000	65.995
1138.000	122.737	54.498	0.000	58.012
1140.000	122.838	54.457	0.000	54.656
1142.000	122.671	52.744	0.000	49.086
1144.000	122.781	53.271	0.000	40.701
1146.000	122.803	52.366	0.000	41.796
1148.000	122.679	51.514	0.000	29.849
1150.000	122.781	51.688	0.000	26.136
1152.000	122.792	50.918	0.000	21.388
1154.000	122.682	50.158	0.000	12.577
1156.000	122.779	50.109	0.000	5.462
1158.000	122.798	49.496	0.000	2.909
1160.000	122.658	48.295	0.000	-8.239
1162.000	122.819	48.569	0.000	-14.294
1164.000	122.755	47.158	0.000	-16.750
1166.000	122.682	46.315	0.000	-30.198
1168.000	122.816	46.080	0.000	-31.481
1170.000	122.735	44.704	0.000	-40.086
1172.000	122.697	44.169	0.000	-48.840
1174.000	122.809	43.839	0.000	-59.343
1176.000	122.734	42.821	0.000	-65.231
1178.000	122.695	41.881	0.000	-87.692
1180.000	122.826	41.762	0.000	-95.465
1182.000	122.699	39.689	0.000	-117.220
1184.000	122.725	39.643	0.000	-138.709
1186.000	122.805	39.234	0.000	-156.692
1188.000	122.704	39.143	0.000	-176.027
1190.000	122.718	40.287	0.000	162.849
1192.000	122.820	41.395	0.000	151.886
1194.000	122.676	41.863	0.000	135.693
1196.000	122.746	43.837	0.000	120.349
1198.000	122.810	44.904	0.000	115.012
1200.000	122.653	45.369	0.000	96.256
1202.000	122.792	47.025	0.000	88.802
1204.000	122.761	46.924	0.000	78.035
1206.000	122.683	47.360	0.000	67.387
1208.000	122.773	48.070	0.000	56.144
1210.000	122.778	48.207	0.000	53.699
1212.000	122.656	47.953	0.000	39.833
1214.000	122.814	49.093	0.000	37.216
1216.000	122.725	48.403	0.000	32.123
1218.000	122.687	49.248	0.000	21.652
1220.000	122.811	49.571	0.000	19.368
1222.000	122.704	49.517	0.000	11.443
1224.000	122.703	49.898	0.000	2.950
1226.000	122.809	50.574	0.000	-0.788
1228.000	122.685	49.930	0.000	-7.123
1230.000	122.725	50.581	0.000	-16.376
1232.000	122.803	50.838	0.000	-17.359
1234.000	122.663	50.398	0.000	-26.398
1236.000	122.766	51.490	0.000	-30.993
1238.000	122.760	51.040	0.000	-34.791
1240.000	122.686	51.455	0.000	-42.212
1242.000	122.752	51.882	0.000	-49.717
1244.000	122.776	52.343	0.000	-51.851
1246.000	122.654	51.984	0.000	-64.392
1248.000	122.799	53.082	0.000	-68.278
1250.000	122.726	52.118	0.000	-74.609
1252.000	122.684	52.551	0.000	-85.773
1254.000	122.795	52.527	0.000	-89.318
1256.000	122.707	52.076	0.000	-95.876
1258.000	122.693	52.234	0.000	-104.563
1260.000	122.807	52.629	0.000	-107.321
1262.000	122.674	52.026	0.000	-114.402
1264.000	122.724	52.715	0.000	-124.872
1266.000	122.801	52.869	0.000	-126.434
1268.000	122.646	52.151	0.000	-140.113
1270.000	122.782	52.762	0.000	-145.103
1272.000	122.739	51.710	0.000	-152.252
1274.000	122.678	51.404	0.000	-160.151
1276.000	122.774	51.296	0.000	-167.499
1278.000	122.735	50.759	0.000	-169.389
1280.000	122.671	50.098	0.000	179.990
1282.000	122.796	50.586	0.000	179.161
1284.000	122.696	49.414	0.000	174.345
1286.000	122.707	49.782	0.000	167.445
1288.000	122.777	49.426	0.000	165.111
1290.000	122.691	49.138	0.000	160.263
1292.000	122.712	49.282	0.000	152.556
1294.000	122.788	49.493	0.000	151.675
1296.000	122.655	48.850	0.000	143.612
1298.000	122.757	49.572	0.000	135.954
1300.000	122.758	49.459	0.000	134.373
1302.000	122.656	49.206	0.000	120.153
1304.000	122.783	49.656	0.000	117.511
1306.000	122.715	48.833	0.000	107.462
1308.000	122.678	48.566	0.000	98.902
1310.000	122.787	48.806	0.000	90.204
1312.000	122.690	47.757	0.000	85.354
1314.000	122.705	47.607	0.000	70.460
1316.000	122.785	47.073	0.000	69.156
1318.000	122.664	45.621	0.000	56.296
1320.000	122.738	45.304	0.000	50.521
1322.000	122.759	44.102	0.000	45.507
1324.000	122.663	42.891	0.000	38.285
1326.000	122.757	42.370	0.000	32.988
1328.000	122.742	41.250	0.000	31.616
1330.000	122.651	40.142	0.000	23.668
1332.000	122.807	40.051	0.000	22.697
1334.000	122.675	38.404	0.000	19.783
1336.000	122.711	38.132	0.000	13.947
1338.000	122.771	37.132	0.000	15.357
1340.000	122.669	36.182	0.000	10.812
1342.000	122.728	35.641	0.000	7.724
1344.000	122.766	35.312	0.000	8.058
1346.000	122.646	34.221	0.000	4.230
1348.000	122.782	34.720	0.000	3.024
1350.000	122.707	33.222	0.000	2.768
1352.000	122.682	33.226	0.000	-3.301
1354.000	122.773	32.662	0.000	-1.334
1356.000	122.690	32.034	0.000	-3.573
1358.000	122.697	31.946	0.000	-8.390
1360.000	122.780	31.807	0.000	-7.684
1362.000	122.656	30.970	0.000	-13.098
1364.000	122.743	31.013	0.000	-17.638
1366.000	122.749	30.365	0.000	-15.406
1368.000	122.651	29.648	0.000	-25.293
1370.000	122.782	29.638	0.000	-23.780
1372.000	122.697	28.672	0.000	-28.772
1374.000	122.682	28.195	0.000	-30.789
1376.000	122.788	27.965	0.000	-34.803
1378.000	122.660	26.620	0.000	-36.180
1380.000	122.735	26.222	0.000	-41.142
1382.000	122.750	25.408	0.000	-34.958
1384.000	122.661	24.675	0.000	-39.276
1386.000	122.759	24.650	0.000	-36.893
1388.000	122.717	24.485	0.000	-35.761
1390.000	122.676	24.312	0.000	-36.928
1392.000	122.767	24.889	0.000	-37.478
1394.000	122.695	24.460	0.000	-36.522
1396.000	122.691	24.983	0.000	-42.887
1398.000	122.782	25.502	0.000	-41.191
1400.000	122.645	24.888	0.000	-49.022
1402.000	122.756	25.724	0.000	-54.460
1404.000	122.729	25.155	0.000	-57.151
1406.000	122.661	25.408	0.000	-63.630
1408.000	122.775	26.064	0.000	-71.909
1410.000	122.692	25.589	0.000	-74.251
1412.000	122.691	25.543	0.000	-90.212
1414.000	122.774	25.349	0.000	-93.998
1416.000	122.659	23.973	0.000	-106.493
1418.000	122.739	23.149	0.000	-113.142
1420.000	122.737	21.763	0.000	-121.384
1422.000	122.666	20.712	0.000	-131.109
1424.000	122.757	20.165	0.000	-135.221
1426.000	122.714	18.242	0.000	-140.451
1428.000	122.665	17.451	0.000	-149.032
1430.000	122.796	16.720	0.000	-151.997
1432.000	122.650	14.902	0.000	-157.912
1434.000	122.740	14.089	0.000	-155.255
1436.000	122.743	13.721	0.000	-146.644
1438.000	122.654	13.165	0.000	-156.740
1440.000	122.770	12.142	0.000	-159.990
1442.000	122.700	11.255	0.000	-150.674
1444.000	122.682	11.326	0.000	-135.049
1446.000	122.776	10.984	0.000	-149.387
1448.000	122.659	11.018	0.000	-140.679
1450.000	122.736	9.974	0.000	-149.024
1452.000	122.736	10.081	0.000	-139.229
1454.000	122.667	10.278	0.000	-149.220
1456.000	122.754	10.240	0.000	-143.354
1458.000	122.710	10.186	0.000	-105.044
1460.000	122.674	9.547	0.000	-98.463
1462.000	122.783	9.217	0.000	-57.548
1464.000	122.653	10.412	0.000	-49.355
1466.000	122.742	10.260	0.000	-42.646
1468.000	122.728	11.624	0.000	-79.177
1470.000	122.670	11.400	0.000	-64.481
1472.000	122.758	10.577	0.000	-19.312
1474.000	122.698	11.008	0.000	-35.381
1476.000	122.700	11.455	0.000	-41.245
1478.000	122.758	10.286	0.000	-36.430
1480.000	122.669	9.511	0.000	-55.588
1482.000	122.735	9.872	0.000	-49.077
1484.000	122.731	10.024	0.000	-62.413
1486.000	122.669	9.279	0.000	-33.848
1488.000	122.764	10.103	0.000	-60.510
1490.000	122.689	10.573	0.000	-52.352
1492.000	122.704	10.737	0.000	-115.880
1494.000	122.762	9.474	0.000	-126.124
1496.000	122.655	8.919	0.000	-82.854
1498.000	122.760	9.924	0.000	-80.786
1500.000	122.705	8.656	0.000	-89.635
1502.000	122.685	8.143	0.000	-89.281
1504.000	122.767	9.819	0.000	-94.124
1506.000	122.673	10.024	0.000	-54.492
1508.000	122.727	11.367	0.000	-49.353
1510.000	122.745	10.373	0.000	-56.100
1512.000	122.661	9.303	0.000	-77.668
1514.000	122.763	8.964	0.000	-57.638
1516.000	122.699	9.380	0.000	-52.287
1518.000	122.688	10.545	0.000	-79.324
1520.000	122.777	9.869	0.000	-87.927
1522.000	122.650	10.113	0.000	-94.864
1524.000	122.760	10.585	0.000	-75.797
1526.000	122.706	10.706	0.000	-56.555
1528.000	122.700	11.233	0.000	-84.308
1530.000	122.749	11.310	0.000	-78.538
1532.000	122.692	10.966	0.000	-83.835
1534.000	122.714	10.352	0.000	-88.217
1536.000	122.751	11.796	0.000	-99.388
1538.000	122.663	11.735	0.000	-90.945
1540.000	122.767	10.658	0.000	-111.840
1542.000	122.693	10.165	0.000	-113.030
1544.000	122.703	10.450	0.000	-111.382
1546.000	122.759	12.181	0.000	-109.108
1548.000	122.663	11.688	0.000	-111.291
1550.000	122.753	11.969	0.000	-117.578
1552.000	122.715	11.119	0.000	-116.201
1554.000	122.685	10.317	0.000	-133.650
1556.000	122.772	11.937	0.000	-142.028
1558.000	122.669	12.894	0.000	-140.233
1560.000	122.738	12.982	0.000	-140.887
1562.000	122.732	11.872	0.000	-125.973
1564.000	122.674	10.823	0.000	-139.726
1566.000	122.766	11.389	0.000	-148.728
1568.000	122.687	11.020	0.000	-160.240
1570.000	122.718	12.139	0.000	-165.454
1572.000	122.754	12.041	0.000	-157.688
1574.000	122.665	12.197	0.000	-165.143
1576.000	122.765	12.946	0.000	-170.871
1578.000	122.695	11.724	0.000	-178.804
1580.000	122.707	12.110	0.000	174.321
1582.000	122.757	12.359	0.000	172.441
1584.000	122.671	11.473	0.000	158.373
1586.000	122.756	11.837	0.000	165.375
1588.000	122.712	11.296	0.000	172.013
1590.000	122.695	11.298	0.000	164.458
1592.000	122.764	10.808	0.000	155.861
1594.000	122.674	10.048	0.000	141.878
1596.000	122.745	11.232	0.000	151.610
1598.000	122.728	10.625	0.000	142.572
1600.000	122.687	11.132	0.000	125.275
1602.000	122.766	11.918	0.000	125.140
1604.000	122.681	11.497	0.000	123.401
1606.000	122.738	12.043	0.000	117.906
1608.000	122.733	12.101	0.000	120.941
1610.000	122.683	11.130	0.000	108.963
1612.000	122.765	11.625	0.000	105.558
1614.000	122.696	10.739	0.000	104.222
1616.000	122.715	11.467	0.000	105.458
1618.000	122.762	11.467	0.000	105.311
1620.000	122.662	11.404	0.000	84.235
1622.000	122.780	11.396	0.000	84.784
1624.000	122.687	11.805	0.000	83.772
1626.000	122.722	12.482	0.000	74.117
1628.000	122.755	12.293	0.000	70.510
1630.000	122.674	11.675	0.000	64.573
1632.000	122.765	11.716	0.000	72.069
1634.000	122.706	11.285	0.000	52.742
1636.000	122.707	11.925	0.000	43.272
1638.000	122.766	12.168	0.000	54.872
1640.000	122.667	11.387	0.000	42.870
1642.000	122.770	10.609	0.000	42.095
1644.000	122.702	10.452	0.000	39.029
1646.000	122.715	10.755	0.000	28.751
1648.000	122.763	9.480	0.000	33.059
1650.000	122.679	10.381	0.000	20.218
1652.000	122.757	11.320	0.000	19.493
1654.000	122.717	10.967	0.000	21.316
1656.000	122.702	10.608	0.000	16.641
1658.000	122.771	11.375	0.000	11.470
1660.000	122.669	11.757	0.000	11.161
1662.000	122.771	13.058	0.000	-10.226
1664.000	122.707	11.629	0.000	-16.855
1666.000	122.713	10.902	0.000	-22.372
1668.000	122.760	11.465	0.000	3.062
1670.000	122.685	11.585	0.000	-14.152
1672.000	122.753	12.138	0.000	-16.147
1674.000	122.723	11.797	0.000	-25.203
1676.000	122.705	10.400	0.000	-36.985
1678.000	122.771	11.201	0.000	-38.014
1680.000	122.672	11.284	0.000	-45.094
1682.000	122.771	11.590	0.000	-48.637
1684.000	122.714	11.907	0.000	-50.662
1686.000	122.703	11.719	0.000	-56.729
1688.000	122.785	12.077	0.000	-50.529
1690.000	122.665	11.720	0.000	-55.372
1692.000	122.780	11.734	0.000	-56.964
1694.000	122.699	11.169	0.000	-65.047
1696.000	122.734	11.613	0.000	-62.666
1698.000	122.745	11.920	0.000	-56.866
1700.000	122.700	11.910	0.000	-67.691
1702.000	122.753	12.901	0.000	-54.811
1704.000	122.724	12.734	0.000	-59.270
1706.000	122.710	12.628	0.000	-83.188
1708.000	122.773	12.475	0.000	-78.851
1710.000	122.676	12.371	0.000	-84.034
1712.000	122.780	12.254	0.000	-83.263
1714.000	122.697	10.973	0.000	-69.527
1716.000	122.736	11.639	0.000	-71.433
1718.000	122.752	11.511	0.000	-86.353
1720.000	122.691	11.934	0.000	-104.621
1722.000	122.773	12.281	0.000	-100.174
1724.000	122.708	12.508	0.000	-98.363
1726.000	122.729	12.264	0.000	-91.755
1728.000	122.761	11.803	0.000	-93.238
1730.000	122.681	12.101	0.000	-98.824
1732.000	122.787	12.705	0.000	-86.209
1734.000	122.684	12.166	0.000	-97.009
1736.000	122.764	13.393	0.000	-110.791
1738.000	122.725	13.232	0.000	-117.715
1740.000	122.720	12.425	0.000	-124.616
1742.000	122.759	12.217	0.000	-124.060
1744.000	122.701	13.045	0.000	-111.589
1746.000	122.752	12.454	0.000	-128.823
1748.000	122.735	13.022	0.000	-123.973
1750.000	122.712	12.481	0.000	-117.301
1752.000	122.770	11.932	0.000	-123.843
1754.000	122.694	11.891	0.000	-131.939
1756.000	122.764	11.741	0.000	-125.293
1758.000	122.724	12.318	0.000	-126.595
1760.000	122.715	12.852	0.000	-136.361
1762.000	122.778	12.175	0.000	-141.264
1764.000	122.684	11.319	0.000	-140.148
1766.000	122.785	13.163	0.000	-140.288
1768.000	122.694	12.320	0.000	-147.701
1770.000	122.760	11.628	0.000	-146.608
1772.000	122.736	11.242	0.000	-145.983
1774.000	122.713	11.648	0.000	-152.505
1776.000	122.775	12.704	0.000	-141.164
1778.000	122.702	13.747	0.000	-151.082
1780.000	122.754	13.508	0.000	-154.210
1782.000	122.743	12.507	0.000	-148.432
1784.000	122.707	12.532	0.000	-171.489
1786.000	122.781	12.601	0.000	-162.737
1788.000	122.686	13.028	0.000	-160.686
1790.000	122.779	12.698	0.000	-167.358
1792.000	122.713	12.892	0.000	179.467
1794.000	122.743	13.284	0.000	170.090
1796.000	122.750	13.530	0.000	-178.287
1798.000	122.721	12.117	0.000	-175.117
1800.000	122.756	11.826	0.000	-176.652
1802.000	122.730	12.433	0.000	177.374
1804.000	122.730	12.423	0.000	179.979
1806.000	122.764	13.193	0.000	168.078
1808.000	122.698	13.100	0.000	164.919
1810.000	122.791	12.869	0.000	172.399
1812.000	122.691	12.598	0.000	168.415
1814.000	122.769	13.082	0.000	168.045
1816.000	122.732	12.093	0.000	161.022
1818.000	122.722	12.321	0.000	158.274
1820.000	122.777	13.089	0.000	156.082
1822.000	122.692	12.692	0.000	156.756
1824.000	122.790	12.062	0.000	159.315
1826.000	122.698	12.104	0.000	156.921
1828.000	122.770	12.469	0.000	143.290
1830.000	122.730	12.383	0.000	139.185
1832.000	122.734	11.821	0.000	143.158
1834.000	122.764	11.903	0.000	153.217
1836.000	122.719	11.847	0.000	152.596
1838.000	122.758	11.830	0.000	141.368
1840.000	122.742	11.163	0.000	137.086
1842.000	122.723	11.548	0.000	135.696
1844.000	122.774	11.810	0.000	136.628
1846.000	122.700	12.327	0.000	130.822
1848.000	122.784	12.176	0.000	123.120
1850.000	122.713	10.587	0.000	122.614
1852.000	122.753	11.386	0.000	125.041
1854.000	122.754	12.234	0.000	134.281
1856.000	122.719	12.385	0.000	137.777
1858.000	122.779	12.085	0.000	130.630
1860.000	122.701	12.325	0.000	121.306
1862.000	122.781	12.436	0.000	135.688
1864.000	122.717	11.354	0.000	137.883
1866.000	122.762	11.392	0.000	126.162
1868.000	122.742	10.040	0.000	132.543
1870.000	122.732	10.597	0.000	114.517
1872.000	122.766	11.569	0.000	117.497
1874.000	122.722	11.372	0.000	105.472
1876.000	122.759	11.245	0.000	90.665
1878.000	122.742	10.862	0.000	98.757
1880.000	122.734	12.845	0.000	106.372
1882.000	122.770	12.778	0.000	103.194
1884.000	122.719	11.616	0.000	87.793
1886.000	122.763	11.961	0.000	102.252
1888.000	122.742	11.352	0.000	109.719
1890.000	122.735	11.279	0.000	95.679
1892.000	122.777	11.468	0.000	82.419
1894.000	122.705	12.084	0.000	80.750
1896.000	122.795	11.707	0.000	86.889
1898.000	122.696	10.106	0.000	78.805
1900.000	122.792	10.735	0.000	93.502
1902.000	122.715	11.884	0.000	93.360
1904.000	122.759	11.533	0.000	96.211
1906.000	122.759	11.440	0.000	88.955
1908.000	122.715	11.046	0.000	92.539
1910.000	122.796	10.117	0.000	87.400
1912.000	122.692	10.795	0.000	80.999
1914.000	122.800	11.832	0.000	83.169
1916.000	122.710	10.863	0.000	76.977
1918.000	122.766	11.649	0.000	81.830
1920.000	122.749	12.488	0.000	74.015
1922.000	122.732	12.304	0.000	65.500
1924.000	122.777	12.610	0.000	77.619
1926.000	122.716	13.694	0.000	71.611
1928.000	122.778	13.167	0.000	59.581
1930.000	122.723	13.731	0.000	62.109
1932.000	122.766	14.059	0.000	54.728
1934.000	122.745	14.969	0.000	54.706
1936.000	122.741	15.729	0.000	41.507
1938.000	122.769	15.855	0.000	34.088
1940.000	122.728	15.319	0.000	26.530
1942.000	122.769	16.132	0.000	24.063
1944.000	122.735	16.385	0.000	16.835
1946.000	122.752	16.694	0.000	6.578
1948.000	122.759	16.557	0.000	3.788
1950.000	122.735	16.654	0.000	-6.463
1952.000	122.771	17.681	0.000	-9.041
1954.000	122.728	17.864	0.000	-18.076
1956.000	122.763	17.398	0.000	-23.276
1958.000	122.748	16.646	0.000	-30.296
1960.000	122.743	16.963	0.000	-36.124
1962.000	122.768	17.054	0.000	-40.981
1964.000	122.724	17.498	0.000	-53.213
1966.000	122.781	17.367	0.000	-55.092
1968.000	122.726	17.183	0.000	-60.268
1970.000	122.772	17.663	0.000	-59.338
1972.000	122.738	18.241	0.000	-65.937
1974.000	122.754	17.631	0.000	-69.841
1976.000	122.760	17.406	0.000	-80.408
1978.000	122.737	17.517	0.000	-90.843
1980.000	122.774	16.915	0.000	-93.883
1982.000	122.721	16.663	0.000	-102.494
1984.000	122.779	17.162	0.000	-101.881
1986.000	122.732	16.619	0.000	-106.629
1988.000	122.759	16.637	0.000	-114.097
1990.000	122.755	16.270	0.000	-113.423
1992.000	122.736	16.277	0.000	-115.731
1994.000	122.776	15.295	0.000	-121.136
1996.000	122.729	15.547	0.000	-128.108
1998.000	122.772	14.869	0.000	-133.869
2000.000	122.734	14.662	0.000	-127.818
