2000.000	122.812	11.629	0.000	67.213
2.000	122.865	12.037	0.000	70.073
4.000	123.078	13.467	0.000	64.941
6.000	123.098	12.894	0.000	68.386
8.000	122.945	12.025	0.000	58.664
10.000	122.803	11.648	0.000	65.255
12.000	122.903	12.087	0.000	57.026
14.000	123.169	12.311	0.000	55.149
16.000	123.092	11.659	0.000	48.642
18.000	122.759	11.839	0.000	45.123
20.000	122.857	13.004	0.000	41.712
22.000	123.132	12.926	0.000	34.479
24.000	123.058	11.623	0.000	37.397
26.000	122.920	11.150	0.000	52.165
28.000	122.886	11.404	0.000	49.100
30.000	122.883	11.594	0.000	34.474
32.000	123.084	11.481	0.000	28.588
34.000	123.149	11.713	0.000	53.131
36.000	122.824	11.688	0.000	38.653
38.000	122.778	12.943	0.000	-2.079
40.000	123.118	14.247	0.000	6.346
42.000	123.135	13.286	0.000	20.594
44.000	122.898	11.936	0.000	42.475
46.000	122.832	12.089	0.000	17.545
48.000	122.943	11.847	0.000	19.080
50.000	123.107	12.363	0.000	11.892
52.000	123.071	13.677	0.000	17.401
54.000	122.833	13.163	0.000	0.114
56.000	122.851	12.845	0.000	-5.175
58.000	123.065	13.416	0.000	-8.814
60.000	123.093	13.047	0.000	-10.337
62.000	122.968	13.165	0.000	-12.600
64.000	122.815	13.136	0.000	-31.701
66.000	122.894	13.162	0.000	-19.922
68.000	123.183	14.010	0.000	-11.641
70.000	123.078	13.553	0.000	-11.408
72.000	122.742	12.371	0.000	-20.474
74.000	122.911	13.751	0.000	-27.457
76.000	123.137	14.188	0.000	-26.216
78.000	123.018	12.849	0.000	-19.317
80.000	122.933	12.211	0.000	-36.567
82.000	122.875	12.294	0.000	-43.935
84.000	122.906	13.014	0.000	-54.576
86.000	123.157	13.794	0.000	-40.825
88.000	123.068	13.301	0.000	-38.651
90.000	122.745	12.210	0.000	-48.974
92.000	122.913	12.981	0.000	-59.108
94.000	123.159	14.070	0.000	-52.076
96.000	123.040	14.415	0.000	-53.694
98.000	122.865	13.393	0.000	-57.640
100.000	122.850	14.180	0.000	-58.174
102.000	123.032	14.420	0.000	-59.840
104.000	123.142	13.834	0.000	-65.831
106.000	122.925	13.985	0.000	-64.327
108.000	122.813	14.054	0.000	-63.644
110.000	122.991	13.569	0.000	-69.856
112.000	123.082	14.504	0.000	-70.520
114.000	123.044	13.888	0.000	-70.011
116.000	122.867	14.248	0.000	-72.341
118.000	122.810	14.278	0.000	-83.839
120.000	123.136	15.052	0.000	-80.770
122.000	123.151	15.028	0.000	-72.776
124.000	122.784	14.112	0.000	-86.667
126.000	122.868	14.089	0.000	-86.089
128.000	123.101	14.974	0.000	-84.634
130.000	123.038	14.934	0.000	-88.747
132.000	122.967	15.163	0.000	-92.980
134.000	122.861	15.395	0.000	-95.614
136.000	122.899	15.198	0.000	-101.237
138.000	123.159	14.925	0.000	-104.351
140.000	123.050	14.974	0.000	-97.126
142.000	122.771	14.585	0.000	-107.606
144.000	122.921	15.670	0.000	-116.414
146.000	123.126	15.602	0.000	-117.399
148.000	123.056	14.480	0.000	-106.058
150.000	122.854	13.305	0.000	-114.373
152.000	122.844	13.755	0.000	-125.186
154.000	123.091	15.191	0.000	-130.635
156.000	123.101	14.781	0.000	-132.141
158.000	122.875	14.216	0.000	-133.272
160.000	122.869	14.512	0.000	-134.424
162.000	122.991	14.365	0.000	-140.613
164.000	123.092	14.636	0.000	-136.881
166.000	123.027	14.664	0.000	-133.869
168.000	122.779	13.100	0.000	-147.367
170.000	122.926	13.465	0.000	-146.337
172.000	123.203	13.471	0.000	-148.380
174.000	122.983	12.685	0.000	-142.764
176.000	122.786	12.862	0.000	-146.131
178.000	122.971	13.137	0.000	-169.264
180.000	123.083	13.262	0.000	-162.727
182.000	123.030	13.069	0.000	-159.100
184.000	122.887	12.513	0.000	-156.281
186.000	122.853	12.269	0.000	-172.719
188.000	123.060	12.597	0.000	-167.075
190.000	123.114	12.361	0.000	-170.007
192.000	122.886	12.511	0.000	177.502
194.000	122.811	12.302	0.000	173.819
196.000	123.054	11.121	0.000	-160.542
198.000	123.142	10.900	0.000	-140.634
200.000	122.886	11.215	0.000	-148.710
202.000	122.816	9.679	0.000	-162.803
204.000	123.048	10.438	0.000	-173.282
206.000	123.089	11.477	0.000	-143.211
208.000	122.945	11.006	0.000	-174.384
210.000	122.852	9.973	0.000	-137.828
212.000	122.938	11.096	0.000	-129.847
214.000	123.119	12.451	0.000	-156.612
216.000	123.022	11.272	0.000	-153.787
218.000	122.794	10.874	0.000	-121.353
220.000	122.925	12.029	0.000	-146.290
222.000	123.146	12.648	0.000	-148.334
224.000	123.017	11.297	0.000	-133.171
226.000	122.792	10.538	0.000	-157.193
228.000	122.938	11.825	0.000	-147.554
230.000	123.121	11.770	0.000	-143.960
232.000	122.993	11.749	0.000	-147.072
234.000	122.872	11.528	0.000	-161.961
236.000	122.897	11.384	0.000	-173.928
238.000	123.035	12.378	0.000	-162.289
240.000	123.116	12.409	0.000	-151.160
242.000	122.852	10.696	0.000	-147.223
244.000	122.815	11.067	0.000	-157.305
246.000	123.143	11.821	0.000	-159.491
248.000	123.062	12.303	0.000	-153.450
250.000	122.830	12.504	0.000	-160.537
252.000	122.896	10.959	0.000	-177.097
254.000	123.043	12.224	0.000	-172.227
256.000	123.081	12.119	0.000	-163.066
258.000	122.887	12.368	0.000	-174.526
260.000	122.839	11.978	0.000	174.468
262.000	123.054	11.209	0.000	-179.948
264.000	123.074	11.349	0.000	-173.844
266.000	122.919	11.919	0.000	-172.011
268.000	122.814	12.307	0.000	-172.083
270.000	123.019	13.657	0.000	-179.984
272.000	123.165	13.330	0.000	-176.843
274.000	122.842	13.010	0.000	-177.276
276.000	122.833	13.492	0.000	173.857
278.000	123.098	15.883	0.000	176.210
280.000	123.019	16.340	0.000	-177.879
282.000	122.934	16.833	0.000	-179.988
284.000	122.859	18.043	0.000	178.054
286.000	122.958	20.190	0.000	166.236
288.000	123.157	22.679	0.000	170.352
290.000	122.902	23.045	0.000	169.682
292.000	122.792	25.539	0.000	153.251
294.000	123.064	29.224	0.000	146.774
296.000	123.084	30.916	0.000	145.088
298.000	122.898	32.139	0.000	130.499
300.000	122.825	35.113	0.000	113.989
302.000	123.036	37.648	0.000	104.849
304.000	123.094	39.210	0.000	93.588
306.000	122.875	40.364	0.000	78.151
308.000	122.869	41.948	0.000	59.446
310.000	122.995	43.977	0.000	43.075
312.000	123.082	45.253	0.000	32.309
314.000	122.945	45.217	0.000	19.392
316.000	122.773	45.733	0.000	-3.296
318.000	123.060	47.847	0.000	-16.638
320.000	123.120	48.365	0.000	-21.395
322.000	122.827	47.536	0.000	-37.309
324.000	122.872	48.910	0.000	-59.042
326.000	123.049	50.107	0.000	-65.625
328.000	123.042	49.770	0.000	-76.091
330.000	122.896	49.983	0.000	-92.483
332.000	122.849	50.371	0.000	-105.469
334.000	123.024	51.242	0.000	-121.524
336.000	123.085	52.097	0.000	-129.574
338.000	122.874	51.077	0.000	-140.124
340.000	122.816	51.551	0.000	-167.172
342.000	123.095	53.155	0.000	-176.027
344.000	123.063	52.233	0.000	176.070
346.000	122.803	51.235	0.000	151.064
348.000	122.912	51.919	0.000	132.528
350.000	123.060	51.798	0.000	118.794
352.000	123.013	51.041	0.000	102.208
354.000	122.861	49.886	0.000	81.555
356.000	122.871	49.480	0.000	55.601
358.000	123.080	49.549	0.000	35.853
360.000	123.021	48.643	0.000	16.336
362.000	122.824	47.340	0.000	-12.397
364.000	122.887	47.749	0.000	-48.166
366.000	123.111	48.981	0.000	-69.807
368.000	123.001	48.356	0.000	-88.700
370.000	122.763	48.345	0.000	-126.986
372.000	122.999	50.303	0.000	-148.072
374.000	123.072	50.276	0.000	-162.177
376.000	122.920	50.028	0.000	173.636
378.000	122.878	50.232	0.000	156.168
380.000	122.903	50.272	0.000	136.223
382.000	123.116	51.212	0.000	123.748
384.000	122.951	50.297	0.000	117.275
386.000	122.763	49.459	0.000	93.498
388.000	123.050	51.039	0.000	81.698
390.000	123.064	50.605	0.000	78.357
392.000	122.873	49.362	0.000	61.791
394.000	122.841	49.843	0.000	44.917
396.000	123.034	50.264	0.000	36.345
398.000	123.056	49.808	0.000	26.706
400.000	122.838	48.986	0.000	12.631
402.000	122.890	48.916	0.000	-3.691
404.000	123.019	49.219	0.000	-15.582
406.000	123.044	48.757	0.000	-24.008
408.000	122.845	47.258	0.000	-38.459
410.000	122.842	47.036	0.000	-60.080
412.000	123.140	47.424	0.000	-68.132
414.000	122.959	45.569	0.000	-75.361
416.000	122.792	43.753	0.000	-98.306
418.000	122.980	43.902	0.000	-110.451
420.000	123.044	42.496	0.000	-116.257
422.000	122.942	40.531	0.000	-130.815
424.000	122.828	39.204	0.000	-143.035
426.000	122.957	37.858	0.000	-155.040
428.000	123.079	37.188	0.000	-161.658
430.000	122.907	35.001	0.000	-163.700
432.000	122.792	33.065	0.000	179.435
434.000	123.047	33.524	0.000	175.494
436.000	123.062	32.114	0.000	176.804
438.000	122.801	30.375	0.000	164.164
440.000	122.903	30.619	0.000	155.551
442.000	123.042	30.275	0.000	150.608
444.000	122.987	29.434	0.000	142.289
446.000	122.836	28.458	0.000	131.496
448.000	122.894	28.438	0.000	119.185
450.000	123.076	28.357	0.000	112.412
452.000	122.951	27.137	0.000	107.581
454.000	122.804	25.617	0.000	95.857
456.000	122.946	25.838	0.000	84.678
458.000	123.108	25.666	0.000	83.682
460.000	122.856	23.314	0.000	79.251
462.000	122.822	23.167	0.000	62.778
464.000	123.068	23.574	0.000	64.201
466.000	122.966	22.225	0.000	64.010
468.000	122.887	21.666	0.000	57.604
470.000	122.849	21.456	0.000	54.688
472.000	123.034	22.486	0.000	47.976
474.000	123.032	22.604	0.000	48.902
476.000	122.758	20.861	0.000	38.569
478.000	122.955	21.627	0.000	23.654
480.000	123.069	21.875	0.000	24.714
482.000	122.897	20.142	0.000	18.785
484.000	122.810	20.009	0.000	9.056
486.000	123.004	19.412	0.000	5.956
488.000	123.033	18.232	0.000	6.449
490.000	122.840	17.334	0.000	3.974
492.000	122.874	16.928	0.000	1.351
494.000	123.000	16.744	0.000	-0.038
496.000	123.025	16.497	0.000	9.657
498.000	122.795	15.517	0.000	10.818
500.000	122.894	15.141	0.000	9.863
502.000	123.104	15.369	0.000	12.416
504.000	122.881	14.292	0.000	13.485
506.000	122.812	15.018	0.000	-0.213
508.000	123.001	16.132	0.000	5.058
510.000	123.011	14.654	0.000	10.581
512.000	122.855	14.424	0.000	9.518
514.000	122.856	14.424	0.000	12.191
516.000	123.001	15.474	0.000	1.445
518.000	123.020	15.953	0.000	8.576
520.000	122.781	14.351	0.000	10.284
522.000	122.909	14.139	0.000	10.315
524.000	123.095	14.916	0.000	21.194
526.000	122.853	14.712	0.000	12.270
528.000	122.836	14.824	0.000	6.394
530.000	122.982	15.105	0.000	6.451
532.000	123.014	15.413	0.000	7.860
534.000	122.834	15.167	0.000	9.715
536.000	122.862	15.415	0.000	6.570
538.000	123.029	16.564	0.000	9.025
540.000	122.958	15.868	0.000	14.940
542.000	122.801	14.873	0.000	9.031
544.000	122.911	15.777	0.000	-1.574
546.000	123.097	15.433	0.000	12.590
548.000	122.813	14.863	0.000	7.252
550.000	122.851	15.089	0.000	-4.773
552.000	123.023	15.345	0.000	9.063
554.000	122.946	15.815	0.000	10.204
556.000	122.849	16.330	0.000	4.940
558.000	122.858	16.450	0.000	-1.477
560.000	123.058	17.393	0.000	3.993
562.000	122.909	17.019	0.000	10.923
564.000	122.779	16.657	0.000	-9.656
566.000	122.992	17.461	0.000	-12.471
568.000	123.020	16.946	0.000	-1.146
570.000	122.791	16.330	0.000	-7.801
572.000	122.886	17.532	0.000	-13.157
574.000	123.024	17.826	0.000	-12.575
576.000	122.912	16.975	0.000	-16.621
578.000	122.815	17.365	0.000	-21.258
580.000	122.925	17.587	0.000	-20.947
582.000	123.035	17.447	0.000	-19.755
584.000	122.837	16.491	0.000	-23.810
586.000	122.819	17.235	0.000	-32.956
588.000	123.035	18.806	0.000	-31.535
590.000	122.952	18.115	0.000	-27.761
592.000	122.758	17.590	0.000	-37.957
594.000	122.975	18.231	0.000	-33.442
596.000	122.985	17.890	0.000	-33.120
598.000	122.861	18.103	0.000	-40.727
600.000	122.833	18.219	0.000	-41.146
602.000	122.971	18.346	0.000	-48.595
604.000	123.005	18.226	0.000	-41.697
606.000	122.748	17.824	0.000	-45.413
608.000	122.938	19.654	0.000	-52.553
610.000	123.023	19.294	0.000	-49.827
612.000	122.838	18.545	0.000	-57.624
614.000	122.819	19.280	0.000	-61.539
616.000	123.009	19.338	0.000	-58.634
618.000	122.936	18.796	0.000	-58.758
620.000	122.805	18.848	0.000	-64.446
622.000	122.897	19.671	0.000	-72.149
624.000	123.008	19.724	0.000	-70.383
626.000	122.877	18.606	0.000	-69.513
628.000	122.775	18.544	0.000	-78.276
630.000	123.029	19.620	0.000	-78.342
632.000	122.940	18.735	0.000	-75.697
634.000	122.769	18.276	0.000	-88.520
636.000	122.933	19.518	0.000	-89.072
638.000	122.991	18.540	0.000	-89.238
640.000	122.841	18.585	0.000	-91.415
642.000	122.831	17.831	0.000	-93.256
644.000	122.960	18.860	0.000	-98.617
646.000	122.980	18.771	0.000	-94.628
648.000	122.745	18.210	0.000	-102.633
650.000	122.935	19.214	0.000	-107.800
652.000	123.014	18.555	0.000	-99.568
654.000	122.800	17.965	0.000	-104.146
656.000	122.843	18.382	0.000	-111.161
658.000	122.988	18.139	0.000	-114.693
660.000	122.916	17.242	0.000	-115.337
662.000	122.781	17.598	0.000	-118.796
664.000	122.928	18.188	0.000	-125.618
666.000	122.977	18.006	0.000	-124.128
668.000	122.834	17.191	0.000	-125.750
670.000	122.797	17.700	0.000	-133.149
672.000	123.052	18.013	0.000	-127.313
674.000	122.856	16.590	0.000	-121.904
676.000	122.792	16.867	0.000	-129.837
678.000	122.960	17.067	0.000	-128.876
680.000	122.940	16.914	0.000	-129.786
682.000	122.810	16.133	0.000	-131.189
684.000	122.851	16.153	0.000	-138.309
686.000	122.995	16.932	0.000	-134.903
688.000	122.871	16.373	0.000	-127.894
690.000	122.761	15.429	0.000	-143.925
692.000	123.001	16.532	0.000	-140.567
694.000	122.923	15.540	0.000	-130.832
696.000	122.765	15.902	0.000	-139.850
698.000	122.919	16.043	0.000	-137.842
700.000	122.959	15.863	0.000	-143.721
702.000	122.831	15.283	0.000	-147.006
704.000	122.810	14.930	0.000	-147.810
706.000	122.985	15.978	0.000	-141.027
708.000	122.891	14.251	0.000	-129.983
710.000	122.771	14.358	0.000	-136.316
712.000	122.924	15.522	0.000	-150.733
714.000	122.992	15.261	0.000	-147.486
716.000	122.734	14.697	0.000	-155.066
718.000	122.916	15.058	0.000	-160.130
720.000	122.941	14.620	0.000	-150.859
722.000	122.857	14.665	0.000	-146.713
724.000	122.787	15.121	0.000	-149.358
726.000	122.962	15.156	0.000	-159.860
728.000	122.923	15.453	0.000	-158.093
730.000	122.749	15.311	0.000	-163.731
732.000	122.914	16.200	0.000	-165.363
734.000	122.974	15.117	0.000	-161.172
736.000	122.761	15.440	0.000	-170.471
738.000	122.866	16.432	0.000	-169.454
740.000	122.961	15.489	0.000	-173.742
742.000	122.844	14.544	0.000	-179.510
744.000	122.787	14.912	0.000	172.524
746.000	122.941	16.448	0.000	172.177
748.000	122.925	16.035	0.000	172.083
750.000	122.750	15.819	0.000	164.471
752.000	122.893	15.630	0.000	146.479
754.000	122.977	15.105	0.000	145.661
756.000	122.756	14.315	0.000	136.844
758.000	122.859	15.361	0.000	133.051
760.000	122.961	16.003	0.000	134.597
762.000	122.828	15.360	0.000	117.124
764.000	122.797	15.497	0.000	108.624
766.000	122.919	16.349	0.000	96.513
768.000	122.940	16.832	0.000	96.808
770.000	122.721	16.209	0.000	85.930
772.000	122.923	18.269	0.000	78.465
774.000	122.938	18.122	0.000	74.530
776.000	122.766	18.371	0.000	61.708
778.000	122.843	19.755	0.000	60.032
780.000	122.963	20.458	0.000	61.973
782.000	122.808	20.813	0.000	53.617
784.000	122.797	22.231	0.000	43.231
786.000	122.927	23.767	0.000	39.719
788.000	122.903	24.094	0.000	41.100
790.000	122.729	24.888	0.000	28.972
792.000	122.924	26.751	0.000	24.888
794.000	122.927	27.373	0.000	28.962
796.000	122.739	27.952	0.000	18.553
798.000	122.880	30.094	0.000	15.542
800.000	122.930	30.646	0.000	16.787
802.000	122.796	31.608	0.000	9.469
804.000	122.801	32.750	0.000	6.403
806.000	122.941	34.841	0.000	1.866
808.000	122.863	35.489	0.000	3.930
810.000	122.731	36.922	0.000	-10.067
812.000	122.961	39.462	0.000	-8.008
814.000	122.866	39.563	0.000	-11.304
816.000	122.748	41.545	0.000	-24.665
818.000	122.894	43.531	0.000	-29.276
820.000	122.912	44.811	0.000	-36.957
822.000	122.764	45.722	0.000	-50.038
824.000	122.830	47.355	0.000	-65.000
826.000	122.940	48.283	0.000	-73.195
828.000	122.801	47.895	0.000	-83.497
830.000	122.769	48.587	0.000	-99.437
832.000	122.967	49.961	0.000	-102.591
834.000	122.812	49.329	0.000	-109.562
836.000	122.759	50.660	0.000	-127.824
838.000	122.934	51.605	0.000	-132.154
840.000	122.845	51.358	0.000	-147.515
842.000	122.772	51.597	0.000	-162.823
844.000	122.851	51.478	0.000	179.077
846.000	122.940	51.161	0.000	169.454
848.000	122.723	48.519	0.000	155.886
850.000	122.859	47.551	0.000	139.830
852.000	122.931	45.703	0.000	143.494
854.000	122.758	42.088	0.000	139.519
856.000	122.804	40.573	0.000	145.928
858.000	122.938	39.672	0.000	166.994
860.000	122.788	40.508	0.000	-177.054
862.000	122.783	42.928	0.000	-175.308
864.000	122.898	45.275	0.000	-176.975
866.000	122.868	45.760	0.000	-179.448
868.000	122.710	46.083	0.000	167.867
870.000	122.930	47.423	0.000	164.931
872.000	122.860	46.855	0.000	166.809
874.000	122.732	46.925	0.000	157.882
876.000	122.878	48.414	0.000	159.974
878.000	122.884	48.395	0.000	159.935
880.000	122.751	49.376	0.000	154.680
882.000	122.822	50.425	0.000	150.137
884.000	122.917	52.089	0.000	147.160
886.000	122.765	51.847	0.000	142.596
888.000	122.784	53.659	0.000	126.234
890.000	122.951	54.245	0.000	127.791
892.000	122.753	53.298	0.000	114.195
894.000	122.785	54.128	0.000	105.636
896.000	122.907	54.428	0.000	102.533
898.000	122.810	54.212	0.000	97.709
900.000	122.751	54.676	0.000	87.275
902.000	122.887	55.574	0.000	81.730
904.000	122.855	55.442	0.000	76.717
906.000	122.711	54.921	0.000	63.783
908.000	122.898	56.029	0.000	56.108
910.000	122.864	55.114	0.000	56.470
912.000	122.717	54.438	0.000	42.466
914.000	122.868	55.138	0.000	41.572
916.000	122.866	54.508	0.000	38.994
918.000	122.745	54.494	0.000	32.373
920.000	122.811	54.915	0.000	26.220
922.000	122.903	55.629	0.000	23.141
924.000	122.744	54.841	0.000	17.777
926.000	122.790	55.818	0.000	3.337
928.000	122.924	56.038	0.000	5.440
930.000	122.735	54.673	0.000	-7.896
932.000	122.791	55.200	0.000	-15.686
934.000	122.892	54.553	0.000	-19.022
936.000	122.778	53.770	0.000	-23.393
938.000	122.759	53.552	0.000	-30.264
940.000	122.882	54.220	0.000	-31.015
942.000	122.816	53.746	0.000	-33.697
944.000	122.714	53.887	0.000	-45.705
946.000	122.913	55.035	0.000	-50.664
948.000	122.799	54.094	0.000	-54.167
950.000	122.733	54.175	0.000	-71.668
952.000	122.876	54.619	0.000	-74.057
954.000	122.821	53.637	0.000	-85.614
956.000	122.735	53.362	0.000	-97.748
958.000	122.835	53.011	0.000	-112.822
960.000	122.872	52.485	0.000	-120.439
962.000	122.698	49.870	0.000	-138.680
964.000	122.858	49.200	0.000	-156.084
966.000	122.854	46.312	0.000	-160.742
968.000	122.721	41.657	0.000	179.831
970.000	122.822	37.820	0.000	174.940
972.000	122.868	32.220	0.000	-173.553
974.000	122.723	28.081	0.000	-152.235
976.000	122.807	27.342	0.000	-155.593
978.000	122.867	27.065	0.000	161.531
980.000	122.744	31.522	0.000	92.104
982.000	122.770	38.085	0.000	60.640
984.000	122.909	41.551	0.000	51.966
986.000	122.709	44.178	0.000	30.927
988.000	122.798	47.752	0.000	18.288
990.000	122.861	49.391	0.000	10.316
992.000	122.752	51.063	0.000	-5.226
994.000	122.758	52.780	0.000	-18.478
996.000	122.876	54.710	0.000	-30.225
998.000	122.763	55.000	0.000	-38.670
1000.000	122.729	56.530	0.000	-61.893
1002.000	122.910	57.800	0.000	-64.678
1004.000	122.731	57.091	0.000	-82.709
1006.000	122.759	58.239	0.000	-97.428
1008.000	122.863	58.416	0.000	-108.182
1010.000	122.769	58.195	0.000	-120.073
1012.000	122.732	58.219	0.000	-137.876
1014.000	122.866	58.750	0.000	-147.216
1016.000	122.782	57.953	0.000	-158.455
1018.000	122.704	57.644	0.000	-177.520
1020.000	122.896	58.437	0.000	172.157
1022.000	122.754	56.901	0.000	161.884
1024.000	122.734	56.768	0.000	138.444
1026.000	122.858	56.260	0.000	131.402
1028.000	122.774	54.853	0.000	113.286
1030.000	122.723	53.883	0.000	97.566
1032.000	122.847	53.428	0.000	79.874
1034.000	122.797	52.171	0.000	69.770
1036.000	122.694	50.696	0.000	42.944
1038.000	122.882	50.948	0.000	29.451
1040.000	122.760	49.107	0.000	11.662
1042.000	122.724	49.059	0.000	-15.961
1044.000	122.849	49.100	0.000	-31.874
1046.000	122.777	48.855	0.000	-52.063
1048.000	122.720	49.128	0.000	-73.618
1050.000	122.833	50.293	0.000	-90.117
1052.000	122.799	50.363	0.000	-102.067
1054.000	122.689	50.923	0.000	-123.736
1056.000	122.871	52.536	0.000	-135.441
1058.000	122.763	52.215	0.000	-146.004
1060.000	122.718	53.082	0.000	-168.366
1062.000	122.841	53.945	0.000	-175.284
1064.000	122.774	53.700	0.000	169.637
1066.000	122.716	54.223	0.000	156.646
1068.000	122.825	55.142	0.000	142.544
1070.000	122.801	55.487	0.000	136.890
1072.000	122.681	55.705	0.000	115.277
1074.000	122.869	57.306	0.000	108.808
1076.000	122.753	56.606	0.000	95.838
1078.000	122.719	57.658	0.000	77.835
1080.000	122.832	58.253	0.000	67.119
1082.000	122.771	58.345	0.000	54.057
1084.000	122.709	58.679	0.000	36.128
1086.000	122.831	59.522	0.000	24.542
1088.000	122.779	59.322	0.000	13.760
1090.000	122.684	59.424	0.000	-5.278
1092.000	122.868	60.628	0.000	-14.242
1094.000	122.737	59.710	0.000	-24.490
1096.000	122.723	60.460	0.000	-43.135
1098.000	122.835	60.584	0.000	-48.667
1100.000	122.746	60.295	0.000	-62.552
1102.000	122.715	60.477	0.000	-74.492
1104.000	122.837	61.202	0.000	-85.283
1106.000	122.746	60.768	0.000	-91.982
1108.000	122.708	61.055	0.000	-111.664
1110.000	122.858	61.786	0.000	-115.234
1112.000	122.712	60.481	0.000	-129.050
1114.000	122.736	61.043	0.000	-142.116
1116.000	122.833	60.601	0.000	-149.094
1118.000	122.719	59.920	0.000	-158.915
1120.000	122.733	59.651	0.000	-171.374
1122.000	122.831	59.762	0.000	-175.669
1124.000	122.717	58.522	0.000	176.735
1126.000	122.734	58.589	0.000	164.943
1128.000	122.842	58.729	0.000	163.480
1130.000	122.689	57.343	0.000	154.344
1132.000	122.762	57.978	0.000	145.679
1134.000	122.813	57.058	0.000	144.173
1136.000	122.708	56.434	0.000	135.487
1138.000	122.740	56.024	0.000	129.555
1140.000	122.838	56.276	0.000	128.279
1142.000	122.674	54.885	0.000	123.946
1144.000	122.782	55.711	0.000	117.314
1146.000	122.804	55.046	0.000	120.090
1148.000	122.681	54.607	0.000	110.778
1150.000	122.784	55.207	0.000	109.379
1152.000	122.792	54.938	0.000	106.897
1154.000	122.685	54.848	0.000	100.316
1156.000	122.780	55.523	0.000	94.803
1158.000	122.799	55.560	0.000	93.129
1160.000	122.661	55.185	0.000	82.323
1162.000	122.821	56.211	0.000	76.563
1164.000	122.756	55.423	0.000	73.219
1166.000	122.685	55.366	0.000	58.886
1168.000	122.817	55.535	0.000	56.781
1170.000	122.736	54.477	0.000	47.960
1172.000	122.700	54.111	0.000	40.794
1174.000	122.810	53.914	0.000	34.508
1176.000	122.736	53.082	0.000	33.810
1178.000	122.697	52.494	0.000	21.979
1180.000	122.827	52.716	0.000	24.429
1182.000	122.700	51.066	0.000	17.488
1184.000	122.727	51.231	0.000	11.871
1186.000	122.805	50.498	0.000	10.500
1188.000	122.706	49.457	0.000	6.677
1190.000	122.721	48.978	0.000	1.670
1192.000	122.819	48.630	0.000	4.843
1194.000	122.678	47.350	0.000	3.961
1196.000	122.749	47.786	0.000	2.736
1198.000	122.810	47.936	0.000	9.797
1200.000	122.655	47.693	0.000	4.644
1202.000	122.794	49.117	0.000	6.586
1204.000	122.761	48.976	0.000	3.957
1206.000	122.686	49.525	0.000	-1.385
1208.000	122.774	50.457	0.000	-8.926
1210.000	122.779	50.664	0.000	-9.883
1212.000	122.659	50.410	0.000	-23.776
1214.000	122.815	51.421	0.000	-27.108
1216.000	122.725	50.400	0.000	-33.568
1218.000	122.690	50.813	0.000	-46.033
1220.000	122.811	50.643	0.000	-49.331
1222.000	122.705	49.989	0.000	-58.320
1224.000	122.706	49.726	0.000	-67.439
1226.000	122.809	49.861	0.000	-72.470
1228.000	122.688	48.696	0.000	-80.095
1230.000	122.726	48.667	0.000	-92.036
1232.000	122.804	48.289	0.000	-95.955
1234.000	122.665	46.777	0.000	-108.505
1236.000	122.768	46.611	0.000	-118.257
1238.000	122.760	44.713	0.000	-124.848
1240.000	122.689	43.000	0.000	-136.348
1242.000	122.752	40.819	0.000	-146.911
1244.000	122.777	38.616	0.000	-151.955
1246.000	122.657	33.050	0.000	-162.961
1248.000	122.800	27.097	0.000	-177.521
1250.000	122.726	29.122	0.000	-10.541
1252.000	122.686	35.469	0.000	-17.701
1254.000	122.795	38.963	0.000	-25.873
1256.000	122.708	41.102	0.000	-37.231
1258.000	122.695	43.206	0.000	-50.882
1260.000	122.807	44.761	0.000	-58.053
1262.000	122.676	45.045	0.000	-70.167
1264.000	122.726	46.511	0.000	-85.368
1266.000	122.801	47.060	0.000	-90.209
1268.000	122.648	46.690	0.000	-108.135
1270.000	122.784	47.527	0.000	-116.382
1272.000	122.739	46.552	0.000	-126.875
1274.000	122.680	46.254	0.000	-137.972
1276.000	122.774	46.047	0.000	-148.769
1278.000	122.736	45.335	0.000	-153.208
1280.000	122.673	44.321	0.000	-166.924
1282.000	122.797	44.481	0.000	-170.365
1284.000	122.697	42.753	0.000	-176.546
1286.000	122.710	42.423	0.000	174.856
1288.000	122.777	41.420	0.000	172.538
1290.000	122.692	40.349	0.000	169.137
1292.000	122.714	39.778	0.000	164.019
1294.000	122.787	39.472	0.000	166.225
1296.000	122.657	38.310	0.000	162.854
1298.000	122.758	38.795	0.000	159.350
1300.000	122.758	38.655	0.000	163.016
1302.000	122.659	38.657	0.000	154.437
1304.000	122.783	39.363	0.000	154.818
1306.000	122.716	39.120	0.000	146.326
1308.000	122.680	39.348	0.000	138.475
1310.000	122.786	39.968	0.000	129.322
1312.000	122.691	39.124	0.000	123.176
1314.000	122.706	39.085	0.000	106.253
1316.000	122.785	38.520	0.000	103.250
1318.000	122.665	36.908	0.000	88.599
1320.000	122.739	36.377	0.000	81.476
1322.000	122.758	34.863	0.000	75.520
1324.000	122.665	33.172	0.000	68.364
1326.000	122.757	32.328	0.000	62.001
1328.000	122.743	31.047	0.000	60.863
1330.000	122.652	29.463	0.000	53.563
1332.000	122.807	29.086	0.000	52.778
1334.000	122.675	27.341	0.000	51.812
1336.000	122.713	26.701	0.000	49.029
1338.000	122.770	25.605	0.000	51.267
1340.000	122.671	24.599	0.000	46.936
1342.000	122.729	23.611	0.000	47.556
1344.000	122.765	22.650	0.000	50.846
1346.000	122.647	21.387	0.000	44.653
1348.000	122.783	22.569	0.000	41.203
1350.000	122.706	21.219	0.000	42.349
1352.000	122.684	20.812	0.000	40.013
1354.000	122.772	20.084	0.000	38.941
1356.000	122.690	18.983	0.000	33.764
1358.000	122.699	17.973	0.000	27.289
1360.000	122.779	18.192	0.000	23.421
1362.000	122.657	16.675	0.000	17.873
1364.000	122.745	15.859	0.000	10.065
1366.000	122.748	14.821	0.000	15.871
1368.000	122.653	13.997	0.000	8.564
1370.000	122.782	13.441	0.000	1.586
1372.000	122.696	11.038	0.000	0.406
1374.000	122.684	10.264	0.000	9.631
1376.000	122.788	10.544	0.000	-94.250
1378.000	122.660	10.064	0.000	160.383
1380.000	122.736	9.695	0.000	150.664
1382.000	122.750	10.462	0.000	166.162
1384.000	122.661	12.220	0.000	151.196
1386.000	122.760	13.939	0.000	145.202
1388.000	122.716	14.398	0.000	141.310
1390.000	122.677	14.802	0.000	129.748
1392.000	122.766	16.553	0.000	119.810
1394.000	122.696	15.557	0.000	119.550
1396.000	122.692	16.450	0.000	119.926
1398.000	122.781	17.494	0.000	123.753
1400.000	122.646	16.565	0.000	113.479
1402.000	122.756	17.776	0.000	111.682
1404.000	122.728	18.465	0.000	110.464
1406.000	122.663	19.326	0.000	101.387
1408.000	122.774	20.973	0.000	90.285
1410.000	122.692	20.940	0.000	86.508
1412.000	122.692	21.707	0.000	69.903
1414.000	122.773	22.043	0.000	62.469
1416.000	122.659	21.495	0.000	44.926
1418.000	122.740	21.577	0.000	34.473
1420.000	122.735	20.968	0.000	27.824
1422.000	122.667	20.606	0.000	19.104
1424.000	122.757	20.424	0.000	8.994
1426.000	122.714	19.540	0.000	6.288
1428.000	122.666	18.978	0.000	-1.753
1430.000	122.796	18.032	0.000	-8.701
1432.000	122.649	16.406	0.000	-16.780
1434.000	122.741	16.336	0.000	-20.793
1436.000	122.742	15.654	0.000	-28.253
1438.000	122.655	15.580	0.000	-34.431
1440.000	122.769	16.536	0.000	-30.867
1442.000	122.701	15.629	0.000	-34.358
1444.000	122.682	13.329	0.000	-48.739
1446.000	122.776	13.165	0.000	-54.905
1448.000	122.658	13.654	0.000	-54.902
1450.000	122.737	13.785	0.000	-48.755
1452.000	122.734	12.949	0.000	-61.204
1454.000	122.668	11.741	0.000	-64.325
1456.000	122.753	11.436	0.000	-74.685
1458.000	122.710	11.756	0.000	-73.161
1460.000	122.674	10.883	0.000	-72.752
1462.000	122.783	11.555	0.000	-69.284
1464.000	122.652	10.409	0.000	-93.705
1466.000	122.743	11.155	0.000	-128.132
1468.000	122.727	11.875	0.000	-109.790
1470.000	122.671	10.542	0.000	-111.069
1472.000	122.756	10.063	0.000	-124.021
1474.000	122.699	10.097	0.000	-122.418
1476.000	122.700	10.169	0.000	-164.584
1478.000	122.757	10.204	0.000	-163.129
1480.000	122.669	10.522	0.000	-152.938
1482.000	122.735	9.701	0.000	171.059
1484.000	122.729	10.244	0.000	-179.221
1486.000	122.671	11.068	0.000	154.651
1488.000	122.762	10.860	0.000	166.697
1490.000	122.688	10.170	0.000	164.550
1492.000	122.704	9.973	0.000	132.750
1494.000	122.762	10.262	0.000	124.665
1496.000	122.655	10.600	0.000	130.417
1498.000	122.760	11.221	0.000	123.522
1500.000	122.704	11.126	0.000	131.924
1502.000	122.685	9.896	0.000	132.513
1504.000	122.765	11.188	0.000	109.740
1506.000	122.673	12.589	0.000	101.521
1508.000	122.727	11.790	0.000	115.126
1510.000	122.743	11.702	0.000	117.627
1512.000	122.663	11.851	0.000	85.950
1514.000	122.763	11.058	0.000	99.756
1516.000	122.698	10.874	0.000	99.165
1518.000	122.689	11.143	0.000	92.828
1520.000	122.775	11.261	0.000	96.973
1522.000	122.650	10.635	0.000	78.938
1524.000	122.760	11.312	0.000	69.043
1526.000	122.706	9.340	0.000	83.983
1528.000	122.700	10.383	0.000	83.008
1530.000	122.748	11.287	0.000	81.941
1532.000	122.694	11.727	0.000	69.703
1534.000	122.714	11.768	0.000	69.181
1536.000	122.750	11.790	0.000	60.948
1538.000	122.665	10.947	0.000	55.777
1540.000	122.767	11.952	0.000	69.360
1542.000	122.691	11.455	0.000	59.069
1544.000	122.705	11.297	0.000	48.346
1546.000	122.757	12.951	0.000	54.135
1548.000	122.664	13.087	0.000	53.369
1550.000	122.752	12.539	0.000	38.241
1552.000	122.716	11.676	0.000	41.771
1554.000	122.684	12.013	0.000	40.979
1556.000	122.771	12.227	0.000	40.931
1558.000	122.670	12.188	0.000	32.857
1560.000	122.739	12.470	0.000	29.757
1562.000	122.730	12.380	0.000	40.975
1564.000	122.676	12.214	0.000	33.056
1566.000	122.766	11.560	0.000	22.356
1568.000	122.687	12.995	0.000	20.858
1570.000	122.719	12.269	0.000	28.857
1572.000	122.754	12.526	0.000	32.429
1574.000	122.666	12.542	0.000	22.985
1576.000	122.764	12.138	0.000	22.760
1578.000	122.695	11.441	0.000	15.674
1580.000	122.709	11.693	0.000	11.114
1582.000	122.756	11.344	0.000	11.509
1584.000	122.672	11.121	0.000	17.668
1586.000	122.758	11.699	0.000	3.862
1588.000	122.711	12.625	0.000	-1.158
1590.000	122.696	12.979	0.000	3.693
1592.000	122.764	12.417	0.000	6.663
1594.000	122.676	12.388	0.000	4.235
1596.000	122.744	11.805	0.000	-20.422
1598.000	122.729	11.890	0.000	-14.243
1600.000	122.689	12.032	0.000	-18.092
1602.000	122.766	11.797	0.000	-1.498
1604.000	122.681	11.188	0.000	-3.756
1606.000	122.741	11.335	0.000	-16.370
1608.000	122.732	12.520	0.000	-11.732
1610.000	122.685	12.611	0.000	-8.681
1612.000	122.764	12.091	0.000	-21.524
1614.000	122.698	11.634	0.000	-21.881
1616.000	122.716	12.185	0.000	-28.183
1618.000	122.762	12.077	0.000	-22.283
1620.000	122.665	13.161	0.000	-34.981
1622.000	122.780	12.810	0.000	-31.691
1624.000	122.688	12.638	0.000	-22.297
1626.000	122.723	12.891	0.000	-41.155
1628.000	122.756	13.012	0.000	-34.277
1630.000	122.676	13.342	0.000	-29.786
1632.000	122.766	13.175	0.000	-45.383
1634.000	122.707	12.034	0.000	-54.946
1636.000	122.711	12.339	0.000	-50.592
1638.000	122.765	12.645	0.000	-47.018
1640.000	122.669	12.426	0.000	-53.436
1642.000	122.772	12.881	0.000	-47.965
1644.000	122.704	12.340	0.000	-36.929
1646.000	122.716	13.016	0.000	-38.215
1648.000	122.764	12.920	0.000	-49.784
1650.000	122.683	12.831	0.000	-58.581
1652.000	122.757	12.614	0.000	-45.290
1654.000	122.717	12.526	0.000	-49.065
1656.000	122.705	12.334	0.000	-49.858
1658.000	122.773	13.009	0.000	-52.126
1660.000	122.670	12.520	0.000	-62.265
1662.000	122.773	11.267	0.000	-65.398
1664.000	122.709	11.110	0.000	-64.520
1666.000	122.716	11.704	0.000	-76.449
1668.000	122.759	12.648	0.000	-72.616
1670.000	122.689	12.447	0.000	-66.928
1672.000	122.755	12.237	0.000	-75.090
1674.000	122.724	11.979	0.000	-82.528
1676.000	122.707	11.528	0.000	-87.111
1678.000	122.774	12.579	0.000	-85.385
1680.000	122.675	12.159	0.000	-83.460
1682.000	122.772	12.676	0.000	-71.584
1684.000	122.716	12.818	0.000	-78.389
1686.000	122.708	12.524	0.000	-86.493
1688.000	122.787	12.495	0.000	-96.600
1690.000	122.667	12.485	0.000	-100.382
1692.000	122.784	12.437	0.000	-91.163
1694.000	122.702	12.244	0.000	-99.814
1696.000	122.737	12.462	0.000	-100.095
1698.000	122.745	12.767	0.000	-94.969
1700.000	122.706	12.380	0.000	-96.979
1702.000	122.755	13.279	0.000	-105.870
1704.000	122.726	12.755	0.000	-108.870
1706.000	122.713	12.146	0.000	-118.041
1708.000	122.777	11.705	0.000	-116.650
1710.000	122.679	13.260	0.000	-113.573
1712.000	122.782	13.497	0.000	-125.945
1714.000	122.701	13.198	0.000	-125.753
1716.000	122.741	12.154	0.000	-120.073
1718.000	122.754	12.023	0.000	-122.065
1720.000	122.694	12.304	0.000	-129.342
1722.000	122.777	12.434	0.000	-132.188
1724.000	122.711	12.769	0.000	-125.333
1726.000	122.733	12.798	0.000	-124.591
1728.000	122.763	12.794	0.000	-136.415
1730.000	122.687	12.031	0.000	-139.348
1732.000	122.790	12.935	0.000	-137.631
1734.000	122.688	12.181	0.000	-136.849
1736.000	122.769	11.510	0.000	-147.218
1738.000	122.727	11.812	0.000	-158.643
1740.000	122.726	11.959	0.000	-163.396
1742.000	122.761	12.153	0.000	-142.638
1744.000	122.706	12.853	0.000	-152.741
1746.000	122.756	12.739	0.000	-161.250
1748.000	122.740	11.977	0.000	-153.540
1750.000	122.716	11.136	0.000	-168.559
1752.000	122.774	11.896	0.000	-157.859
1754.000	122.699	11.193	0.000	-155.582
1756.000	122.769	12.336	0.000	-166.180
1758.000	122.727	12.010	0.000	-159.455
1760.000	122.720	10.491	0.000	-152.158
1762.000	122.781	10.450	0.000	-168.800
1764.000	122.690	11.905	0.000	-171.470
1766.000	122.789	11.409	0.000	-171.806
1768.000	122.698	10.575	0.000	-178.503
1770.000	122.766	10.394	0.000	172.170
1772.000	122.741	11.440	0.000	-169.739
1774.000	122.718	10.895	0.000	-170.046
1776.000	122.778	10.990	0.000	-166.166
1778.000	122.708	10.996	0.000	-172.524
1780.000	122.761	10.757	0.000	178.022
1782.000	122.746	10.580	0.000	163.197
1784.000	122.713	10.388	0.000	164.533
1786.000	122.785	10.175	0.000	168.793
1788.000	122.694	10.543	0.000	163.771
1790.000	122.783	10.544	0.000	162.377
1792.000	122.718	10.848	0.000	-169.797
1794.000	122.750	11.350	0.000	-167.184
1796.000	122.756	10.185	0.000	177.647
1798.000	122.727	9.778	0.000	158.886
1800.000	122.759	10.795	0.000	175.742
1802.000	122.737	9.772	0.000	172.696
1804.000	122.738	9.922	0.000	-174.286
1806.000	122.768	10.998	0.000	-174.740
1808.000	122.702	11.755	0.000	167.851
1810.000	122.798	10.107	0.000	177.641
1812.000	122.699	8.982	0.000	173.333
1814.000	122.775	9.647	0.000	-172.361
1816.000	122.735	10.918	0.000	-178.460
1818.000	122.730	10.322	0.000	164.539
1820.000	122.784	9.644	0.000	158.700
1822.000	122.698	9.921	0.000	172.339
1824.000	122.794	11.124	0.000	162.918
1826.000	122.705	10.829	0.000	150.375
1828.000	122.779	9.377	0.000	136.752
1830.000	122.736	8.443	0.000	154.286
1832.000	122.739	9.053	0.000	-177.846
1834.000	122.770	10.088	0.000	178.259
1836.000	122.728	9.866	0.000	157.907
1838.000	122.765	11.099	0.000	176.825
1840.000	122.746	10.764	0.000	-163.176
1842.000	122.731	10.132	0.000	167.618
1844.000	122.781	10.954	0.000	167.669
1846.000	122.710	11.538	0.000	164.312
1848.000	122.788	10.825	0.000	166.578
1850.000	122.720	10.135	0.000	166.244
1852.000	122.761	9.807	0.000	166.518
1854.000	122.761	9.564	0.000	165.868
1856.000	122.727	10.131	0.000	164.497
1858.000	122.783	10.334	0.000	167.665
1860.000	122.710	10.174	0.000	164.362
1862.000	122.789	10.501	0.000	158.308
1864.000	122.724	11.700	0.000	168.285
1866.000	122.769	10.993	0.000	159.236
1868.000	122.749	10.591	0.000	168.123
1870.000	122.742	9.377	0.000	-176.659
1872.000	122.773	10.758	0.000	-175.867
1874.000	122.730	9.350	0.000	158.396
1876.000	122.766	9.841	0.000	-178.773
1878.000	122.752	9.839	0.000	-168.723
1880.000	122.742	11.031	0.000	159.210
1882.000	122.777	11.147	0.000	151.923
1884.000	122.728	10.453	0.000	154.260
1886.000	122.770	11.176	0.000	155.477
1888.000	122.752	11.386	0.000	167.849
1890.000	122.743	10.000	0.000	172.822
1892.000	122.785	10.162	0.000	174.107
1894.000	122.714	11.246	0.000	158.716
1896.000	122.803	11.140	0.000	158.428
1898.000	122.706	11.195	0.000	147.854
1900.000	122.801	11.511	0.000	139.966
1902.000	122.723	10.751	0.000	142.331
1904.000	122.768	11.172	0.000	129.426
1906.000	122.768	11.192	0.000	130.102
1908.000	122.726	11.285	0.000	127.651
1910.000	122.805	11.768	0.000	121.861
1912.000	122.701	11.788	0.000	128.754
1914.000	122.808	11.119	0.000	128.907
1916.000	122.720	11.253	0.000	114.608
1918.000	122.776	11.529	0.000	117.078
1920.000	122.756	12.030	0.000	132.854
1922.000	122.741	11.525	0.000	130.570
1924.000	122.786	11.000	0.000	134.977
1926.000	122.728	11.462	0.000	129.208
1928.000	122.787	12.375	0.000	129.314
1930.000	122.730	11.622	0.000	130.760
1932.000	122.775	10.945	0.000	131.790
1934.000	122.755	11.822	0.000	145.593
1936.000	122.754	11.956	0.000	130.998
1938.000	122.776	12.197	0.000	127.315
1940.000	122.737	12.296	0.000	121.197
1942.000	122.778	13.361	0.000	123.959
1944.000	122.748	14.102	0.000	120.506
1946.000	122.762	14.435	0.000	108.949
1948.000	122.767	14.085	0.000	111.611
1950.000	122.743	14.626	0.000	96.742
1952.000	122.783	14.947	0.000	92.737
1954.000	122.742	15.454	0.000	80.872
1956.000	122.772	15.997	0.000	78.734
1958.000	122.755	15.876	0.000	69.063
1960.000	122.753	15.831	0.000	69.808
1962.000	122.781	15.826	0.000	56.366
1964.000	122.736	15.869	0.000	43.217
1966.000	122.788	15.672	0.000	44.492
1968.000	122.735	15.273	0.000	27.849
1970.000	122.783	14.772	0.000	24.845
1972.000	122.752	13.353	0.000	14.448
1974.000	122.765	13.254	0.000	-4.867
1976.000	122.767	13.209	0.000	1.192
1978.000	122.746	11.141	0.000	-2.280
1980.000	122.786	10.731	0.000	-26.628
1982.000	122.736	8.763	0.000	-71.104
1984.000	122.788	9.168	0.000	-96.284
1986.000	122.741	10.182	0.000	172.714
1988.000	122.769	11.690	0.000	152.319
1990.000	122.769	12.624	0.000	146.596
1992.000	122.750	13.214	0.000	117.519
1994.000	122.785	14.686	0.000	104.759
1996.000	122.739	16.652	0.000	99.829
1998.000	122.781	17.780	0.000	90.220
2000.000	122.750	18.661	0.000	76.088
