2000.000	122.806	16.457	0.000	179.483
2.000	122.858	16.647	0.000	171.462
4.000	123.075	17.429	0.000	171.225
6.000	123.095	17.390	0.000	176.359
8.000	122.940	17.001	0.000	173.160
10.000	122.799	16.600	0.000	165.632
12.000	122.899	16.751	0.000	164.364
14.000	123.164	17.692	0.000	165.750
16.000	123.090	17.267	0.000	166.859
18.000	122.756	15.736	0.000	159.140
20.000	122.850	16.782	0.000	151.484
22.000	123.126	17.255	0.000	155.726
24.000	123.057	16.838	0.000	160.764
26.000	122.917	16.428	0.000	161.231
28.000	122.880	16.830	0.000	156.480
30.000	122.878	16.827	0.000	150.423
32.000	123.081	16.919	0.000	140.707
34.000	123.146	16.816	0.000	138.984
36.000	122.820	15.792	0.000	141.937
38.000	122.773	16.539	0.000	141.356
40.000	123.113	16.385	0.000	140.903
42.000	123.131	16.874	0.000	139.291
44.000	122.896	16.135	0.000	139.183
46.000	122.828	15.619	0.000	130.562
48.000	122.937	16.460	0.000	129.684
50.000	123.103	17.030	0.000	139.611
52.000	123.071	16.365	0.000	142.015
54.000	122.829	15.774	0.000	131.522
56.000	122.845	15.388	0.000	125.621
58.000	123.062	16.353	0.000	119.667
60.000	123.091	16.716	0.000	121.031
62.000	122.964	15.966	0.000	132.423
64.000	122.811	15.765	0.000	125.636
66.000	122.890	16.122	0.000	114.796
68.000	123.178	16.123	0.000	118.701
70.000	123.076	14.781	0.000	118.899
72.000	122.739	14.415	0.000	107.135
74.000	122.904	15.050	0.000	100.717
76.000	123.132	15.745	0.000	111.872
78.000	123.018	15.321	0.000	112.699
80.000	122.930	14.892	0.000	110.552
82.000	122.869	14.074	0.000	109.199
84.000	122.903	14.395	0.000	108.536
86.000	123.154	14.530	0.000	106.951
88.000	123.066	15.313	0.000	111.123
90.000	122.741	13.542	0.000	114.439
92.000	122.908	14.379	0.000	96.700
94.000	123.155	15.477	0.000	103.007
96.000	123.038	14.540	0.000	109.270
98.000	122.863	13.783	0.000	108.014
100.000	122.845	14.810	0.000	102.464
102.000	123.027	15.051	0.000	105.879
104.000	123.141	14.624	0.000	111.225
106.000	122.923	14.736	0.000	107.770
108.000	122.807	14.617	0.000	94.936
110.000	122.987	14.200	0.000	102.334
112.000	123.081	14.777	0.000	104.417
114.000	123.041	15.766	0.000	98.334
116.000	122.863	15.186	0.000	95.037
118.000	122.807	14.488	0.000	90.008
120.000	123.131	15.086	0.000	89.282
122.000	123.148	14.064	0.000	96.580
124.000	122.783	14.436	0.000	89.948
126.000	122.862	15.459	0.000	89.067
128.000	123.096	15.501	0.000	91.282
130.000	123.038	14.728	0.000	87.640
132.000	122.964	13.666	0.000	89.504
134.000	122.855	14.381	0.000	89.461
136.000	122.896	14.450	0.000	85.774
138.000	123.156	15.218	0.000	90.526
140.000	123.048	15.455	0.000	85.184
142.000	122.768	14.179	0.000	91.775
144.000	122.916	13.279	0.000	83.345
146.000	123.122	15.987	0.000	70.465
148.000	123.054	15.780	0.000	81.654
150.000	122.852	14.781	0.000	77.161
152.000	122.839	15.184	0.000	70.500
154.000	123.086	15.227	0.000	74.023
156.000	123.100	14.640	0.000	83.122
158.000	122.874	14.039	0.000	74.675
160.000	122.863	14.480	0.000	60.905
162.000	122.988	15.232	0.000	58.425
164.000	123.092	15.253	0.000	65.381
166.000	123.023	14.568	0.000	63.722
168.000	122.776	14.554	0.000	64.992
170.000	122.923	14.559	0.000	53.935
172.000	123.198	15.607	0.000	53.990
174.000	122.982	15.272	0.000	50.206
176.000	122.784	13.810	0.000	44.753
178.000	122.964	14.379	0.000	49.167
180.000	123.081	14.617	0.000	51.480
182.000	123.030	12.731	0.000	49.223
184.000	122.883	12.742	0.000	48.633
186.000	122.849	13.218	0.000	47.778
188.000	123.058	13.922	0.000	47.836
190.000	123.112	13.517	0.000	50.645
192.000	122.884	12.950	0.000	58.406
194.000	122.807	14.295	0.000	35.105
196.000	123.050	14.793	0.000	44.920
198.000	123.140	13.485	0.000	65.197
200.000	122.884	13.396	0.000	56.166
202.000	122.812	13.867	0.000	44.853
204.000	123.043	14.574	0.000	56.628
206.000	123.087	14.214	0.000	55.659
208.000	122.945	13.587	0.000	53.019
210.000	122.846	13.220	0.000	60.897
212.000	122.934	13.973	0.000	47.061
214.000	123.119	15.238	0.000	53.569
216.000	123.019	14.596	0.000	57.796
218.000	122.791	13.585	0.000	53.585
220.000	122.923	14.288	0.000	52.913
222.000	123.142	15.841	0.000	55.047
224.000	123.017	14.290	0.000	41.092
226.000	122.791	11.766	0.000	27.413
228.000	122.932	14.452	0.000	35.466
230.000	123.120	14.681	0.000	37.626
232.000	122.993	14.020	0.000	36.161
234.000	122.868	13.860	0.000	35.259
236.000	122.893	14.825	0.000	32.485
238.000	123.033	14.461	0.000	32.281
240.000	123.115	13.766	0.000	30.302
242.000	122.850	11.184	0.000	37.748
244.000	122.811	12.291	0.000	18.637
246.000	123.140	12.988	0.000	23.242
248.000	123.061	12.032	0.000	28.829
250.000	122.828	11.487	0.000	-17.700
252.000	122.892	9.663	0.000	-14.426
254.000	123.039	9.810	0.000	-38.447
256.000	123.081	11.430	0.000	-96.578
258.000	122.886	11.439	0.000	-96.053
260.000	122.834	11.290	0.000	-117.552
262.000	123.053	12.111	0.000	-136.531
264.000	123.073	13.729	0.000	-143.778
266.000	122.916	15.192	0.000	-141.794
268.000	122.812	16.500	0.000	-158.953
270.000	123.015	19.316	0.000	-162.758
272.000	123.163	20.643	0.000	-158.318
274.000	122.843	21.324	0.000	-161.909
276.000	122.828	23.709	0.000	-168.262
278.000	123.095	25.870	0.000	-166.356
280.000	123.019	26.874	0.000	-167.526
282.000	122.932	28.417	0.000	-173.223
284.000	122.855	30.031	0.000	-176.878
286.000	122.956	32.201	0.000	177.481
288.000	123.156	34.549	0.000	178.929
290.000	122.901	35.155	0.000	177.865
292.000	122.789	36.976	0.000	162.826
294.000	123.061	40.245	0.000	159.833
296.000	123.082	41.447	0.000	161.218
298.000	122.897	42.080	0.000	149.976
300.000	122.822	44.500	0.000	137.149
302.000	123.032	46.765	0.000	131.920
304.000	123.094	48.072	0.000	124.703
306.000	122.875	48.972	0.000	113.312
308.000	122.864	50.292	0.000	98.639
310.000	122.993	52.113	0.000	86.366
312.000	123.082	53.314	0.000	79.199
314.000	122.941	53.270	0.000	69.501
316.000	122.772	53.777	0.000	50.276
318.000	123.057	55.789	0.000	38.685
320.000	123.118	56.239	0.000	35.434
322.000	122.828	55.194	0.000	21.745
324.000	122.867	56.269	0.000	2.223
326.000	123.046	57.228	0.000	-2.383
328.000	123.043	56.596	0.000	-10.056
330.000	122.893	56.445	0.000	-23.109
332.000	122.845	56.497	0.000	-32.172
334.000	123.022	57.006	0.000	-43.723
336.000	123.084	57.584	0.000	-47.539
338.000	122.872	56.293	0.000	-52.798
340.000	122.813	56.336	0.000	-72.163
342.000	123.093	57.717	0.000	-74.408
344.000	123.063	56.702	0.000	-74.393
346.000	122.802	55.724	0.000	-87.945
348.000	122.908	56.651	0.000	-94.763
350.000	123.058	57.019	0.000	-97.026
352.000	123.014	57.020	0.000	-101.233
354.000	122.858	56.828	0.000	-109.043
356.000	122.867	57.563	0.000	-120.491
358.000	123.081	58.617	0.000	-126.159
360.000	123.020	58.488	0.000	-131.104
362.000	122.822	57.805	0.000	-142.526
364.000	122.886	58.437	0.000	-157.973
366.000	123.108	59.465	0.000	-162.137
368.000	123.002	58.404	0.000	-164.958
370.000	122.761	57.516	0.000	175.923
372.000	122.995	58.787	0.000	167.991
374.000	123.072	58.233	0.000	165.471
376.000	122.920	57.383	0.000	153.014
378.000	122.875	57.173	0.000	144.285
380.000	122.902	56.781	0.000	132.322
382.000	123.116	57.283	0.000	125.231
384.000	122.950	55.961	0.000	123.194
386.000	122.761	54.321	0.000	105.556
388.000	123.048	55.140	0.000	98.275
390.000	123.064	54.104	0.000	100.687
392.000	122.873	52.122	0.000	92.460
394.000	122.839	52.054	0.000	83.876
396.000	123.031	52.196	0.000	83.149
398.000	123.057	51.621	0.000	81.360
400.000	122.837	50.794	0.000	75.202
402.000	122.885	50.792	0.000	66.785
404.000	123.020	51.233	0.000	62.037
406.000	123.044	51.032	0.000	60.304
408.000	122.843	49.937	0.000	52.687
410.000	122.841	50.329	0.000	38.195
412.000	123.137	51.295	0.000	35.083
414.000	122.960	50.014	0.000	31.329
416.000	122.791	48.962	0.000	11.760
418.000	122.976	49.635	0.000	1.704
420.000	123.045	48.613	0.000	-3.016
422.000	122.942	46.929	0.000	-15.843
424.000	122.824	45.749	0.000	-26.241
426.000	122.956	44.565	0.000	-36.661
428.000	123.079	43.900	0.000	-42.157
430.000	122.907	41.745	0.000	-43.241
432.000	122.790	39.577	0.000	-58.429
434.000	123.046	39.822	0.000	-61.917
436.000	123.062	37.957	0.000	-58.191
438.000	122.801	35.340	0.000	-68.711
440.000	122.900	34.775	0.000	-74.386
442.000	123.040	33.615	0.000	-73.629
444.000	122.989	31.983	0.000	-75.411
446.000	122.834	30.257	0.000	-80.236
448.000	122.892	29.379	0.000	-86.511
450.000	123.078	28.783	0.000	-86.174
452.000	122.949	27.199	0.000	-85.984
454.000	122.803	25.282	0.000	-92.745
456.000	122.945	24.635	0.000	-99.267
458.000	123.106	24.402	0.000	-99.002
460.000	122.857	22.269	0.000	-102.306
462.000	122.818	21.173	0.000	-113.274
464.000	123.066	20.625	0.000	-108.461
466.000	122.968	18.986	0.000	-113.710
468.000	122.884	18.023	0.000	-122.350
470.000	122.847	17.799	0.000	-127.153
472.000	123.034	17.294	0.000	-142.211
474.000	123.032	16.267	0.000	-144.588
476.000	122.756	14.679	0.000	-152.507
478.000	122.954	14.905	0.000	-160.278
480.000	123.069	15.534	0.000	-167.038
482.000	122.897	14.845	0.000	-178.552
484.000	122.809	15.294	0.000	172.942
486.000	123.002	16.070	0.000	168.159
488.000	123.034	16.115	0.000	163.439
490.000	122.839	15.517	0.000	154.302
492.000	122.870	15.908	0.000	144.416
494.000	123.001	16.953	0.000	141.861
496.000	123.024	17.591	0.000	139.668
498.000	122.793	17.266	0.000	134.367
500.000	122.893	18.045	0.000	130.615
502.000	123.102	18.521	0.000	139.671
504.000	122.882	18.233	0.000	143.345
506.000	122.809	18.032	0.000	135.588
508.000	122.999	19.000	0.000	126.880
510.000	123.013	17.956	0.000	128.251
512.000	122.854	18.251	0.000	125.316
514.000	122.854	18.543	0.000	125.779
516.000	123.001	19.524	0.000	117.553
518.000	123.020	19.953	0.000	123.209
520.000	122.779	18.567	0.000	122.635
522.000	122.907	20.273	0.000	113.921
524.000	123.095	21.229	0.000	122.629
526.000	122.853	19.186	0.000	116.969
528.000	122.834	20.276	0.000	110.501
530.000	122.980	20.749	0.000	111.933
532.000	123.016	20.913	0.000	113.857
534.000	122.833	20.726	0.000	111.877
536.000	122.859	21.077	0.000	106.609
538.000	123.030	21.852	0.000	107.920
540.000	122.957	21.529	0.000	109.042
542.000	122.799	21.107	0.000	105.081
544.000	122.909	22.721	0.000	102.060
546.000	123.096	22.917	0.000	106.098
548.000	122.814	21.481	0.000	103.665
550.000	122.848	22.788	0.000	98.445
552.000	123.023	23.273	0.000	103.941
554.000	122.948	22.050	0.000	101.321
556.000	122.846	22.323	0.000	96.111
558.000	122.857	22.482	0.000	94.718
560.000	123.058	23.447	0.000	95.240
562.000	122.909	23.333	0.000	98.541
564.000	122.778	23.194	0.000	87.019
566.000	122.992	24.607	0.000	89.707
568.000	123.021	23.899	0.000	95.606
570.000	122.791	23.411	0.000	87.578
572.000	122.884	24.430	0.000	84.973
574.000	123.024	24.362	0.000	87.258
576.000	122.914	23.756	0.000	86.099
578.000	122.811	23.809	0.000	83.348
580.000	122.925	24.477	0.000	78.888
582.000	123.036	24.903	0.000	81.084
584.000	122.836	24.140	0.000	82.807
586.000	122.819	23.986	0.000	75.012
588.000	123.033	24.925	0.000	77.522
590.000	122.954	24.228	0.000	82.169
592.000	122.756	24.193	0.000	73.049
594.000	122.972	25.564	0.000	71.049
596.000	122.987	25.056	0.000	73.593
598.000	122.859	24.791	0.000	68.832
600.000	122.831	24.980	0.000	68.429
602.000	122.972	25.468	0.000	66.999
604.000	123.006	25.517	0.000	70.048
606.000	122.747	24.057	0.000	66.537
608.000	122.937	25.772	0.000	61.876
610.000	123.023	25.910	0.000	70.082
612.000	122.838	24.772	0.000	63.305
614.000	122.817	25.276	0.000	58.161
616.000	123.008	25.643	0.000	60.735
618.000	122.938	25.393	0.000	61.636
620.000	122.802	25.021	0.000	57.248
622.000	122.896	25.343	0.000	53.175
624.000	123.010	25.706	0.000	57.820
626.000	122.876	24.998	0.000	57.025
628.000	122.774	24.762	0.000	51.457
630.000	123.028	26.114	0.000	52.976
632.000	122.942	25.370	0.000	58.494
634.000	122.768	24.276	0.000	49.921
636.000	122.930	25.728	0.000	49.248
638.000	122.993	25.374	0.000	51.549
640.000	122.840	25.049	0.000	46.712
642.000	122.829	25.305	0.000	47.831
644.000	122.960	25.937	0.000	46.902
646.000	122.981	25.805	0.000	50.660
648.000	122.743	24.689	0.000	43.299
650.000	122.934	26.157	0.000	39.932
652.000	123.015	25.934	0.000	50.077
654.000	122.800	25.117	0.000	45.514
656.000	122.841	26.161	0.000	42.200
658.000	122.987	26.174	0.000	46.166
660.000	122.918	25.766	0.000	45.503
662.000	122.778	25.519	0.000	41.732
664.000	122.928	26.204	0.000	39.175
666.000	122.978	26.333	0.000	44.384
668.000	122.832	25.408	0.000	44.280
670.000	122.797	25.566	0.000	37.081
672.000	123.051	26.572	0.000	41.777
674.000	122.857	25.775	0.000	45.208
676.000	122.790	25.685	0.000	36.325
678.000	122.959	26.832	0.000	40.384
680.000	122.942	26.505	0.000	41.897
682.000	122.807	26.525	0.000	38.330
684.000	122.850	26.366	0.000	38.505
686.000	122.996	27.219	0.000	39.682
688.000	122.871	26.517	0.000	44.646
690.000	122.760	26.573	0.000	32.812
692.000	123.001	28.246	0.000	38.330
694.000	122.924	27.029	0.000	41.624
696.000	122.764	26.945	0.000	33.917
698.000	122.917	27.667	0.000	35.580
700.000	122.960	27.848	0.000	37.925
702.000	122.831	27.434	0.000	37.444
704.000	122.808	27.696	0.000	34.801
706.000	122.987	28.396	0.000	35.787
708.000	122.889	28.299	0.000	38.267
710.000	122.770	28.008	0.000	32.968
712.000	122.922	29.359	0.000	30.000
714.000	122.993	29.217	0.000	37.868
716.000	122.734	28.361	0.000	31.741
718.000	122.913	29.831	0.000	31.297
720.000	122.943	29.614	0.000	35.826
722.000	122.857	29.263	0.000	32.674
724.000	122.784	29.444	0.000	30.091
726.000	122.963	30.091	0.000	28.528
728.000	122.923	30.402	0.000	33.828
730.000	122.748	29.635	0.000	30.063
732.000	122.913	31.229	0.000	27.116
734.000	122.975	31.089	0.000	34.717
736.000	122.761	30.403	0.000	27.076
738.000	122.863	31.578	0.000	27.672
740.000	122.962	31.615	0.000	30.097
742.000	122.845	31.668	0.000	30.225
744.000	122.784	31.708	0.000	27.170
746.000	122.942	32.757	0.000	27.449
748.000	122.925	32.587	0.000	29.982
750.000	122.749	32.261	0.000	26.598
752.000	122.892	33.637	0.000	24.530
754.000	122.977	34.098	0.000	31.066
756.000	122.757	33.392	0.000	26.365
758.000	122.856	34.927	0.000	24.155
760.000	122.963	34.778	0.000	29.987
762.000	122.828	34.929	0.000	25.023
764.000	122.795	35.338	0.000	25.317
766.000	122.920	36.297	0.000	22.674
768.000	122.940	36.614	0.000	28.675
770.000	122.719	36.027	0.000	21.420
772.000	122.922	37.811	0.000	21.073
774.000	122.938	37.602	0.000	26.978
776.000	122.766	37.414	0.000	20.132
778.000	122.841	38.714	0.000	19.917
780.000	122.964	39.092	0.000	22.328
782.000	122.809	39.020	0.000	19.997
784.000	122.794	39.683	0.000	16.539
786.000	122.928	40.953	0.000	17.275
788.000	122.902	41.037	0.000	20.609
790.000	122.728	41.094	0.000	14.086
792.000	122.923	42.871	0.000	13.766
794.000	122.928	42.927	0.000	18.401
796.000	122.739	42.951	0.000	11.168
798.000	122.878	44.781	0.000	10.665
800.000	122.933	44.956	0.000	13.409
802.000	122.795	45.498	0.000	7.983
804.000	122.799	46.369	0.000	6.325
806.000	122.942	47.975	0.000	3.889
808.000	122.863	48.241	0.000	7.339
810.000	122.729	49.003	0.000	-5.120
812.000	122.961	51.161	0.000	-3.155
814.000	122.867	50.745	0.000	-4.927
816.000	122.748	51.818	0.000	-16.641
818.000	122.892	52.970	0.000	-19.079
820.000	122.915	53.346	0.000	-22.346
822.000	122.763	53.404	0.000	-27.611
824.000	122.829	54.690	0.000	-32.660
826.000	122.942	55.952	0.000	-31.756
828.000	122.800	56.448	0.000	-35.872
830.000	122.768	58.305	0.000	-49.004
832.000	122.967	60.332	0.000	-52.611
834.000	122.814	60.033	0.000	-62.023
836.000	122.757	61.284	0.000	-82.475
838.000	122.935	62.002	0.000	-86.878
840.000	122.847	61.446	0.000	-99.909
842.000	122.770	61.546	0.000	-111.357
844.000	122.851	61.647	0.000	-123.948
846.000	122.941	61.893	0.000	-128.129
848.000	122.722	60.428	0.000	-138.455
850.000	122.858	61.371	0.000	-151.644
852.000	122.932	60.956	0.000	-151.022
854.000	122.758	59.504	0.000	-165.033
856.000	122.802	59.732	0.000	-173.571
858.000	122.939	59.081	0.000	-176.417
860.000	122.789	57.961	0.000	177.690
862.000	122.780	57.303	0.000	170.295
864.000	122.900	57.272	0.000	167.541
866.000	122.868	56.171	0.000	168.998
868.000	122.710	55.155	0.000	162.692
870.000	122.930	55.973	0.000	164.593
872.000	122.861	55.312	0.000	169.448
874.000	122.731	55.290	0.000	162.082
876.000	122.876	56.688	0.000	163.681
878.000	122.887	56.455	0.000	162.470
880.000	122.749	57.053	0.000	154.943
882.000	122.822	57.578	0.000	148.526
884.000	122.918	58.611	0.000	143.426
886.000	122.765	57.725	0.000	139.044
888.000	122.782	58.608	0.000	123.313
890.000	122.952	58.868	0.000	126.145
892.000	122.753	57.712	0.000	113.494
894.000	122.783	58.373	0.000	103.259
896.000	122.908	58.266	0.000	96.101
898.000	122.811	57.226	0.000	87.304
900.000	122.748	56.217	0.000	73.810
902.000	122.889	55.632	0.000	67.261
904.000	122.855	54.073	0.000	63.720
906.000	122.710	51.884	0.000	54.727
908.000	122.897	51.125	0.000	49.683
910.000	122.865	48.646	0.000	55.508
912.000	122.716	44.819	0.000	57.471
914.000	122.866	43.744	0.000	84.853
916.000	122.868	45.198	0.000	112.414
918.000	122.744	48.119	0.000	118.071
920.000	122.811	50.619	0.000	113.912
922.000	122.904	52.554	0.000	111.722
924.000	122.744	52.635	0.000	106.385
926.000	122.789	54.587	0.000	94.318
928.000	122.924	55.384	0.000	97.836
930.000	122.735	55.201	0.000	86.126
932.000	122.789	56.919	0.000	80.157
934.000	122.893	57.757	0.000	74.450
936.000	122.778	58.295	0.000	64.663
938.000	122.757	59.125	0.000	47.837
940.000	122.884	60.077	0.000	37.191
942.000	122.815	59.380	0.000	24.833
944.000	122.714	58.798	0.000	3.828
946.000	122.912	59.034	0.000	-8.745
948.000	122.801	57.168	0.000	-16.913
950.000	122.731	55.473	0.000	-39.960
952.000	122.876	54.494	0.000	-46.019
954.000	122.822	51.382	0.000	-57.490
956.000	122.732	48.674	0.000	-68.760
958.000	122.835	45.134	0.000	-77.309
960.000	122.872	41.094	0.000	-77.366
962.000	122.697	34.315	0.000	-53.964
964.000	122.857	34.603	0.000	45.025
966.000	122.855	38.685	0.000	54.197
968.000	122.720	42.877	0.000	44.915
970.000	122.820	45.494	0.000	41.399
972.000	122.870	46.692	0.000	35.547
974.000	122.721	47.254	0.000	25.548
976.000	122.806	48.217	0.000	16.787
978.000	122.868	48.592	0.000	15.138
980.000	122.742	48.056	0.000	10.714
982.000	122.769	49.357	0.000	4.028
984.000	122.909	50.130	0.000	7.186
986.000	122.709	49.951	0.000	-4.057
988.000	122.796	51.545	0.000	-12.698
990.000	122.863	51.532	0.000	-17.276
992.000	122.751	51.411	0.000	-30.209
994.000	122.756	51.522	0.000	-40.913
996.000	122.877	51.874	0.000	-50.683
998.000	122.763	50.828	0.000	-57.107
1000.000	122.728	50.461	0.000	-78.067
1002.000	122.910	50.437	0.000	-80.654
1004.000	122.732	47.869	0.000	-96.056
1006.000	122.757	47.020	0.000	-111.556
1008.000	122.863	45.025	0.000	-122.215
1010.000	122.769	42.035	0.000	-136.147
1012.000	122.730	38.070	0.000	-158.894
1014.000	122.867	33.763	0.000	172.532
1016.000	122.781	29.890	0.000	99.564
1018.000	122.703	32.575	0.000	31.004
1020.000	122.895	36.112	0.000	13.449
1022.000	122.756	35.796	0.000	7.408
1024.000	122.731	36.371	0.000	-5.763
1026.000	122.859	36.666	0.000	3.684
1028.000	122.774	36.616	0.000	10.176
1030.000	122.721	38.101	0.000	16.629
1032.000	122.848	40.632	0.000	19.417
1034.000	122.797	41.970	0.000	22.508
1036.000	122.693	43.753	0.000	11.324
1038.000	122.881	46.061	0.000	10.755
1040.000	122.760	46.087	0.000	4.444
1042.000	122.722	47.677	0.000	-8.127
1044.000	122.848	48.641	0.000	-11.696
1046.000	122.778	49.031	0.000	-20.291
1048.000	122.717	49.591	0.000	-32.253
1050.000	122.835	50.758	0.000	-41.956
1052.000	122.798	50.538	0.000	-49.344
1054.000	122.688	50.364	0.000	-68.041
1056.000	122.870	51.133	0.000	-79.133
1058.000	122.764	49.902	0.000	-89.397
1060.000	122.716	49.251	0.000	-114.952
1062.000	122.841	48.868	0.000	-126.945
1064.000	122.774	46.765	0.000	-151.397
1066.000	122.713	45.621	0.000	179.978
1068.000	122.825	45.370	0.000	143.675
1070.000	122.801	45.724	0.000	119.892
1072.000	122.679	47.062	0.000	80.108
1074.000	122.869	49.507	0.000	67.551
1076.000	122.754	49.870	0.000	49.707
1078.000	122.717	51.925	0.000	31.946
1080.000	122.832	53.301	0.000	22.435
1082.000	122.772	54.105	0.000	11.566
1084.000	122.706	55.134	0.000	-3.289
1086.000	122.832	56.470	0.000	-11.686
1088.000	122.778	56.728	0.000	-19.562
1090.000	122.684	57.315	0.000	-35.229
1092.000	122.867	58.829	0.000	-41.449
1094.000	122.738	58.199	0.000	-49.859
1096.000	122.720	59.167	0.000	-66.309
1098.000	122.836	59.335	0.000	-70.900
1100.000	122.746	58.969	0.000	-83.871
1102.000	122.713	58.877	0.000	-95.074
1104.000	122.838	59.123	0.000	-105.293
1106.000	122.746	58.140	0.000	-110.610
1108.000	122.707	57.425	0.000	-127.491
1110.000	122.858	57.402	0.000	-128.496
1112.000	122.712	55.124	0.000	-136.368
1114.000	122.733	54.678	0.000	-143.641
1116.000	122.834	53.395	0.000	-142.979
1118.000	122.719	51.867	0.000	-143.502
1120.000	122.731	50.871	0.000	-143.265
1122.000	122.832	50.712	0.000	-134.440
1124.000	122.715	49.970	0.000	-127.877
1126.000	122.734	51.169	0.000	-126.547
1128.000	122.842	52.410	0.000	-120.000
1130.000	122.690	52.408	0.000	-124.361
1132.000	122.759	54.242	0.000	-128.465
1134.000	122.815	54.274	0.000	-128.815
1136.000	122.706	54.686	0.000	-136.143
1138.000	122.739	55.093	0.000	-142.443
1140.000	122.839	56.031	0.000	-144.368
1142.000	122.673	55.176	0.000	-150.827
1144.000	122.781	56.390	0.000	-159.217
1146.000	122.805	55.866	0.000	-158.510
1148.000	122.680	55.445	0.000	-169.877
1150.000	122.782	55.879	0.000	-172.831
1152.000	122.794	55.317	0.000	-176.173
1154.000	122.682	54.752	0.000	177.601
1156.000	122.781	54.881	0.000	173.608
1158.000	122.799	54.451	0.000	174.829
1160.000	122.660	53.601	0.000	169.124
1162.000	122.820	54.353	0.000	169.068
1164.000	122.756	53.524	0.000	171.766
1166.000	122.683	53.689	0.000	165.473
1168.000	122.817	54.246	0.000	169.391
1170.000	122.736	53.876	0.000	166.391
1172.000	122.698	54.292	0.000	164.028
1174.000	122.810	55.006	0.000	161.583
1176.000	122.735	54.855	0.000	162.990
1178.000	122.696	55.303	0.000	153.442
1180.000	122.827	56.176	0.000	157.518
1182.000	122.701	55.486	0.000	151.255
1184.000	122.725	56.580	0.000	146.666
1186.000	122.806	56.814	0.000	144.569
1188.000	122.705	56.804	0.000	139.227
1190.000	122.719	57.395	0.000	130.969
1192.000	122.821	57.843	0.000	129.690
1194.000	122.677	57.235	0.000	122.493
1196.000	122.748	58.045	0.000	114.110
1198.000	122.811	58.231	0.000	114.728
1200.000	122.654	57.640	0.000	102.877
1202.000	122.793	58.656	0.000	99.848
1204.000	122.763	57.891	0.000	93.993
1206.000	122.683	57.823	0.000	86.236
1208.000	122.775	58.025	0.000	77.549
1210.000	122.779	57.703	0.000	76.287
1212.000	122.658	56.677	0.000	63.698
1214.000	122.815	57.124	0.000	61.559
1216.000	122.726	55.613	0.000	58.302
1218.000	122.688	55.502	0.000	49.935
1220.000	122.812	55.129	0.000	50.627
1222.000	122.705	54.373	0.000	46.234
1224.000	122.704	54.136	0.000	41.458
1226.000	122.811	54.400	0.000	40.226
1228.000	122.686	53.373	0.000	36.333
1230.000	122.726	53.493	0.000	28.870
1232.000	122.804	53.287	0.000	29.224
1234.000	122.664	52.135	0.000	22.081
1236.000	122.767	52.476	0.000	18.645
1238.000	122.762	51.319	0.000	17.536
1240.000	122.687	50.751	0.000	13.169
1242.000	122.753	50.179	0.000	10.110
1244.000	122.777	49.905	0.000	12.527
1246.000	122.656	48.647	0.000	8.151
1248.000	122.799	49.203	0.000	11.083
1250.000	122.727	47.972	0.000	12.766
1252.000	122.685	48.254	0.000	9.558
1254.000	122.796	48.252	0.000	12.196
1256.000	122.708	47.870	0.000	10.932
1258.000	122.694	47.983	0.000	7.478
1260.000	122.808	48.296	0.000	9.617
1262.000	122.675	47.555	0.000	8.281
1264.000	122.726	48.194	0.000	4.861
1266.000	122.802	48.481	0.000	9.702
1268.000	122.647	48.166	0.000	3.189
1270.000	122.783	49.254	0.000	4.219
1272.000	122.740	48.799	0.000	1.791
1274.000	122.678	49.121	0.000	-1.975
1276.000	122.775	49.743	0.000	-5.622
1278.000	122.736	49.757	0.000	-5.162
1280.000	122.673	49.847	0.000	-13.936
1282.000	122.797	50.902	0.000	-13.595
1284.000	122.697	50.301	0.000	-18.467
1286.000	122.708	51.184	0.000	-25.001
1288.000	122.778	51.199	0.000	-28.121
1290.000	122.692	51.271	0.000	-33.615
1292.000	122.713	51.694	0.000	-42.670
1294.000	122.789	52.082	0.000	-44.907
1296.000	122.656	51.521	0.000	-54.448
1298.000	122.758	52.251	0.000	-63.483
1300.000	122.759	52.064	0.000	-66.034
1302.000	122.658	51.571	0.000	-80.844
1304.000	122.784	51.874	0.000	-83.891
1306.000	122.717	50.848	0.000	-93.385
1308.000	122.679	50.367	0.000	-101.332
1310.000	122.788	50.354	0.000	-109.456
1312.000	122.691	49.105	0.000	-113.034
1314.000	122.706	48.663	0.000	-126.323
1316.000	122.786	48.028	0.000	-126.246
1318.000	122.665	46.404	0.000	-136.666
1320.000	122.739	46.013	0.000	-140.508
1322.000	122.760	44.829	0.000	-143.901
1324.000	122.663	43.672	0.000	-149.439
1326.000	122.759	43.126	0.000	-153.082
1328.000	122.743	42.037	0.000	-153.312
1330.000	122.652	40.897	0.000	-160.134
1332.000	122.808	40.862	0.000	-160.065
1334.000	122.676	39.157	0.000	-161.819
1336.000	122.711	38.855	0.000	-166.529
1338.000	122.773	37.941	0.000	-164.637
1340.000	122.670	36.897	0.000	-168.585
1342.000	122.729	36.261	0.000	-170.879
1344.000	122.767	35.797	0.000	-169.921
1346.000	122.647	34.472	0.000	-173.498
1348.000	122.784	34.808	0.000	-174.492
1350.000	122.708	33.237	0.000	-172.631
1352.000	122.683	32.816	0.000	-177.383
1354.000	122.774	32.171	0.000	-174.875
1356.000	122.691	31.240	0.000	-175.906
1358.000	122.698	30.697	0.000	-178.968
1360.000	122.782	30.339	0.000	-177.066
1362.000	122.657	29.021	0.000	-179.182
1364.000	122.745	28.972	0.000	179.253
1366.000	122.750	28.181	0.000	-177.539
1368.000	122.652	27.332	0.000	178.530
1370.000	122.784	27.305	0.000	-174.879
1372.000	122.698	26.166	0.000	-176.386
1374.000	122.684	25.787	0.000	-176.617
1376.000	122.790	25.786	0.000	-175.459
1378.000	122.661	24.455	0.000	-174.086
1380.000	122.737	24.401	0.000	-174.904
1382.000	122.751	23.695	0.000	-166.568
1384.000	122.662	23.293	0.000	-171.890
1386.000	122.761	23.228	0.000	-171.744
1388.000	122.718	23.167	0.000	-167.379
1390.000	122.677	22.560	0.000	-163.755
1392.000	122.769	22.534	0.000	-164.761
1394.000	122.696	21.882	0.000	-161.553
1396.000	122.693	21.805	0.000	-161.336
1398.000	122.783	21.702	0.000	-156.386
1400.000	122.646	21.319	0.000	-156.642
1402.000	122.757	22.075	0.000	-159.117
1404.000	122.730	21.891	0.000	-155.293
1406.000	122.662	21.331	0.000	-160.361
1408.000	122.777	21.146	0.000	-159.464
1410.000	122.693	21.121	0.000	-151.927
1412.000	122.692	21.357	0.000	-156.474
1414.000	122.776	21.714	0.000	-152.978
1416.000	122.660	20.712	0.000	-156.676
1418.000	122.740	21.187	0.000	-157.991
1420.000	122.738	21.503	0.000	-156.925
1422.000	122.667	21.158	0.000	-159.297
1424.000	122.759	21.435	0.000	-155.912
1426.000	122.716	21.089	0.000	-153.440
1428.000	122.667	20.675	0.000	-157.588
1430.000	122.798	21.015	0.000	-154.580
1432.000	122.651	20.927	0.000	-157.757
1434.000	122.741	21.817	0.000	-159.668
1436.000	122.745	21.159	0.000	-157.906
1438.000	122.655	20.595	0.000	-158.392
1440.000	122.772	20.631	0.000	-161.389
1442.000	122.702	20.736	0.000	-154.868
1444.000	122.684	20.823	0.000	-160.127
1446.000	122.779	21.259	0.000	-157.206
1448.000	122.660	20.592	0.000	-163.250
1450.000	122.738	21.338	0.000	-162.008
1452.000	122.737	20.652	0.000	-160.225
1454.000	122.668	20.931	0.000	-162.876
1456.000	122.756	21.743	0.000	-163.529
1458.000	122.712	21.041	0.000	-161.073
1460.000	122.676	21.087	0.000	-168.373
1462.000	122.785	21.064	0.000	-167.883
1464.000	122.655	21.090	0.000	-167.857
1466.000	122.744	21.418	0.000	-170.448
1468.000	122.730	21.514	0.000	-170.601
1470.000	122.672	21.470	0.000	-173.098
1472.000	122.759	21.211	0.000	-177.814
1474.000	122.700	21.008	0.000	-174.956
1476.000	122.702	21.538	0.000	178.658
1478.000	122.760	21.676	0.000	-176.403
1480.000	122.670	21.152	0.000	176.703
1482.000	122.737	21.687	0.000	176.086
1484.000	122.732	21.824	0.000	178.296
1486.000	122.671	21.694	0.000	175.190
1488.000	122.766	21.824	0.000	174.198
1490.000	122.690	21.519	0.000	172.356
1492.000	122.705	21.933	0.000	166.989
1494.000	122.764	21.651	0.000	171.427
1496.000	122.656	20.862	0.000	167.007
1498.000	122.762	21.604	0.000	167.456
1500.000	122.706	21.185	0.000	165.152
1502.000	122.687	21.612	0.000	161.922
1504.000	122.769	21.996	0.000	161.372
1506.000	122.674	21.137	0.000	161.290
1508.000	122.729	22.152	0.000	156.588
1510.000	122.747	21.328	0.000	157.892
1512.000	122.663	21.256	0.000	153.864
1514.000	122.766	21.621	0.000	156.970
1516.000	122.701	21.090	0.000	155.494
1518.000	122.689	21.854	0.000	147.846
1520.000	122.779	22.080	0.000	147.233
1522.000	122.651	21.328	0.000	143.188
1524.000	122.762	21.574	0.000	142.749
1526.000	122.709	21.022	0.000	146.346
1528.000	122.701	21.738	0.000	143.279
1530.000	122.751	21.587	0.000	144.954
1532.000	122.694	21.141	0.000	140.020
1534.000	122.717	21.280	0.000	135.011
1536.000	122.753	20.963	0.000	134.163
1538.000	122.665	20.769	0.000	131.249
1540.000	122.769	21.280	0.000	130.059
1542.000	122.695	20.416	0.000	130.195
1544.000	122.706	20.957	0.000	126.424
1546.000	122.761	21.065	0.000	127.297
1548.000	122.665	20.372	0.000	123.625
1550.000	122.755	20.749	0.000	122.990
1552.000	122.717	20.812	0.000	121.163
1554.000	122.686	20.509	0.000	115.320
1556.000	122.774	20.868	0.000	116.359
1558.000	122.671	20.344	0.000	115.370
1560.000	122.741	20.877	0.000	113.573
1562.000	122.734	20.513	0.000	112.365
1564.000	122.676	20.292	0.000	110.710
1566.000	122.768	20.758	0.000	108.502
1568.000	122.689	20.374	0.000	109.439
1570.000	122.721	20.785	0.000	102.292
1572.000	122.757	20.395	0.000	102.051
1574.000	122.668	19.556	0.000	100.036
1576.000	122.767	19.619	0.000	100.063
1578.000	122.698	19.454	0.000	97.836
1580.000	122.709	19.805	0.000	93.983
1582.000	122.760	20.110	0.000	93.231
1584.000	122.673	19.019	0.000	89.549
1586.000	122.759	19.600	0.000	86.766
1588.000	122.714	19.378	0.000	90.291
1590.000	122.697	19.718	0.000	85.168
1592.000	122.767	19.021	0.000	83.432
1594.000	122.677	18.693	0.000	78.815
1596.000	122.747	18.838	0.000	79.232
1598.000	122.731	18.864	0.000	85.497
1600.000	122.689	18.695	0.000	80.017
1602.000	122.769	19.214	0.000	78.900
1604.000	122.684	18.490	0.000	78.131
1606.000	122.741	18.219	0.000	72.946
1608.000	122.735	17.978	0.000	70.752
1610.000	122.686	17.962	0.000	64.778
1612.000	122.768	18.115	0.000	67.075
1614.000	122.698	17.555	0.000	68.789
1616.000	122.718	17.814	0.000	65.545
1618.000	122.766	17.880	0.000	66.789
1620.000	122.665	16.901	0.000	63.129
1622.000	122.783	16.905	0.000	60.095
1624.000	122.691	16.138	0.000	59.704
1626.000	122.725	16.801	0.000	60.886
1628.000	122.758	17.534	0.000	57.530
1630.000	122.677	17.166	0.000	55.762
1632.000	122.769	17.368	0.000	52.417
1634.000	122.708	15.751	0.000	51.944
1636.000	122.711	16.893	0.000	47.942
1638.000	122.769	16.915	0.000	45.709
1640.000	122.669	15.556	0.000	47.175
1642.000	122.773	16.204	0.000	43.554
1644.000	122.706	16.510	0.000	39.653
1646.000	122.718	15.840	0.000	42.161
1648.000	122.766	15.349	0.000	49.032
1650.000	122.683	15.371	0.000	47.750
1652.000	122.761	15.559	0.000	42.448
1654.000	122.719	15.706	0.000	38.895
1656.000	122.705	15.948	0.000	36.631
1658.000	122.775	16.075	0.000	33.881
1660.000	122.672	15.029	0.000	41.123
1662.000	122.775	15.419	0.000	36.245
1664.000	122.711	14.478	0.000	36.122
1666.000	122.717	14.046	0.000	29.762
1668.000	122.763	14.214	0.000	26.375
1670.000	122.688	15.102	0.000	29.209
1672.000	122.757	14.669	0.000	24.801
1674.000	122.727	14.050	0.000	28.986
1676.000	122.708	14.485	0.000	30.521
1678.000	122.776	14.151	0.000	30.805
1680.000	122.676	13.731	0.000	23.122
1682.000	122.775	13.836	0.000	30.767
1684.000	122.718	13.889	0.000	28.517
1686.000	122.708	12.953	0.000	22.404
1688.000	122.789	13.433	0.000	20.910
1690.000	122.668	13.517	0.000	16.436
1692.000	122.785	13.188	0.000	16.823
1694.000	122.703	12.823	0.000	15.132
1696.000	122.738	13.235	0.000	19.520
1698.000	122.749	12.904	0.000	18.247
1700.000	122.705	13.102	0.000	18.652
1702.000	122.758	12.975	0.000	25.517
1704.000	122.727	13.159	0.000	25.044
1706.000	122.715	13.053	0.000	17.024
1708.000	122.778	13.675	0.000	16.885
1710.000	122.679	12.827	0.000	18.970
1712.000	122.784	12.727	0.000	16.189
1714.000	122.703	12.724	0.000	7.804
1716.000	122.741	11.978	0.000	6.454
1718.000	122.756	11.838	0.000	17.722
1720.000	122.695	12.120	0.000	18.185
1722.000	122.779	11.533	0.000	21.196
1724.000	122.711	11.930	0.000	10.251
1726.000	122.733	11.536	0.000	2.405
1728.000	122.767	11.651	0.000	14.010
1730.000	122.686	11.481	0.000	18.777
1732.000	122.791	11.994	0.000	13.951
1734.000	122.689	11.696	0.000	14.376
1736.000	122.770	11.988	0.000	17.123
1738.000	122.729	12.622	0.000	26.847
1740.000	122.724	12.552	0.000	21.202
1742.000	122.765	12.073	0.000	25.308
1744.000	122.707	11.794	0.000	14.975
1746.000	122.757	12.361	0.000	20.406
1748.000	122.739	10.912	0.000	15.214
1750.000	122.718	11.451	0.000	4.012
1752.000	122.776	12.216	0.000	6.629
1754.000	122.698	11.958	0.000	6.448
1756.000	122.769	12.251	0.000	11.473
1758.000	122.731	11.435	0.000	17.138
1760.000	122.721	11.710	0.000	17.915
1762.000	122.783	10.795	0.000	12.389
1764.000	122.689	11.027	0.000	19.487
1766.000	122.792	12.290	0.000	20.723
1768.000	122.699	12.402	0.000	0.974
1770.000	122.765	12.434	0.000	3.175
1772.000	122.742	12.830	0.000	6.298
1774.000	122.719	12.192	0.000	4.825
1776.000	122.780	11.606	0.000	-1.987
1778.000	122.707	12.292	0.000	-4.771
1780.000	122.761	13.246	0.000	0.961
1782.000	122.749	11.019	0.000	5.167
1784.000	122.713	12.875	0.000	-10.618
1786.000	122.786	13.065	0.000	-16.430
1788.000	122.693	12.949	0.000	-16.273
1790.000	122.786	12.749	0.000	-24.415
1792.000	122.718	12.193	0.000	-13.122
1794.000	122.749	12.348	0.000	-4.196
1796.000	122.757	12.254	0.000	-13.091
1798.000	122.727	12.610	0.000	-20.707
1800.000	122.760	12.122	0.000	-16.791
1802.000	122.736	12.729	0.000	-20.356
1804.000	122.738	13.358	0.000	-15.229
1806.000	122.770	13.527	0.000	-16.500
1808.000	122.703	13.873	0.000	-31.884
1810.000	122.798	13.446	0.000	-25.675
1812.000	122.699	12.378	0.000	-28.838
1814.000	122.775	13.069	0.000	-24.105
1816.000	122.737	12.826	0.000	-26.411
1818.000	122.729	13.556	0.000	-36.407
1820.000	122.785	13.883	0.000	-38.024
1822.000	122.697	13.778	0.000	-40.492
1824.000	122.795	13.894	0.000	-38.926
1826.000	122.705	13.083	0.000	-53.423
1828.000	122.778	12.994	0.000	-45.707
1830.000	122.736	12.644	0.000	-45.780
1832.000	122.739	12.956	0.000	-46.164
1834.000	122.771	13.210	0.000	-43.160
1836.000	122.727	12.638	0.000	-42.504
1838.000	122.765	12.786	0.000	-41.726
1840.000	122.748	12.487	0.000	-47.267
1842.000	122.731	13.973	0.000	-58.057
1844.000	122.782	13.651	0.000	-61.499
1846.000	122.707	13.414	0.000	-67.062
1848.000	122.790	14.616	0.000	-69.698
1850.000	122.720	13.887	0.000	-71.248
1852.000	122.762	13.451	0.000	-72.137
1854.000	122.760	13.364	0.000	-66.876
1856.000	122.726	14.008	0.000	-73.095
1858.000	122.786	13.204	0.000	-73.009
1860.000	122.710	14.472	0.000	-72.168
1862.000	122.788	15.052	0.000	-68.187
1864.000	122.723	14.626	0.000	-72.080
1866.000	122.770	14.846	0.000	-80.788
1868.000	122.751	14.494	0.000	-83.377
1870.000	122.740	15.031	0.000	-84.994
1872.000	122.772	13.593	0.000	-84.499
1874.000	122.731	14.368	0.000	-93.704
1876.000	122.768	15.644	0.000	-94.118
1878.000	122.751	15.328	0.000	-89.632
1880.000	122.740	15.237	0.000	-90.503
1882.000	122.778	15.429	0.000	-85.132
1884.000	122.730	15.622	0.000	-96.066
1886.000	122.771	16.515	0.000	-99.186
1888.000	122.749	16.690	0.000	-101.707
1890.000	122.742	16.602	0.000	-106.517
1892.000	122.787	16.923	0.000	-105.250
1894.000	122.715	16.848	0.000	-110.120
1896.000	122.803	16.608	0.000	-114.189
1898.000	122.703	17.192	0.000	-120.497
1900.000	122.802	17.724	0.000	-119.463
1902.000	122.725	17.007	0.000	-118.486
1904.000	122.767	17.618	0.000	-120.813
1906.000	122.766	18.246	0.000	-126.367
1908.000	122.725	18.302	0.000	-130.561
1910.000	122.807	18.455	0.000	-134.927
1912.000	122.701	18.631	0.000	-138.709
1914.000	122.807	19.329	0.000	-144.548
1916.000	122.719	19.449	0.000	-153.700
1918.000	122.777	19.739	0.000	-155.462
1920.000	122.759	19.817	0.000	-151.716
1922.000	122.739	19.821	0.000	-157.205
1924.000	122.786	19.754	0.000	-162.135
1926.000	122.727	19.945	0.000	-171.788
1928.000	122.789	20.515	0.000	-173.534
1930.000	122.731	20.831	0.000	-177.754
1932.000	122.773	21.232	0.000	175.331
1934.000	122.756	21.376	0.000	170.011
1936.000	122.753	21.927	0.000	164.161
1938.000	122.778	22.212	0.000	161.314
1940.000	122.735	22.153	0.000	151.353
1942.000	122.779	22.448	0.000	147.370
1944.000	122.747	22.443	0.000	138.843
1946.000	122.762	22.475	0.000	129.581
1948.000	122.767	22.135	0.000	125.523
1950.000	122.743	22.190	0.000	114.959
1952.000	122.783	22.493	0.000	110.570
1954.000	122.741	21.868	0.000	103.176
1956.000	122.772	21.845	0.000	99.786
1958.000	122.756	21.691	0.000	90.910
1960.000	122.753	21.830	0.000	80.396
1962.000	122.781	21.836	0.000	75.512
1964.000	122.735	22.007	0.000	71.605
1966.000	122.790	21.666	0.000	68.690
1968.000	122.735	21.358	0.000	60.290
1970.000	122.785	21.571	0.000	59.433
1972.000	122.750	21.713	0.000	49.366
1974.000	122.763	22.086	0.000	46.424
1976.000	122.769	22.145	0.000	37.411
1978.000	122.748	22.578	0.000	24.562
1980.000	122.787	22.479	0.000	15.132
1982.000	122.732	22.897	0.000	2.892
1984.000	122.788	22.903	0.000	-5.730
1986.000	122.742	22.325	0.000	-15.496
1988.000	122.772	22.873	0.000	-29.870
1990.000	122.768	22.459	0.000	-39.052
1992.000	122.747	22.390	0.000	-53.075
1994.000	122.785	21.750	0.000	-65.592
1996.000	122.740	22.095	0.000	-77.649
1998.000	122.785	21.577	0.000	-91.049
2000.000	122.747	21.143	0.000	-100.235
