2000.000	122.849	13.100	0.000	50.068
2.000	122.901	13.617	0.000	51.773
4.000	123.120	14.694	0.000	55.191
6.000	123.141	14.747	0.000	51.164
8.000	122.983	14.810	0.000	51.587
10.000	122.840	14.325	0.000	53.358
12.000	122.942	13.776	0.000	49.111
14.000	123.210	14.333	0.000	57.614
16.000	123.133	14.123	0.000	70.989
18.000	122.796	12.682	0.000	76.590
20.000	122.892	13.756	0.000	58.427
22.000	123.171	14.750	0.000	68.527
24.000	123.100	14.050	0.000	63.212
26.000	122.959	12.875	0.000	69.194
28.000	122.921	12.946	0.000	69.550
30.000	122.919	12.741	0.000	65.831
32.000	123.124	13.657	0.000	54.530
34.000	123.189	13.454	0.000	63.467
36.000	122.859	12.943	0.000	64.769
38.000	122.813	12.053	0.000	61.138
40.000	123.157	13.612	0.000	65.864
42.000	123.174	13.659	0.000	68.101
44.000	122.935	13.105	0.000	66.534
46.000	122.867	13.194	0.000	77.859
48.000	122.978	12.437	0.000	80.730
50.000	123.145	12.705	0.000	89.506
52.000	123.111	13.210	0.000	80.820
54.000	122.868	12.988	0.000	75.224
56.000	122.884	12.785	0.000	76.063
58.000	123.103	13.233	0.000	65.285
60.000	123.132	12.358	0.000	66.171
62.000	123.004	13.199	0.000	72.453
64.000	122.849	13.152	0.000	70.848
66.000	122.929	12.261	0.000	71.558
68.000	123.221	13.891	0.000	76.896
70.000	123.116	13.926	0.000	79.833
72.000	122.775	13.146	0.000	89.175
74.000	122.944	13.307	0.000	80.493
76.000	123.173	13.809	0.000	73.931
78.000	123.055	13.627	0.000	69.645
80.000	122.968	13.148	0.000	76.810
82.000	122.907	12.896	0.000	84.569
84.000	122.939	12.168	0.000	88.200
86.000	123.194	12.675	0.000	88.814
88.000	123.104	13.387	0.000	103.437
90.000	122.775	13.071	0.000	86.044
92.000	122.945	12.837	0.000	77.386
94.000	123.195	13.659	0.000	86.260
96.000	123.075	13.916	0.000	101.955
98.000	122.898	13.791	0.000	102.344
100.000	122.881	14.064	0.000	95.351
102.000	123.065	14.166	0.000	99.207
104.000	123.179	13.272	0.000	94.369
106.000	122.958	13.149	0.000	103.068
108.000	122.842	12.983	0.000	96.545
110.000	123.023	13.776	0.000	97.371
112.000	123.118	15.522	0.000	102.872
114.000	123.078	14.483	0.000	102.118
116.000	122.897	13.856	0.000	101.394
118.000	122.840	13.460	0.000	95.226
120.000	123.170	13.698	0.000	106.512
122.000	123.185	14.757	0.000	109.969
124.000	122.814	14.380	0.000	106.303
126.000	122.896	14.542	0.000	95.963
128.000	123.133	14.914	0.000	99.315
130.000	123.072	14.189	0.000	119.040
132.000	122.999	14.095	0.000	109.924
134.000	122.889	14.758	0.000	102.050
136.000	122.928	14.454	0.000	102.753
138.000	123.193	13.565	0.000	102.441
140.000	123.082	13.859	0.000	120.014
142.000	122.798	14.661	0.000	114.973
144.000	122.950	14.685	0.000	108.645
146.000	123.158	15.889	0.000	117.834
148.000	123.087	16.215	0.000	119.810
150.000	122.883	15.555	0.000	119.266
152.000	122.871	14.711	0.000	117.674
154.000	123.121	15.043	0.000	122.195
156.000	123.134	14.819	0.000	127.951
158.000	122.904	15.105	0.000	122.486
160.000	122.895	15.964	0.000	114.803
162.000	123.020	16.205	0.000	106.288
164.000	123.124	16.580	0.000	114.689
166.000	123.056	16.366	0.000	125.484
168.000	122.805	14.673	0.000	130.122
170.000	122.954	15.459	0.000	119.178
172.000	123.234	16.754	0.000	122.593
174.000	123.012	16.759	0.000	133.787
176.000	122.812	15.466	0.000	123.176
178.000	122.997	16.172	0.000	122.851
180.000	123.112	16.519	0.000	132.619
182.000	123.060	16.166	0.000	137.679
184.000	122.913	16.077	0.000	130.690
186.000	122.878	16.586	0.000	132.786
188.000	123.089	16.949	0.000	134.091
190.000	123.145	15.501	0.000	131.363
192.000	122.912	15.463	0.000	143.089
194.000	122.835	15.627	0.000	131.529
196.000	123.082	16.356	0.000	141.195
198.000	123.172	16.417	0.000	146.436
200.000	122.912	15.220	0.000	145.472
202.000	122.840	15.555	0.000	141.939
204.000	123.075	15.584	0.000	142.593
206.000	123.117	16.692	0.000	154.719
208.000	122.973	15.569	0.000	166.677
210.000	122.875	14.642	0.000	172.081
212.000	122.963	16.431	0.000	168.981
214.000	123.148	17.436	0.000	-177.901
216.000	123.049	17.556	0.000	-170.008
218.000	122.817	17.487	0.000	-170.538
220.000	122.950	19.156	0.000	-166.955
222.000	123.173	20.340	0.000	-162.225
224.000	123.044	19.879	0.000	-157.730
226.000	122.816	19.311	0.000	-155.484
228.000	122.960	21.913	0.000	-149.621
230.000	123.148	22.771	0.000	-144.655
232.000	123.020	22.964	0.000	-143.960
234.000	122.895	24.174	0.000	-146.954
236.000	122.920	24.694	0.000	-148.699
238.000	123.060	26.142	0.000	-148.282
240.000	123.144	27.174	0.000	-142.177
242.000	122.875	26.859	0.000	-141.907
244.000	122.836	28.272	0.000	-150.684
246.000	123.169	30.169	0.000	-145.138
248.000	123.087	29.815	0.000	-138.852
250.000	122.852	29.717	0.000	-143.764
252.000	122.918	31.332	0.000	-147.460
254.000	123.066	32.496	0.000	-145.826
256.000	123.107	33.125	0.000	-143.045
258.000	122.910	33.200	0.000	-143.135
260.000	122.859	34.140	0.000	-147.836
262.000	123.079	35.593	0.000	-148.285
264.000	123.099	36.445	0.000	-145.018
266.000	122.941	36.382	0.000	-144.079
268.000	122.835	36.928	0.000	-150.791
270.000	123.041	39.069	0.000	-152.029
272.000	123.190	39.880	0.000	-144.375
274.000	122.864	39.159	0.000	-147.007
276.000	122.852	40.937	0.000	-155.920
278.000	123.121	42.568	0.000	-151.562
280.000	123.042	42.626	0.000	-150.674
282.000	122.956	43.371	0.000	-153.901
284.000	122.879	44.162	0.000	-154.624
286.000	122.979	45.774	0.000	-158.950
288.000	123.182	47.520	0.000	-157.112
290.000	122.923	47.260	0.000	-155.527
292.000	122.810	48.184	0.000	-167.508
294.000	123.086	50.856	0.000	-168.926
296.000	123.106	51.514	0.000	-164.550
298.000	122.919	51.499	0.000	-172.247
300.000	122.844	53.295	0.000	177.995
302.000	123.056	55.023	0.000	175.956
304.000	123.117	55.834	0.000	172.252
306.000	122.896	56.253	0.000	164.415
308.000	122.887	57.163	0.000	153.521
310.000	123.015	58.668	0.000	144.249
312.000	123.104	59.566	0.000	139.755
314.000	122.964	59.183	0.000	132.953
316.000	122.791	59.189	0.000	116.707
318.000	123.080	60.712	0.000	108.026
320.000	123.141	60.735	0.000	108.175
322.000	122.846	59.205	0.000	99.036
324.000	122.889	59.794	0.000	84.373
326.000	123.068	60.444	0.000	84.654
328.000	123.063	59.525	0.000	82.183
330.000	122.915	59.158	0.000	74.949
332.000	122.866	59.067	0.000	71.651
334.000	123.043	59.540	0.000	66.210
336.000	123.105	60.155	0.000	67.856
338.000	122.892	59.004	0.000	67.858
340.000	122.832	59.526	0.000	54.536
342.000	123.114	61.289	0.000	56.519
344.000	123.083	60.567	0.000	59.175
346.000	122.820	59.941	0.000	47.642
348.000	122.929	61.128	0.000	42.722
350.000	123.078	61.612	0.000	41.547
352.000	123.033	61.529	0.000	38.762
354.000	122.878	61.146	0.000	33.546
356.000	122.887	61.725	0.000	26.156
358.000	123.100	62.687	0.000	24.750
360.000	123.039	62.665	0.000	24.842
362.000	122.840	62.283	0.000	18.131
364.000	122.904	63.356	0.000	6.846
366.000	123.129	64.692	0.000	5.880
368.000	123.019	63.876	0.000	5.914
370.000	122.778	63.389	0.000	-10.183
372.000	123.015	64.939	0.000	-15.118
374.000	123.090	64.606	0.000	-14.781
376.000	122.938	64.088	0.000	-23.399
378.000	122.893	64.254	0.000	-28.642
380.000	122.918	64.371	0.000	-36.848
382.000	123.134	65.477	0.000	-40.175
384.000	122.968	64.757	0.000	-39.961
386.000	122.777	64.122	0.000	-56.470
388.000	123.067	65.756	0.000	-62.502
390.000	123.080	65.299	0.000	-60.850
392.000	122.889	63.965	0.000	-71.535
394.000	122.856	64.365	0.000	-82.202
396.000	123.049	64.744	0.000	-84.797
398.000	123.073	64.267	0.000	-88.258
400.000	122.853	63.507	0.000	-95.516
402.000	122.903	63.524	0.000	-105.007
404.000	123.036	63.965	0.000	-110.415
406.000	123.061	63.668	0.000	-112.214
408.000	122.858	62.447	0.000	-119.444
410.000	122.856	62.712	0.000	-133.052
412.000	123.155	63.585	0.000	-134.465
414.000	122.975	62.277	0.000	-136.359
416.000	122.806	61.340	0.000	-153.613
418.000	122.993	62.202	0.000	-161.291
420.000	123.059	61.342	0.000	-164.466
422.000	122.957	59.963	0.000	-176.251
424.000	122.841	59.038	0.000	173.806
426.000	122.970	58.007	0.000	163.300
428.000	123.094	57.433	0.000	158.043
430.000	122.921	55.251	0.000	157.139
432.000	122.805	52.879	0.000	142.343
434.000	123.061	52.917	0.000	140.055
436.000	123.076	50.843	0.000	145.291
438.000	122.815	47.893	0.000	136.910
440.000	122.915	47.096	0.000	134.331
442.000	123.055	45.648	0.000	138.144
444.000	123.001	43.720	0.000	140.841
446.000	122.848	41.595	0.000	142.283
448.000	122.906	40.318	0.000	143.567
450.000	123.091	39.542	0.000	151.954
452.000	122.964	37.625	0.000	161.914
454.000	122.816	35.909	0.000	167.356
456.000	122.959	36.342	0.000	172.710
458.000	123.121	36.278	0.000	-173.877
460.000	122.869	34.348	0.000	-165.139
462.000	122.832	35.090	0.000	-162.336
464.000	123.080	36.246	0.000	-150.462
466.000	122.979	35.786	0.000	-145.981
468.000	122.899	36.162	0.000	-144.365
470.000	122.859	36.183	0.000	-142.581
472.000	123.046	37.305	0.000	-141.824
474.000	123.045	37.403	0.000	-133.159
476.000	122.769	36.310	0.000	-136.212
478.000	122.967	37.992	0.000	-138.568
480.000	123.081	38.254	0.000	-129.034
482.000	122.908	37.246	0.000	-129.716
484.000	122.822	37.765	0.000	-134.875
486.000	123.015	38.552	0.000	-132.077
488.000	123.045	38.368	0.000	-129.353
490.000	122.851	37.898	0.000	-130.408
492.000	122.883	38.147	0.000	-133.605
494.000	123.012	38.926	0.000	-132.369
496.000	123.036	38.794	0.000	-128.427
498.000	122.804	37.830	0.000	-131.713
500.000	122.904	38.776	0.000	-136.732
502.000	123.114	39.478	0.000	-130.443
504.000	122.892	38.136	0.000	-128.967
506.000	122.821	38.369	0.000	-136.653
508.000	123.010	39.329	0.000	-132.457
510.000	123.022	38.671	0.000	-129.842
512.000	122.865	38.417	0.000	-132.362
514.000	122.865	38.445	0.000	-132.671
516.000	123.011	39.043	0.000	-134.179
518.000	123.031	39.175	0.000	-128.806
520.000	122.789	37.842	0.000	-132.158
522.000	122.918	39.206	0.000	-138.162
524.000	123.104	39.490	0.000	-129.179
526.000	122.863	38.059	0.000	-132.088
528.000	122.845	38.558	0.000	-136.735
530.000	122.990	38.978	0.000	-133.633
532.000	123.024	38.849	0.000	-132.268
534.000	122.843	38.213	0.000	-132.951
536.000	122.870	38.520	0.000	-136.650
538.000	123.038	39.171	0.000	-134.390
540.000	122.966	38.665	0.000	-131.260
542.000	122.809	37.947	0.000	-134.488
544.000	122.919	38.875	0.000	-138.058
546.000	123.105	39.421	0.000	-130.826
548.000	122.822	37.893	0.000	-132.152
550.000	122.858	38.705	0.000	-139.308
552.000	123.032	39.167	0.000	-133.108
554.000	122.955	38.353	0.000	-134.219
556.000	122.856	38.422	0.000	-135.391
558.000	122.865	38.315	0.000	-137.250
560.000	123.066	39.324	0.000	-135.938
562.000	122.917	38.594	0.000	-130.458
564.000	122.786	37.959	0.000	-139.003
566.000	123.000	39.477	0.000	-136.589
568.000	123.028	38.898	0.000	-130.090
570.000	122.799	38.015	0.000	-136.540
572.000	122.892	38.883	0.000	-137.260
574.000	123.031	39.032	0.000	-133.708
576.000	122.921	38.608	0.000	-133.269
578.000	122.820	38.345	0.000	-135.385
580.000	122.932	39.032	0.000	-137.546
582.000	123.043	39.369	0.000	-133.526
584.000	122.844	38.402	0.000	-132.931
586.000	122.826	38.718	0.000	-139.455
588.000	123.041	39.828	0.000	-135.465
590.000	122.960	38.968	0.000	-130.749
592.000	122.764	38.533	0.000	-138.619
594.000	122.980	39.850	0.000	-136.313
596.000	122.992	39.269	0.000	-132.254
598.000	122.868	39.041	0.000	-135.535
600.000	122.839	39.132	0.000	-135.820
602.000	122.977	39.795	0.000	-138.177
604.000	123.012	40.060	0.000	-132.136
606.000	122.754	38.824	0.000	-136.483
608.000	122.944	40.368	0.000	-141.070
610.000	123.029	40.289	0.000	-132.587
612.000	122.844	39.081	0.000	-137.486
614.000	122.825	39.908	0.000	-140.098
616.000	123.013	40.289	0.000	-137.065
618.000	122.943	40.011	0.000	-135.926
620.000	122.809	39.624	0.000	-138.387
622.000	122.902	40.324	0.000	-140.666
624.000	123.015	40.735	0.000	-137.364
626.000	122.882	40.027	0.000	-136.055
628.000	122.780	40.062	0.000	-142.578
630.000	123.034	41.459	0.000	-140.869
632.000	122.946	40.702	0.000	-135.397
634.000	122.774	40.190	0.000	-144.554
636.000	122.937	41.462	0.000	-142.933
638.000	122.997	40.900	0.000	-139.617
640.000	122.846	40.641	0.000	-142.956
642.000	122.835	40.653	0.000	-143.511
644.000	122.965	41.334	0.000	-145.246
646.000	122.985	41.404	0.000	-139.327
648.000	122.748	40.335	0.000	-144.586
650.000	122.940	41.881	0.000	-147.466
652.000	123.019	41.755	0.000	-140.195
654.000	122.805	40.650	0.000	-145.477
656.000	122.847	41.503	0.000	-147.658
658.000	122.992	41.683	0.000	-144.430
660.000	122.922	41.394	0.000	-144.154
662.000	122.783	41.157	0.000	-146.591
664.000	122.932	41.859	0.000	-148.484
666.000	122.982	42.085	0.000	-144.686
668.000	122.838	41.235	0.000	-145.706
670.000	122.800	41.853	0.000	-151.634
672.000	123.055	42.829	0.000	-147.193
674.000	122.861	41.701	0.000	-145.177
676.000	122.794	41.953	0.000	-153.664
678.000	122.963	42.863	0.000	-149.045
680.000	122.944	42.119	0.000	-148.125
682.000	122.813	42.141	0.000	-151.223
684.000	122.853	42.225	0.000	-152.002
686.000	122.999	43.118	0.000	-151.888
688.000	122.875	42.451	0.000	-147.122
690.000	122.764	42.307	0.000	-156.995
692.000	123.004	43.682	0.000	-151.979
694.000	122.927	42.516	0.000	-148.793
696.000	122.768	42.549	0.000	-155.650
698.000	122.920	43.253	0.000	-154.199
700.000	122.962	43.240	0.000	-152.411
702.000	122.835	42.677	0.000	-153.086
704.000	122.812	43.031	0.000	-156.617
706.000	122.988	43.729	0.000	-154.592
708.000	122.893	43.346	0.000	-152.301
710.000	122.774	42.856	0.000	-157.101
712.000	122.926	44.182	0.000	-158.019
714.000	122.994	43.939	0.000	-150.993
716.000	122.737	43.104	0.000	-158.353
718.000	122.917	44.383	0.000	-158.137
720.000	122.943	44.000	0.000	-154.481
722.000	122.859	43.825	0.000	-156.973
724.000	122.788	43.902	0.000	-158.304
726.000	122.964	44.650	0.000	-159.425
728.000	122.926	44.648	0.000	-154.660
730.000	122.751	43.803	0.000	-159.925
732.000	122.916	45.352	0.000	-161.518
734.000	122.976	44.989	0.000	-153.696
736.000	122.764	44.243	0.000	-161.009
738.000	122.867	45.279	0.000	-160.473
740.000	122.963	45.228	0.000	-158.439
742.000	122.847	45.063	0.000	-158.396
744.000	122.788	45.011	0.000	-161.928
746.000	122.943	45.993	0.000	-161.068
748.000	122.927	45.647	0.000	-157.394
750.000	122.752	45.212	0.000	-161.874
752.000	122.894	46.291	0.000	-163.849
754.000	122.979	46.586	0.000	-157.585
756.000	122.758	45.545	0.000	-162.002
758.000	122.859	47.007	0.000	-164.636
760.000	122.963	46.774	0.000	-159.031
762.000	122.830	46.559	0.000	-163.013
764.000	122.797	46.681	0.000	-162.746
766.000	122.921	47.518	0.000	-165.161
768.000	122.942	47.696	0.000	-159.133
770.000	122.721	46.834	0.000	-165.832
772.000	122.924	48.420	0.000	-166.210
774.000	122.939	47.992	0.000	-160.214
776.000	122.767	47.508	0.000	-166.237
778.000	122.843	48.548	0.000	-166.516
780.000	122.965	48.714	0.000	-163.365
782.000	122.810	48.448	0.000	-164.885
784.000	122.796	48.749	0.000	-167.452
786.000	122.929	49.662	0.000	-166.910
788.000	122.903	49.510	0.000	-163.091
790.000	122.730	49.232	0.000	-169.091
792.000	122.924	50.689	0.000	-168.893
794.000	122.929	50.477	0.000	-163.721
796.000	122.739	50.071	0.000	-170.257
798.000	122.880	51.570	0.000	-170.015
800.000	122.932	51.377	0.000	-166.316
802.000	122.797	51.469	0.000	-170.589
804.000	122.800	51.934	0.000	-171.162
806.000	122.942	53.057	0.000	-172.398
808.000	122.864	52.984	0.000	-167.630
810.000	122.730	53.183	0.000	-177.832
812.000	122.962	54.945	0.000	-173.950
814.000	122.867	54.124	0.000	-172.792
816.000	122.748	54.860	0.000	178.637
818.000	122.893	55.874	0.000	179.002
820.000	122.914	56.214	0.000	177.489
822.000	122.764	56.183	0.000	172.083
824.000	122.830	57.073	0.000	165.766
826.000	122.942	57.643	0.000	166.049
828.000	122.801	57.185	0.000	163.695
830.000	122.769	57.983	0.000	155.085
832.000	122.968	59.465	0.000	156.524
834.000	122.813	58.864	0.000	153.013
836.000	122.758	60.078	0.000	138.009
838.000	122.935	60.805	0.000	136.340
840.000	122.846	60.090	0.000	125.189
842.000	122.771	59.890	0.000	115.307
844.000	122.851	59.580	0.000	104.673
846.000	122.942	59.440	0.000	101.925
848.000	122.722	57.315	0.000	94.054
850.000	122.858	57.269	0.000	83.455
852.000	122.931	56.139	0.000	88.858
854.000	122.758	53.819	0.000	83.653
856.000	122.803	53.687	0.000	84.072
858.000	122.939	53.121	0.000	89.381
860.000	122.789	52.358	0.000	89.469
862.000	122.780	52.021	0.000	85.948
864.000	122.899	52.122	0.000	85.373
866.000	122.868	50.954	0.000	88.311
868.000	122.710	49.464	0.000	83.597
870.000	122.930	49.548	0.000	87.188
872.000	122.860	48.062	0.000	96.691
874.000	122.730	46.886	0.000	98.338
876.000	122.877	47.600	0.000	109.479
878.000	122.885	47.032	0.000	119.752
880.000	122.750	47.572	0.000	125.218
882.000	122.821	48.487	0.000	130.810
884.000	122.918	50.157	0.000	137.135
886.000	122.764	50.009	0.000	140.680
888.000	122.782	52.138	0.000	134.562
890.000	122.951	53.030	0.000	142.754
892.000	122.752	52.749	0.000	136.287
894.000	122.783	54.233	0.000	133.459
896.000	122.907	55.155	0.000	133.421
898.000	122.810	55.344	0.000	130.171
900.000	122.748	55.997	0.000	120.770
902.000	122.888	56.823	0.000	116.116
904.000	122.855	56.437	0.000	112.694
906.000	122.710	55.431	0.000	102.900
908.000	122.897	55.981	0.000	99.093
910.000	122.864	54.644	0.000	104.557
912.000	122.715	53.416	0.000	98.971
914.000	122.867	53.863	0.000	105.999
916.000	122.866	53.217	0.000	112.452
918.000	122.744	53.450	0.000	115.293
920.000	122.810	54.362	0.000	117.665
922.000	122.904	55.586	0.000	121.811
924.000	122.742	55.322	0.000	122.286
926.000	122.788	57.034	0.000	115.336
928.000	122.924	57.728	0.000	122.433
930.000	122.734	57.244	0.000	114.404
932.000	122.789	58.583	0.000	111.451
934.000	122.892	58.769	0.000	110.453
936.000	122.777	58.634	0.000	107.155
938.000	122.756	58.762	0.000	100.390
940.000	122.883	59.334	0.000	100.669
942.000	122.815	58.505	0.000	101.374
944.000	122.712	58.236	0.000	96.998
946.000	122.912	59.303	0.000	101.756
948.000	122.799	58.724	0.000	108.093
950.000	122.730	59.907	0.000	103.261
952.000	122.875	61.317	0.000	109.321
954.000	122.821	61.712	0.000	105.023
956.000	122.733	62.670	0.000	100.126
958.000	122.833	63.683	0.000	92.337
960.000	122.871	64.326	0.000	92.660
962.000	122.695	63.598	0.000	82.910
964.000	122.857	65.215	0.000	78.265
966.000	122.853	64.627	0.000	80.193
968.000	122.719	64.655	0.000	69.058
970.000	122.819	65.507	0.000	66.684
972.000	122.869	65.497	0.000	63.252
974.000	122.720	65.167	0.000	55.580
976.000	122.805	65.523	0.000	47.809
978.000	122.867	65.496	0.000	46.100
980.000	122.741	64.319	0.000	41.300
982.000	122.768	64.518	0.000	33.216
984.000	122.909	64.447	0.000	37.655
986.000	122.707	62.956	0.000	32.818
988.000	122.796	63.664	0.000	30.819
990.000	122.861	63.282	0.000	34.793
992.000	122.751	62.995	0.000	31.408
994.000	122.754	63.234	0.000	29.390
996.000	122.875	63.898	0.000	28.054
998.000	122.762	63.234	0.000	29.343
1000.000	122.726	63.500	0.000	18.607
1002.000	122.909	64.075	0.000	24.410
1004.000	122.729	62.553	0.000	19.471
1006.000	122.757	63.060	0.000	16.444
1008.000	122.862	62.818	0.000	17.936
1010.000	122.768	62.291	0.000	18.517
1012.000	122.728	62.199	0.000	15.500
1014.000	122.865	62.785	0.000	18.995
1016.000	122.781	62.307	0.000	21.081
1018.000	122.701	62.512	0.000	16.604
1020.000	122.895	63.793	0.000	19.582
1022.000	122.753	62.917	0.000	21.305
1024.000	122.731	63.832	0.000	15.019
1026.000	122.858	64.196	0.000	20.145
1028.000	122.772	64.231	0.000	16.888
1030.000	122.719	64.661	0.000	14.767
1032.000	122.847	65.776	0.000	11.743
1034.000	122.796	65.734	0.000	13.617
1036.000	122.690	65.918	0.000	2.790
1038.000	122.881	67.218	0.000	4.268
1040.000	122.758	66.243	0.000	1.536
1042.000	122.720	66.946	0.000	-7.243
1044.000	122.847	67.228	0.000	-6.896
1046.000	122.776	66.956	0.000	-11.036
1048.000	122.715	66.858	0.000	-17.417
1050.000	122.833	67.486	0.000	-20.286
1052.000	122.798	66.866	0.000	-20.039
1054.000	122.685	66.508	0.000	-28.449
1056.000	122.870	67.330	0.000	-28.459
1058.000	122.762	66.308	0.000	-27.457
1060.000	122.715	66.360	0.000	-35.955
1062.000	122.839	66.693	0.000	-31.279
1064.000	122.773	65.970	0.000	-33.343
1066.000	122.712	66.186	0.000	-33.987
1068.000	122.823	66.886	0.000	-35.755
1070.000	122.799	67.072	0.000	-31.398
1072.000	122.676	67.093	0.000	-40.894
1074.000	122.869	68.498	0.000	-38.057
1076.000	122.751	67.544	0.000	-41.065
1078.000	122.716	68.279	0.000	-48.426
1080.000	122.831	68.564	0.000	-49.448
1082.000	122.770	68.301	0.000	-52.415
1084.000	122.704	68.211	0.000	-58.884
1086.000	122.830	68.738	0.000	-59.753
1088.000	122.777	68.306	0.000	-59.530
1090.000	122.682	68.303	0.000	-66.149
1092.000	122.867	69.534	0.000	-64.718
1094.000	122.735	68.777	0.000	-65.574
1096.000	122.719	69.816	0.000	-74.315
1098.000	122.834	70.150	0.000	-73.251
1100.000	122.745	70.037	0.000	-80.692
1102.000	122.711	70.247	0.000	-87.176
1104.000	122.837	70.875	0.000	-92.855
1106.000	122.744	70.273	0.000	-94.604
1108.000	122.704	70.229	0.000	-107.924
1110.000	122.857	70.757	0.000	-106.338
1112.000	122.710	69.199	0.000	-113.476
1114.000	122.732	69.562	0.000	-119.996
1116.000	122.833	69.005	0.000	-120.731
1118.000	122.716	68.270	0.000	-124.085
1120.000	122.730	68.010	0.000	-129.805
1122.000	122.831	68.219	0.000	-128.273
1124.000	122.714	67.152	0.000	-130.375
1126.000	122.731	67.456	0.000	-136.561
1128.000	122.841	67.813	0.000	-133.829
1130.000	122.687	66.699	0.000	-139.048
1132.000	122.758	67.620	0.000	-144.124
1134.000	122.812	66.913	0.000	-143.174
1136.000	122.705	66.532	0.000	-149.569
1138.000	122.737	66.255	0.000	-153.866
1140.000	122.838	66.604	0.000	-154.198
1142.000	122.670	65.084	0.000	-157.701
1144.000	122.781	65.664	0.000	-163.058
1146.000	122.802	64.771	0.000	-158.371
1148.000	122.678	63.970	0.000	-165.204
1150.000	122.781	64.265	0.000	-163.965
1152.000	122.792	63.701	0.000	-163.159
1154.000	122.681	63.302	0.000	-165.782
1156.000	122.778	63.752	0.000	-167.113
1158.000	122.797	63.641	0.000	-164.676
1160.000	122.657	63.150	0.000	-170.890
1162.000	122.819	64.127	0.000	-172.421
1164.000	122.754	63.325	0.000	-171.801
1166.000	122.681	63.263	0.000	178.452
1168.000	122.816	63.495	0.000	179.957
1170.000	122.734	62.507	0.000	175.113
1172.000	122.696	62.228	0.000	171.374
1174.000	122.809	62.122	0.000	168.240
1176.000	122.734	61.305	0.000	170.352
1178.000	122.694	60.614	0.000	162.255
1180.000	122.826	60.765	0.000	168.111
1182.000	122.699	59.053	0.000	166.282
1184.000	122.724	59.260	0.000	166.316
1186.000	122.804	58.761	0.000	170.494
1188.000	122.703	58.212	0.000	172.509
1190.000	122.717	58.497	0.000	172.338
1192.000	122.819	58.886	0.000	177.941
1194.000	122.675	58.385	0.000	177.368
1196.000	122.745	59.385	0.000	174.972
1198.000	122.809	59.747	0.000	-179.780
1200.000	122.652	59.394	0.000	173.413
1202.000	122.791	60.606	0.000	174.631
1204.000	122.759	60.101	0.000	173.019
1206.000	122.683	60.316	0.000	169.428
1208.000	122.772	60.873	0.000	164.681
1210.000	122.777	60.860	0.000	166.493
1212.000	122.655	60.300	0.000	156.800
1214.000	122.813	61.104	0.000	157.124
1216.000	122.724	59.934	0.000	155.434
1218.000	122.686	60.170	0.000	148.574
1220.000	122.810	59.967	0.000	150.346
1222.000	122.703	59.319	0.000	147.215
1224.000	122.702	59.123	0.000	144.254
1226.000	122.808	59.370	0.000	145.635
1228.000	122.684	58.390	0.000	144.967
1230.000	122.724	58.706	0.000	141.569
1232.000	122.803	58.733	0.000	145.483
1234.000	122.662	57.999	0.000	141.983
1236.000	122.766	58.853	0.000	142.305
1238.000	122.758	58.174	0.000	143.672
1240.000	122.685	58.302	0.000	141.909
1242.000	122.750	58.509	0.000	140.604
1244.000	122.775	58.860	0.000	143.981
1246.000	122.653	58.485	0.000	138.562
1248.000	122.797	59.668	0.000	140.632
1250.000	122.724	58.932	0.000	139.760
1252.000	122.682	59.692	0.000	133.854
1254.000	122.793	59.992	0.000	133.836
1256.000	122.706	59.805	0.000	130.073
1258.000	122.692	60.105	0.000	123.550
1260.000	122.806	60.509	0.000	122.683
1262.000	122.673	59.760	0.000	117.768
1264.000	122.723	60.172	0.000	110.214
1266.000	122.800	60.121	0.000	111.647
1268.000	122.644	59.084	0.000	102.446
1270.000	122.781	59.452	0.000	101.576
1272.000	122.737	58.175	0.000	99.597
1274.000	122.676	57.672	0.000	97.155
1276.000	122.772	57.417	0.000	96.269
1278.000	122.733	56.845	0.000	100.282
1280.000	122.670	56.247	0.000	97.069
1282.000	122.794	56.901	0.000	102.321
1284.000	122.695	56.005	0.000	103.596
1286.000	122.706	56.742	0.000	103.418
1288.000	122.775	56.754	0.000	106.322
1290.000	122.689	56.938	0.000	106.941
1292.000	122.710	57.643	0.000	104.430
1294.000	122.786	58.302	0.000	107.423
1296.000	122.654	58.296	0.000	103.321
1298.000	122.755	59.585	0.000	99.420
1300.000	122.756	59.951	0.000	100.490
1302.000	122.655	60.328	0.000	89.265
1304.000	122.781	61.187	0.000	88.721
1306.000	122.713	60.900	0.000	80.744
1308.000	122.677	61.007	0.000	74.036
1310.000	122.785	61.615	0.000	67.364
1312.000	122.688	60.884	0.000	64.214
1314.000	122.704	61.154	0.000	51.845
1316.000	122.782	60.950	0.000	52.071
1318.000	122.663	59.963	0.000	40.932
1320.000	122.736	60.020	0.000	36.660
1322.000	122.757	59.175	0.000	32.636
1324.000	122.661	58.345	0.000	26.212
1326.000	122.755	58.137	0.000	21.961
1328.000	122.740	57.239	0.000	21.244
1330.000	122.649	56.344	0.000	14.202
1332.000	122.805	56.476	0.000	14.345
1334.000	122.673	55.011	0.000	12.335
1336.000	122.709	54.955	0.000	7.607
1338.000	122.769	54.178	0.000	9.384
1340.000	122.667	53.378	0.000	5.645
1342.000	122.726	53.024	0.000	3.864
1344.000	122.763	52.763	0.000	5.124
1346.000	122.645	51.666	0.000	1.384
1348.000	122.780	52.219	0.000	1.384
1350.000	122.705	50.798	0.000	2.541
1352.000	122.680	50.744	0.000	-2.035
1354.000	122.770	50.244	0.000	0.143
1356.000	122.688	49.523	0.000	-1.239
1358.000	122.695	49.324	0.000	-3.947
1360.000	122.778	49.088	0.000	-1.229
1362.000	122.654	48.123	0.000	-3.741
1364.000	122.741	48.391	0.000	-5.372
1366.000	122.746	47.825	0.000	-1.546
1368.000	122.649	47.329	0.000	-7.123
1370.000	122.780	47.428	0.000	-2.917
1372.000	122.694	46.531	0.000	-5.389
1374.000	122.680	46.313	0.000	-5.994
1376.000	122.786	46.453	0.000	-5.683
1378.000	122.657	45.498	0.000	-5.323
1380.000	122.733	45.837	0.000	-8.863
1382.000	122.747	45.251	0.000	-4.159
1384.000	122.658	44.676	0.000	-8.962
1386.000	122.757	44.833	0.000	-6.781
1388.000	122.714	44.214	0.000	-6.924
1390.000	122.673	43.871	0.000	-8.596
1392.000	122.764	44.143	0.000	-8.204
1394.000	122.693	43.326	0.000	-6.740
1396.000	122.689	43.298	0.000	-10.504
1398.000	122.779	43.287	0.000	-6.642
1400.000	122.642	42.364	0.000	-9.420
1402.000	122.753	42.989	0.000	-9.001
1404.000	122.727	42.184	0.000	-7.480
1406.000	122.658	41.947	0.000	-8.934
1408.000	122.773	42.199	0.000	-9.532
1410.000	122.689	41.713	0.000	-5.985
1412.000	122.688	41.665	0.000	-11.899
1414.000	122.771	41.721	0.000	-6.713
1416.000	122.657	40.889	0.000	-10.443
1418.000	122.736	41.202	0.000	-9.455
1420.000	122.734	40.735	0.000	-9.056
1422.000	122.663	40.406	0.000	-10.373
1424.000	122.754	40.683	0.000	-9.847
1426.000	122.711	40.170	0.000	-8.576
1428.000	122.663	40.010	0.000	-12.167
1430.000	122.793	40.460	0.000	-8.903
1432.000	122.647	39.561	0.000	-10.910
1434.000	122.737	40.075	0.000	-11.678
1436.000	122.740	39.493	0.000	-10.257
1438.000	122.651	39.195	0.000	-11.600
1440.000	122.767	39.443	0.000	-12.214
1442.000	122.697	39.026	0.000	-9.603
1444.000	122.680	38.904	0.000	-14.298
1446.000	122.773	39.122	0.000	-9.967
1448.000	122.655	38.332	0.000	-14.068
1450.000	122.733	38.831	0.000	-12.556
1452.000	122.732	38.332	0.000	-12.112
1454.000	122.664	38.201	0.000	-13.690
1456.000	122.751	38.451	0.000	-14.068
1458.000	122.707	37.895	0.000	-13.259
1460.000	122.670	37.822	0.000	-16.054
1462.000	122.780	38.060	0.000	-14.005
1464.000	122.650	37.411	0.000	-16.161
1466.000	122.738	37.824	0.000	-15.954
1468.000	122.725	37.281	0.000	-15.607
1470.000	122.667	37.255	0.000	-16.429
1472.000	122.754	37.381	0.000	-17.642
1474.000	122.694	37.028	0.000	-14.897
1476.000	122.698	37.182	0.000	-19.114
1478.000	122.753	37.048	0.000	-15.017
1480.000	122.665	36.442	0.000	-19.311
1482.000	122.732	36.728	0.000	-18.161
1484.000	122.727	36.315	0.000	-18.225
1486.000	122.666	36.189	0.000	-20.213
1488.000	122.760	36.407	0.000	-19.869
1490.000	122.684	35.803	0.000	-19.953
1492.000	122.699	36.011	0.000	-22.658
1494.000	122.759	35.986	0.000	-19.116
1496.000	122.651	35.583	0.000	-22.739
1498.000	122.756	35.863	0.000	-20.766
1500.000	122.701	35.216	0.000	-21.415
1502.000	122.681	35.239	0.000	-22.246
1504.000	122.762	35.429	0.000	-21.810
1506.000	122.670	34.903	0.000	-21.594
1508.000	122.723	35.469	0.000	-24.277
1510.000	122.740	34.866	0.000	-20.959
1512.000	122.658	34.819	0.000	-26.065
1514.000	122.759	34.863	0.000	-23.506
1516.000	122.694	34.504	0.000	-24.470
1518.000	122.684	34.484	0.000	-26.642
1520.000	122.772	34.642	0.000	-23.405
1522.000	122.645	34.025	0.000	-26.164
1524.000	122.756	34.479	0.000	-26.789
1526.000	122.703	33.929	0.000	-25.203
1528.000	122.695	34.211	0.000	-29.944
1530.000	122.745	33.986	0.000	-26.385
1532.000	122.688	33.643	0.000	-29.685
1534.000	122.710	33.677	0.000	-29.019
1536.000	122.746	33.598	0.000	-27.260
1538.000	122.660	33.099	0.000	-30.394
1540.000	122.761	33.600	0.000	-28.773
1542.000	122.689	32.850	0.000	-29.590
1544.000	122.699	33.149	0.000	-31.252
1546.000	122.754	32.955	0.000	-30.283
1548.000	122.658	32.557	0.000	-31.366
1550.000	122.749	32.732	0.000	-33.121
1552.000	122.710	32.370	0.000	-30.993
1554.000	122.680	32.375	0.000	-34.278
1556.000	122.767	32.613	0.000	-31.408
1558.000	122.665	31.967	0.000	-33.833
1560.000	122.733	32.530	0.000	-34.141
1562.000	122.727	31.708	0.000	-32.879
1564.000	122.670	31.744	0.000	-34.239
1566.000	122.761	31.887	0.000	-32.989
1568.000	122.681	31.397	0.000	-32.432
1570.000	122.714	31.883	0.000	-36.024
1572.000	122.749	31.471	0.000	-31.681
1574.000	122.660	31.138	0.000	-35.684
1576.000	122.760	31.234	0.000	-33.518
1578.000	122.690	30.811	0.000	-33.831
1580.000	122.701	30.872	0.000	-36.048
1582.000	122.752	30.863	0.000	-34.115
1584.000	122.666	30.357	0.000	-36.025
1586.000	122.750	30.950	0.000	-34.999
1588.000	122.707	30.360	0.000	-33.060
1590.000	122.690	30.749	0.000	-36.782
1592.000	122.758	30.354	0.000	-33.929
1594.000	122.668	30.175	0.000	-36.822
1596.000	122.740	30.480	0.000	-36.263
1598.000	122.722	30.209	0.000	-33.564
1600.000	122.681	29.851	0.000	-36.779
1602.000	122.761	30.084	0.000	-34.276
1604.000	122.676	29.584	0.000	-35.485
1606.000	122.732	29.962	0.000	-34.172
1608.000	122.727	29.832	0.000	-35.145
1610.000	122.678	29.591	0.000	-36.397
1612.000	122.758	29.999	0.000	-35.161
1614.000	122.690	29.383	0.000	-34.299
1616.000	122.710	29.667	0.000	-36.535
1618.000	122.756	29.678	0.000	-34.536
1620.000	122.656	29.367	0.000	-38.495
1622.000	122.774	29.766	0.000	-34.593
1624.000	122.681	29.182	0.000	-37.162
1626.000	122.716	29.337	0.000	-37.100
1628.000	122.748	29.480	0.000	-34.719
1630.000	122.669	28.871	0.000	-36.564
1632.000	122.758	29.283	0.000	-35.176
1634.000	122.700	28.627	0.000	-36.034
1636.000	122.701	28.982	0.000	-37.642
1638.000	122.760	28.909	0.000	-36.748
1640.000	122.660	28.638	0.000	-37.387
1642.000	122.764	28.788	0.000	-37.448
1644.000	122.696	28.563	0.000	-37.492
1646.000	122.708	28.816	0.000	-39.881
1648.000	122.756	28.906	0.000	-35.222
1650.000	122.674	28.803	0.000	-39.392
1652.000	122.751	29.016	0.000	-36.999
1654.000	122.709	28.603	0.000	-37.467
1656.000	122.695	28.594	0.000	-38.455
1658.000	122.765	28.771	0.000	-36.082
1660.000	122.662	28.183	0.000	-38.346
1662.000	122.764	28.922	0.000	-39.288
1664.000	122.701	28.186	0.000	-37.236
1666.000	122.706	28.342	0.000	-38.921
1668.000	122.752	28.313	0.000	-38.141
1670.000	122.678	28.278	0.000	-38.516
1672.000	122.747	28.577	0.000	-38.668
1674.000	122.715	27.917	0.000	-37.119
1676.000	122.697	27.949	0.000	-39.559
1678.000	122.765	28.187	0.000	-37.254
1680.000	122.666	27.785	0.000	-41.244
1682.000	122.763	28.414	0.000	-38.440
1684.000	122.707	27.897	0.000	-38.498
1686.000	122.697	28.130	0.000	-39.519
1688.000	122.777	28.356	0.000	-36.727
1690.000	122.657	27.827	0.000	-39.291
1692.000	122.773	28.222	0.000	-39.219
1694.000	122.692	27.561	0.000	-39.163
1696.000	122.725	28.044	0.000	-39.411
1698.000	122.737	27.878	0.000	-39.530
1700.000	122.694	27.690	0.000	-39.472
1702.000	122.745	28.062	0.000	-41.163
1704.000	122.715	27.867	0.000	-40.935
1706.000	122.703	28.050	0.000	-43.455
1708.000	122.766	28.146	0.000	-40.738
1710.000	122.667	28.028	0.000	-43.554
1712.000	122.772	28.395	0.000	-39.871
1714.000	122.690	27.737	0.000	-41.281
1716.000	122.729	27.911	0.000	-41.301
1718.000	122.743	28.017	0.000	-40.020
1720.000	122.683	27.867	0.000	-44.531
1722.000	122.766	28.477	0.000	-42.659
1724.000	122.699	27.871	0.000	-42.702
1726.000	122.720	28.204	0.000	-44.494
1728.000	122.754	28.039	0.000	-43.121
1730.000	122.674	27.481	0.000	-45.108
1732.000	122.778	27.929	0.000	-42.864
1734.000	122.676	27.586	0.000	-43.822
1736.000	122.757	27.853	0.000	-46.263
1738.000	122.717	27.530	0.000	-44.445
1740.000	122.710	27.798	0.000	-47.315
1742.000	122.750	27.543	0.000	-44.757
1744.000	122.693	27.471	0.000	-46.967
1746.000	122.744	27.797	0.000	-46.654
1748.000	122.725	27.448	0.000	-44.736
1750.000	122.703	27.669	0.000	-48.900
1752.000	122.763	27.887	0.000	-45.572
1754.000	122.683	27.567	0.000	-49.146
1756.000	122.755	27.834	0.000	-47.525
1758.000	122.716	27.527	0.000	-47.660
1760.000	122.707	27.514	0.000	-48.847
1762.000	122.767	27.597	0.000	-47.746
1764.000	122.674	27.424	0.000	-49.331
1766.000	122.776	27.687	0.000	-48.974
1768.000	122.686	27.239	0.000	-48.748
1770.000	122.750	28.107	0.000	-50.525
1772.000	122.726	27.480	0.000	-50.197
1774.000	122.704	27.522	0.000	-52.786
1776.000	122.765	27.737	0.000	-50.299
1778.000	122.691	27.172	0.000	-52.443
1780.000	122.745	27.584	0.000	-51.994
1782.000	122.734	27.022	0.000	-52.133
1784.000	122.697	27.381	0.000	-52.182
1786.000	122.771	27.305	0.000	-51.231
1788.000	122.676	27.082	0.000	-52.736
1790.000	122.770	27.360	0.000	-54.436
1792.000	122.703	27.043	0.000	-50.756
1794.000	122.732	27.270	0.000	-52.736
1796.000	122.741	27.124	0.000	-51.329
1798.000	122.711	27.020	0.000	-55.308
1800.000	122.745	27.138	0.000	-52.709
1802.000	122.718	26.855	0.000	-55.184
1804.000	122.721	26.794	0.000	-54.206
1806.000	122.753	27.008	0.000	-50.586
1808.000	122.686	26.884	0.000	-54.052
1810.000	122.779	27.082	0.000	-52.498
1812.000	122.681	26.445	0.000	-55.280
1814.000	122.759	27.115	0.000	-53.795
1816.000	122.720	26.660	0.000	-53.127
1818.000	122.710	26.808	0.000	-55.820
1820.000	122.767	26.651	0.000	-53.785
1822.000	122.681	26.545	0.000	-55.768
1824.000	122.778	26.972	0.000	-55.109
1826.000	122.687	26.646	0.000	-56.227
1828.000	122.759	26.985	0.000	-53.437
1830.000	122.720	26.595	0.000	-54.406
1832.000	122.721	26.814	0.000	-55.318
1834.000	122.753	26.771	0.000	-56.084
1836.000	122.707	26.591	0.000	-58.473
1838.000	122.748	26.965	0.000	-56.916
1840.000	122.729	26.581	0.000	-55.445
1842.000	122.711	26.829	0.000	-56.966
1844.000	122.763	26.593	0.000	-55.885
1846.000	122.688	26.275	0.000	-56.395
1848.000	122.771	26.735	0.000	-56.326
1850.000	122.700	26.521	0.000	-58.042
1852.000	122.742	26.767	0.000	-58.345
1854.000	122.742	26.519	0.000	-56.704
1856.000	122.706	26.699	0.000	-58.892
1858.000	122.766	26.330	0.000	-58.037
1860.000	122.689	26.561	0.000	-59.597
1862.000	122.769	26.546	0.000	-58.133
1864.000	122.703	26.540	0.000	-58.213
1866.000	122.748	26.852	0.000	-57.649
1868.000	122.730	26.629	0.000	-57.364
1870.000	122.720	26.813	0.000	-59.715
1872.000	122.754	26.620	0.000	-58.171
1874.000	122.707	26.509	0.000	-59.970
1876.000	122.747	26.595	0.000	-59.280
1878.000	122.730	26.369	0.000	-56.579
1880.000	122.720	26.317	0.000	-60.164
1882.000	122.756	26.344	0.000	-60.289
1884.000	122.705	26.335	0.000	-60.256
1886.000	122.751	26.300	0.000	-59.692
1888.000	122.729	26.052	0.000	-60.957
1890.000	122.721	26.056	0.000	-61.680
1892.000	122.762	25.904	0.000	-59.691
1894.000	122.693	25.706	0.000	-61.070
1896.000	122.782	25.974	0.000	-58.522
1898.000	122.682	26.045	0.000	-61.693
1900.000	122.778	25.955	0.000	-59.198
1902.000	122.701	25.593	0.000	-59.958
1904.000	122.746	25.851	0.000	-59.522
1906.000	122.745	25.990	0.000	-58.399
1908.000	122.700	25.938	0.000	-59.419
1910.000	122.782	26.180	0.000	-57.911
1912.000	122.678	25.959	0.000	-57.505
1914.000	122.786	26.507	0.000	-57.445
1916.000	122.695	26.188	0.000	-56.905
1918.000	122.751	26.438	0.000	-59.138
1920.000	122.735	26.463	0.000	-57.392
1922.000	122.718	26.385	0.000	-60.608
1924.000	122.762	26.809	0.000	-57.350
1926.000	122.701	26.623	0.000	-59.588
1928.000	122.763	26.372	0.000	-58.594
1930.000	122.709	26.260	0.000	-58.782
1932.000	122.751	26.884	0.000	-61.543
1934.000	122.729	26.517	0.000	-61.940
1936.000	122.725	26.092	0.000	-63.542
1938.000	122.755	26.263	0.000	-60.820
1940.000	122.712	26.100	0.000	-65.462
1942.000	122.754	26.096	0.000	-63.115
1944.000	122.718	25.877	0.000	-64.730
1946.000	122.736	25.859	0.000	-64.607
1948.000	122.744	25.857	0.000	-63.084
1950.000	122.718	25.824	0.000	-68.627
1952.000	122.755	25.755	0.000	-67.378
1954.000	122.711	25.135	0.000	-66.767
1956.000	122.749	25.359	0.000	-63.474
1958.000	122.731	24.581	0.000	-66.425
1960.000	122.727	24.590	0.000	-65.519
1962.000	122.751	24.174	0.000	-64.391
1964.000	122.708	23.594	0.000	-65.718
1966.000	122.766	23.199	0.000	-62.022
1968.000	122.708	22.556	0.000	-63.384
1970.000	122.756	22.489	0.000	-54.710
1972.000	122.721	22.229	0.000	-53.042
1974.000	122.738	22.190	0.000	-47.147
1976.000	122.743	21.903	0.000	-41.392
1978.000	122.719	22.136	0.000	-34.674
1980.000	122.757	22.584	0.000	-32.599
1982.000	122.703	22.636	0.000	-30.234
1984.000	122.763	23.266	0.000	-29.187
1986.000	122.714	23.441	0.000	-24.995
1988.000	122.742	24.368	0.000	-23.394
1990.000	122.738	24.474	0.000	-21.599
1992.000	122.720	25.231	0.000	-22.155
1994.000	122.758	25.181	0.000	-22.437
1996.000	122.711	25.480	0.000	-22.618
1998.000	122.754	25.518	0.000	-22.577
2000.000	122.716	25.749	0.000	-23.579
