2000.000	122.823	18.477	0.000	-164.604
2.000	122.875	18.218	0.000	-169.272
4.000	123.092	18.751	0.000	-172.327
6.000	123.113	18.748	0.000	-172.922
8.000	122.957	18.064	0.000	-173.486
10.000	122.814	17.969	0.000	179.883
12.000	122.915	18.873	0.000	-179.852
14.000	123.182	19.345	0.000	-173.546
16.000	123.107	18.510	0.000	-175.912
18.000	122.771	18.083	0.000	174.171
20.000	122.866	18.344	0.000	169.073
22.000	123.144	18.586	0.000	171.644
24.000	123.074	18.332	0.000	173.333
26.000	122.933	17.705	0.000	174.453
28.000	122.896	17.891	0.000	170.776
30.000	122.894	18.168	0.000	165.190
32.000	123.097	18.722	0.000	161.063
34.000	123.163	18.470	0.000	163.486
36.000	122.835	17.739	0.000	166.896
38.000	122.788	18.024	0.000	157.105
40.000	123.129	19.012	0.000	156.708
42.000	123.148	19.197	0.000	162.691
44.000	122.911	18.296	0.000	159.827
46.000	122.843	17.700	0.000	150.787
48.000	122.953	18.011	0.000	150.695
50.000	123.119	18.196	0.000	156.377
52.000	123.086	18.322	0.000	154.803
54.000	122.844	18.505	0.000	148.332
56.000	122.860	18.257	0.000	143.485
58.000	123.078	19.071	0.000	138.908
60.000	123.107	19.582	0.000	146.035
62.000	122.979	18.845	0.000	142.175
64.000	122.826	18.177	0.000	133.191
66.000	122.905	19.254	0.000	126.460
68.000	123.195	20.436	0.000	130.913
70.000	123.092	20.009	0.000	137.700
72.000	122.753	18.923	0.000	127.878
74.000	122.919	19.844	0.000	120.936
76.000	123.148	20.172	0.000	125.620
78.000	123.032	19.405	0.000	120.341
80.000	122.944	18.960	0.000	114.403
82.000	122.884	19.426	0.000	113.450
84.000	122.917	19.139	0.000	109.701
86.000	123.170	19.252	0.000	107.020
88.000	123.081	19.167	0.000	113.407
90.000	122.754	18.316	0.000	105.398
92.000	122.922	18.785	0.000	90.610
94.000	123.171	19.873	0.000	98.088
96.000	123.053	19.285	0.000	102.564
98.000	122.876	18.004	0.000	95.846
100.000	122.859	18.055	0.000	88.147
102.000	123.042	17.896	0.000	83.030
104.000	123.155	17.346	0.000	86.817
106.000	122.937	17.130	0.000	82.994
108.000	122.820	16.947	0.000	84.618
110.000	123.001	17.321	0.000	80.699
112.000	123.095	17.827	0.000	80.137
114.000	123.055	17.279	0.000	84.700
116.000	122.876	16.036	0.000	82.264
118.000	122.820	16.318	0.000	69.580
120.000	123.146	16.543	0.000	72.677
122.000	123.163	16.104	0.000	78.279
124.000	122.796	15.194	0.000	81.529
126.000	122.875	15.893	0.000	75.473
128.000	123.110	16.051	0.000	85.988
130.000	123.052	15.144	0.000	84.919
132.000	122.977	15.552	0.000	84.323
134.000	122.869	15.365	0.000	77.613
136.000	122.908	15.223	0.000	76.350
138.000	123.170	15.376	0.000	69.805
140.000	123.061	15.628	0.000	77.280
142.000	122.780	14.818	0.000	78.225
144.000	122.929	16.213	0.000	71.399
146.000	123.136	16.982	0.000	72.382
148.000	123.067	15.639	0.000	77.416
150.000	122.864	14.739	0.000	77.309
152.000	122.852	15.291	0.000	72.220
154.000	123.100	16.155	0.000	71.300
156.000	123.114	15.924	0.000	74.092
158.000	122.886	15.211	0.000	70.173
160.000	122.875	14.995	0.000	60.855
162.000	123.001	16.114	0.000	61.978
164.000	123.105	16.612	0.000	65.307
166.000	123.036	16.568	0.000	67.403
168.000	122.787	15.732	0.000	56.574
170.000	122.935	16.319	0.000	48.799
172.000	123.212	17.506	0.000	51.600
174.000	122.994	16.823	0.000	58.269
176.000	122.794	15.935	0.000	55.199
178.000	122.977	16.153	0.000	45.213
180.000	123.094	15.721	0.000	52.177
182.000	123.042	14.559	0.000	52.267
184.000	122.895	15.876	0.000	43.371
186.000	122.860	16.180	0.000	36.004
188.000	123.070	16.359	0.000	30.844
190.000	123.125	16.585	0.000	38.252
192.000	122.895	14.771	0.000	40.012
194.000	122.818	13.950	0.000	30.747
196.000	123.063	15.784	0.000	30.342
198.000	123.153	16.250	0.000	34.601
200.000	122.895	15.336	0.000	31.483
202.000	122.823	15.111	0.000	11.529
204.000	123.056	14.952	0.000	14.047
206.000	123.099	14.757	0.000	23.255
208.000	122.956	14.337	0.000	20.306
210.000	122.858	14.457	0.000	10.706
212.000	122.946	14.849	0.000	9.199
214.000	123.130	14.865	0.000	10.525
216.000	123.031	14.156	0.000	18.936
218.000	122.801	12.450	0.000	12.237
220.000	122.933	13.311	0.000	5.128
222.000	123.155	13.743	0.000	11.115
224.000	123.028	11.682	0.000	18.304
226.000	122.800	11.020	0.000	-13.312
228.000	122.943	12.969	0.000	-9.235
230.000	123.131	12.363	0.000	15.458
232.000	123.004	11.622	0.000	3.390
234.000	122.879	12.160	0.000	23.088
236.000	122.904	11.192	0.000	34.322
238.000	123.043	11.479	0.000	-0.669
240.000	123.127	11.959	0.000	8.207
242.000	122.860	11.181	0.000	36.535
244.000	122.821	11.397	0.000	39.238
246.000	123.152	11.638	0.000	48.207
248.000	123.072	12.145	0.000	47.416
250.000	122.838	12.466	0.000	21.281
252.000	122.902	12.895	0.000	39.016
254.000	123.050	12.755	0.000	48.986
256.000	123.091	12.185	0.000	40.463
258.000	122.896	11.810	0.000	41.266
260.000	122.844	11.830	0.000	36.323
262.000	123.064	12.325	0.000	34.646
264.000	123.084	12.866	0.000	38.494
266.000	122.926	12.599	0.000	50.465
268.000	122.821	12.772	0.000	36.032
270.000	123.026	13.830	0.000	23.672
272.000	123.174	13.488	0.000	35.303
274.000	122.851	11.846	0.000	42.925
276.000	122.837	12.757	0.000	46.432
278.000	123.106	13.146	0.000	57.783
280.000	123.029	13.035	0.000	73.261
282.000	122.941	13.524	0.000	83.184
284.000	122.865	13.767	0.000	91.605
286.000	122.965	14.966	0.000	105.599
288.000	123.166	17.604	0.000	104.406
290.000	122.910	18.932	0.000	104.633
292.000	122.797	20.950	0.000	94.702
294.000	123.071	25.129	0.000	89.188
296.000	123.092	27.293	0.000	88.862
298.000	122.906	28.759	0.000	74.736
300.000	122.831	31.517	0.000	55.008
302.000	123.042	33.993	0.000	42.775
304.000	123.104	35.385	0.000	29.150
306.000	122.883	36.375	0.000	9.686
308.000	122.873	37.643	0.000	-13.002
310.000	123.002	39.349	0.000	-32.642
312.000	123.091	40.433	0.000	-47.423
314.000	122.951	40.278	0.000	-64.714
316.000	122.779	40.654	0.000	-93.123
318.000	123.066	42.568	0.000	-113.510
320.000	123.128	42.855	0.000	-124.673
322.000	122.835	41.592	0.000	-147.270
324.000	122.876	42.369	0.000	-176.875
326.000	123.056	43.074	0.000	171.145
328.000	123.051	42.152	0.000	156.359
330.000	122.902	41.656	0.000	136.726
332.000	122.854	41.548	0.000	123.030
334.000	123.031	42.026	0.000	107.165
336.000	123.093	42.783	0.000	99.417
338.000	122.880	41.759	0.000	90.229
340.000	122.820	42.185	0.000	66.002
342.000	123.102	43.883	0.000	60.402
344.000	123.071	43.241	0.000	56.768
346.000	122.809	43.041	0.000	37.644
348.000	122.916	44.696	0.000	25.142
350.000	123.066	45.626	0.000	15.009
352.000	123.022	45.985	0.000	1.670
354.000	122.866	45.843	0.000	-16.099
356.000	122.875	46.292	0.000	-38.568
358.000	123.089	46.758	0.000	-53.461
360.000	123.028	45.760	0.000	-66.513
362.000	122.829	43.673	0.000	-84.703
364.000	122.893	42.232	0.000	-104.731
366.000	123.117	41.168	0.000	-108.845
368.000	123.009	38.303	0.000	-102.007
370.000	122.767	36.660	0.000	-99.016
372.000	123.003	39.380	0.000	-90.400
374.000	123.080	40.773	0.000	-88.006
376.000	122.927	42.253	0.000	-101.562
378.000	122.882	43.749	0.000	-114.011
380.000	122.909	44.937	0.000	-133.349
382.000	123.124	46.728	0.000	-147.827
384.000	122.958	46.312	0.000	-158.179
386.000	122.767	45.875	0.000	170.900
388.000	123.056	47.488	0.000	152.444
390.000	123.071	46.930	0.000	142.874
392.000	122.879	45.379	0.000	118.538
394.000	122.846	45.460	0.000	93.817
396.000	123.038	45.442	0.000	77.943
398.000	123.064	44.610	0.000	61.268
400.000	122.844	43.369	0.000	40.202
402.000	122.892	42.851	0.000	16.596
404.000	123.026	42.807	0.000	-2.361
406.000	123.051	42.120	0.000	-17.391
408.000	122.849	40.471	0.000	-37.245
410.000	122.847	40.157	0.000	-64.396
412.000	123.145	40.630	0.000	-76.784
414.000	122.966	38.989	0.000	-88.088
416.000	122.797	37.462	0.000	-116.098
418.000	122.984	37.950	0.000	-131.757
420.000	123.051	36.787	0.000	-141.240
422.000	122.948	35.003	0.000	-158.868
424.000	122.831	33.933	0.000	-173.740
426.000	122.962	32.692	0.000	172.220
428.000	123.085	31.954	0.000	164.664
430.000	122.913	30.047	0.000	161.771
432.000	122.796	28.114	0.000	144.349
434.000	123.052	28.184	0.000	139.726
436.000	123.068	26.387	0.000	140.161
438.000	122.806	23.987	0.000	128.640
440.000	122.906	23.269	0.000	125.418
442.000	123.047	22.363	0.000	129.156
444.000	122.994	21.098	0.000	129.894
446.000	122.840	19.848	0.000	127.670
448.000	122.898	19.426	0.000	126.651
450.000	123.083	19.370	0.000	130.953
452.000	122.955	18.556	0.000	132.195
454.000	122.808	17.768	0.000	130.103
456.000	122.950	18.582	0.000	128.295
458.000	123.113	18.311	0.000	135.475
460.000	122.862	16.506	0.000	128.826
462.000	122.824	16.947	0.000	117.814
464.000	123.072	18.100	0.000	128.255
466.000	122.973	16.447	0.000	127.616
468.000	122.890	15.841	0.000	115.704
470.000	122.852	16.002	0.000	113.929
472.000	123.039	16.228	0.000	109.391
474.000	123.038	15.294	0.000	117.038
476.000	122.761	13.358	0.000	118.153
478.000	122.959	14.992	0.000	114.105
480.000	123.074	15.126	0.000	117.379
482.000	122.901	13.552	0.000	108.420
484.000	122.814	13.209	0.000	108.351
486.000	123.007	13.337	0.000	119.351
488.000	123.039	13.354	0.000	126.162
490.000	122.844	13.048	0.000	118.384
492.000	122.875	12.667	0.000	113.490
494.000	123.006	13.575	0.000	118.946
496.000	123.030	13.263	0.000	123.639
498.000	122.798	13.135	0.000	111.698
500.000	122.897	12.975	0.000	99.387
502.000	123.108	12.364	0.000	107.243
504.000	122.886	11.532	0.000	103.408
506.000	122.814	11.344	0.000	100.894
508.000	123.004	12.975	0.000	113.796
510.000	123.017	13.819	0.000	117.798
512.000	122.858	12.490	0.000	112.354
514.000	122.859	12.107	0.000	117.743
516.000	123.005	12.689	0.000	111.803
518.000	123.025	12.828	0.000	115.851
520.000	122.783	11.853	0.000	119.123
522.000	122.911	12.495	0.000	100.947
524.000	123.099	13.370	0.000	112.731
526.000	122.858	12.202	0.000	112.542
528.000	122.839	12.955	0.000	102.638
530.000	122.985	13.089	0.000	107.969
532.000	123.019	12.147	0.000	104.924
534.000	122.837	11.832	0.000	102.130
536.000	122.864	11.585	0.000	107.939
538.000	123.034	11.772	0.000	112.363
540.000	122.961	12.300	0.000	106.372
542.000	122.803	11.278	0.000	87.788
544.000	122.913	11.081	0.000	103.221
546.000	123.101	11.574	0.000	114.227
548.000	122.817	11.359	0.000	120.377
550.000	122.852	11.998	0.000	112.378
552.000	123.027	11.716	0.000	109.370
554.000	122.951	11.286	0.000	113.625
556.000	122.850	11.173	0.000	97.747
558.000	122.860	11.498	0.000	95.602
560.000	123.062	12.132	0.000	94.791
562.000	122.913	10.562	0.000	128.708
564.000	122.781	10.214	0.000	116.819
566.000	122.996	12.240	0.000	101.910
568.000	123.024	12.536	0.000	100.637
570.000	122.794	12.041	0.000	100.695
572.000	122.888	11.955	0.000	107.938
574.000	123.028	11.738	0.000	136.943
576.000	122.917	12.219	0.000	114.049
578.000	122.815	11.601	0.000	112.175
580.000	122.928	12.449	0.000	120.190
582.000	123.040	12.320	0.000	121.266
584.000	122.840	10.579	0.000	125.498
586.000	122.822	9.926	0.000	98.696
588.000	123.037	12.432	0.000	96.602
590.000	122.957	12.727	0.000	103.284
592.000	122.760	11.862	0.000	100.521
594.000	122.976	12.186	0.000	112.316
596.000	122.990	11.812	0.000	122.333
598.000	122.863	12.109	0.000	114.594
600.000	122.835	11.467	0.000	117.115
602.000	122.974	11.624	0.000	117.590
604.000	123.009	12.755	0.000	115.987
606.000	122.750	12.391	0.000	101.587
608.000	122.940	13.457	0.000	92.799
610.000	123.026	13.935	0.000	101.023
612.000	122.841	11.968	0.000	103.405
614.000	122.821	13.450	0.000	101.015
616.000	123.011	13.450	0.000	98.499
618.000	122.940	13.217	0.000	92.763
620.000	122.805	13.238	0.000	97.392
622.000	122.899	13.859	0.000	82.190
624.000	123.012	14.310	0.000	82.798
626.000	122.879	13.462	0.000	85.496
628.000	122.777	14.011	0.000	86.266
630.000	123.031	15.320	0.000	86.193
632.000	122.944	15.266	0.000	86.030
634.000	122.771	14.195	0.000	80.046
636.000	122.933	14.530	0.000	80.502
638.000	122.995	14.887	0.000	79.524
640.000	122.843	15.508	0.000	76.174
642.000	122.832	14.798	0.000	83.526
644.000	122.963	15.333	0.000	79.494
646.000	122.983	15.073	0.000	71.204
648.000	122.746	14.899	0.000	66.200
650.000	122.937	16.510	0.000	68.213
652.000	123.018	17.534	0.000	73.587
654.000	122.802	16.589	0.000	64.325
656.000	122.844	16.584	0.000	60.602
658.000	122.990	16.503	0.000	63.078
660.000	122.920	16.690	0.000	53.536
662.000	122.781	17.450	0.000	44.193
664.000	122.930	18.110	0.000	44.702
666.000	122.981	18.341	0.000	51.004
668.000	122.835	17.008	0.000	52.163
670.000	122.799	17.630	0.000	41.067
672.000	123.053	18.092	0.000	39.894
674.000	122.859	17.821	0.000	41.238
676.000	122.792	18.636	0.000	30.038
678.000	122.961	19.950	0.000	32.211
680.000	122.943	19.549	0.000	35.084
682.000	122.810	19.555	0.000	25.765
684.000	122.852	19.176	0.000	23.445
686.000	122.998	20.067	0.000	19.298
688.000	122.874	19.647	0.000	24.859
690.000	122.762	20.144	0.000	13.676
692.000	123.003	21.653	0.000	15.103
694.000	122.926	20.791	0.000	14.974
696.000	122.766	20.781	0.000	4.831
698.000	122.919	21.265	0.000	5.162
700.000	122.962	21.761	0.000	4.506
702.000	122.833	21.470	0.000	3.722
704.000	122.810	21.890	0.000	-2.754
706.000	122.988	22.328	0.000	-3.490
708.000	122.892	22.615	0.000	-3.550
710.000	122.772	22.354	0.000	-11.447
712.000	122.924	23.311	0.000	-15.763
714.000	122.994	23.251	0.000	-10.706
716.000	122.735	22.913	0.000	-17.488
718.000	122.916	24.345	0.000	-19.441
720.000	122.943	23.680	0.000	-17.901
722.000	122.858	23.392	0.000	-23.469
724.000	122.787	23.400	0.000	-29.254
726.000	122.963	24.487	0.000	-33.248
728.000	122.925	24.593	0.000	-30.279
730.000	122.749	23.811	0.000	-36.409
732.000	122.915	25.455	0.000	-40.860
734.000	122.976	25.099	0.000	-34.369
736.000	122.762	24.040	0.000	-44.366
738.000	122.865	25.146	0.000	-46.714
740.000	122.963	25.343	0.000	-47.438
742.000	122.846	25.365	0.000	-50.400
744.000	122.786	25.427	0.000	-56.048
746.000	122.943	26.211	0.000	-58.607
748.000	122.926	25.748	0.000	-55.913
750.000	122.751	25.492	0.000	-61.745
752.000	122.894	26.242	0.000	-66.657
754.000	122.978	26.654	0.000	-63.330
756.000	122.758	25.655	0.000	-66.786
758.000	122.858	27.082	0.000	-72.196
760.000	122.964	26.839	0.000	-69.444
762.000	122.829	26.184	0.000	-76.736
764.000	122.797	26.293	0.000	-76.440
766.000	122.921	26.976	0.000	-79.568
768.000	122.941	27.095	0.000	-76.504
770.000	122.721	25.996	0.000	-82.713
772.000	122.924	27.473	0.000	-83.930
774.000	122.939	27.067	0.000	-79.949
776.000	122.767	26.182	0.000	-87.980
778.000	122.843	26.922	0.000	-88.230
780.000	122.965	26.863	0.000	-84.791
782.000	122.810	26.204	0.000	-86.885
784.000	122.796	26.216	0.000	-88.547
786.000	122.929	26.593	0.000	-86.750
788.000	122.903	26.050	0.000	-81.386
790.000	122.730	25.477	0.000	-84.472
792.000	122.924	26.584	0.000	-79.966
794.000	122.929	26.677	0.000	-69.502
796.000	122.739	26.451	0.000	-66.195
798.000	122.879	28.065	0.000	-58.882
800.000	122.933	28.883	0.000	-49.624
802.000	122.796	30.423	0.000	-46.058
804.000	122.800	32.069	0.000	-43.629
806.000	122.942	34.917	0.000	-41.499
808.000	122.864	36.222	0.000	-35.790
810.000	122.730	38.665	0.000	-48.323
812.000	122.962	41.857	0.000	-46.704
814.000	122.868	42.664	0.000	-53.010
816.000	122.748	45.086	0.000	-70.136
818.000	122.893	47.097	0.000	-80.230
820.000	122.915	48.040	0.000	-93.247
822.000	122.764	48.062	0.000	-110.177
824.000	122.830	48.494	0.000	-126.915
826.000	122.943	48.292	0.000	-133.508
828.000	122.801	46.812	0.000	-137.978
830.000	122.769	46.742	0.000	-143.010
832.000	122.967	48.448	0.000	-136.495
834.000	122.814	48.805	0.000	-138.975
836.000	122.758	51.036	0.000	-155.966
838.000	122.935	52.150	0.000	-160.700
840.000	122.847	51.694	0.000	-174.564
842.000	122.771	51.681	0.000	174.750
844.000	122.852	51.730	0.000	165.830
846.000	122.942	52.226	0.000	166.283
848.000	122.723	51.535	0.000	159.939
850.000	122.859	53.679	0.000	150.502
852.000	122.932	54.220	0.000	150.921
854.000	122.758	54.088	0.000	133.777
856.000	122.803	55.252	0.000	121.721
858.000	122.939	55.231	0.000	114.297
860.000	122.789	54.653	0.000	103.818
862.000	122.781	54.578	0.000	91.673
864.000	122.900	55.148	0.000	83.715
866.000	122.868	54.467	0.000	78.611
868.000	122.710	53.609	0.000	63.215
870.000	122.930	54.196	0.000	56.576
872.000	122.861	53.025	0.000	55.378
874.000	122.731	52.022	0.000	42.635
876.000	122.877	52.639	0.000	41.092
878.000	122.886	51.661	0.000	39.729
880.000	122.750	51.598	0.000	33.085
882.000	122.822	51.806	0.000	28.630
884.000	122.918	52.829	0.000	25.258
886.000	122.765	52.089	0.000	21.102
888.000	122.783	53.294	0.000	3.255
890.000	122.952	53.625	0.000	3.593
892.000	122.753	52.175	0.000	-13.515
894.000	122.784	52.274	0.000	-27.685
896.000	122.908	51.261	0.000	-36.883
898.000	122.811	49.171	0.000	-44.961
900.000	122.749	46.804	0.000	-53.154
902.000	122.889	45.335	0.000	-49.832
904.000	122.855	43.754	0.000	-39.203
906.000	122.711	43.124	0.000	-33.902
908.000	122.898	45.147	0.000	-27.130
910.000	122.865	45.371	0.000	-21.027
912.000	122.716	46.444	0.000	-33.358
914.000	122.867	48.194	0.000	-36.688
916.000	122.867	48.173	0.000	-46.763
918.000	122.744	48.094	0.000	-63.178
920.000	122.811	47.476	0.000	-79.701
922.000	122.904	46.317	0.000	-92.571
924.000	122.744	42.693	0.000	-100.197
926.000	122.790	37.327	0.000	-107.876
928.000	122.925	34.706	0.000	-57.552
930.000	122.735	37.567	0.000	-32.567
932.000	122.790	41.117	0.000	-33.682
934.000	122.893	41.930	0.000	-40.742
936.000	122.778	41.170	0.000	-47.829
938.000	122.757	39.054	0.000	-48.832
940.000	122.884	38.906	0.000	-20.047
942.000	122.815	42.127	0.000	4.877
944.000	122.714	46.898	0.000	-1.523
946.000	122.913	50.938	0.000	-8.308
948.000	122.801	51.935	0.000	-18.438
950.000	122.731	53.911	0.000	-43.252
952.000	122.876	55.246	0.000	-50.418
954.000	122.822	55.055	0.000	-66.029
956.000	122.733	55.399	0.000	-79.517
958.000	122.835	55.783	0.000	-94.202
960.000	122.872	55.998	0.000	-99.705
962.000	122.697	54.632	0.000	-114.937
964.000	122.858	55.481	0.000	-126.156
966.000	122.855	54.229	0.000	-127.635
968.000	122.720	53.071	0.000	-142.024
970.000	122.820	52.979	0.000	-146.285
972.000	122.869	52.041	0.000	-149.643
974.000	122.722	50.767	0.000	-155.844
976.000	122.806	50.098	0.000	-161.002
978.000	122.868	49.178	0.000	-158.259
980.000	122.743	47.261	0.000	-154.006
982.000	122.769	47.345	0.000	-147.815
984.000	122.909	48.049	0.000	-132.129
986.000	122.709	48.710	0.000	-129.384
988.000	122.796	51.478	0.000	-127.173
990.000	122.863	52.776	0.000	-125.616
992.000	122.752	54.198	0.000	-133.796
994.000	122.756	55.692	0.000	-141.751
996.000	122.877	57.375	0.000	-149.042
998.000	122.763	57.411	0.000	-153.584
1000.000	122.728	58.627	0.000	-171.205
1002.000	122.910	59.724	0.000	-170.004
1004.000	122.731	58.970	0.000	177.822
1006.000	122.758	60.146	0.000	168.926
1008.000	122.863	60.546	0.000	163.454
1010.000	122.769	60.658	0.000	156.646
1012.000	122.730	61.174	0.000	144.035
1014.000	122.867	62.106	0.000	138.725
1016.000	122.782	61.771	0.000	131.153
1018.000	122.703	61.933	0.000	116.498
1020.000	122.896	63.085	0.000	110.641
1022.000	122.755	61.941	0.000	104.616
1024.000	122.732	62.362	0.000	88.298
1026.000	122.859	62.260	0.000	86.819
1028.000	122.774	61.485	0.000	76.581
1030.000	122.721	61.125	0.000	69.444
1032.000	122.848	61.401	0.000	62.375
1034.000	122.797	60.803	0.000	62.615
1036.000	122.692	60.317	0.000	50.822
1038.000	122.882	61.358	0.000	51.576
1040.000	122.760	60.264	0.000	48.685
1042.000	122.722	61.020	0.000	38.972
1044.000	122.849	61.482	0.000	37.998
1046.000	122.777	61.480	0.000	31.861
1048.000	122.717	61.746	0.000	22.610
1050.000	122.835	62.782	0.000	15.985
1052.000	122.799	62.520	0.000	11.680
1054.000	122.688	62.512	0.000	-2.888
1056.000	122.870	63.560	0.000	-8.966
1058.000	122.764	62.684	0.000	-13.965
1060.000	122.716	62.827	0.000	-30.222
1062.000	122.841	63.194	0.000	-32.280
1064.000	122.774	62.369	0.000	-42.191
1066.000	122.714	62.362	0.000	-50.808
1068.000	122.825	62.652	0.000	-60.631
1070.000	122.801	62.451	0.000	-62.810
1072.000	122.679	61.773	0.000	-79.447
1074.000	122.870	62.708	0.000	-82.758
1076.000	122.753	61.182	0.000	-90.664
1078.000	122.717	61.221	0.000	-103.974
1080.000	122.832	60.975	0.000	-109.559
1082.000	122.772	60.220	0.000	-117.030
1084.000	122.706	59.588	0.000	-128.861
1086.000	122.832	59.637	0.000	-135.534
1088.000	122.778	58.637	0.000	-141.173
1090.000	122.684	57.732	0.000	-154.692
1092.000	122.867	58.066	0.000	-160.008
1094.000	122.737	56.230	0.000	-165.025
1096.000	122.721	55.674	0.000	-178.580
1098.000	122.836	54.917	0.000	-179.158
1100.000	122.746	53.542	0.000	173.218
1102.000	122.713	52.735	0.000	166.874
1104.000	122.838	52.413	0.000	160.904
1106.000	122.746	51.038	0.000	159.267
1108.000	122.706	49.801	0.000	146.865
1110.000	122.858	49.524	0.000	149.355
1112.000	122.712	47.119	0.000	146.137
1114.000	122.734	46.854	0.000	143.331
1116.000	122.834	46.124	0.000	146.569
1118.000	122.718	45.487	0.000	145.630
1120.000	122.732	45.493	0.000	139.973
1122.000	122.832	45.867	0.000	138.781
1124.000	122.715	44.712	0.000	131.763
1126.000	122.733	44.489	0.000	119.047
1128.000	122.842	44.037	0.000	115.940
1130.000	122.689	41.500	0.000	106.107
1132.000	122.760	40.169	0.000	94.493
1134.000	122.814	36.991	0.000	97.263
1136.000	122.706	32.742	0.000	104.144
1138.000	122.739	31.555	0.000	134.418
1140.000	122.839	33.637	0.000	157.564
1142.000	122.673	34.645	0.000	156.404
1144.000	122.782	36.692	0.000	150.521
1146.000	122.804	36.110	0.000	151.710
1148.000	122.680	34.989	0.000	143.322
1150.000	122.783	34.476	0.000	146.836
1152.000	122.794	33.093	0.000	156.752
1154.000	122.682	33.210	0.000	172.654
1156.000	122.781	36.210	0.000	-173.226
1158.000	122.799	38.627	0.000	-167.501
1160.000	122.659	40.930	0.000	-179.099
1162.000	122.821	43.635	0.000	173.148
1164.000	122.756	43.878	0.000	164.718
1166.000	122.683	44.821	0.000	144.088
1168.000	122.818	45.404	0.000	137.575
1170.000	122.736	44.516	0.000	123.737
1172.000	122.698	44.022	0.000	112.886
1174.000	122.810	43.548	0.000	104.491
1176.000	122.735	42.476	0.000	103.501
1178.000	122.696	41.512	0.000	92.046
1180.000	122.827	41.503	0.000	95.523
1182.000	122.700	39.611	0.000	89.841
1184.000	122.726	39.420	0.000	86.463
1186.000	122.806	38.068	0.000	89.559
1188.000	122.705	36.577	0.000	94.567
1190.000	122.719	36.617	0.000	103.513
1192.000	122.821	37.842	0.000	117.339
1194.000	122.676	38.977	0.000	119.369
1196.000	122.747	41.432	0.000	114.611
1198.000	122.811	42.741	0.000	114.830
1200.000	122.654	43.291	0.000	100.550
1202.000	122.793	44.950	0.000	95.105
1204.000	122.762	44.640	0.000	85.098
1206.000	122.684	44.739	0.000	74.022
1208.000	122.774	44.722	0.000	62.110
1210.000	122.779	43.992	0.000	59.893
1212.000	122.657	42.133	0.000	49.385
1214.000	122.815	41.915	0.000	52.643
1216.000	122.725	40.282	0.000	60.767
1218.000	122.688	41.329	0.000	66.123
1220.000	122.812	42.740	0.000	73.707
1222.000	122.704	44.160	0.000	70.690
1224.000	122.704	45.911	0.000	62.637
1226.000	122.810	47.541	0.000	57.112
1228.000	122.686	47.616	0.000	46.630
1230.000	122.726	48.757	0.000	32.798
1232.000	122.804	49.145	0.000	27.922
1234.000	122.664	48.617	0.000	14.480
1236.000	122.767	49.477	0.000	5.701
1238.000	122.761	48.688	0.000	-0.642
1240.000	122.687	48.584	0.000	-10.388
1242.000	122.753	48.414	0.000	-18.783
1244.000	122.777	48.451	0.000	-20.957
1246.000	122.655	47.582	0.000	-31.437
1248.000	122.800	48.454	0.000	-33.602
1250.000	122.726	47.470	0.000	-37.600
1252.000	122.684	48.017	0.000	-47.072
1254.000	122.796	48.281	0.000	-50.150
1256.000	122.708	48.112	0.000	-57.685
1258.000	122.694	48.433	0.000	-68.624
1260.000	122.808	48.848	0.000	-74.134
1262.000	122.674	48.041	0.000	-84.031
1264.000	122.725	48.316	0.000	-97.137
1266.000	122.802	48.117	0.000	-100.066
1268.000	122.646	46.892	0.000	-113.991
1270.000	122.783	47.137	0.000	-119.112
1272.000	122.739	45.797	0.000	-125.577
1274.000	122.678	45.261	0.000	-133.165
1276.000	122.775	44.996	0.000	-139.885
1278.000	122.735	44.412	0.000	-141.270
1280.000	122.672	43.667	0.000	-152.141
1282.000	122.797	44.162	0.000	-153.894
1284.000	122.697	42.922	0.000	-160.166
1286.000	122.709	43.108	0.000	-168.662
1288.000	122.777	42.537	0.000	-172.436
1290.000	122.691	41.979	0.000	-179.018
1292.000	122.713	41.833	0.000	170.685
1294.000	122.788	41.756	0.000	168.038
1296.000	122.656	40.628	0.000	158.618
1298.000	122.758	40.852	0.000	149.327
1300.000	122.758	40.278	0.000	146.780
1302.000	122.657	39.443	0.000	131.157
1304.000	122.784	39.543	0.000	127.736
1306.000	122.715	38.154	0.000	116.857
1308.000	122.679	37.384	0.000	107.672
1310.000	122.787	36.936	0.000	97.703
1312.000	122.690	35.288	0.000	92.678
1314.000	122.706	34.365	0.000	76.592
1316.000	122.785	33.323	0.000	74.526
1318.000	122.665	31.141	0.000	62.294
1320.000	122.739	30.185	0.000	56.486
1322.000	122.759	28.213	0.000	50.399
1324.000	122.663	26.422	0.000	43.097
1326.000	122.758	25.280	0.000	35.166
1328.000	122.742	23.097	0.000	31.584
1330.000	122.651	20.976	0.000	23.846
1332.000	122.808	20.045	0.000	22.048
1334.000	122.675	17.529	0.000	12.086
1336.000	122.711	17.041	0.000	10.210
1338.000	122.772	15.315	0.000	9.889
1340.000	122.670	13.125	0.000	3.393
1342.000	122.729	12.629	0.000	-18.600
1344.000	122.766	11.915	0.000	-29.421
1346.000	122.646	10.624	0.000	-35.615
1348.000	122.783	10.077	0.000	-48.858
1350.000	122.707	9.119	0.000	-81.352
1352.000	122.683	9.345	0.000	-91.205
1354.000	122.773	10.782	0.000	-113.695
1356.000	122.690	11.619	0.000	-122.599
1358.000	122.698	12.313	0.000	-134.058
1360.000	122.781	13.036	0.000	-126.177
1362.000	122.656	12.921	0.000	-141.090
1364.000	122.744	12.485	0.000	-154.816
1366.000	122.749	12.807	0.000	-163.594
1368.000	122.651	12.563	0.000	-165.533
1370.000	122.783	13.670	0.000	-147.146
1372.000	122.697	13.868	0.000	-155.821
1374.000	122.683	14.753	0.000	-165.868
1376.000	122.789	14.788	0.000	-175.814
1378.000	122.660	15.223	0.000	-179.461
1380.000	122.736	15.598	0.000	170.903
1382.000	122.750	14.461	0.000	172.294
1384.000	122.661	14.421	0.000	156.053
1386.000	122.760	14.942	0.000	157.865
1388.000	122.717	14.780	0.000	153.152
1390.000	122.676	14.933	0.000	146.655
1392.000	122.768	15.053	0.000	146.686
1394.000	122.695	14.710	0.000	145.920
1396.000	122.691	15.268	0.000	135.803
1398.000	122.782	14.754	0.000	125.922
1400.000	122.645	14.304	0.000	122.367
1402.000	122.756	14.317	0.000	125.129
1404.000	122.730	13.004	0.000	115.109
1406.000	122.662	12.639	0.000	94.894
1408.000	122.775	13.294	0.000	104.814
1410.000	122.693	13.799	0.000	96.442
1412.000	122.691	12.649	0.000	73.736
1414.000	122.774	11.228	0.000	83.423
1416.000	122.659	10.696	0.000	86.079
1418.000	122.739	10.620	0.000	79.475
1420.000	122.736	9.890	0.000	79.038
1422.000	122.666	9.437	0.000	59.265
1424.000	122.757	10.453	0.000	75.237
1426.000	122.714	10.145	0.000	117.759
1428.000	122.666	10.556	0.000	-90.592
1430.000	122.797	10.116	0.000	-113.539
1432.000	122.649	9.850	0.000	-143.397
1434.000	122.741	10.233	0.000	-165.194
1436.000	122.743	10.827	0.000	-162.454
1438.000	122.654	10.294	0.000	-139.761
1440.000	122.771	11.691	0.000	-159.700
1442.000	122.700	11.740	0.000	-161.004
1444.000	122.682	10.660	0.000	-167.614
1446.000	122.777	10.652	0.000	-163.188
1448.000	122.658	11.035	0.000	-166.729
1450.000	122.737	11.334	0.000	-176.000
1452.000	122.736	13.147	0.000	-179.700
1454.000	122.667	12.573	0.000	175.676
1456.000	122.755	11.777	0.000	170.545
1458.000	122.711	12.293	0.000	171.080
1460.000	122.674	11.949	0.000	166.901
1462.000	122.784	12.286	0.000	162.959
1464.000	122.654	12.544	0.000	159.068
1466.000	122.742	12.497	0.000	153.407
1468.000	122.728	11.738	0.000	148.344
1470.000	122.671	12.537	0.000	145.121
1472.000	122.758	12.730	0.000	143.504
1474.000	122.698	12.724	0.000	148.026
1476.000	122.701	12.742	0.000	142.810
1478.000	122.758	12.812	0.000	158.071
1480.000	122.669	12.026	0.000	146.973
1482.000	122.736	11.741	0.000	142.377
1484.000	122.731	11.994	0.000	126.635
1486.000	122.669	12.977	0.000	123.838
1488.000	122.765	13.372	0.000	120.835
1490.000	122.689	12.294	0.000	122.293
1492.000	122.703	12.240	0.000	108.674
1494.000	122.763	11.510	0.000	110.849
1496.000	122.655	11.635	0.000	116.542
1498.000	122.760	11.864	0.000	117.959
1500.000	122.705	10.402	0.000	101.052
1502.000	122.685	11.942	0.000	88.940
1504.000	122.766	12.063	0.000	101.377
1506.000	122.673	11.729	0.000	120.646
1508.000	122.727	11.909	0.000	104.002
1510.000	122.744	12.861	0.000	102.597
1512.000	122.662	12.009	0.000	93.180
1514.000	122.764	11.885	0.000	95.291
1516.000	122.699	12.027	0.000	96.472
1518.000	122.688	11.775	0.000	96.084
1520.000	122.778	10.962	0.000	97.779
1522.000	122.649	9.870	0.000	87.687
1524.000	122.761	9.947	0.000	56.526
1526.000	122.707	10.824	0.000	67.769
1528.000	122.699	10.820	0.000	84.750
1530.000	122.749	11.567	0.000	71.079
1532.000	122.693	10.904	0.000	61.271
1534.000	122.715	10.475	0.000	40.761
1536.000	122.751	10.351	0.000	28.539
1538.000	122.664	11.089	0.000	20.398
1540.000	122.767	10.967	0.000	50.596
1542.000	122.693	10.936	0.000	74.607
1544.000	122.704	10.847	0.000	53.305
1546.000	122.759	9.209	0.000	61.384
1548.000	122.663	10.239	0.000	81.708
1550.000	122.754	9.843	0.000	59.934
1552.000	122.716	9.480	0.000	75.474
1554.000	122.684	9.548	0.000	102.500
1556.000	122.772	8.875	0.000	109.882
1558.000	122.670	8.683	0.000	37.339
1560.000	122.738	8.585	0.000	33.017
1562.000	122.732	8.553	0.000	113.359
1564.000	122.675	9.711	0.000	124.028
1566.000	122.766	10.426	0.000	124.462
1568.000	122.687	9.403	0.000	-103.189
1570.000	122.719	8.604	0.000	-129.639
1572.000	122.755	9.436	0.000	133.244
1574.000	122.665	9.388	0.000	93.037
1576.000	122.766	9.777	0.000	25.491
1578.000	122.696	9.849	0.000	48.102
1580.000	122.707	9.328	0.000	125.037
1582.000	122.758	8.189	0.000	142.559
1584.000	122.671	9.198	0.000	147.257
1586.000	122.757	9.976	0.000	116.434
1588.000	122.712	10.183	0.000	103.424
1590.000	122.696	10.248	0.000	104.845
1592.000	122.765	10.191	0.000	-166.599
1594.000	122.674	9.239	0.000	46.676
1596.000	122.746	9.558	0.000	76.357
1598.000	122.729	9.320	0.000	110.164
1600.000	122.687	10.616	0.000	110.843
1602.000	122.767	10.192	0.000	101.765
1604.000	122.682	7.724	0.000	88.148
1606.000	122.739	9.147	0.000	88.447
1608.000	122.733	9.668	0.000	91.105
1610.000	122.684	9.337	0.000	87.499
1612.000	122.765	8.763	0.000	43.906
1614.000	122.696	9.636	0.000	100.400
1616.000	122.716	10.020	0.000	103.202
1618.000	122.763	9.938	0.000	110.656
1620.000	122.662	9.421	0.000	70.055
1622.000	122.781	9.203	0.000	46.941
1624.000	122.689	9.340	0.000	30.817
1626.000	122.723	9.228	0.000	-3.472
1628.000	122.755	10.076	0.000	-137.667
1630.000	122.675	10.233	0.000	48.365
1632.000	122.766	9.754	0.000	36.563
1634.000	122.706	9.101	0.000	174.152
1636.000	122.709	9.187	0.000	-107.895
1638.000	122.767	9.255	0.000	-119.195
1640.000	122.667	9.555	0.000	150.678
1642.000	122.771	9.648	0.000	171.483
1644.000	122.704	9.462	0.000	-154.680
1646.000	122.715	8.921	0.000	9.857
1648.000	122.763	9.157	0.000	179.750
1650.000	122.681	10.077	0.000	125.908
1652.000	122.758	10.153	0.000	1.920
1654.000	122.717	9.929	0.000	167.329
1656.000	122.703	9.680	0.000	-103.020
1658.000	122.773	8.678	0.000	-154.880
1660.000	122.670	8.949	0.000	-90.532
1662.000	122.772	9.099	0.000	-140.988
1664.000	122.709	9.486	0.000	162.345
1666.000	122.714	9.788	0.000	-150.000
1668.000	122.759	10.221	0.000	-162.397
1670.000	122.686	9.574	0.000	-146.358
1672.000	122.755	9.978	0.000	-158.289
1674.000	122.724	9.851	0.000	-177.615
1676.000	122.705	9.490	0.000	172.208
1678.000	122.773	8.360	0.000	-165.999
1680.000	122.674	9.217	0.000	178.368
1682.000	122.772	9.515	0.000	-173.574
1684.000	122.715	9.475	0.000	-132.228
1686.000	122.705	8.601	0.000	-134.058
1688.000	122.786	10.044	0.000	178.078
1690.000	122.665	10.571	0.000	-178.623
1692.000	122.782	9.989	0.000	-172.947
1694.000	122.700	9.077	0.000	-140.901
1696.000	122.735	9.524	0.000	-158.049
1698.000	122.745	9.098	0.000	170.333
1700.000	122.703	9.339	0.000	127.357
1702.000	122.754	10.356	0.000	142.695
1704.000	122.724	10.430	0.000	160.311
1706.000	122.712	11.059	0.000	155.035
1708.000	122.775	9.928	0.000	166.802
1710.000	122.676	9.858	0.000	168.193
1712.000	122.781	10.446	0.000	163.005
1714.000	122.700	9.721	0.000	146.453
1716.000	122.738	10.676	0.000	140.197
1718.000	122.752	10.908	0.000	158.790
1720.000	122.692	10.534	0.000	167.143
1722.000	122.776	10.249	0.000	159.272
1724.000	122.708	10.496	0.000	143.014
1726.000	122.730	11.017	0.000	141.811
1728.000	122.763	9.778	0.000	120.716
1730.000	122.683	9.274	0.000	134.817
1732.000	122.788	9.674	0.000	134.409
1734.000	122.685	10.028	0.000	134.394
1736.000	122.767	11.147	0.000	120.345
1738.000	122.726	12.145	0.000	126.438
1740.000	122.721	11.031	0.000	116.372
1742.000	122.761	10.554	0.000	118.910
1744.000	122.704	9.623	0.000	101.920
1746.000	122.754	10.374	0.000	128.797
1748.000	122.736	10.683	0.000	123.522
1750.000	122.714	10.255	0.000	134.773
1752.000	122.773	9.025	0.000	123.882
1754.000	122.695	8.231	0.000	112.632
1756.000	122.765	9.545	0.000	125.957
1758.000	122.727	10.317	0.000	123.505
1760.000	122.718	9.571	0.000	91.529
1762.000	122.778	9.799	0.000	91.986
1764.000	122.685	10.373	0.000	94.460
1766.000	122.788	10.262	0.000	96.092
1768.000	122.696	9.782	0.000	78.936
1770.000	122.761	10.676	0.000	85.540
1772.000	122.738	9.932	0.000	112.738
1774.000	122.716	10.057	0.000	105.330
1776.000	122.776	10.852	0.000	87.928
1778.000	122.703	10.993	0.000	89.199
1780.000	122.757	10.823	0.000	100.053
1782.000	122.746	9.618	0.000	88.425
1784.000	122.709	9.443	0.000	71.365
1786.000	122.782	10.113	0.000	59.036
1788.000	122.688	9.802	0.000	72.926
1790.000	122.782	11.268	0.000	87.214
1792.000	122.714	11.249	0.000	88.056
1794.000	122.744	10.425	0.000	68.138
1796.000	122.753	8.798	0.000	87.937
1798.000	122.724	8.649	0.000	91.312
1800.000	122.757	10.588	0.000	68.786
1802.000	122.731	9.846	0.000	47.833
1804.000	122.734	9.344	0.000	70.993
1806.000	122.766	9.765	0.000	45.805
1808.000	122.699	9.690	0.000	27.875
1810.000	122.793	9.713	0.000	64.340
1812.000	122.694	9.714	0.000	67.770
1814.000	122.772	9.973	0.000	52.866
1816.000	122.733	9.520	0.000	83.491
1818.000	122.724	9.627	0.000	79.869
1820.000	122.780	9.878	0.000	79.500
1822.000	122.694	9.317	0.000	43.032
1824.000	122.791	7.689	0.000	0.807
1826.000	122.700	8.723	0.000	150.739
1828.000	122.774	9.793	0.000	58.306
1830.000	122.733	7.986	0.000	47.611
1832.000	122.735	8.494	0.000	112.780
1834.000	122.766	8.592	0.000	70.082
1836.000	122.722	8.573	0.000	40.270
1838.000	122.761	8.389	0.000	56.396
1840.000	122.743	8.277	0.000	66.740
1842.000	122.725	8.399	0.000	80.342
1844.000	122.777	8.250	0.000	84.229
1846.000	122.703	8.964	0.000	-30.077
1848.000	122.785	9.930	0.000	170.801
1850.000	122.714	10.078	0.000	99.801
1852.000	122.757	9.805	0.000	86.735
1854.000	122.757	8.246	0.000	47.498
1856.000	122.721	9.229	0.000	58.749
1858.000	122.780	8.006	0.000	49.486
1860.000	122.704	8.442	0.000	69.036
1862.000	122.784	8.945	0.000	88.448
1864.000	122.718	8.592	0.000	106.155
1866.000	122.764	9.076	0.000	63.036
1868.000	122.745	10.116	0.000	50.518
1870.000	122.736	10.136	0.000	53.015
1872.000	122.768	9.031	0.000	70.764
1874.000	122.724	9.789	0.000	87.801
1876.000	122.762	9.591	0.000	73.104
1878.000	122.746	10.123	0.000	49.683
1880.000	122.735	9.338	0.000	32.586
1882.000	122.771	8.710	0.000	20.319
1884.000	122.723	8.438	0.000	52.342
1886.000	122.767	9.151	0.000	58.245
1888.000	122.745	9.721	0.000	40.959
1890.000	122.736	9.430	0.000	12.044
1892.000	122.780	10.278	0.000	28.597
1894.000	122.710	10.869	0.000	20.699
1896.000	122.798	11.812	0.000	23.569
1898.000	122.697	11.256	0.000	7.578
1900.000	122.795	10.066	0.000	12.904
1902.000	122.719	11.081	0.000	-15.889
1904.000	122.763	11.227	0.000	-19.321
1906.000	122.760	11.578	0.000	-22.331
1908.000	122.717	11.680	0.000	-22.546
1910.000	122.800	12.204	0.000	-31.593
1912.000	122.696	12.590	0.000	-36.385
1914.000	122.802	12.182	0.000	-43.220
1916.000	122.711	13.264	0.000	-50.891
1918.000	122.770	13.383	0.000	-57.382
1920.000	122.753	14.706	0.000	-67.969
1922.000	122.735	13.887	0.000	-82.076
1924.000	122.779	13.408	0.000	-88.269
1926.000	122.719	14.717	0.000	-107.166
1928.000	122.783	15.371	0.000	-111.986
1930.000	122.727	14.728	0.000	-122.253
1932.000	122.767	15.231	0.000	-135.321
1934.000	122.747	15.534	0.000	-143.887
1936.000	122.745	15.473	0.000	-155.983
1938.000	122.773	16.113	0.000	-158.676
1940.000	122.730	17.142	0.000	-170.266
1942.000	122.771	17.458	0.000	-175.838
1944.000	122.738	17.820	0.000	171.751
1946.000	122.757	18.290	0.000	161.279
1948.000	122.762	19.063	0.000	153.404
1950.000	122.736	19.466	0.000	140.684
1952.000	122.774	19.590	0.000	134.753
1954.000	122.733	19.977	0.000	118.161
1956.000	122.768	20.657	0.000	112.661
1958.000	122.750	20.053	0.000	103.268
1960.000	122.745	20.472	0.000	91.122
1962.000	122.772	20.862	0.000	84.662
1964.000	122.729	20.898	0.000	74.616
1966.000	122.785	21.162	0.000	65.943
1968.000	122.727	21.614	0.000	54.289
1970.000	122.775	21.689	0.000	49.496
1972.000	122.742	21.703	0.000	38.634
1974.000	122.759	21.942	0.000	32.260
1976.000	122.762	22.030	0.000	25.117
1978.000	122.738	22.910	0.000	17.237
1980.000	122.778	22.639	0.000	12.110
1982.000	122.726	22.863	0.000	4.674
1984.000	122.783	23.702	0.000	1.155
1986.000	122.734	23.341	0.000	-6.583
1988.000	122.762	24.259	0.000	-14.876
1990.000	122.760	24.519	0.000	-23.716
1992.000	122.742	25.198	0.000	-33.912
1994.000	122.779	25.075	0.000	-40.375
1996.000	122.730	25.558	0.000	-50.300
1998.000	122.775	25.178	0.000	-57.698
2000.000	122.740	25.475	0.000	-68.151
