2000.000	122.808	15.818	0.000	83.873
2.000	122.859	16.275	0.000	84.772
4.000	123.076	16.380	0.000	85.484
6.000	123.096	15.963	0.000	85.072
8.000	122.940	16.046	0.000	91.117
10.000	122.800	16.453	0.000	85.211
12.000	122.901	17.048	0.000	77.693
14.000	123.164	16.752	0.000	77.538
16.000	123.089	16.295	0.000	84.511
18.000	122.757	15.173	0.000	79.568
20.000	122.852	15.390	0.000	68.969
22.000	123.127	16.329	0.000	79.936
24.000	123.057	16.393	0.000	87.444
26.000	122.918	15.938	0.000	81.536
28.000	122.881	15.710	0.000	76.007
30.000	122.879	15.583	0.000	80.525
32.000	123.082	16.910	0.000	82.815
34.000	123.146	17.198	0.000	89.030
36.000	122.820	15.590	0.000	79.930
38.000	122.775	15.551	0.000	71.714
40.000	123.114	17.354	0.000	76.121
42.000	123.131	17.848	0.000	86.903
44.000	122.896	16.918	0.000	86.413
46.000	122.829	16.633	0.000	78.741
48.000	122.938	16.727	0.000	80.926
50.000	123.103	17.175	0.000	81.792
52.000	123.070	16.453	0.000	81.590
54.000	122.830	16.021	0.000	83.709
56.000	122.846	17.344	0.000	78.418
58.000	123.063	17.551	0.000	76.826
60.000	123.091	17.616	0.000	82.785
62.000	122.964	17.548	0.000	87.970
64.000	122.812	17.016	0.000	81.989
66.000	122.891	17.788	0.000	81.250
68.000	123.179	18.618	0.000	85.554
70.000	123.075	17.792	0.000	91.146
72.000	122.740	16.800	0.000	88.651
74.000	122.906	17.830	0.000	78.638
76.000	123.132	18.698	0.000	82.290
78.000	123.017	17.736	0.000	85.060
80.000	122.931	18.186	0.000	84.387
82.000	122.870	18.679	0.000	82.525
84.000	122.903	19.190	0.000	79.698
86.000	123.155	19.598	0.000	79.223
88.000	123.065	19.223	0.000	84.114
90.000	122.741	18.032	0.000	76.726
92.000	122.910	19.001	0.000	70.647
94.000	123.155	19.893	0.000	79.465
96.000	123.037	19.502	0.000	85.643
98.000	122.863	18.964	0.000	75.603
100.000	122.847	19.876	0.000	73.260
102.000	123.027	20.508	0.000	78.002
104.000	123.140	20.400	0.000	80.963
106.000	122.923	20.015	0.000	78.464
108.000	122.808	19.843	0.000	72.066
110.000	122.988	20.347	0.000	69.811
112.000	123.081	21.142	0.000	73.343
114.000	123.041	21.117	0.000	74.941
116.000	122.863	20.080	0.000	72.382
118.000	122.808	20.938	0.000	64.144
120.000	123.132	22.653	0.000	65.930
122.000	123.147	21.948	0.000	73.060
124.000	122.783	20.463	0.000	72.900
126.000	122.864	20.845	0.000	61.057
128.000	123.096	22.327	0.000	64.723
130.000	123.037	21.952	0.000	66.095
132.000	122.965	21.676	0.000	64.688
134.000	122.856	21.762	0.000	63.379
136.000	122.896	21.798	0.000	60.774
138.000	123.156	22.308	0.000	60.984
140.000	123.047	22.371	0.000	63.044
142.000	122.768	20.868	0.000	58.755
144.000	122.918	22.158	0.000	51.581
146.000	123.122	23.033	0.000	57.542
148.000	123.053	21.947	0.000	63.455
150.000	122.852	21.332	0.000	53.819
152.000	122.841	22.390	0.000	49.155
154.000	123.087	22.483	0.000	54.829
156.000	123.100	21.953	0.000	51.990
158.000	122.874	21.321	0.000	53.216
160.000	122.864	21.647	0.000	53.737
162.000	122.989	22.525	0.000	49.954
164.000	123.091	22.414	0.000	53.861
166.000	123.023	22.121	0.000	53.849
168.000	122.777	20.949	0.000	48.361
170.000	122.924	21.332	0.000	45.549
172.000	123.198	21.888	0.000	50.392
174.000	122.981	20.804	0.000	58.168
176.000	122.784	20.304	0.000	52.090
178.000	122.966	21.706	0.000	49.540
180.000	123.080	21.642	0.000	56.172
182.000	123.029	20.324	0.000	54.879
184.000	122.884	20.476	0.000	55.672
186.000	122.849	20.342	0.000	57.449
188.000	123.058	20.911	0.000	52.879
190.000	123.112	21.321	0.000	58.832
192.000	122.883	20.229	0.000	60.132
194.000	122.808	19.820	0.000	51.542
196.000	123.051	21.678	0.000	59.813
198.000	123.139	21.867	0.000	68.996
200.000	122.884	20.255	0.000	63.133
202.000	122.813	21.100	0.000	61.766
204.000	123.044	21.686	0.000	66.016
206.000	123.087	21.829	0.000	70.809
208.000	122.944	21.530	0.000	71.517
210.000	122.848	22.226	0.000	67.005
212.000	122.935	23.121	0.000	63.769
214.000	123.118	23.249	0.000	68.159
216.000	123.019	22.737	0.000	74.041
218.000	122.791	22.128	0.000	72.236
220.000	122.924	23.008	0.000	66.822
222.000	123.142	24.176	0.000	74.423
224.000	123.016	23.867	0.000	81.271
226.000	122.791	23.694	0.000	68.697
228.000	122.933	24.643	0.000	63.736
230.000	123.119	24.473	0.000	71.665
232.000	122.993	23.480	0.000	74.477
234.000	122.869	23.508	0.000	69.542
236.000	122.894	23.686	0.000	71.116
238.000	123.033	24.390	0.000	69.097
240.000	123.114	24.840	0.000	72.973
242.000	122.850	23.360	0.000	77.279
244.000	122.813	23.439	0.000	71.208
246.000	123.140	24.683	0.000	79.170
248.000	123.060	24.167	0.000	87.146
250.000	122.828	22.168	0.000	79.705
252.000	122.893	23.033	0.000	82.099
254.000	123.039	23.925	0.000	88.484
256.000	123.080	23.387	0.000	88.956
258.000	122.886	22.196	0.000	94.151
260.000	122.835	22.296	0.000	96.775
262.000	123.053	22.570	0.000	100.845
264.000	123.073	22.387	0.000	117.896
266.000	122.916	22.447	0.000	127.736
268.000	122.813	22.971	0.000	132.736
270.000	123.016	25.532	0.000	138.760
272.000	123.162	26.174	0.000	155.575
274.000	122.842	26.099	0.000	159.148
276.000	122.829	28.629	0.000	156.420
278.000	123.095	30.701	0.000	165.106
280.000	123.018	31.223	0.000	169.674
282.000	122.932	32.555	0.000	170.530
284.000	122.855	33.737	0.000	175.459
286.000	122.956	36.234	0.000	175.975
288.000	123.156	38.743	0.000	178.490
290.000	122.900	39.047	0.000	-179.584
292.000	122.790	40.744	0.000	170.746
294.000	123.062	43.876	0.000	170.448
296.000	123.082	45.047	0.000	174.958
298.000	122.897	45.607	0.000	167.391
300.000	122.823	47.879	0.000	157.983
302.000	123.032	50.017	0.000	156.056
304.000	123.093	51.219	0.000	152.518
306.000	122.874	52.019	0.000	144.252
308.000	122.865	53.278	0.000	133.080
310.000	122.993	55.211	0.000	124.059
312.000	123.081	56.487	0.000	119.964
314.000	122.941	56.476	0.000	112.903
316.000	122.772	56.968	0.000	96.317
318.000	123.058	58.907	0.000	87.542
320.000	123.118	59.278	0.000	87.414
322.000	122.827	58.229	0.000	77.379
324.000	122.869	59.430	0.000	62.001
326.000	123.046	60.533	0.000	61.317
328.000	123.042	60.123	0.000	56.932
330.000	122.894	60.298	0.000	47.158
332.000	122.846	60.690	0.000	40.566
334.000	123.023	61.569	0.000	31.178
336.000	123.083	62.388	0.000	28.919
338.000	122.872	61.346	0.000	25.126
340.000	122.814	61.898	0.000	7.384
342.000	123.093	63.608	0.000	5.903
344.000	123.062	62.783	0.000	5.903
346.000	122.802	62.004	0.000	-8.812
348.000	122.909	63.020	0.000	-16.256
350.000	123.058	63.402	0.000	-19.030
352.000	123.013	63.217	0.000	-23.872
354.000	122.859	62.696	0.000	-31.589
356.000	122.868	63.107	0.000	-41.715
358.000	123.080	63.863	0.000	-45.629
360.000	123.019	63.481	0.000	-47.477
362.000	122.822	62.688	0.000	-55.337
364.000	122.886	63.373	0.000	-67.201
366.000	123.109	64.475	0.000	-68.342
368.000	123.000	63.481	0.000	-68.145
370.000	122.762	62.889	0.000	-84.000
372.000	122.996	64.460	0.000	-89.545
374.000	123.071	64.150	0.000	-90.887
376.000	122.920	63.546	0.000	-102.148
378.000	122.875	63.507	0.000	-110.199
380.000	122.902	63.200	0.000	-121.593
382.000	123.116	63.718	0.000	-127.752
384.000	122.950	62.377	0.000	-128.783
386.000	122.761	60.754	0.000	-144.972
388.000	123.049	61.593	0.000	-150.605
390.000	123.063	60.534	0.000	-147.054
392.000	122.873	58.470	0.000	-154.375
394.000	122.839	58.166	0.000	-161.585
396.000	123.031	58.027	0.000	-159.542
398.000	123.056	57.173	0.000	-157.491
400.000	122.837	56.203	0.000	-158.516
402.000	122.886	56.300	0.000	-161.211
404.000	123.019	57.021	0.000	-160.923
406.000	123.043	57.097	0.000	-158.222
408.000	122.843	56.338	0.000	-161.765
410.000	122.842	57.203	0.000	-171.485
412.000	123.137	58.514	0.000	-170.008
414.000	122.959	57.680	0.000	-169.940
416.000	122.791	57.466	0.000	175.211
418.000	122.977	58.906	0.000	169.470
420.000	123.044	58.613	0.000	167.144
422.000	122.942	57.902	0.000	156.099
424.000	122.825	57.592	0.000	146.682
426.000	122.956	57.237	0.000	136.344
428.000	123.079	57.279	0.000	131.263
430.000	122.906	55.648	0.000	129.835
432.000	122.791	54.155	0.000	114.058
434.000	123.046	54.872	0.000	111.242
436.000	123.061	53.382	0.000	114.954
438.000	122.801	51.320	0.000	104.587
440.000	122.901	51.346	0.000	99.851
442.000	123.040	50.677	0.000	100.569
444.000	122.988	49.572	0.000	99.510
446.000	122.834	48.247	0.000	95.940
448.000	122.892	47.904	0.000	90.703
450.000	123.077	47.798	0.000	92.234
452.000	122.949	46.487	0.000	93.292
454.000	122.803	45.108	0.000	87.725
456.000	122.945	45.425	0.000	83.988
458.000	123.106	45.415	0.000	89.920
460.000	122.856	43.400	0.000	88.363
462.000	122.819	43.191	0.000	78.192
464.000	123.066	43.354	0.000	83.351
466.000	122.967	41.777	0.000	83.790
468.000	122.885	41.135	0.000	80.569
470.000	122.847	40.442	0.000	79.466
472.000	123.034	40.679	0.000	77.117
474.000	123.031	40.172	0.000	82.868
476.000	122.756	38.162	0.000	77.950
478.000	122.954	39.053	0.000	72.771
480.000	123.068	38.742	0.000	80.048
482.000	122.896	36.819	0.000	78.775
484.000	122.809	36.600	0.000	73.135
486.000	123.002	36.822	0.000	75.542
488.000	123.033	36.144	0.000	77.987
490.000	122.839	35.116	0.000	76.387
492.000	122.871	34.752	0.000	72.506
494.000	123.000	34.876	0.000	73.316
496.000	123.024	34.236	0.000	76.733
498.000	122.793	32.758	0.000	74.152
500.000	122.893	33.060	0.000	69.178
502.000	123.102	33.313	0.000	74.622
504.000	122.881	31.612	0.000	76.258
506.000	122.810	31.378	0.000	66.032
508.000	122.998	31.793	0.000	69.507
510.000	123.012	30.632	0.000	72.949
512.000	122.854	29.668	0.000	70.066
514.000	122.854	29.395	0.000	69.261
516.000	123.001	29.405	0.000	66.395
518.000	123.019	29.051	0.000	69.856
520.000	122.779	27.068	0.000	67.394
522.000	122.908	27.754	0.000	62.038
524.000	123.094	27.809	0.000	69.738
526.000	122.853	25.671	0.000	65.176
528.000	122.835	25.418	0.000	59.808
530.000	122.980	24.826	0.000	62.697
532.000	123.015	24.110	0.000	62.221
534.000	122.832	23.069	0.000	60.792
536.000	122.860	22.839	0.000	56.799
538.000	123.029	22.654	0.000	58.655
540.000	122.956	21.491	0.000	62.263
542.000	122.799	19.529	0.000	58.055
544.000	122.910	19.733	0.000	54.554
546.000	123.096	19.403	0.000	59.878
548.000	122.813	17.175	0.000	55.049
550.000	122.849	16.182	0.000	40.955
552.000	123.022	16.122	0.000	40.761
554.000	122.947	14.378	0.000	37.962
556.000	122.846	12.477	0.000	41.996
558.000	122.856	11.935	0.000	42.966
560.000	123.058	11.955	0.000	20.170
562.000	122.908	12.465	0.000	-10.137
564.000	122.778	11.456	0.000	-68.984
566.000	122.992	12.606	0.000	-82.660
568.000	123.020	13.114	0.000	-81.541
570.000	122.791	14.081	0.000	-99.120
572.000	122.884	15.469	0.000	-107.076
574.000	123.023	17.015	0.000	-105.464
576.000	122.913	17.311	0.000	-105.248
578.000	122.812	17.865	0.000	-110.744
580.000	122.924	18.484	0.000	-110.711
582.000	123.036	18.933	0.000	-105.013
584.000	122.835	19.317	0.000	-108.379
586.000	122.819	20.494	0.000	-116.804
588.000	123.033	21.866	0.000	-114.214
590.000	122.952	21.156	0.000	-109.599
592.000	122.757	21.633	0.000	-120.184
594.000	122.972	23.222	0.000	-116.647
596.000	122.986	23.047	0.000	-110.033
598.000	122.860	23.184	0.000	-114.461
600.000	122.831	23.677	0.000	-115.371
602.000	122.971	25.128	0.000	-117.380
604.000	123.005	25.945	0.000	-112.158
606.000	122.746	25.035	0.000	-117.781
608.000	122.937	27.030	0.000	-122.415
610.000	123.022	27.347	0.000	-116.505
612.000	122.838	26.302	0.000	-121.754
614.000	122.818	27.148	0.000	-125.971
616.000	123.007	27.696	0.000	-121.604
618.000	122.937	27.602	0.000	-120.556
620.000	122.802	26.974	0.000	-123.728
622.000	122.895	27.804	0.000	-126.528
624.000	123.009	28.630	0.000	-122.150
626.000	122.876	28.222	0.000	-121.431
628.000	122.774	28.774	0.000	-127.503
630.000	123.028	30.590	0.000	-125.824
632.000	122.940	30.157	0.000	-120.905
634.000	122.769	29.993	0.000	-130.273
636.000	122.930	31.511	0.000	-128.920
638.000	122.992	31.161	0.000	-128.229
640.000	122.840	31.093	0.000	-133.663
642.000	122.829	31.144	0.000	-135.813
644.000	122.960	31.767	0.000	-138.172
646.000	122.979	31.828	0.000	-133.595
648.000	122.743	30.738	0.000	-139.120
650.000	122.934	32.401	0.000	-141.319
652.000	123.014	32.418	0.000	-134.368
654.000	122.800	31.277	0.000	-139.331
656.000	122.841	32.175	0.000	-143.028
658.000	122.986	32.476	0.000	-140.197
660.000	122.917	32.160	0.000	-140.548
662.000	122.778	32.009	0.000	-141.898
664.000	122.928	32.963	0.000	-142.360
666.000	122.977	33.448	0.000	-138.429
668.000	122.832	32.829	0.000	-139.846
670.000	122.796	33.407	0.000	-146.295
672.000	123.050	34.405	0.000	-142.140
674.000	122.856	33.356	0.000	-140.292
676.000	122.790	33.689	0.000	-149.651
678.000	122.958	34.677	0.000	-145.333
680.000	122.941	33.965	0.000	-145.307
682.000	122.808	34.049	0.000	-148.761
684.000	122.849	34.104	0.000	-149.539
686.000	122.995	35.148	0.000	-149.088
688.000	122.870	34.573	0.000	-143.867
690.000	122.760	34.403	0.000	-153.598
692.000	123.000	35.924	0.000	-148.801
694.000	122.923	34.887	0.000	-145.871
696.000	122.764	34.983	0.000	-153.797
698.000	122.917	35.696	0.000	-152.113
700.000	122.959	35.620	0.000	-150.549
702.000	122.831	35.200	0.000	-151.271
704.000	122.808	35.697	0.000	-154.692
706.000	122.986	36.373	0.000	-152.468
708.000	122.889	35.955	0.000	-149.768
710.000	122.770	35.658	0.000	-153.771
712.000	122.922	37.194	0.000	-154.410
714.000	122.991	37.036	0.000	-148.231
716.000	122.733	36.187	0.000	-156.453
718.000	122.913	37.550	0.000	-156.931
720.000	122.941	37.229	0.000	-153.430
722.000	122.856	37.015	0.000	-156.048
724.000	122.784	37.203	0.000	-157.071
726.000	122.962	38.048	0.000	-157.896
728.000	122.922	38.034	0.000	-152.638
730.000	122.747	37.197	0.000	-157.982
732.000	122.913	38.810	0.000	-160.246
734.000	122.973	38.539	0.000	-152.393
736.000	122.761	37.835	0.000	-159.486
738.000	122.863	38.918	0.000	-158.685
740.000	122.961	38.897	0.000	-156.194
742.000	122.844	38.767	0.000	-156.523
744.000	122.784	38.831	0.000	-160.371
746.000	122.941	39.938	0.000	-159.618
748.000	122.924	39.691	0.000	-156.012
750.000	122.749	39.245	0.000	-160.308
752.000	122.892	40.377	0.000	-162.235
754.000	122.976	40.718	0.000	-155.782
756.000	122.756	39.816	0.000	-159.911
758.000	122.856	41.330	0.000	-162.051
760.000	122.961	41.191	0.000	-156.397
762.000	122.827	41.135	0.000	-160.633
764.000	122.794	41.443	0.000	-160.847
766.000	122.919	42.425	0.000	-164.016
768.000	122.939	42.548	0.000	-158.218
770.000	122.719	41.702	0.000	-164.989
772.000	122.922	43.378	0.000	-165.347
774.000	122.937	43.000	0.000	-159.193
776.000	122.766	42.556	0.000	-165.029
778.000	122.841	43.760	0.000	-165.587
780.000	122.963	43.998	0.000	-162.372
782.000	122.808	43.781	0.000	-163.711
784.000	122.794	44.224	0.000	-166.770
786.000	122.927	45.255	0.000	-166.100
788.000	122.901	45.174	0.000	-162.451
790.000	122.728	44.972	0.000	-168.532
792.000	122.923	46.520	0.000	-168.329
794.000	122.926	46.427	0.000	-163.163
796.000	122.738	46.139	0.000	-170.084
798.000	122.878	47.729	0.000	-169.889
800.000	122.931	47.662	0.000	-166.113
802.000	122.795	47.857	0.000	-170.573
804.000	122.799	48.461	0.000	-171.612
806.000	122.941	49.762	0.000	-173.067
808.000	122.862	49.785	0.000	-168.746
810.000	122.729	50.105	0.000	-179.529
812.000	122.960	51.963	0.000	-175.911
814.000	122.866	51.267	0.000	-175.066
816.000	122.747	52.137	0.000	175.926
818.000	122.892	53.265	0.000	175.718
820.000	122.913	53.721	0.000	173.573
822.000	122.763	53.774	0.000	167.402
824.000	122.829	54.747	0.000	160.351
826.000	122.941	55.399	0.000	160.274
828.000	122.799	55.031	0.000	157.446
830.000	122.768	55.947	0.000	147.983
832.000	122.966	57.478	0.000	148.763
834.000	122.812	56.918	0.000	144.345
836.000	122.757	58.110	0.000	128.582
838.000	122.933	58.783	0.000	126.440
840.000	122.845	57.970	0.000	115.279
842.000	122.769	57.640	0.000	105.877
844.000	122.850	57.200	0.000	96.956
846.000	122.940	56.989	0.000	96.625
848.000	122.721	55.028	0.000	92.149
850.000	122.858	55.489	0.000	86.686
852.000	122.930	54.998	0.000	95.242
854.000	122.758	54.056	0.000	91.417
856.000	122.802	55.288	0.000	90.727
858.000	122.938	55.786	0.000	91.107
860.000	122.788	55.765	0.000	84.994
862.000	122.780	55.930	0.000	75.141
864.000	122.899	56.374	0.000	69.421
866.000	122.867	55.440	0.000	67.308
868.000	122.709	54.295	0.000	56.249
870.000	122.929	54.653	0.000	53.957
872.000	122.860	53.280	0.000	56.932
874.000	122.730	52.025	0.000	49.314
876.000	122.876	52.424	0.000	52.260
878.000	122.885	51.175	0.000	55.806
880.000	122.749	50.718	0.000	54.589
882.000	122.821	50.523	0.000	57.020
884.000	122.917	51.168	0.000	61.719
886.000	122.764	50.341	0.000	66.330
888.000	122.782	51.779	0.000	60.952
890.000	122.950	52.428	0.000	69.415
892.000	122.753	51.714	0.000	62.430
894.000	122.783	52.723	0.000	58.393
896.000	122.907	53.037	0.000	58.600
898.000	122.810	52.686	0.000	57.030
900.000	122.748	52.923	0.000	50.710
902.000	122.888	53.665	0.000	49.432
904.000	122.854	53.422	0.000	48.949
906.000	122.710	52.870	0.000	41.045
908.000	122.897	54.077	0.000	38.164
910.000	122.864	53.298	0.000	41.897
912.000	122.715	52.874	0.000	31.510
914.000	122.866	53.762	0.000	32.792
916.000	122.866	53.296	0.000	31.599
918.000	122.743	53.361	0.000	25.456
920.000	122.810	53.714	0.000	18.993
922.000	122.903	54.198	0.000	15.414
924.000	122.743	53.023	0.000	10.118
926.000	122.789	53.350	0.000	-4.805
928.000	122.923	53.120	0.000	-2.693
930.000	122.735	50.948	0.000	-16.167
932.000	122.789	50.697	0.000	-26.062
934.000	122.892	49.091	0.000	-33.391
936.000	122.777	46.942	0.000	-46.296
938.000	122.757	44.316	0.000	-72.495
940.000	122.883	42.989	0.000	-107.656
942.000	122.814	43.445	0.000	-156.210
944.000	122.713	47.415	0.000	162.280
946.000	122.912	51.645	0.000	147.389
948.000	122.799	53.263	0.000	135.341
950.000	122.731	56.457	0.000	112.624
952.000	122.875	58.654	0.000	107.042
954.000	122.821	59.731	0.000	91.051
956.000	122.732	61.067	0.000	76.981
958.000	122.834	62.394	0.000	60.382
960.000	122.871	63.168	0.000	53.833
962.000	122.696	62.484	0.000	36.114
964.000	122.857	63.994	0.000	24.281
966.000	122.853	63.191	0.000	20.782
968.000	122.720	62.726	0.000	3.631
970.000	122.819	63.146	0.000	-2.428
972.000	122.868	62.767	0.000	-8.120
974.000	122.721	62.229	0.000	-17.562
976.000	122.805	62.574	0.000	-27.217
978.000	122.867	62.651	0.000	-31.373
980.000	122.742	61.615	0.000	-40.102
982.000	122.769	61.911	0.000	-53.831
984.000	122.908	61.782	0.000	-54.516
986.000	122.709	59.989	0.000	-66.080
988.000	122.796	60.187	0.000	-74.925
990.000	122.861	59.175	0.000	-75.831
992.000	122.751	58.023	0.000	-83.621
994.000	122.755	57.514	0.000	-88.533
996.000	122.876	57.522	0.000	-91.951
998.000	122.762	56.414	0.000	-92.264
1000.000	122.727	56.250	0.000	-106.067
1002.000	122.909	56.637	0.000	-102.653
1004.000	122.731	54.809	0.000	-111.909
1006.000	122.757	55.138	0.000	-120.430
1008.000	122.862	54.699	0.000	-125.350
1010.000	122.768	53.916	0.000	-132.970
1012.000	122.730	53.310	0.000	-147.802
1014.000	122.866	53.375	0.000	-156.128
1016.000	122.781	52.018	0.000	-167.443
1018.000	122.702	51.073	0.000	170.969
1020.000	122.894	51.379	0.000	156.365
1022.000	122.754	49.532	0.000	141.573
1024.000	122.731	49.408	0.000	110.940
1026.000	122.857	49.263	0.000	99.151
1028.000	122.774	48.903	0.000	76.530
1030.000	122.720	49.322	0.000	59.036
1032.000	122.847	50.591	0.000	43.092
1034.000	122.796	50.783	0.000	35.936
1036.000	122.692	51.389	0.000	15.340
1038.000	122.880	53.005	0.000	10.196
1040.000	122.759	52.353	0.000	1.156
1042.000	122.721	53.496	0.000	-13.784
1044.000	122.847	54.159	0.000	-18.937
1046.000	122.777	54.183	0.000	-28.659
1048.000	122.716	54.472	0.000	-40.652
1050.000	122.833	55.483	0.000	-49.506
1052.000	122.797	55.062	0.000	-55.298
1054.000	122.687	55.026	0.000	-70.821
1056.000	122.869	56.083	0.000	-78.284
1058.000	122.763	55.185	0.000	-85.222
1060.000	122.716	55.321	0.000	-104.348
1062.000	122.840	55.611	0.000	-109.450
1064.000	122.773	54.557	0.000	-123.818
1066.000	122.713	54.227	0.000	-137.255
1068.000	122.824	54.049	0.000	-152.464
1070.000	122.799	53.411	0.000	-159.553
1072.000	122.679	52.111	0.000	176.573
1074.000	122.868	52.645	0.000	166.854
1076.000	122.753	50.683	0.000	151.226
1078.000	122.717	50.395	0.000	127.789
1080.000	122.831	49.872	0.000	111.842
1082.000	122.770	48.661	0.000	93.280
1084.000	122.705	47.204	0.000	70.017
1086.000	122.831	46.159	0.000	55.184
1088.000	122.777	43.420	0.000	46.460
1090.000	122.683	39.728	0.000	43.922
1092.000	122.866	39.008	0.000	76.302
1094.000	122.737	41.658	0.000	98.076
1096.000	122.720	46.607	0.000	96.416
1098.000	122.834	49.039	0.000	94.595
1100.000	122.745	51.135	0.000	83.241
1102.000	122.713	53.116	0.000	73.214
1104.000	122.837	55.374	0.000	64.539
1106.000	122.745	56.078	0.000	58.589
1108.000	122.706	57.840	0.000	40.243
1110.000	122.857	59.377	0.000	37.952
1112.000	122.711	59.100	0.000	24.001
1114.000	122.733	60.529	0.000	12.384
1116.000	122.833	60.835	0.000	5.579
1118.000	122.718	60.851	0.000	-3.794
1120.000	122.731	61.274	0.000	-15.810
1122.000	122.831	61.913	0.000	-19.487
1124.000	122.715	61.245	0.000	-26.946
1126.000	122.733	61.925	0.000	-38.166
1128.000	122.841	62.497	0.000	-39.321
1130.000	122.688	61.627	0.000	-48.907
1132.000	122.759	62.747	0.000	-57.299
1134.000	122.813	62.221	0.000	-59.579
1136.000	122.706	62.062	0.000	-68.966
1138.000	122.738	62.007	0.000	-76.492
1140.000	122.838	62.516	0.000	-79.455
1142.000	122.672	61.185	0.000	-86.281
1144.000	122.781	61.860	0.000	-95.035
1146.000	122.803	60.950	0.000	-93.045
1148.000	122.680	60.105	0.000	-102.184
1150.000	122.781	60.361	0.000	-102.479
1152.000	122.792	59.793	0.000	-102.665
1154.000	122.682	59.474	0.000	-105.956
1156.000	122.779	60.076	0.000	-107.769
1158.000	122.798	60.157	0.000	-105.998
1160.000	122.659	60.000	0.000	-113.273
1162.000	122.819	61.269	0.000	-115.899
1164.000	122.755	60.731	0.000	-117.202
1166.000	122.683	61.038	0.000	-129.345
1168.000	122.816	61.441	0.000	-130.089
1170.000	122.735	60.655	0.000	-137.697
1172.000	122.698	60.525	0.000	-143.923
1174.000	122.809	60.569	0.000	-149.545
1176.000	122.734	59.845	0.000	-149.946
1178.000	122.696	59.353	0.000	-161.319
1180.000	122.826	59.550	0.000	-158.366
1182.000	122.700	57.856	0.000	-164.245
1184.000	122.725	57.938	0.000	-168.508
1186.000	122.805	57.107	0.000	-168.053
1188.000	122.704	55.983	0.000	-169.331
1190.000	122.718	55.485	0.000	-170.801
1192.000	122.819	55.223	0.000	-164.014
1194.000	122.676	54.250	0.000	-161.039
1196.000	122.747	55.213	0.000	-158.802
1198.000	122.809	55.802	0.000	-150.258
1200.000	122.653	56.103	0.000	-155.666
1202.000	122.792	57.798	0.000	-154.129
1204.000	122.761	57.792	0.000	-157.593
1206.000	122.683	58.310	0.000	-163.395
1208.000	122.773	59.082	0.000	-170.684
1210.000	122.778	59.140	0.000	-170.821
1212.000	122.657	58.659	0.000	177.452
1214.000	122.814	59.513	0.000	176.381
1216.000	122.725	58.413	0.000	173.180
1218.000	122.688	58.806	0.000	164.701
1220.000	122.810	58.736	0.000	164.641
1222.000	122.704	58.253	0.000	158.957
1224.000	122.704	58.191	0.000	152.753
1226.000	122.809	58.463	0.000	150.511
1228.000	122.686	57.380	0.000	145.801
1230.000	122.725	57.376	0.000	137.722
1232.000	122.803	57.003	0.000	138.032
1234.000	122.664	55.578	0.000	131.699
1236.000	122.766	55.631	0.000	129.509
1238.000	122.760	54.214	0.000	130.874
1240.000	122.687	53.403	0.000	130.487
1242.000	122.752	52.885	0.000	132.843
1244.000	122.775	52.826	0.000	140.123
1246.000	122.655	52.371	0.000	140.236
1248.000	122.798	53.707	0.000	146.304
1250.000	122.726	53.290	0.000	147.396
1252.000	122.684	54.373	0.000	142.817
1254.000	122.795	54.850	0.000	143.208
1256.000	122.707	54.771	0.000	139.537
1258.000	122.693	55.141	0.000	133.449
1260.000	122.807	55.571	0.000	133.172
1262.000	122.674	54.860	0.000	129.147
1264.000	122.725	55.407	0.000	122.864
1266.000	122.800	55.484	0.000	125.561
1268.000	122.646	54.773	0.000	117.268
1270.000	122.782	55.445	0.000	117.296
1272.000	122.738	54.530	0.000	114.991
1274.000	122.677	54.390	0.000	111.845
1276.000	122.774	54.514	0.000	109.722
1278.000	122.735	54.145	0.000	112.215
1280.000	122.671	53.793	0.000	106.577
1282.000	122.796	54.561	0.000	109.647
1284.000	122.696	53.706	0.000	108.405
1286.000	122.707	54.365	0.000	105.780
1288.000	122.776	54.219	0.000	107.074
1290.000	122.690	54.210	0.000	106.501
1292.000	122.712	54.714	0.000	103.264
1294.000	122.787	55.258	0.000	105.816
1296.000	122.655	55.100	0.000	101.565
1298.000	122.757	56.320	0.000	97.571
1300.000	122.757	56.602	0.000	98.608
1302.000	122.657	56.928	0.000	87.219
1304.000	122.782	57.744	0.000	86.566
1306.000	122.715	57.423	0.000	78.580
1308.000	122.678	57.501	0.000	71.876
1310.000	122.787	58.085	0.000	65.138
1312.000	122.690	57.332	0.000	61.938
1314.000	122.705	57.588	0.000	49.457
1316.000	122.784	57.369	0.000	49.634
1318.000	122.664	56.362	0.000	38.361
1320.000	122.738	56.417	0.000	34.083
1322.000	122.758	55.571	0.000	29.963
1324.000	122.662	54.746	0.000	23.548
1326.000	122.757	54.520	0.000	19.229
1328.000	122.741	53.632	0.000	18.396
1330.000	122.651	52.732	0.000	11.404
1332.000	122.807	52.873	0.000	11.560
1334.000	122.674	51.409	0.000	9.257
1336.000	122.710	51.387	0.000	4.360
1338.000	122.771	50.601	0.000	6.043
1340.000	122.669	49.825	0.000	2.327
1342.000	122.728	49.510	0.000	0.356
1344.000	122.765	49.252	0.000	1.518
1346.000	122.646	48.148	0.000	-2.347
1348.000	122.782	48.712	0.000	-2.459
1350.000	122.706	47.315	0.000	-1.633
1352.000	122.682	47.259	0.000	-6.355
1354.000	122.773	46.781	0.000	-4.052
1356.000	122.689	46.098	0.000	-5.499
1358.000	122.697	45.952	0.000	-8.513
1360.000	122.780	45.728	0.000	-6.152
1362.000	122.655	44.774	0.000	-8.806
1364.000	122.744	45.013	0.000	-10.554
1366.000	122.748	44.433	0.000	-7.072
1368.000	122.651	43.982	0.000	-12.982
1370.000	122.782	44.090	0.000	-8.833
1372.000	122.697	43.224	0.000	-11.469
1374.000	122.682	43.031	0.000	-12.203
1376.000	122.788	43.140	0.000	-12.243
1378.000	122.659	42.174	0.000	-11.937
1380.000	122.735	42.495	0.000	-15.509
1382.000	122.750	41.890	0.000	-10.920
1384.000	122.660	41.292	0.000	-15.666
1386.000	122.759	41.452	0.000	-14.009
1388.000	122.717	40.873	0.000	-14.392
1390.000	122.676	40.501	0.000	-15.700
1392.000	122.767	40.773	0.000	-15.167
1394.000	122.695	40.008	0.000	-13.814
1396.000	122.691	39.984	0.000	-17.682
1398.000	122.781	39.971	0.000	-13.707
1400.000	122.645	39.148	0.000	-16.679
1402.000	122.756	39.793	0.000	-16.425
1404.000	122.729	39.060	0.000	-15.163
1406.000	122.662	38.878	0.000	-16.561
1408.000	122.775	39.076	0.000	-17.644
1410.000	122.692	38.575	0.000	-14.746
1412.000	122.691	38.621	0.000	-20.707
1414.000	122.774	38.637	0.000	-15.318
1416.000	122.659	37.853	0.000	-19.031
1418.000	122.739	38.225	0.000	-17.990
1420.000	122.736	37.773	0.000	-17.642
1422.000	122.666	37.487	0.000	-19.680
1424.000	122.757	37.748	0.000	-20.164
1426.000	122.714	37.182	0.000	-18.874
1428.000	122.666	36.961	0.000	-22.897
1430.000	122.796	37.402	0.000	-19.365
1432.000	122.649	36.500	0.000	-21.286
1434.000	122.740	37.083	0.000	-22.582
1436.000	122.743	36.519	0.000	-21.678
1438.000	122.654	36.300	0.000	-23.504
1440.000	122.770	36.558	0.000	-24.539
1442.000	122.700	35.993	0.000	-21.797
1444.000	122.682	35.959	0.000	-27.475
1446.000	122.777	36.193	0.000	-22.578
1448.000	122.659	35.344	0.000	-26.869
1450.000	122.736	35.864	0.000	-25.699
1452.000	122.736	35.305	0.000	-25.761
1454.000	122.667	35.172	0.000	-27.664
1456.000	122.754	35.429	0.000	-27.486
1458.000	122.711	34.910	0.000	-26.748
1460.000	122.674	34.833	0.000	-29.369
1462.000	122.783	35.010	0.000	-27.247
1464.000	122.653	34.348	0.000	-30.598
1466.000	122.742	34.843	0.000	-29.960
1468.000	122.728	34.142	0.000	-30.485
1470.000	122.671	34.006	0.000	-30.766
1472.000	122.758	34.137	0.000	-32.099
1474.000	122.698	33.847	0.000	-29.951
1476.000	122.701	33.890	0.000	-34.087
1478.000	122.758	33.629	0.000	-30.571
1480.000	122.669	33.162	0.000	-33.944
1482.000	122.735	33.551	0.000	-32.682
1484.000	122.731	33.081	0.000	-33.336
1486.000	122.670	32.760	0.000	-34.489
1488.000	122.764	32.941	0.000	-34.118
1490.000	122.689	32.379	0.000	-33.739
1492.000	122.704	32.597	0.000	-36.130
1494.000	122.762	32.476	0.000	-32.755
1496.000	122.656	32.033	0.000	-36.680
1498.000	122.760	32.319	0.000	-33.874
1500.000	122.705	31.768	0.000	-35.468
1502.000	122.686	31.685	0.000	-36.478
1504.000	122.767	31.847	0.000	-34.987
1506.000	122.673	31.322	0.000	-34.876
1508.000	122.728	31.868	0.000	-36.687
1510.000	122.745	31.380	0.000	-32.261
1512.000	122.662	31.184	0.000	-37.043
1514.000	122.764	31.271	0.000	-34.116
1516.000	122.700	30.806	0.000	-34.860
1518.000	122.688	31.052	0.000	-37.222
1520.000	122.777	31.122	0.000	-34.277
1522.000	122.650	30.549	0.000	-37.028
1524.000	122.761	31.005	0.000	-37.652
1526.000	122.707	30.404	0.000	-35.473
1528.000	122.700	30.795	0.000	-39.055
1530.000	122.749	30.565	0.000	-34.144
1532.000	122.693	30.412	0.000	-37.122
1534.000	122.715	30.426	0.000	-37.753
1536.000	122.751	30.495	0.000	-35.545
1538.000	122.664	29.996	0.000	-38.606
1540.000	122.767	30.454	0.000	-37.405
1542.000	122.693	29.743	0.000	-37.748
1544.000	122.705	30.161	0.000	-38.980
1546.000	122.759	29.875	0.000	-37.126
1548.000	122.664	29.410	0.000	-37.806
1550.000	122.754	29.861	0.000	-39.279
1552.000	122.716	29.551	0.000	-36.147
1554.000	122.685	29.542	0.000	-40.020
1556.000	122.773	29.872	0.000	-37.367
1558.000	122.670	29.143	0.000	-40.352
1560.000	122.740	29.910	0.000	-39.948
1562.000	122.733	29.329	0.000	-38.587
1564.000	122.675	29.171	0.000	-40.317
1566.000	122.767	29.387	0.000	-40.555
1568.000	122.688	28.912	0.000	-39.325
1570.000	122.719	29.458	0.000	-42.407
1572.000	122.755	28.993	0.000	-38.440
1574.000	122.667	28.788	0.000	-42.057
1576.000	122.766	29.006	0.000	-39.577
1578.000	122.696	28.845	0.000	-39.697
1580.000	122.709	28.978	0.000	-41.261
1582.000	122.758	29.080	0.000	-38.549
1584.000	122.672	28.513	0.000	-40.565
1586.000	122.758	29.109	0.000	-40.892
1588.000	122.712	28.414	0.000	-38.295
1590.000	122.696	28.958	0.000	-42.655
1592.000	122.765	28.810	0.000	-40.668
1594.000	122.676	28.632	0.000	-42.543
1596.000	122.746	28.795	0.000	-42.020
1598.000	122.730	28.670	0.000	-40.410
1600.000	122.689	28.532	0.000	-44.078
1602.000	122.767	28.702	0.000	-42.338
1604.000	122.683	28.006	0.000	-43.874
1606.000	122.740	28.314	0.000	-43.653
1608.000	122.734	28.262	0.000	-43.602
1610.000	122.685	27.912	0.000	-44.542
1612.000	122.766	28.483	0.000	-42.973
1614.000	122.698	28.020	0.000	-41.783
1616.000	122.717	28.248	0.000	-44.613
1618.000	122.764	28.089	0.000	-41.766
1620.000	122.665	27.823	0.000	-46.794
1622.000	122.781	28.317	0.000	-42.382
1624.000	122.690	27.756	0.000	-43.343
1626.000	122.724	27.890	0.000	-45.874
1628.000	122.757	28.080	0.000	-42.347
1630.000	122.676	27.713	0.000	-45.493
1632.000	122.767	28.246	0.000	-43.367
1634.000	122.708	27.409	0.000	-45.059
1636.000	122.710	27.806	0.000	-47.318
1638.000	122.767	27.505	0.000	-45.561
1640.000	122.669	27.379	0.000	-45.775
1642.000	122.772	27.634	0.000	-45.538
1644.000	122.704	27.320	0.000	-44.782
1646.000	122.717	27.656	0.000	-46.606
1648.000	122.765	27.620	0.000	-43.605
1650.000	122.682	27.158	0.000	-48.007
1652.000	122.759	27.532	0.000	-44.699
1654.000	122.719	27.264	0.000	-45.260
1656.000	122.704	27.372	0.000	-45.546
1658.000	122.773	27.553	0.000	-44.874
1660.000	122.672	27.071	0.000	-44.684
1662.000	122.774	27.917	0.000	-43.544
1664.000	122.709	27.304	0.000	-42.779
1666.000	122.716	27.428	0.000	-45.485
1668.000	122.762	27.302	0.000	-44.130
1670.000	122.688	27.078	0.000	-44.879
1672.000	122.755	27.546	0.000	-45.347
1674.000	122.726	27.206	0.000	-42.812
1676.000	122.708	27.307	0.000	-46.129
1678.000	122.774	27.556	0.000	-41.050
1680.000	122.675	27.084	0.000	-45.012
1682.000	122.774	27.725	0.000	-42.236
1684.000	122.717	27.306	0.000	-41.514
1686.000	122.706	27.335	0.000	-44.446
1688.000	122.788	27.709	0.000	-42.134
1690.000	122.668	27.393	0.000	-43.354
1692.000	122.783	27.804	0.000	-41.795
1694.000	122.702	27.225	0.000	-43.074
1696.000	122.738	27.765	0.000	-42.890
1698.000	122.747	27.617	0.000	-41.501
1700.000	122.704	27.492	0.000	-41.415
1702.000	122.756	27.895	0.000	-42.539
1704.000	122.727	27.857	0.000	-40.450
1706.000	122.714	28.130	0.000	-43.562
1708.000	122.776	28.128	0.000	-42.331
1710.000	122.679	27.965	0.000	-44.692
1712.000	122.784	28.539	0.000	-41.837
1714.000	122.701	28.008	0.000	-43.777
1716.000	122.740	28.250	0.000	-45.180
1718.000	122.755	28.395	0.000	-43.099
1720.000	122.695	28.176	0.000	-45.810
1722.000	122.777	28.782	0.000	-43.765
1724.000	122.711	28.386	0.000	-44.535
1726.000	122.734	28.605	0.000	-46.265
1728.000	122.765	28.639	0.000	-44.790
1730.000	122.685	28.578	0.000	-46.924
1732.000	122.791	28.919	0.000	-45.297
1734.000	122.689	28.321	0.000	-45.757
1736.000	122.769	29.120	0.000	-46.887
1738.000	122.728	28.745	0.000	-45.190
1740.000	122.725	29.081	0.000	-48.069
1742.000	122.763	28.771	0.000	-44.679
1744.000	122.706	28.738	0.000	-47.346
1746.000	122.756	29.044	0.000	-48.048
1748.000	122.740	28.975	0.000	-44.684
1750.000	122.717	29.174	0.000	-49.004
1752.000	122.774	29.476	0.000	-46.952
1754.000	122.698	29.148	0.000	-50.219
1756.000	122.769	29.399	0.000	-48.679
1758.000	122.729	29.202	0.000	-48.719
1760.000	122.720	29.459	0.000	-50.730
1762.000	122.782	29.559	0.000	-49.065
1764.000	122.689	29.299	0.000	-50.614
1766.000	122.790	29.700	0.000	-49.804
1768.000	122.698	29.113	0.000	-49.723
1770.000	122.766	30.005	0.000	-50.792
1772.000	122.741	29.547	0.000	-49.311
1774.000	122.717	29.657	0.000	-52.700
1776.000	122.779	29.915	0.000	-50.872
1778.000	122.708	29.516	0.000	-53.121
1780.000	122.760	30.157	0.000	-52.047
1782.000	122.747	29.532	0.000	-52.196
1784.000	122.713	29.908	0.000	-54.240
1786.000	122.786	30.057	0.000	-52.629
1788.000	122.692	29.847	0.000	-53.161
1790.000	122.784	30.069	0.000	-53.384
1792.000	122.718	29.641	0.000	-51.973
1794.000	122.749	30.026	0.000	-55.114
1796.000	122.755	30.049	0.000	-52.516
1798.000	122.726	29.990	0.000	-56.360
1800.000	122.760	30.252	0.000	-54.156
1802.000	122.737	30.086	0.000	-56.218
1804.000	122.736	30.337	0.000	-55.567
1806.000	122.768	30.447	0.000	-54.304
1808.000	122.703	30.411	0.000	-57.826
1810.000	122.797	30.659	0.000	-55.923
1812.000	122.697	30.259	0.000	-57.864
1814.000	122.774	30.789	0.000	-56.251
1816.000	122.738	30.421	0.000	-56.410
1818.000	122.729	30.903	0.000	-57.547
1820.000	122.783	30.638	0.000	-56.247
1822.000	122.697	30.526	0.000	-58.936
1824.000	122.796	30.953	0.000	-56.639
1826.000	122.705	30.737	0.000	-58.366
1828.000	122.776	31.111	0.000	-58.468
1830.000	122.735	30.822	0.000	-58.359
1832.000	122.740	30.846	0.000	-58.416
1834.000	122.771	31.074	0.000	-58.369
1836.000	122.725	31.050	0.000	-60.257
1838.000	122.764	31.459	0.000	-59.477
1840.000	122.748	31.020	0.000	-60.320
1842.000	122.731	31.384	0.000	-61.552
1844.000	122.780	31.339	0.000	-59.765
1846.000	122.706	31.271	0.000	-60.636
1848.000	122.790	31.635	0.000	-59.691
1850.000	122.721	31.340	0.000	-60.045
1852.000	122.760	31.892	0.000	-61.830
1854.000	122.759	31.536	0.000	-60.466
1856.000	122.727	32.056	0.000	-62.125
1858.000	122.786	31.872	0.000	-61.017
1860.000	122.708	31.948	0.000	-62.050
1862.000	122.787	32.168	0.000	-61.473
1864.000	122.723	32.130	0.000	-61.361
1866.000	122.770	32.423	0.000	-61.851
1868.000	122.749	32.204	0.000	-61.580
1870.000	122.739	32.439	0.000	-64.040
1872.000	122.772	32.489	0.000	-62.157
1874.000	122.731	32.379	0.000	-63.615
1876.000	122.766	32.603	0.000	-63.442
1878.000	122.749	32.444	0.000	-63.108
1880.000	122.740	32.837	0.000	-64.610
1882.000	122.778	32.979	0.000	-62.804
1884.000	122.729	32.915	0.000	-64.737
1886.000	122.769	33.148	0.000	-63.891
1888.000	122.749	33.049	0.000	-64.171
1890.000	122.742	33.202	0.000	-65.025
1892.000	122.786	33.290	0.000	-63.426
1894.000	122.713	33.377	0.000	-65.802
1896.000	122.802	33.510	0.000	-62.339
1898.000	122.704	33.664	0.000	-65.179
1900.000	122.801	33.870	0.000	-62.818
1902.000	122.724	33.987	0.000	-65.203
1904.000	122.766	34.167	0.000	-64.272
1906.000	122.767	34.352	0.000	-64.093
1908.000	122.725	34.531	0.000	-64.692
1910.000	122.806	34.923	0.000	-64.063
1912.000	122.700	34.873	0.000	-65.991
1914.000	122.807	35.497	0.000	-65.466
1916.000	122.719	35.381	0.000	-65.303
1918.000	122.776	35.936	0.000	-68.169
1920.000	122.757	36.043	0.000	-66.445
1922.000	122.739	36.265	0.000	-71.122
1924.000	122.786	36.506	0.000	-69.227
1926.000	122.727	36.445	0.000	-72.707
1928.000	122.787	36.770	0.000	-73.279
1930.000	122.730	36.709	0.000	-74.504
1932.000	122.774	36.994	0.000	-77.307
1934.000	122.755	36.960	0.000	-76.418
1936.000	122.752	37.166	0.000	-79.622
1938.000	122.776	37.306	0.000	-78.426
1940.000	122.736	37.309	0.000	-82.372
1942.000	122.778	37.539	0.000	-81.716
1944.000	122.746	37.357	0.000	-83.775
1946.000	122.761	37.549	0.000	-85.546
1948.000	122.766	37.620	0.000	-84.736
1950.000	122.743	37.750	0.000	-89.077
1952.000	122.782	37.903	0.000	-87.139
1954.000	122.740	37.642	0.000	-91.380
1956.000	122.771	37.863	0.000	-90.452
1958.000	122.756	37.555	0.000	-92.174
1960.000	122.753	37.791	0.000	-94.090
1962.000	122.780	37.568	0.000	-94.078
1964.000	122.733	37.557	0.000	-96.895
1966.000	122.788	37.557	0.000	-94.694
1968.000	122.735	37.487	0.000	-98.816
1970.000	122.784	37.472	0.000	-95.910
1972.000	122.749	37.333	0.000	-98.868
1974.000	122.762	37.385	0.000	-97.020
1976.000	122.768	37.133	0.000	-97.476
1978.000	122.747	37.210	0.000	-97.192
1980.000	122.786	37.027	0.000	-95.690
1982.000	122.731	36.969	0.000	-96.229
1984.000	122.786	37.279	0.000	-93.858
1986.000	122.742	37.041	0.000	-93.395
1988.000	122.771	37.630	0.000	-92.787
1990.000	122.768	37.369	0.000	-91.003
1992.000	122.746	38.025	0.000	-91.061
1994.000	122.784	37.922	0.000	-89.398
1996.000	122.740	38.540	0.000	-90.683
1998.000	122.784	38.672	0.000	-89.766
2000.000	122.747	39.131	0.000	-89.830
