2000.000	122.831	14.081	0.000	-151.390
2.000	122.883	13.842	0.000	-159.429
4.000	123.099	14.279	0.000	-150.954
6.000	123.120	14.800	0.000	-149.646
8.000	122.965	14.420	0.000	-150.733
10.000	122.822	14.024	0.000	-152.816
12.000	122.922	14.451	0.000	-169.217
14.000	123.190	15.811	0.000	-176.834
16.000	123.114	14.779	0.000	-177.156
18.000	122.778	14.723	0.000	-176.259
20.000	122.874	15.008	0.000	177.906
22.000	123.152	16.342	0.000	-177.279
24.000	123.080	16.177	0.000	-178.874
26.000	122.940	15.322	0.000	171.660
28.000	122.904	15.042	0.000	159.176
30.000	122.901	14.854	0.000	154.007
32.000	123.104	15.944	0.000	154.825
34.000	123.170	16.763	0.000	154.719
36.000	122.843	15.419	0.000	155.668
38.000	122.795	15.817	0.000	131.210
40.000	123.137	16.200	0.000	137.750
42.000	123.155	15.554	0.000	152.381
44.000	122.918	14.400	0.000	142.023
46.000	122.850	14.786	0.000	129.561
48.000	122.961	15.026	0.000	135.322
50.000	123.127	14.915	0.000	128.441
52.000	123.092	14.855	0.000	121.024
54.000	122.851	15.081	0.000	111.962
56.000	122.868	15.277	0.000	108.338
58.000	123.084	15.468	0.000	117.833
60.000	123.113	15.547	0.000	116.099
62.000	122.987	14.256	0.000	118.281
64.000	122.832	13.529	0.000	114.083
66.000	122.911	15.659	0.000	101.010
68.000	123.202	16.063	0.000	104.490
70.000	123.099	14.771	0.000	104.031
72.000	122.759	13.282	0.000	98.068
74.000	122.927	15.239	0.000	96.763
76.000	123.155	15.753	0.000	97.533
78.000	123.038	14.971	0.000	93.474
80.000	122.951	14.272	0.000	85.370
82.000	122.891	13.140	0.000	87.890
84.000	122.923	13.819	0.000	91.441
86.000	123.176	14.996	0.000	87.566
88.000	123.088	14.335	0.000	87.484
90.000	122.761	13.764	0.000	87.208
92.000	122.928	13.919	0.000	73.848
94.000	123.177	14.910	0.000	75.056
96.000	123.059	14.507	0.000	78.229
98.000	122.882	14.227	0.000	70.896
100.000	122.865	14.621	0.000	62.620
102.000	123.049	15.590	0.000	61.038
104.000	123.161	15.309	0.000	59.532
106.000	122.943	14.413	0.000	51.842
108.000	122.828	14.882	0.000	42.855
110.000	123.007	15.350	0.000	40.771
112.000	123.100	14.968	0.000	39.676
114.000	123.062	15.340	0.000	45.139
116.000	122.883	14.362	0.000	37.768
118.000	122.825	14.423	0.000	25.121
120.000	123.153	16.079	0.000	30.137
122.000	123.169	14.818	0.000	40.221
124.000	122.800	14.957	0.000	30.308
126.000	122.881	15.198	0.000	14.130
128.000	123.117	15.259	0.000	22.823
130.000	123.056	15.243	0.000	23.947
132.000	122.983	14.672	0.000	18.177
134.000	122.876	14.468	0.000	18.237
136.000	122.914	15.482	0.000	10.023
138.000	123.175	16.837	0.000	11.114
140.000	123.068	16.162	0.000	14.379
142.000	122.786	14.533	0.000	-2.259
144.000	122.934	14.995	0.000	-13.982
146.000	123.142	15.886	0.000	-7.801
148.000	123.073	15.561	0.000	-7.633
150.000	122.869	14.887	0.000	-17.858
152.000	122.858	14.283	0.000	-24.066
154.000	123.106	15.528	0.000	-22.590
156.000	123.118	15.529	0.000	-27.389
158.000	122.891	14.892	0.000	-29.729
160.000	122.882	14.780	0.000	-35.743
162.000	123.006	15.048	0.000	-34.133
164.000	123.109	15.367	0.000	-33.884
166.000	123.043	15.013	0.000	-44.297
168.000	122.793	14.084	0.000	-51.681
170.000	122.939	15.124	0.000	-52.310
172.000	123.218	15.334	0.000	-50.742
174.000	122.999	14.093	0.000	-50.256
176.000	122.799	13.266	0.000	-56.156
178.000	122.984	15.567	0.000	-63.582
180.000	123.098	16.171	0.000	-58.065
182.000	123.046	15.724	0.000	-64.507
184.000	122.901	14.819	0.000	-61.535
186.000	122.866	13.798	0.000	-54.712
188.000	123.075	14.776	0.000	-65.592
190.000	123.130	15.936	0.000	-70.040
192.000	122.901	14.696	0.000	-75.682
194.000	122.823	14.885	0.000	-88.906
196.000	123.068	15.738	0.000	-90.528
198.000	123.158	16.248	0.000	-80.542
200.000	122.899	16.046	0.000	-83.927
202.000	122.828	16.554	0.000	-87.793
204.000	123.062	16.290	0.000	-85.568
206.000	123.104	15.704	0.000	-87.492
208.000	122.960	15.457	0.000	-78.371
210.000	122.864	15.004	0.000	-92.437
212.000	122.950	14.789	0.000	-95.448
214.000	123.134	16.371	0.000	-92.725
216.000	123.037	17.450	0.000	-88.125
218.000	122.806	15.732	0.000	-95.233
220.000	122.937	16.060	0.000	-105.163
222.000	123.160	17.188	0.000	-102.845
224.000	123.033	16.919	0.000	-100.575
226.000	122.804	16.119	0.000	-113.639
228.000	122.949	17.657	0.000	-117.982
230.000	123.136	17.807	0.000	-111.604
232.000	123.007	17.484	0.000	-112.699
234.000	122.884	17.335	0.000	-118.537
236.000	122.909	16.712	0.000	-119.987
238.000	123.047	18.233	0.000	-132.108
240.000	123.131	19.407	0.000	-130.040
242.000	122.865	18.241	0.000	-130.819
244.000	122.825	18.658	0.000	-147.999
246.000	123.156	20.053	0.000	-143.978
248.000	123.076	19.066	0.000	-134.947
250.000	122.841	18.260	0.000	-146.337
252.000	122.907	18.701	0.000	-153.321
254.000	123.055	19.627	0.000	-150.226
256.000	123.095	19.346	0.000	-155.662
258.000	122.900	19.043	0.000	-160.994
260.000	122.849	19.890	0.000	-168.101
262.000	123.067	20.535	0.000	-171.362
264.000	123.087	20.566	0.000	-167.826
266.000	122.931	19.798	0.000	-173.764
268.000	122.825	19.659	0.000	179.406
270.000	123.030	21.557	0.000	-179.724
272.000	123.179	21.847	0.000	-175.413
274.000	122.854	20.840	0.000	178.169
276.000	122.842	21.715	0.000	170.811
278.000	123.110	22.625	0.000	171.217
280.000	123.031	22.250	0.000	163.950
282.000	122.946	21.976	0.000	157.774
284.000	122.869	22.427	0.000	155.404
286.000	122.968	22.969	0.000	152.293
288.000	123.170	24.079	0.000	152.708
290.000	122.914	23.362	0.000	151.481
292.000	122.801	23.260	0.000	136.010
294.000	123.075	25.441	0.000	130.648
296.000	123.096	25.437	0.000	130.424
298.000	122.909	24.408	0.000	114.920
300.000	122.834	24.354	0.000	96.160
302.000	123.046	24.081	0.000	82.027
304.000	123.106	22.480	0.000	59.462
306.000	122.886	20.220	0.000	-11.581
308.000	122.878	23.384	0.000	-103.427
310.000	123.005	29.748	0.000	-141.231
312.000	123.094	34.001	0.000	-162.735
314.000	122.955	35.908	0.000	173.300
316.000	122.782	38.170	0.000	138.042
318.000	123.070	41.250	0.000	112.619
320.000	123.132	42.210	0.000	97.274
322.000	122.838	41.481	0.000	68.902
324.000	122.880	42.608	0.000	32.081
326.000	123.059	43.354	0.000	13.016
328.000	123.053	42.126	0.000	-11.072
330.000	122.906	41.107	0.000	-44.760
332.000	122.858	40.079	0.000	-73.827
334.000	123.033	39.240	0.000	-108.750
336.000	123.096	38.855	0.000	-135.514
338.000	122.884	36.868	0.000	-162.189
340.000	122.823	36.306	0.000	149.970
342.000	123.104	37.530	0.000	128.643
344.000	123.074	36.590	0.000	113.780
346.000	122.812	36.296	0.000	83.795
348.000	122.920	37.980	0.000	62.544
350.000	123.069	38.908	0.000	47.016
352.000	123.024	39.130	0.000	27.094
354.000	122.869	38.839	0.000	4.126
356.000	122.879	38.752	0.000	-23.942
358.000	123.090	38.588	0.000	-42.660
360.000	123.031	36.540	0.000	-57.693
362.000	122.833	32.896	0.000	-75.311
364.000	122.895	29.251	0.000	-84.686
366.000	123.120	28.156	0.000	-54.711
368.000	123.012	29.413	0.000	-33.971
370.000	122.770	32.274	0.000	-51.221
372.000	123.007	35.433	0.000	-61.536
374.000	123.082	36.076	0.000	-71.350
376.000	122.929	36.423	0.000	-92.951
378.000	122.886	36.825	0.000	-110.660
380.000	122.911	37.000	0.000	-133.885
382.000	123.125	37.924	0.000	-152.051
384.000	122.961	36.928	0.000	-165.915
386.000	122.770	35.554	0.000	156.510
388.000	123.058	36.435	0.000	129.775
390.000	123.073	35.301	0.000	112.937
392.000	122.882	33.329	0.000	76.862
394.000	122.848	33.481	0.000	39.538
396.000	123.041	33.885	0.000	11.988
398.000	123.065	34.016	0.000	-15.375
400.000	122.846	33.762	0.000	-46.020
402.000	122.896	34.170	0.000	-76.133
404.000	123.027	34.928	0.000	-98.586
406.000	123.053	34.706	0.000	-116.218
408.000	122.852	33.259	0.000	-137.898
410.000	122.848	33.099	0.000	-165.944
412.000	123.147	33.431	0.000	-177.800
414.000	122.968	31.564	0.000	172.271
416.000	122.799	29.401	0.000	147.616
418.000	122.987	29.301	0.000	133.097
420.000	123.052	27.768	0.000	125.225
422.000	122.950	25.149	0.000	107.489
424.000	122.834	23.032	0.000	91.987
426.000	122.963	20.303	0.000	80.236
428.000	123.087	17.555	0.000	72.125
430.000	122.915	14.218	0.000	77.811
432.000	122.798	12.115	0.000	91.374
434.000	123.054	10.876	0.000	127.475
436.000	123.070	11.076	0.000	170.452
438.000	122.808	11.057	0.000	169.774
440.000	122.909	12.949	0.000	178.695
442.000	123.049	12.842	0.000	-173.074
444.000	122.994	12.322	0.000	-171.450
446.000	122.842	12.441	0.000	178.685
448.000	122.900	13.656	0.000	161.661
450.000	123.084	13.867	0.000	162.330
452.000	122.958	13.790	0.000	164.939
454.000	122.810	13.443	0.000	154.865
456.000	122.952	14.658	0.000	159.003
458.000	123.115	15.797	0.000	160.668
460.000	122.863	15.447	0.000	159.150
462.000	122.826	15.400	0.000	144.384
464.000	123.074	15.149	0.000	142.204
466.000	122.973	14.123	0.000	141.923
468.000	122.892	14.719	0.000	126.654
470.000	122.854	14.591	0.000	116.610
472.000	123.040	15.014	0.000	109.099
474.000	123.039	14.655	0.000	122.532
476.000	122.763	13.942	0.000	117.131
478.000	122.960	12.482	0.000	110.017
480.000	123.075	12.033	0.000	98.138
482.000	122.903	12.273	0.000	120.430
484.000	122.815	12.246	0.000	117.918
486.000	123.009	11.059	0.000	107.422
488.000	123.039	10.873	0.000	127.587
490.000	122.845	12.254	0.000	133.288
492.000	122.878	12.368	0.000	134.346
494.000	123.006	12.882	0.000	115.994
496.000	123.031	12.881	0.000	111.386
498.000	122.800	11.561	0.000	118.908
500.000	122.898	11.360	0.000	125.804
502.000	123.109	12.945	0.000	126.557
504.000	122.887	12.141	0.000	132.644
506.000	122.816	10.727	0.000	108.944
508.000	123.005	12.000	0.000	124.385
510.000	123.017	11.900	0.000	136.900
512.000	122.860	11.400	0.000	115.856
514.000	122.860	10.764	0.000	117.889
516.000	123.006	11.453	0.000	112.862
518.000	123.025	12.142	0.000	128.095
520.000	122.785	11.815	0.000	111.697
522.000	122.912	13.737	0.000	98.105
524.000	123.100	13.163	0.000	109.256
526.000	122.859	10.691	0.000	92.384
528.000	122.840	11.242	0.000	69.776
530.000	122.986	11.678	0.000	77.039
532.000	123.019	11.160	0.000	99.965
534.000	122.838	11.308	0.000	83.153
536.000	122.865	12.051	0.000	70.473
538.000	123.033	12.248	0.000	84.611
540.000	122.962	11.658	0.000	91.892
542.000	122.805	11.058	0.000	90.207
544.000	122.914	11.380	0.000	72.435
546.000	123.101	11.695	0.000	87.784
548.000	122.818	11.461	0.000	98.696
550.000	122.854	10.787	0.000	86.401
552.000	123.028	11.277	0.000	84.539
554.000	122.950	10.395	0.000	81.329
556.000	122.852	10.752	0.000	101.165
558.000	122.861	10.708	0.000	90.885
560.000	123.061	11.105	0.000	77.362
562.000	122.914	11.661	0.000	87.731
564.000	122.782	10.428	0.000	86.265
566.000	122.996	10.277	0.000	86.000
568.000	123.025	10.311	0.000	70.685
570.000	122.795	10.638	0.000	73.427
572.000	122.889	11.275	0.000	77.190
574.000	123.028	11.443	0.000	97.260
576.000	122.917	10.351	0.000	128.133
578.000	122.817	10.685	0.000	116.749
580.000	122.928	11.679	0.000	71.312
582.000	123.039	11.534	0.000	71.070
584.000	122.841	9.248	0.000	93.356
586.000	122.822	9.875	0.000	97.809
588.000	123.037	12.120	0.000	95.322
590.000	122.957	11.849	0.000	105.213
592.000	122.761	11.055	0.000	87.552
594.000	122.976	11.540	0.000	96.390
596.000	122.989	12.966	0.000	106.745
598.000	122.864	12.203	0.000	91.614
600.000	122.836	12.500	0.000	87.820
602.000	122.973	12.952	0.000	86.703
604.000	123.009	13.249	0.000	70.301
606.000	122.751	11.864	0.000	58.846
608.000	122.940	13.137	0.000	65.668
610.000	123.026	13.337	0.000	75.446
612.000	122.841	12.586	0.000	80.050
614.000	122.822	14.007	0.000	77.301
616.000	123.011	13.908	0.000	76.252
618.000	122.939	13.273	0.000	75.536
620.000	122.807	13.764	0.000	72.057
622.000	122.899	13.933	0.000	69.613
624.000	123.011	15.445	0.000	53.695
626.000	122.880	15.678	0.000	48.633
628.000	122.777	14.854	0.000	46.021
630.000	123.031	15.204	0.000	39.572
632.000	122.944	14.680	0.000	38.289
634.000	122.771	14.685	0.000	40.271
636.000	122.934	14.971	0.000	38.167
638.000	122.994	14.805	0.000	39.400
640.000	122.843	14.488	0.000	32.985
642.000	122.833	14.581	0.000	30.736
644.000	122.962	15.086	0.000	28.491
646.000	122.983	16.511	0.000	21.371
648.000	122.746	15.142	0.000	12.975
650.000	122.937	16.634	0.000	14.827
652.000	123.017	17.116	0.000	19.573
654.000	122.802	17.011	0.000	14.310
656.000	122.844	18.158	0.000	6.513
658.000	122.989	18.556	0.000	-1.259
660.000	122.919	18.373	0.000	-6.716
662.000	122.782	17.866	0.000	-13.021
664.000	122.929	17.745	0.000	-19.797
666.000	122.980	18.131	0.000	-20.734
668.000	122.836	17.036	0.000	-25.037
670.000	122.798	16.609	0.000	-28.006
672.000	123.053	17.333	0.000	-33.002
674.000	122.859	16.670	0.000	-27.646
676.000	122.793	17.016	0.000	-40.651
678.000	122.961	18.316	0.000	-34.754
680.000	122.942	17.460	0.000	-36.728
682.000	122.811	17.489	0.000	-38.922
684.000	122.852	17.986	0.000	-45.842
686.000	122.996	18.321	0.000	-52.914
688.000	122.874	17.490	0.000	-51.703
690.000	122.762	18.089	0.000	-55.672
692.000	123.002	19.736	0.000	-53.313
694.000	122.925	18.268	0.000	-54.364
696.000	122.766	17.967	0.000	-66.292
698.000	122.919	18.338	0.000	-65.268
700.000	122.960	18.165	0.000	-67.240
702.000	122.833	17.811	0.000	-75.769
704.000	122.811	18.419	0.000	-79.256
706.000	122.986	18.591	0.000	-73.885
708.000	122.892	17.817	0.000	-69.555
710.000	122.772	17.736	0.000	-77.010
712.000	122.924	19.840	0.000	-83.224
714.000	122.993	19.663	0.000	-79.635
716.000	122.735	18.672	0.000	-91.164
718.000	122.916	19.666	0.000	-91.617
720.000	122.942	19.378	0.000	-87.423
722.000	122.858	19.441	0.000	-98.379
724.000	122.788	19.653	0.000	-103.141
726.000	122.962	20.052	0.000	-103.489
728.000	122.924	20.069	0.000	-100.691
730.000	122.750	19.560	0.000	-108.460
732.000	122.914	20.790	0.000	-112.265
734.000	122.975	20.732	0.000	-107.906
736.000	122.762	19.662	0.000	-117.881
738.000	122.866	20.655	0.000	-126.244
740.000	122.962	20.394	0.000	-123.425
742.000	122.845	19.915	0.000	-123.228
744.000	122.787	19.334	0.000	-125.836
746.000	122.941	20.357	0.000	-130.165
748.000	122.926	19.849	0.000	-129.327
750.000	122.751	19.284	0.000	-133.891
752.000	122.893	20.558	0.000	-137.766
754.000	122.977	20.942	0.000	-131.862
756.000	122.757	20.347	0.000	-141.679
758.000	122.859	20.750	0.000	-148.210
760.000	122.962	20.033	0.000	-138.948
762.000	122.828	19.630	0.000	-143.563
764.000	122.797	19.723	0.000	-147.186
766.000	122.919	20.415	0.000	-151.359
768.000	122.941	20.514	0.000	-150.188
770.000	122.721	19.891	0.000	-158.543
772.000	122.923	20.593	0.000	-158.200
774.000	122.939	19.868	0.000	-153.872
776.000	122.767	19.046	0.000	-160.381
778.000	122.843	19.815	0.000	-158.465
780.000	122.964	20.020	0.000	-155.909
782.000	122.809	19.866	0.000	-159.324
784.000	122.796	20.267	0.000	-167.162
786.000	122.927	20.857	0.000	-170.815
788.000	122.903	20.447	0.000	-169.777
790.000	122.729	19.638	0.000	-175.869
792.000	122.923	20.433	0.000	177.404
794.000	122.928	19.862	0.000	-177.565
796.000	122.739	18.396	0.000	177.151
798.000	122.879	18.033	0.000	173.320
800.000	122.931	16.367	0.000	175.323
802.000	122.796	14.810	0.000	167.596
804.000	122.800	13.006	0.000	167.210
806.000	122.941	13.146	0.000	-58.415
808.000	122.863	17.247	0.000	-36.659
810.000	122.730	23.433	0.000	-48.060
812.000	122.961	27.639	0.000	-46.183
814.000	122.867	30.029	0.000	-54.420
816.000	122.748	34.356	0.000	-67.541
818.000	122.893	38.031	0.000	-75.872
820.000	122.913	40.824	0.000	-88.312
822.000	122.764	43.179	0.000	-107.605
824.000	122.830	46.005	0.000	-128.332
826.000	122.941	47.865	0.000	-142.888
828.000	122.801	48.387	0.000	-160.908
830.000	122.768	49.809	0.000	174.100
832.000	122.967	51.493	0.000	163.616
834.000	122.813	50.995	0.000	149.897
836.000	122.758	52.327	0.000	124.793
838.000	122.934	53.255	0.000	116.726
840.000	122.845	53.002	0.000	99.132
842.000	122.771	53.507	0.000	83.545
844.000	122.851	54.229	0.000	65.732
846.000	122.941	55.036	0.000	56.280
848.000	122.723	54.096	0.000	38.616
850.000	122.858	55.544	0.000	17.934
852.000	122.931	55.448	0.000	12.629
854.000	122.758	54.583	0.000	-9.323
856.000	122.803	55.396	0.000	-25.470
858.000	122.938	55.212	0.000	-37.193
860.000	122.788	54.402	0.000	-52.717
862.000	122.781	53.914	0.000	-69.713
864.000	122.898	54.105	0.000	-80.738
866.000	122.868	53.330	0.000	-87.660
868.000	122.710	52.655	0.000	-106.213
870.000	122.929	53.477	0.000	-116.814
872.000	122.860	52.449	0.000	-122.591
874.000	122.731	51.518	0.000	-141.289
876.000	122.877	52.116	0.000	-147.861
878.000	122.885	51.054	0.000	-154.165
880.000	122.750	50.777	0.000	-165.749
882.000	122.821	50.693	0.000	-174.057
884.000	122.917	51.375	0.000	179.861
886.000	122.765	50.433	0.000	175.458
888.000	122.782	51.465	0.000	159.549
890.000	122.951	51.997	0.000	162.050
892.000	122.753	51.541	0.000	148.704
894.000	122.784	53.044	0.000	137.853
896.000	122.907	54.022	0.000	128.538
898.000	122.810	54.161	0.000	115.701
900.000	122.750	54.617	0.000	95.637
902.000	122.887	55.271	0.000	82.027
904.000	122.855	54.828	0.000	70.369
906.000	122.711	53.990	0.000	51.437
908.000	122.897	54.921	0.000	37.472
910.000	122.864	53.999	0.000	32.329
912.000	122.716	53.367	0.000	10.015
914.000	122.867	54.091	0.000	0.927
916.000	122.866	53.374	0.000	-11.499
918.000	122.745	53.137	0.000	-29.338
920.000	122.810	53.187	0.000	-47.396
922.000	122.903	53.456	0.000	-62.416
924.000	122.744	52.099	0.000	-78.814
926.000	122.789	52.225	0.000	-108.954
928.000	122.924	51.983	0.000	-117.642
930.000	122.735	50.005	0.000	-145.092
932.000	122.790	50.195	0.000	-167.611
934.000	122.892	49.507	0.000	173.113
936.000	122.778	48.790	0.000	151.821
938.000	122.758	48.475	0.000	125.107
940.000	122.882	48.945	0.000	108.419
942.000	122.815	48.214	0.000	92.710
944.000	122.713	48.271	0.000	69.755
946.000	122.912	49.610	0.000	57.266
948.000	122.800	49.038	0.000	48.223
950.000	122.731	49.895	0.000	25.358
952.000	122.875	51.014	0.000	19.239
954.000	122.821	51.006	0.000	3.434
956.000	122.734	51.705	0.000	-11.468
958.000	122.834	52.532	0.000	-29.404
960.000	122.872	53.118	0.000	-38.119
962.000	122.697	52.161	0.000	-58.430
964.000	122.857	53.386	0.000	-74.553
966.000	122.854	52.320	0.000	-80.812
968.000	122.720	51.305	0.000	-101.042
970.000	122.820	51.332	0.000	-109.120
972.000	122.868	50.637	0.000	-115.768
974.000	122.722	49.875	0.000	-125.510
976.000	122.806	50.104	0.000	-134.957
978.000	122.867	50.283	0.000	-138.532
980.000	122.743	49.639	0.000	-146.754
982.000	122.769	50.624	0.000	-160.418
984.000	122.909	51.133	0.000	-162.470
986.000	122.709	50.342	0.000	-177.924
988.000	122.797	51.505	0.000	168.709
990.000	122.861	51.209	0.000	161.154
992.000	122.752	50.704	0.000	144.910
994.000	122.756	50.509	0.000	131.253
996.000	122.876	50.615	0.000	118.704
998.000	122.763	49.408	0.000	111.170
1000.000	122.727	48.790	0.000	88.991
1002.000	122.909	48.869	0.000	87.475
1004.000	122.731	46.529	0.000	74.041
1006.000	122.758	46.249	0.000	62.447
1008.000	122.862	45.327	0.000	58.077
1010.000	122.769	44.462	0.000	52.482
1012.000	122.730	44.052	0.000	39.649
1014.000	122.866	44.310	0.000	32.919
1016.000	122.782	43.087	0.000	23.348
1018.000	122.703	42.169	0.000	5.820
1020.000	122.895	42.208	0.000	-4.389
1022.000	122.754	39.585	0.000	-12.481
1024.000	122.732	36.905	0.000	-33.961
1026.000	122.858	33.791	0.000	-29.424
1028.000	122.773	28.918	0.000	-1.827
1030.000	122.722	31.551	0.000	30.664
1032.000	122.847	35.841	0.000	29.457
1034.000	122.797	37.291	0.000	24.740
1036.000	122.692	38.266	0.000	3.043
1038.000	122.881	39.804	0.000	-3.463
1040.000	122.760	38.435	0.000	-10.890
1042.000	122.722	38.533	0.000	-24.031
1044.000	122.848	38.654	0.000	-21.290
1046.000	122.777	38.870	0.000	-20.811
1048.000	122.718	40.265	0.000	-24.909
1050.000	122.833	42.797	0.000	-30.335
1052.000	122.799	43.915	0.000	-37.777
1054.000	122.688	45.225	0.000	-58.980
1056.000	122.870	46.961	0.000	-71.861
1058.000	122.763	46.461	0.000	-83.550
1060.000	122.717	46.788	0.000	-108.092
1062.000	122.840	47.074	0.000	-115.545
1064.000	122.774	45.861	0.000	-129.646
1066.000	122.714	45.555	0.000	-140.461
1068.000	122.824	45.704	0.000	-151.140
1070.000	122.801	45.612	0.000	-153.393
1072.000	122.679	45.145	0.000	-171.791
1074.000	122.869	46.209	0.000	-176.414
1076.000	122.753	44.620	0.000	175.282
1078.000	122.718	44.776	0.000	160.631
1080.000	122.832	44.308	0.000	155.120
1082.000	122.771	43.300	0.000	151.991
1084.000	122.707	43.196	0.000	148.664
1086.000	122.831	44.565	0.000	148.729
1088.000	122.779	45.289	0.000	145.120
1090.000	122.683	46.584	0.000	129.758
1092.000	122.867	48.652	0.000	121.482
1094.000	122.737	48.298	0.000	108.118
1096.000	122.721	49.271	0.000	84.603
1098.000	122.835	49.278	0.000	75.316
1100.000	122.746	48.546	0.000	56.233
1102.000	122.713	47.964	0.000	39.877
1104.000	122.837	47.527	0.000	24.807
1106.000	122.746	45.877	0.000	17.208
1108.000	122.706	44.187	0.000	-0.668
1110.000	122.858	43.678	0.000	-0.052
1112.000	122.711	41.262	0.000	-4.269
1114.000	122.734	41.337	0.000	-7.458
1116.000	122.833	41.094	0.000	-6.186
1118.000	122.718	40.973	0.000	-9.833
1120.000	122.732	41.330	0.000	-18.285
1122.000	122.832	42.012	0.000	-20.403
1124.000	122.716	41.359	0.000	-27.493
1126.000	122.733	41.824	0.000	-40.106
1128.000	122.842	42.103	0.000	-42.110
1130.000	122.689	40.831	0.000	-49.432
1132.000	122.760	41.851	0.000	-55.207
1134.000	122.813	41.527	0.000	-55.586
1136.000	122.707	41.899	0.000	-64.139
1138.000	122.739	42.381	0.000	-71.869
1140.000	122.838	43.390	0.000	-76.671
1142.000	122.673	42.330	0.000	-86.027
1144.000	122.782	43.273	0.000	-96.976
1146.000	122.804	42.550	0.000	-95.301
1148.000	122.680	42.289	0.000	-103.776
1150.000	122.783	43.393	0.000	-103.848
1152.000	122.793	44.043	0.000	-106.024
1154.000	122.683	45.107	0.000	-114.306
1156.000	122.780	46.930	0.000	-123.155
1158.000	122.799	47.874	0.000	-129.684
1160.000	122.659	48.533	0.000	-147.470
1162.000	122.821	50.349	0.000	-159.637
1164.000	122.756	50.168	0.000	-170.022
1166.000	122.683	50.845	0.000	166.919
1168.000	122.817	51.519	0.000	157.392
1170.000	122.735	50.984	0.000	139.236
1172.000	122.699	51.065	0.000	122.459
1174.000	122.810	51.199	0.000	104.965
1176.000	122.736	50.488	0.000	94.437
1178.000	122.696	49.854	0.000	68.750
1180.000	122.827	49.940	0.000	60.670
1182.000	122.700	47.951	0.000	41.419
1184.000	122.726	47.751	0.000	22.992
1186.000	122.805	46.714	0.000	8.780
1188.000	122.705	45.405	0.000	-9.619
1190.000	122.720	44.760	0.000	-33.468
1192.000	122.820	44.349	0.000	-49.208
1194.000	122.677	43.113	0.000	-74.481
1196.000	122.747	43.675	0.000	-102.851
1198.000	122.810	44.013	0.000	-119.056
1200.000	122.654	44.115	0.000	-151.150
1202.000	122.793	45.887	0.000	-168.586
1204.000	122.761	46.205	0.000	169.787
1206.000	122.685	47.183	0.000	149.531
1208.000	122.773	48.553	0.000	127.275
1210.000	122.779	49.064	0.000	115.874
1212.000	122.657	49.129	0.000	89.807
1214.000	122.815	50.311	0.000	77.860
1216.000	122.725	49.476	0.000	63.508
1218.000	122.688	50.047	0.000	43.454
1220.000	122.812	50.080	0.000	34.202
1222.000	122.704	49.637	0.000	19.430
1224.000	122.705	49.544	0.000	4.465
1226.000	122.810	49.798	0.000	-5.467
1228.000	122.687	48.714	0.000	-16.898
1230.000	122.726	48.743	0.000	-31.779
1232.000	122.804	48.490	0.000	-36.754
1234.000	122.664	47.336	0.000	-48.996
1236.000	122.768	47.839	0.000	-56.647
1238.000	122.760	47.021	0.000	-61.563
1240.000	122.688	47.114	0.000	-70.510
1242.000	122.752	47.405	0.000	-79.704
1244.000	122.777	47.880	0.000	-83.795
1246.000	122.655	47.606	0.000	-99.908
1248.000	122.800	48.738	0.000	-107.646
1250.000	122.726	47.800	0.000	-118.663
1252.000	122.685	48.175	0.000	-135.772
1254.000	122.795	48.022	0.000	-145.386
1256.000	122.708	47.262	0.000	-158.877
1258.000	122.695	46.889	0.000	-174.985
1260.000	122.807	46.623	0.000	175.746
1262.000	122.675	45.119	0.000	162.644
1264.000	122.725	44.604	0.000	146.038
1266.000	122.802	43.801	0.000	140.745
1268.000	122.646	41.676	0.000	125.444
1270.000	122.783	41.013	0.000	118.582
1272.000	122.738	38.817	0.000	113.793
1274.000	122.679	37.536	0.000	108.282
1276.000	122.774	36.850	0.000	105.253
1278.000	122.735	36.154	0.000	106.526
1280.000	122.672	35.550	0.000	97.550
1282.000	122.796	36.116	0.000	96.527
1284.000	122.697	35.004	0.000	90.398
1286.000	122.709	35.205	0.000	81.044
1288.000	122.776	34.582	0.000	76.850
1290.000	122.691	33.961	0.000	70.288
1292.000	122.713	33.634	0.000	61.679
1294.000	122.787	33.478	0.000	61.074
1296.000	122.656	32.512	0.000	52.998
1298.000	122.757	33.231	0.000	45.643
1300.000	122.758	33.265	0.000	43.136
1302.000	122.658	33.420	0.000	28.137
1304.000	122.783	34.139	0.000	23.623
1306.000	122.715	33.635	0.000	9.108
1308.000	122.680	33.470	0.000	-3.577
1310.000	122.787	33.557	0.000	-19.042
1312.000	122.691	32.331	0.000	-28.473
1314.000	122.706	31.582	0.000	-49.862
1316.000	122.785	30.727	0.000	-55.937
1318.000	122.665	28.631	0.000	-72.815
1320.000	122.739	27.487	0.000	-81.352
1322.000	122.758	25.686	0.000	-90.146
1324.000	122.664	23.567	0.000	-98.620
1326.000	122.757	22.453	0.000	-107.022
1328.000	122.742	21.215	0.000	-110.272
1330.000	122.651	19.564	0.000	-115.058
1332.000	122.807	18.630	0.000	-114.784
1334.000	122.674	16.249	0.000	-119.076
1336.000	122.712	15.881	0.000	-123.278
1338.000	122.771	15.562	0.000	-115.731
1340.000	122.670	14.710	0.000	-118.848
1342.000	122.729	14.304	0.000	-114.020
1344.000	122.765	13.726	0.000	-111.506
1346.000	122.647	12.271	0.000	-119.072
1348.000	122.783	11.617	0.000	-134.337
1350.000	122.706	10.875	0.000	-127.014
1352.000	122.683	12.157	0.000	-106.687
1354.000	122.773	13.018	0.000	-105.378
1356.000	122.690	10.926	0.000	-98.662
1358.000	122.698	12.770	0.000	-110.032
1360.000	122.780	13.612	0.000	-112.150
1362.000	122.656	13.171	0.000	-114.585
1364.000	122.744	13.295	0.000	-113.470
1366.000	122.749	13.195	0.000	-111.465
1368.000	122.651	14.172	0.000	-118.227
1370.000	122.783	14.428	0.000	-121.340
1372.000	122.696	13.526	0.000	-133.616
1374.000	122.683	13.827	0.000	-137.261
1376.000	122.788	15.251	0.000	-136.461
1378.000	122.660	15.254	0.000	-142.360
1380.000	122.735	15.177	0.000	-151.484
1382.000	122.750	15.262	0.000	-155.901
1384.000	122.661	14.933	0.000	-167.536
1386.000	122.759	14.911	0.000	-170.846
1388.000	122.716	14.948	0.000	-164.053
1390.000	122.676	15.088	0.000	-170.537
1392.000	122.766	15.558	0.000	-174.689
1394.000	122.696	14.488	0.000	-177.709
1396.000	122.691	14.482	0.000	165.657
1398.000	122.781	14.335	0.000	166.368
1400.000	122.645	13.512	0.000	158.264
1402.000	122.755	14.936	0.000	152.444
1404.000	122.728	14.982	0.000	150.096
1406.000	122.662	15.196	0.000	135.495
1408.000	122.774	14.568	0.000	131.309
1410.000	122.692	13.349	0.000	133.018
1412.000	122.691	13.646	0.000	130.053
1414.000	122.773	13.523	0.000	138.855
1416.000	122.659	13.163	0.000	126.345
1418.000	122.739	13.854	0.000	119.134
1420.000	122.735	13.170	0.000	112.926
1422.000	122.666	12.168	0.000	114.260
1424.000	122.756	12.805	0.000	113.051
1426.000	122.714	12.464	0.000	114.161
1428.000	122.665	11.321	0.000	116.489
1430.000	122.796	11.846	0.000	113.308
1432.000	122.649	12.668	0.000	118.215
1434.000	122.740	12.930	0.000	113.520
1436.000	122.742	11.334	0.000	109.385
1438.000	122.654	11.386	0.000	98.143
1440.000	122.769	11.395	0.000	104.888
1442.000	122.700	10.847	0.000	90.638
1444.000	122.682	11.572	0.000	84.675
1446.000	122.776	12.361	0.000	93.613
1448.000	122.658	11.131	0.000	82.349
1450.000	122.736	11.317	0.000	83.510
1452.000	122.734	11.567	0.000	74.167
1454.000	122.667	12.874	0.000	78.724
1456.000	122.753	12.766	0.000	89.091
1458.000	122.710	11.964	0.000	76.670
1460.000	122.674	12.067	0.000	60.266
1462.000	122.783	11.096	0.000	59.044
1464.000	122.652	10.398	0.000	69.863
1466.000	122.742	10.951	0.000	52.377
1468.000	122.727	11.131	0.000	30.235
1470.000	122.670	10.901	0.000	41.360
1472.000	122.757	10.679	0.000	45.302
1474.000	122.698	10.353	0.000	45.846
1476.000	122.700	11.473	0.000	27.281
1478.000	122.757	11.630	0.000	28.800
1480.000	122.668	10.635	0.000	53.357
1482.000	122.734	10.896	0.000	26.456
1484.000	122.730	11.831	0.000	6.936
1486.000	122.670	10.670	0.000	-1.981
1488.000	122.762	9.809	0.000	13.757
1490.000	122.688	9.630	0.000	12.094
1492.000	122.703	9.981	0.000	-0.098
1494.000	122.761	10.013	0.000	-17.637
1496.000	122.654	10.997	0.000	-23.993
1498.000	122.760	10.886	0.000	-6.477
1500.000	122.703	9.152	0.000	-14.107
1502.000	122.685	10.224	0.000	-15.795
1504.000	122.765	10.788	0.000	-25.453
1506.000	122.672	10.926	0.000	-48.340
1508.000	122.726	10.846	0.000	-46.546
1510.000	122.744	10.432	0.000	-36.366
1512.000	122.661	9.925	0.000	-108.497
1514.000	122.762	10.303	0.000	-83.968
1516.000	122.699	9.014	0.000	-49.531
1518.000	122.688	9.802	0.000	-64.288
1520.000	122.775	10.874	0.000	-70.539
1522.000	122.649	10.011	0.000	-77.986
1524.000	122.760	10.318	0.000	-63.700
1526.000	122.705	10.618	0.000	-74.251
1528.000	122.699	10.437	0.000	-112.511
1530.000	122.748	11.050	0.000	-83.776
1532.000	122.691	11.985	0.000	-87.595
1534.000	122.713	11.731	0.000	-108.162
1536.000	122.750	10.327	0.000	-105.787
1538.000	122.663	10.377	0.000	-95.217
1540.000	122.765	10.623	0.000	-104.099
1542.000	122.693	9.606	0.000	-97.797
1544.000	122.703	9.849	0.000	-97.964
1546.000	122.757	10.686	0.000	-134.967
1548.000	122.663	10.851	0.000	-145.597
1550.000	122.752	10.554	0.000	-147.660
1552.000	122.714	9.502	0.000	-141.132
1554.000	122.684	9.326	0.000	-136.512
1556.000	122.771	11.294	0.000	-133.625
1558.000	122.668	11.447	0.000	-143.169
1560.000	122.737	10.429	0.000	-152.627
1562.000	122.731	9.859	0.000	-154.977
1564.000	122.674	8.995	0.000	-161.750
1566.000	122.764	9.687	0.000	-163.164
1568.000	122.686	11.168	0.000	-162.258
1570.000	122.718	11.032	0.000	-150.266
1572.000	122.753	10.449	0.000	-148.103
1574.000	122.665	10.324	0.000	-179.752
1576.000	122.764	10.252	0.000	153.165
1578.000	122.694	8.867	0.000	173.745
1580.000	122.706	9.158	0.000	-165.325
1582.000	122.757	9.334	0.000	179.126
1584.000	122.670	9.832	0.000	163.500
1586.000	122.755	10.382	0.000	165.245
1588.000	122.711	9.913	0.000	-177.680
1590.000	122.695	9.452	0.000	154.683
1592.000	122.762	8.784	0.000	174.607
1594.000	122.674	9.552	0.000	170.686
1596.000	122.745	11.075	0.000	146.327
1598.000	122.727	10.332	0.000	169.595
1600.000	122.686	9.324	0.000	134.747
1602.000	122.766	8.571	0.000	142.493
1604.000	122.681	9.585	0.000	143.897
1606.000	122.737	9.628	0.000	148.987
1608.000	122.732	10.034	0.000	-163.806
1610.000	122.684	9.683	0.000	133.886
1612.000	122.762	10.291	0.000	124.299
1614.000	122.696	9.481	0.000	151.617
1616.000	122.715	9.550	0.000	155.938
1618.000	122.761	10.136	0.000	-110.609
1620.000	122.661	10.564	0.000	164.957
1622.000	122.779	9.145	0.000	141.628
1624.000	122.687	9.088	0.000	164.530
1626.000	122.721	9.680	0.000	161.110
1628.000	122.754	9.547	0.000	128.309
1630.000	122.675	9.153	0.000	106.729
1632.000	122.764	8.547	0.000	-147.751
1634.000	122.705	8.930	0.000	-145.319
1636.000	122.708	8.938	0.000	115.187
1638.000	122.765	10.399	0.000	130.203
1640.000	122.666	9.661	0.000	110.735
1642.000	122.769	9.495	0.000	87.930
1644.000	122.703	10.148	0.000	108.998
1646.000	122.714	9.905	0.000	134.829
1648.000	122.761	10.155	0.000	147.923
1650.000	122.680	10.883	0.000	157.940
1652.000	122.756	10.640	0.000	108.128
1654.000	122.715	9.017	0.000	80.104
1656.000	122.701	9.191	0.000	126.719
1658.000	122.771	9.237	0.000	141.690
1660.000	122.669	9.367	0.000	119.285
1662.000	122.770	8.860	0.000	141.631
1664.000	122.707	8.625	0.000	151.750
1666.000	122.713	8.221	0.000	-23.980
1668.000	122.757	8.226	0.000	-5.272
1670.000	122.685	8.032	0.000	49.795
1672.000	122.753	8.846	0.000	-60.095
1674.000	122.722	9.215	0.000	163.797
1676.000	122.704	9.561	0.000	134.047
1678.000	122.771	8.535	0.000	122.336
1680.000	122.673	8.546	0.000	116.988
1682.000	122.770	9.779	0.000	178.345
1684.000	122.713	9.740	0.000	177.891
1686.000	122.704	9.593	0.000	137.990
1688.000	122.785	9.616	0.000	127.572
1690.000	122.664	9.331	0.000	44.263
1692.000	122.780	9.309	0.000	127.658
1694.000	122.699	9.538	0.000	137.358
1696.000	122.734	9.152	0.000	133.161
1698.000	122.743	9.522	0.000	-170.131
1700.000	122.702	8.621	0.000	-105.939
1702.000	122.752	8.735	0.000	-109.577
1704.000	122.723	9.791	0.000	-115.633
1706.000	122.710	10.067	0.000	113.725
1708.000	122.774	10.354	0.000	178.871
1710.000	122.675	10.078	0.000	130.905
1712.000	122.779	9.987	0.000	-152.047
1714.000	122.697	8.962	0.000	-170.688
1716.000	122.737	8.567	0.000	175.839
1718.000	122.751	9.420	0.000	172.399
1720.000	122.690	9.497	0.000	149.636
1722.000	122.773	8.376	0.000	151.758
1724.000	122.708	7.922	0.000	-155.412
1726.000	122.728	8.779	0.000	-177.467
1728.000	122.760	9.612	0.000	-156.154
1730.000	122.682	9.903	0.000	-171.995
1732.000	122.786	9.960	0.000	-167.375
1734.000	122.684	10.114	0.000	168.053
1736.000	122.765	9.382	0.000	-164.258
1738.000	122.725	9.381	0.000	163.989
1740.000	122.720	9.076	0.000	-161.832
1742.000	122.758	10.040	0.000	-102.346
1744.000	122.702	9.325	0.000	45.975
1746.000	122.752	9.260	0.000	131.669
1748.000	122.735	9.529	0.000	165.302
1750.000	122.711	9.275	0.000	137.839
1752.000	122.771	9.779	0.000	-120.086
1754.000	122.694	9.282	0.000	-173.246
1756.000	122.764	9.567	0.000	149.347
1758.000	122.724	10.544	0.000	37.930
1760.000	122.716	10.156	0.000	155.337
1762.000	122.777	10.138	0.000	170.759
1764.000	122.684	9.978	0.000	157.494
1766.000	122.785	9.424	0.000	-177.499
1768.000	122.695	9.260	0.000	-156.628
1770.000	122.761	9.793	0.000	110.290
1772.000	122.735	9.853	0.000	90.712
1774.000	122.713	9.617	0.000	126.763
1776.000	122.775	9.676	0.000	138.008
1778.000	122.703	9.736	0.000	150.167
1780.000	122.755	9.399	0.000	143.893
1782.000	122.742	9.153	0.000	148.953
1784.000	122.708	9.928	0.000	131.110
1786.000	122.781	9.850	0.000	128.677
1788.000	122.686	7.963	0.000	119.890
1790.000	122.778	7.953	0.000	117.852
1792.000	122.714	8.692	0.000	175.439
1794.000	122.743	9.419	0.000	142.511
1796.000	122.750	10.457	0.000	144.349
1798.000	122.721	9.324	0.000	136.950
1800.000	122.756	8.995	0.000	151.992
1802.000	122.730	9.763	0.000	172.632
1804.000	122.731	9.485	0.000	161.871
1806.000	122.763	10.725	0.000	146.581
1808.000	122.698	11.052	0.000	130.190
1810.000	122.792	10.480	0.000	147.987
1812.000	122.691	10.652	0.000	142.895
1814.000	122.769	10.484	0.000	145.889
1816.000	122.732	10.169	0.000	117.127
1818.000	122.723	9.116	0.000	132.835
1820.000	122.776	9.465	0.000	149.304
1822.000	122.691	10.173	0.000	136.075
1824.000	122.790	10.249	0.000	156.116
1826.000	122.699	9.802	0.000	149.332
1828.000	122.770	9.992	0.000	143.129
1830.000	122.729	10.502	0.000	135.402
1832.000	122.734	10.085	0.000	128.339
1834.000	122.765	9.466	0.000	157.319
1836.000	122.719	9.403	0.000	151.669
1838.000	122.757	10.581	0.000	143.802
1840.000	122.742	9.839	0.000	112.534
1842.000	122.725	10.104	0.000	114.951
1844.000	122.774	9.815	0.000	120.181
1846.000	122.699	9.532	0.000	108.016
1848.000	122.783	10.087	0.000	113.262
1850.000	122.715	10.800	0.000	99.660
1852.000	122.753	11.152	0.000	105.439
1854.000	122.752	10.399	0.000	94.856
1856.000	122.719	9.648	0.000	96.690
1858.000	122.780	11.258	0.000	98.823
1860.000	122.702	11.285	0.000	89.460
1862.000	122.780	9.239	0.000	98.614
1864.000	122.715	9.293	0.000	104.294
1866.000	122.764	9.943	0.000	98.666
1868.000	122.743	10.984	0.000	99.866
1870.000	122.731	10.898	0.000	84.837
1872.000	122.764	10.239	0.000	84.913
1874.000	122.723	11.394	0.000	75.760
1876.000	122.761	11.313	0.000	86.072
1878.000	122.742	11.055	0.000	86.113
1880.000	122.732	10.305	0.000	80.565
1882.000	122.770	10.923	0.000	75.009
1884.000	122.722	11.696	0.000	70.826
1886.000	122.762	12.039	0.000	67.873
1888.000	122.741	11.708	0.000	67.340
1890.000	122.734	11.436	0.000	69.798
1892.000	122.779	12.028	0.000	58.855
1894.000	122.707	10.752	0.000	45.052
1896.000	122.794	8.889	0.000	43.892
1898.000	122.695	9.579	0.000	56.311
1900.000	122.794	10.863	0.000	60.953
1902.000	122.716	10.659	0.000	52.320
1904.000	122.759	10.278	0.000	54.727
1906.000	122.757	10.475	0.000	39.491
1908.000	122.716	10.706	0.000	29.291
1910.000	122.799	10.790	0.000	38.383
1912.000	122.692	11.033	0.000	44.161
1914.000	122.798	10.264	0.000	32.552
1916.000	122.709	8.955	0.000	29.174
1918.000	122.768	10.473	0.000	55.220
1920.000	122.750	10.012	0.000	72.039
1922.000	122.730	10.361	0.000	53.773
1924.000	122.775	11.696	0.000	55.427
1926.000	122.718	12.481	0.000	60.204
1928.000	122.780	11.824	0.000	63.945
1930.000	122.722	11.797	0.000	63.427
1932.000	122.764	13.069	0.000	57.959
1934.000	122.744	12.897	0.000	48.105
1936.000	122.744	14.102	0.000	39.439
1938.000	122.769	14.456	0.000	45.305
1940.000	122.726	16.020	0.000	40.313
1942.000	122.767	16.432	0.000	34.044
1944.000	122.736	16.740	0.000	21.770
1946.000	122.754	17.737	0.000	14.523
1948.000	122.758	18.773	0.000	8.549
1950.000	122.732	19.663	0.000	0.680
1952.000	122.771	20.224	0.000	-3.720
1954.000	122.731	20.193	0.000	-16.786
1956.000	122.764	20.396	0.000	-23.318
1958.000	122.745	20.824	0.000	-30.804
1960.000	122.741	22.040	0.000	-40.101
1962.000	122.770	22.227	0.000	-47.858
1964.000	122.726	21.985	0.000	-59.942
1966.000	122.781	22.038	0.000	-67.051
1968.000	122.723	21.634	0.000	-77.478
1970.000	122.772	21.924	0.000	-83.110
1972.000	122.740	22.075	0.000	-94.415
1974.000	122.755	22.236	0.000	-105.081
1976.000	122.758	21.833	0.000	-111.805
1978.000	122.735	21.761	0.000	-121.263
1980.000	122.774	21.069	0.000	-128.408
1982.000	122.723	20.954	0.000	-137.206
1984.000	122.779	21.280	0.000	-142.113
1986.000	122.730	20.544	0.000	-151.737
1988.000	122.757	20.541	0.000	-163.193
1990.000	122.757	19.848	0.000	-169.351
1992.000	122.738	19.367	0.000	-179.960
1994.000	122.775	18.463	0.000	170.342
1996.000	122.727	18.181	0.000	156.532
1998.000	122.770	17.651	0.000	144.765
2000.000	122.736	16.162	0.000	129.864
