2000.000	122.814	11.124	0.000	48.504
2.000	122.868	10.920	0.000	66.772
4.000	123.082	11.109	0.000	49.239
6.000	123.101	12.278	0.000	29.796
8.000	122.947	12.656	0.000	48.892
10.000	122.805	11.950	0.000	60.735
12.000	122.907	11.256	0.000	56.077
14.000	123.173	12.087	0.000	45.272
16.000	123.094	11.496	0.000	44.698
18.000	122.760	10.469	0.000	23.188
20.000	122.860	10.775	0.000	22.635
22.000	123.135	11.024	0.000	18.806
24.000	123.061	11.562	0.000	15.976
26.000	122.923	11.716	0.000	14.856
28.000	122.888	11.924	0.000	29.040
30.000	122.886	11.589	0.000	68.397
32.000	123.088	11.522	0.000	42.703
34.000	123.151	9.531	0.000	39.798
36.000	122.825	10.507	0.000	46.885
38.000	122.781	10.789	0.000	43.331
40.000	123.121	10.761	0.000	50.077
42.000	123.137	10.523	0.000	72.219
44.000	122.900	11.227	0.000	23.839
46.000	122.834	11.087	0.000	-16.980
48.000	122.947	11.357	0.000	27.262
50.000	123.110	12.327	0.000	63.422
52.000	123.074	11.131	0.000	12.441
54.000	122.835	8.911	0.000	-14.991
56.000	122.854	8.674	0.000	30.035
58.000	123.068	10.972	0.000	25.534
60.000	123.096	11.601	0.000	33.571
62.000	122.970	11.109	0.000	55.272
64.000	122.817	11.373	0.000	15.755
66.000	122.898	9.769	0.000	18.224
68.000	123.187	11.319	0.000	-0.469
70.000	123.080	12.538	0.000	13.256
72.000	122.743	11.293	0.000	96.911
74.000	122.914	10.167	0.000	50.429
76.000	123.140	10.861	0.000	25.429
78.000	123.020	10.119	0.000	36.223
80.000	122.935	10.019	0.000	59.684
82.000	122.877	11.153	0.000	21.123
84.000	122.909	10.335	0.000	-22.957
86.000	123.160	11.700	0.000	-39.774
88.000	123.070	10.465	0.000	-18.834
90.000	122.746	9.910	0.000	-8.044
92.000	122.916	11.013	0.000	-15.179
94.000	123.162	10.928	0.000	-8.053
96.000	123.042	11.226	0.000	-38.298
98.000	122.867	11.795	0.000	-5.393
100.000	122.853	11.357	0.000	-21.169
102.000	123.035	10.564	0.000	-52.904
104.000	123.145	10.625	0.000	55.239
106.000	122.926	10.193	0.000	38.825
108.000	122.815	9.002	0.000	-59.933
110.000	122.994	11.017	0.000	160.645
112.000	123.085	11.314	0.000	76.382
114.000	123.046	11.190	0.000	-28.245
116.000	122.868	10.899	0.000	-142.402
118.000	122.813	10.768	0.000	-151.139
120.000	123.140	11.565	0.000	116.098
122.000	123.153	11.306	0.000	125.003
124.000	122.785	9.299	0.000	138.256
126.000	122.870	9.513	0.000	149.833
128.000	123.104	10.392	0.000	169.479
130.000	123.041	11.020	0.000	-137.177
132.000	122.969	10.331	0.000	-124.445
134.000	122.863	10.943	0.000	161.053
136.000	122.902	11.876	0.000	134.627
138.000	123.162	12.341	0.000	127.856
140.000	123.052	10.620	0.000	126.649
142.000	122.772	10.092	0.000	128.647
144.000	122.924	10.566	0.000	117.183
146.000	123.129	11.300	0.000	111.129
148.000	123.057	10.887	0.000	96.730
150.000	122.856	10.788	0.000	88.017
152.000	122.846	11.952	0.000	118.309
154.000	123.094	10.237	0.000	115.635
156.000	123.103	10.066	0.000	114.686
158.000	122.877	10.479	0.000	118.162
160.000	122.871	10.657	0.000	115.906
162.000	122.994	11.344	0.000	83.214
164.000	123.095	11.388	0.000	57.097
166.000	123.029	11.113	0.000	73.736
168.000	122.780	11.263	0.000	100.948
170.000	122.929	12.791	0.000	92.277
172.000	123.205	11.814	0.000	75.281
174.000	122.984	11.041	0.000	45.854
176.000	122.787	11.873	0.000	104.147
178.000	122.974	12.096	0.000	109.438
180.000	123.085	11.854	0.000	77.493
182.000	123.032	11.701	0.000	65.157
184.000	122.889	11.498	0.000	53.327
186.000	122.854	10.633	0.000	64.742
188.000	123.063	11.480	0.000	63.310
190.000	123.117	11.906	0.000	72.456
192.000	122.887	9.504	0.000	117.620
194.000	122.813	11.448	0.000	88.418
196.000	123.057	12.167	0.000	89.158
198.000	123.144	12.203	0.000	83.526
200.000	122.887	10.174	0.000	84.991
202.000	122.817	10.320	0.000	69.367
204.000	123.051	10.303	0.000	103.262
206.000	123.091	11.720	0.000	82.230
208.000	122.946	12.964	0.000	80.852
210.000	122.853	12.497	0.000	68.631
212.000	122.940	11.320	0.000	60.264
214.000	123.121	12.495	0.000	68.455
216.000	123.024	12.218	0.000	73.678
218.000	122.795	10.907	0.000	87.460
220.000	122.928	12.501	0.000	69.496
222.000	123.149	13.338	0.000	66.851
224.000	123.018	11.753	0.000	72.735
226.000	122.793	11.553	0.000	68.470
228.000	122.940	12.523	0.000	77.162
230.000	123.123	13.521	0.000	71.103
232.000	122.995	12.883	0.000	65.454
234.000	122.873	12.056	0.000	81.839
236.000	122.898	12.415	0.000	72.244
238.000	123.037	12.958	0.000	62.843
240.000	123.118	13.477	0.000	69.136
242.000	122.853	12.389	0.000	65.811
244.000	122.817	12.216	0.000	57.904
246.000	123.145	12.466	0.000	71.883
248.000	123.064	12.272	0.000	73.104
250.000	122.830	11.883	0.000	61.088
252.000	122.898	11.666	0.000	67.566
254.000	123.045	12.572	0.000	62.122
256.000	123.082	12.107	0.000	75.969
258.000	122.888	12.106	0.000	95.131
260.000	122.841	12.428	0.000	90.866
262.000	123.057	13.026	0.000	87.190
264.000	123.076	13.443	0.000	115.917
266.000	122.920	12.614	0.000	130.754
268.000	122.815	12.498	0.000	131.795
270.000	123.022	14.349	0.000	138.352
272.000	123.166	15.468	0.000	156.707
274.000	122.843	16.061	0.000	160.226
276.000	122.835	18.247	0.000	153.782
278.000	123.100	21.124	0.000	158.510
280.000	123.020	22.507	0.000	159.178
282.000	122.935	24.071	0.000	159.776
284.000	122.860	26.159	0.000	157.883
286.000	122.960	28.870	0.000	151.595
288.000	123.159	31.370	0.000	151.857
290.000	122.902	32.063	0.000	150.106
292.000	122.793	34.301	0.000	133.468
294.000	123.066	37.935	0.000	128.192
296.000	123.085	39.392	0.000	126.916
298.000	122.899	40.294	0.000	111.107
300.000	122.827	42.787	0.000	92.572
302.000	123.038	44.827	0.000	82.390
304.000	123.096	45.681	0.000	70.082
306.000	122.876	45.921	0.000	53.982
308.000	122.871	46.530	0.000	35.431
310.000	122.997	47.555	0.000	20.338
312.000	123.084	47.980	0.000	11.531
314.000	122.945	47.222	0.000	1.081
316.000	122.774	46.808	0.000	-18.787
318.000	123.063	48.016	0.000	-30.613
320.000	123.122	47.784	0.000	-33.021
322.000	122.827	46.022	0.000	-44.170
324.000	122.874	46.581	0.000	-60.865
326.000	123.051	47.394	0.000	-63.185
328.000	123.043	46.736	0.000	-70.193
330.000	122.897	46.614	0.000	-84.433
332.000	122.850	46.518	0.000	-95.793
334.000	123.026	46.685	0.000	-110.342
336.000	123.086	46.809	0.000	-116.722
338.000	122.874	44.944	0.000	-123.787
340.000	122.817	44.158	0.000	-145.566
342.000	123.097	44.906	0.000	-150.048
344.000	123.064	43.230	0.000	-151.641
346.000	122.804	41.179	0.000	-168.200
348.000	122.913	40.992	0.000	-177.618
350.000	123.062	40.028	0.000	-179.847
352.000	123.014	38.519	0.000	178.910
354.000	122.861	37.220	0.000	178.039
356.000	122.873	37.714	0.000	173.866
358.000	123.082	39.091	0.000	172.306
360.000	123.022	39.460	0.000	167.770
362.000	122.825	39.340	0.000	152.817
364.000	122.889	40.455	0.000	132.267
366.000	123.113	41.679	0.000	122.255
368.000	123.001	40.610	0.000	112.884
370.000	122.763	39.696	0.000	86.049
372.000	123.001	40.867	0.000	72.332
374.000	123.073	40.326	0.000	66.360
376.000	122.921	39.956	0.000	51.433
378.000	122.879	40.587	0.000	41.665
380.000	122.905	41.703	0.000	27.151
382.000	123.118	43.853	0.000	17.769
384.000	122.951	43.899	0.000	10.859
386.000	122.764	44.508	0.000	-15.514
388.000	123.052	46.995	0.000	-28.229
390.000	123.065	47.161	0.000	-33.626
392.000	122.874	46.517	0.000	-52.451
394.000	122.842	47.503	0.000	-69.897
396.000	123.035	48.315	0.000	-78.083
398.000	123.056	48.258	0.000	-86.585
400.000	122.839	47.925	0.000	-98.733
402.000	122.890	48.447	0.000	-112.602
404.000	123.020	49.337	0.000	-121.897
406.000	123.045	49.451	0.000	-127.628
408.000	122.845	48.606	0.000	-139.139
410.000	122.844	49.270	0.000	-156.895
412.000	123.142	50.386	0.000	-161.311
414.000	122.959	49.240	0.000	-166.026
416.000	122.793	48.566	0.000	173.973
418.000	122.982	49.677	0.000	165.099
420.000	123.045	49.117	0.000	161.129
422.000	122.943	48.154	0.000	148.384
424.000	122.828	47.689	0.000	137.967
426.000	122.958	47.304	0.000	127.099
428.000	123.081	47.388	0.000	121.790
430.000	122.907	45.857	0.000	119.935
432.000	122.793	44.631	0.000	103.404
434.000	123.049	45.597	0.000	100.437
436.000	123.062	44.386	0.000	103.368
438.000	122.802	42.749	0.000	91.529
440.000	122.904	43.171	0.000	85.342
442.000	123.044	42.872	0.000	84.333
444.000	122.987	42.137	0.000	81.179
446.000	122.837	41.185	0.000	75.378
448.000	122.896	41.173	0.000	67.830
450.000	123.078	41.457	0.000	67.727
452.000	122.952	40.629	0.000	66.964
454.000	122.804	39.765	0.000	58.791
456.000	122.948	40.767	0.000	51.824
458.000	123.109	41.253	0.000	54.826
460.000	122.856	39.786	0.000	49.235
462.000	122.823	40.635	0.000	33.419
464.000	123.069	41.466	0.000	32.450
466.000	122.967	40.424	0.000	23.778
468.000	122.887	40.117	0.000	10.930
470.000	122.850	39.375	0.000	-0.068
472.000	123.036	39.351	0.000	-13.094
474.000	123.033	38.428	0.000	-15.611
476.000	122.758	35.738	0.000	-28.781
478.000	122.957	35.664	0.000	-42.243
480.000	123.070	34.506	0.000	-39.403
482.000	122.897	31.644	0.000	-46.296
484.000	122.812	30.508	0.000	-56.171
486.000	123.006	29.671	0.000	-56.574
488.000	123.034	27.911	0.000	-57.092
490.000	122.840	26.115	0.000	-58.719
492.000	122.875	24.722	0.000	-62.340
494.000	123.001	23.980	0.000	-62.059
496.000	123.026	22.693	0.000	-57.429
498.000	122.795	20.505	0.000	-57.803
500.000	122.896	20.618	0.000	-61.451
502.000	123.105	20.545	0.000	-55.451
504.000	122.880	18.717	0.000	-53.362
506.000	122.813	17.197	0.000	-60.315
508.000	123.002	17.735	0.000	-52.959
510.000	123.012	16.662	0.000	-38.656
512.000	122.856	16.355	0.000	-40.371
514.000	122.857	15.878	0.000	-37.735
516.000	123.003	15.665	0.000	-40.209
518.000	123.020	15.621	0.000	-30.588
520.000	122.780	14.285	0.000	-29.794
522.000	122.911	15.147	0.000	-36.947
524.000	123.096	15.014	0.000	-27.140
526.000	122.853	12.952	0.000	-40.114
528.000	122.837	13.478	0.000	-34.386
530.000	122.984	14.702	0.000	-21.558
532.000	123.014	13.920	0.000	-25.337
534.000	122.834	13.714	0.000	-21.947
536.000	122.863	14.581	0.000	-24.903
538.000	123.030	13.930	0.000	-20.954
540.000	122.958	13.125	0.000	-17.727
542.000	122.801	13.484	0.000	-8.854
544.000	122.912	13.669	0.000	-16.089
546.000	123.098	13.917	0.000	-14.581
548.000	122.812	12.170	0.000	-21.700
550.000	122.853	13.178	0.000	-27.709
552.000	123.024	13.228	0.000	-24.090
554.000	122.946	12.065	0.000	-26.278
556.000	122.849	12.247	0.000	-31.578
558.000	122.859	13.349	0.000	-28.568
560.000	123.059	12.495	0.000	-24.771
562.000	122.909	12.516	0.000	-8.546
564.000	122.780	12.307	0.000	-22.312
566.000	122.994	12.347	0.000	-28.514
568.000	123.021	12.245	0.000	-17.481
570.000	122.791	11.514	0.000	-36.470
572.000	122.887	11.979	0.000	-32.711
574.000	123.025	12.192	0.000	-19.933
576.000	122.912	11.795	0.000	-35.126
578.000	122.815	10.809	0.000	-43.535
580.000	122.926	10.976	0.000	-38.872
582.000	123.036	11.577	0.000	-43.276
584.000	122.837	11.091	0.000	-22.338
586.000	122.820	11.739	0.000	-33.651
588.000	123.036	12.417	0.000	-40.623
590.000	122.952	11.708	0.000	-31.780
592.000	122.758	10.942	0.000	-43.877
594.000	122.976	11.031	0.000	-46.458
596.000	122.985	10.630	0.000	-62.626
598.000	122.861	11.197	0.000	-64.016
600.000	122.834	10.417	0.000	-59.862
602.000	122.972	10.884	0.000	-68.054
604.000	123.006	10.687	0.000	-39.317
606.000	122.748	9.870	0.000	-49.249
608.000	122.939	9.850	0.000	-63.241
610.000	123.023	10.500	0.000	-38.717
612.000	122.838	10.772	0.000	-21.604
614.000	122.820	10.808	0.000	-28.122
616.000	123.009	10.986	0.000	-30.071
618.000	122.936	11.350	0.000	-40.197
620.000	122.805	10.754	0.000	-41.765
622.000	122.898	11.321	0.000	-92.832
624.000	123.009	11.839	0.000	-75.734
626.000	122.877	11.206	0.000	-46.335
628.000	122.775	10.502	0.000	-14.675
630.000	123.031	9.518	0.000	-57.220
632.000	122.940	9.804	0.000	-43.934
634.000	122.770	9.891	0.000	-33.672
636.000	122.934	10.839	0.000	-42.302
638.000	122.991	10.911	0.000	-54.908
640.000	122.842	10.285	0.000	-63.015
642.000	122.831	9.154	0.000	-63.647
644.000	122.961	9.604	0.000	-28.776
646.000	122.980	10.725	0.000	-39.788
648.000	122.745	10.587	0.000	-71.278
650.000	122.937	9.834	0.000	-90.642
652.000	123.015	10.224	0.000	-16.030
654.000	122.800	10.123	0.000	9.845
656.000	122.844	9.037	0.000	-36.720
658.000	122.988	10.127	0.000	-82.330
660.000	122.916	10.536	0.000	-58.385
662.000	122.781	9.062	0.000	-63.635
664.000	122.929	9.500	0.000	-88.511
666.000	122.978	10.381	0.000	-75.661
668.000	122.834	10.453	0.000	-59.632
670.000	122.798	10.603	0.000	-101.023
672.000	123.053	10.602	0.000	-112.515
674.000	122.856	10.196	0.000	-90.018
676.000	122.793	9.954	0.000	-80.872
678.000	122.961	10.111	0.000	-126.283
680.000	122.940	10.719	0.000	-104.565
682.000	122.810	11.763	0.000	-115.569
684.000	122.851	10.852	0.000	-131.961
686.000	122.996	9.489	0.000	-120.638
688.000	122.871	9.626	0.000	-79.645
690.000	122.762	9.632	0.000	-158.653
692.000	123.002	10.391	0.000	-160.694
694.000	122.923	11.236	0.000	-148.943
696.000	122.765	10.466	0.000	-177.911
698.000	122.920	10.042	0.000	-173.491
700.000	122.959	11.163	0.000	-158.487
702.000	122.831	11.835	0.000	-173.768
704.000	122.811	11.627	0.000	177.705
706.000	122.986	11.065	0.000	-174.943
708.000	122.891	10.865	0.000	176.654
710.000	122.770	11.201	0.000	166.665
712.000	122.925	12.131	0.000	160.418
714.000	122.992	11.894	0.000	160.683
716.000	122.734	11.756	0.000	132.898
718.000	122.917	12.711	0.000	140.672
720.000	122.941	13.291	0.000	148.429
722.000	122.857	12.404	0.000	137.974
724.000	122.787	11.854	0.000	113.026
726.000	122.963	14.082	0.000	113.703
728.000	122.923	13.492	0.000	127.981
730.000	122.749	12.957	0.000	114.312
732.000	122.915	14.278	0.000	105.447
734.000	122.974	14.511	0.000	108.742
736.000	122.761	15.427	0.000	90.474
738.000	122.867	16.598	0.000	93.769
740.000	122.962	15.730	0.000	94.629
742.000	122.844	16.096	0.000	90.238
744.000	122.787	17.037	0.000	84.577
746.000	122.941	17.922	0.000	79.163
748.000	122.925	17.665	0.000	83.002
750.000	122.750	18.022	0.000	74.394
752.000	122.894	19.656	0.000	71.875
754.000	122.977	20.276	0.000	74.244
756.000	122.756	19.634	0.000	66.159
758.000	122.860	21.559	0.000	58.655
760.000	122.961	21.287	0.000	63.728
762.000	122.828	21.329	0.000	57.554
764.000	122.797	21.841	0.000	52.931
766.000	122.920	23.576	0.000	47.307
768.000	122.940	24.013	0.000	52.187
770.000	122.721	23.608	0.000	42.044
772.000	122.924	25.600	0.000	38.831
774.000	122.938	25.278	0.000	42.159
776.000	122.766	25.297	0.000	31.629
778.000	122.844	26.757	0.000	31.382
780.000	122.964	27.126	0.000	32.641
782.000	122.808	27.488	0.000	28.569
784.000	122.797	28.413	0.000	23.886
786.000	122.927	29.944	0.000	23.773
788.000	122.903	30.258	0.000	25.770
790.000	122.729	30.625	0.000	16.887
792.000	122.925	32.651	0.000	15.630
794.000	122.927	32.841	0.000	18.851
796.000	122.739	33.293	0.000	9.770
798.000	122.881	35.525	0.000	8.043
800.000	122.930	35.915	0.000	9.627
802.000	122.796	36.827	0.000	3.070
804.000	122.801	38.113	0.000	-0.490
806.000	122.942	40.135	0.000	-4.553
808.000	122.863	40.775	0.000	-3.086
810.000	122.731	42.279	0.000	-19.198
812.000	122.962	44.853	0.000	-18.626
814.000	122.866	44.986	0.000	-24.041
816.000	122.749	46.974	0.000	-40.184
818.000	122.895	48.947	0.000	-48.325
820.000	122.913	50.115	0.000	-60.107
822.000	122.764	50.666	0.000	-78.215
824.000	122.831	51.763	0.000	-98.246
826.000	122.941	52.098	0.000	-110.382
828.000	122.801	50.983	0.000	-124.796
830.000	122.769	50.492	0.000	-145.803
832.000	122.968	50.695	0.000	-152.790
834.000	122.812	48.558	0.000	-160.245
836.000	122.760	47.621	0.000	-178.271
838.000	122.934	46.937	0.000	-178.521
840.000	122.845	44.718	0.000	176.779
842.000	122.772	43.506	0.000	175.475
844.000	122.852	42.840	0.000	176.414
846.000	122.940	42.856	0.000	-175.853
848.000	122.722	41.671	0.000	-174.594
850.000	122.860	43.339	0.000	-174.149
852.000	122.931	43.727	0.000	-164.863
854.000	122.758	43.963	0.000	-170.464
856.000	122.805	45.906	0.000	-173.032
858.000	122.938	46.844	0.000	-174.687
860.000	122.788	47.306	0.000	177.785
862.000	122.783	48.167	0.000	166.675
864.000	122.899	49.326	0.000	158.869
866.000	122.868	48.979	0.000	153.185
868.000	122.711	48.349	0.000	136.869
870.000	122.931	48.895	0.000	130.344
872.000	122.860	47.531	0.000	130.580
874.000	122.732	46.403	0.000	122.051
876.000	122.879	47.154	0.000	125.589
878.000	122.884	46.671	0.000	128.508
880.000	122.752	47.412	0.000	125.157
882.000	122.822	48.394	0.000	120.984
884.000	122.918	49.932	0.000	116.941
886.000	122.765	49.395	0.000	110.797
888.000	122.785	50.521	0.000	91.883
890.000	122.952	50.536	0.000	93.219
892.000	122.753	48.671	0.000	81.537
894.000	122.785	48.829	0.000	75.714
896.000	122.908	48.730	0.000	76.310
898.000	122.810	48.306	0.000	74.490
900.000	122.752	48.587	0.000	66.902
902.000	122.888	49.343	0.000	63.385
904.000	122.856	49.078	0.000	60.353
906.000	122.711	48.462	0.000	49.319
908.000	122.899	49.531	0.000	43.451
910.000	122.864	48.599	0.000	45.016
912.000	122.717	47.908	0.000	31.493
914.000	122.869	48.551	0.000	30.393
916.000	122.866	47.683	0.000	27.408
918.000	122.746	47.315	0.000	20.155
920.000	122.812	47.205	0.000	13.610
922.000	122.904	47.284	0.000	10.465
924.000	122.744	45.744	0.000	7.081
926.000	122.791	45.561	0.000	-5.398
928.000	122.924	44.983	0.000	0.385
930.000	122.735	42.185	0.000	-4.072
932.000	122.792	41.662	0.000	0.130
934.000	122.893	41.113	0.000	14.375
936.000	122.778	41.462	0.000	23.747
938.000	122.759	43.000	0.000	24.256
940.000	122.883	44.800	0.000	26.372
942.000	122.816	45.083	0.000	25.132
944.000	122.714	45.854	0.000	15.410
946.000	122.914	47.505	0.000	13.500
948.000	122.799	46.967	0.000	12.883
950.000	122.733	47.557	0.000	-0.024
952.000	122.876	48.352	0.000	2.005
954.000	122.821	47.887	0.000	-2.659
956.000	122.735	48.278	0.000	-6.380
958.000	122.835	49.227	0.000	-10.944
960.000	122.872	50.168	0.000	-8.579
962.000	122.697	50.285	0.000	-19.199
964.000	122.859	52.653	0.000	-26.536
966.000	122.854	52.575	0.000	-30.169
968.000	122.721	52.960	0.000	-50.075
970.000	122.822	53.764	0.000	-60.498
972.000	122.868	53.379	0.000	-71.733
974.000	122.723	52.429	0.000	-86.934
976.000	122.807	52.002	0.000	-101.956
978.000	122.868	51.201	0.000	-109.875
980.000	122.743	49.027	0.000	-120.751
982.000	122.771	47.714	0.000	-137.296
984.000	122.909	46.279	0.000	-138.788
986.000	122.709	42.106	0.000	-147.629
988.000	122.799	38.842	0.000	-152.787
990.000	122.861	34.691	0.000	-127.826
992.000	122.752	33.510	0.000	-83.136
994.000	122.757	36.922	0.000	-67.052
996.000	122.876	39.883	0.000	-64.603
998.000	122.763	40.549	0.000	-64.806
1000.000	122.729	42.042	0.000	-76.602
1002.000	122.910	43.160	0.000	-73.026
1004.000	122.731	42.238	0.000	-79.223
1006.000	122.760	42.882	0.000	-82.696
1008.000	122.863	43.026	0.000	-78.969
1010.000	122.768	43.221	0.000	-75.364
1012.000	122.733	44.523	0.000	-77.290
1014.000	122.866	46.243	0.000	-75.928
1016.000	122.783	46.930	0.000	-79.838
1018.000	122.704	48.085	0.000	-92.076
1020.000	122.897	49.830	0.000	-96.416
1022.000	122.754	49.115	0.000	-102.762
1024.000	122.735	49.920	0.000	-118.375
1026.000	122.859	49.995	0.000	-119.412
1028.000	122.774	49.368	0.000	-128.928
1030.000	122.723	49.105	0.000	-135.397
1032.000	122.848	49.412	0.000	-141.235
1034.000	122.797	48.762	0.000	-140.055
1036.000	122.694	48.166	0.000	-149.295
1038.000	122.882	49.069	0.000	-145.824
1040.000	122.760	48.064	0.000	-144.819
1042.000	122.724	49.080	0.000	-149.909
1044.000	122.849	49.975	0.000	-147.620
1046.000	122.777	50.536	0.000	-151.508
1048.000	122.720	51.378	0.000	-160.354
1050.000	122.834	52.796	0.000	-166.628
1052.000	122.799	52.806	0.000	-170.975
1054.000	122.689	53.156	0.000	174.002
1056.000	122.872	54.418	0.000	167.526
1058.000	122.763	53.623	0.000	161.877
1060.000	122.719	53.855	0.000	145.078
1062.000	122.841	54.262	0.000	143.244
1064.000	122.774	53.469	0.000	133.853
1066.000	122.716	53.581	0.000	125.942
1068.000	122.825	54.122	0.000	117.184
1070.000	122.801	54.151	0.000	115.367
1072.000	122.681	53.937	0.000	98.238
1074.000	122.870	55.158	0.000	94.483
1076.000	122.753	53.910	0.000	85.041
1078.000	122.719	54.283	0.000	70.233
1080.000	122.833	54.344	0.000	63.364
1082.000	122.771	53.943	0.000	54.097
1084.000	122.709	53.864	0.000	39.717
1086.000	122.831	54.434	0.000	30.246
1088.000	122.779	53.979	0.000	20.586
1090.000	122.685	53.769	0.000	1.126
1092.000	122.869	54.667	0.000	-9.289
1094.000	122.736	53.381	0.000	-21.563
1096.000	122.723	53.595	0.000	-44.488
1098.000	122.835	53.249	0.000	-53.480
1100.000	122.746	52.257	0.000	-71.573
1102.000	122.715	51.758	0.000	-87.208
1104.000	122.838	51.832	0.000	-101.322
1106.000	122.746	50.940	0.000	-110.287
1108.000	122.708	50.808	0.000	-132.318
1110.000	122.859	51.394	0.000	-137.776
1112.000	122.711	50.112	0.000	-154.109
1114.000	122.736	50.859	0.000	-169.806
1116.000	122.834	50.684	0.000	179.747
1118.000	122.719	50.289	0.000	165.667
1120.000	122.734	50.206	0.000	147.934
1122.000	122.831	50.398	0.000	138.751
1124.000	122.716	49.153	0.000	126.056
1126.000	122.735	49.047	0.000	108.792
1128.000	122.843	48.887	0.000	103.085
1130.000	122.689	47.031	0.000	90.986
1132.000	122.762	47.152	0.000	79.688
1134.000	122.813	45.834	0.000	77.656
1136.000	122.708	44.707	0.000	68.431
1138.000	122.740	43.940	0.000	63.103
1140.000	122.838	43.885	0.000	63.241
1142.000	122.674	42.451	0.000	60.582
1144.000	122.783	43.255	0.000	55.330
1146.000	122.804	42.674	0.000	58.711
1148.000	122.681	42.344	0.000	49.476
1150.000	122.784	42.891	0.000	47.792
1152.000	122.792	42.472	0.000	45.275
1154.000	122.685	42.250	0.000	39.365
1156.000	122.780	42.844	0.000	34.950
1158.000	122.799	42.898	0.000	34.658
1160.000	122.660	42.654	0.000	24.997
1162.000	122.822	43.856	0.000	20.482
1164.000	122.755	43.281	0.000	17.021
1166.000	122.685	43.506	0.000	1.370
1168.000	122.818	43.851	0.000	-2.061
1170.000	122.735	42.875	0.000	-13.132
1172.000	122.700	42.591	0.000	-23.697
1174.000	122.810	42.355	0.000	-34.564
1176.000	122.735	41.331	0.000	-39.951
1178.000	122.698	40.114	0.000	-59.147
1180.000	122.827	39.597	0.000	-63.147
1182.000	122.700	36.681	0.000	-77.511
1184.000	122.728	35.439	0.000	-93.627
1186.000	122.805	33.050	0.000	-107.820
1188.000	122.705	30.446	0.000	-135.432
1190.000	122.721	30.095	0.000	178.730
1192.000	122.819	31.790	0.000	147.028
1194.000	122.678	33.963	0.000	118.138
1196.000	122.748	37.269	0.000	97.518
1198.000	122.810	39.157	0.000	90.480
1200.000	122.655	40.746	0.000	70.322
1202.000	122.794	43.135	0.000	62.779
1204.000	122.761	43.840	0.000	50.626
1206.000	122.685	44.938	0.000	38.309
1208.000	122.774	46.274	0.000	24.766
1210.000	122.779	46.714	0.000	19.721
1212.000	122.658	46.741	0.000	1.924
1214.000	122.815	47.925	0.000	-3.428
1216.000	122.725	47.064	0.000	-11.273
1218.000	122.690	47.679	0.000	-24.127
1220.000	122.811	47.723	0.000	-26.947
1222.000	122.704	47.358	0.000	-35.091
1224.000	122.706	47.536	0.000	-42.877
1226.000	122.809	48.110	0.000	-45.724
1228.000	122.687	47.459	0.000	-51.162
1230.000	122.726	48.193	0.000	-59.557
1232.000	122.804	48.478	0.000	-59.826
1234.000	122.664	48.109	0.000	-68.548
1236.000	122.768	49.295	0.000	-72.462
1238.000	122.759	48.934	0.000	-75.892
1240.000	122.689	49.535	0.000	-83.240
1242.000	122.752	50.176	0.000	-91.191
1244.000	122.776	50.797	0.000	-93.677
1246.000	122.656	50.664	0.000	-107.943
1248.000	122.800	51.896	0.000	-113.045
1250.000	122.725	51.006	0.000	-121.615
1252.000	122.686	51.423	0.000	-135.476
1254.000	122.795	51.264	0.000	-141.395
1256.000	122.707	50.537	0.000	-150.677
1258.000	122.695	50.213	0.000	-161.987
1260.000	122.806	50.025	0.000	-166.579
1262.000	122.675	48.646	0.000	-174.086
1264.000	122.726	48.359	0.000	176.312
1266.000	122.801	47.806	0.000	177.272
1268.000	122.647	46.315	0.000	168.977
1270.000	122.784	46.466	0.000	169.685
1272.000	122.738	45.266	0.000	169.297
1274.000	122.679	45.053	0.000	167.818
1276.000	122.774	45.340	0.000	166.470
1278.000	122.735	45.157	0.000	168.622
1280.000	122.673	45.097	0.000	161.557
1282.000	122.797	46.070	0.000	163.116
1284.000	122.696	45.387	0.000	159.264
1286.000	122.710	46.227	0.000	153.919
1288.000	122.777	46.142	0.000	152.207
1290.000	122.691	46.169	0.000	148.206
1292.000	122.714	46.665	0.000	141.322
1294.000	122.787	47.102	0.000	140.907
1296.000	122.656	46.688	0.000	133.356
1298.000	122.758	47.649	0.000	126.503
1300.000	122.757	47.654	0.000	125.839
1302.000	122.658	47.633	0.000	112.708
1304.000	122.783	48.245	0.000	111.121
1306.000	122.715	47.657	0.000	102.417
1308.000	122.680	47.603	0.000	94.984
1310.000	122.787	48.088	0.000	87.801
1312.000	122.691	47.283	0.000	84.263
1314.000	122.707	47.521	0.000	71.103
1316.000	122.785	47.276	0.000	70.796
1318.000	122.665	46.298	0.000	58.658
1320.000	122.740	46.406	0.000	53.252
1322.000	122.758	45.611	0.000	47.774
1324.000	122.664	44.813	0.000	39.611
1326.000	122.757	44.579	0.000	33.699
1328.000	122.743	43.656	0.000	31.453
1330.000	122.651	42.674	0.000	22.560
1332.000	122.808	42.698	0.000	21.543
1334.000	122.674	41.073	0.000	18.009
1336.000	122.713	40.981	0.000	12.090
1338.000	122.770	40.088	0.000	13.002
1340.000	122.671	39.151	0.000	8.349
1342.000	122.728	38.642	0.000	6.263
1344.000	122.765	38.272	0.000	7.054
1346.000	122.647	36.970	0.000	3.384
1348.000	122.783	37.337	0.000	3.393
1350.000	122.706	35.738	0.000	4.975
1352.000	122.684	35.599	0.000	2.395
1354.000	122.772	35.003	0.000	6.932
1356.000	122.690	34.284	0.000	8.163
1358.000	122.698	34.258	0.000	9.325
1360.000	122.779	34.275	0.000	16.021
1362.000	122.657	33.813	0.000	17.451
1364.000	122.745	34.900	0.000	19.864
1366.000	122.747	35.098	0.000	26.280
1368.000	122.653	36.052	0.000	22.211
1370.000	122.782	37.157	0.000	27.164
1372.000	122.696	37.693	0.000	22.457
1374.000	122.684	38.700	0.000	17.924
1376.000	122.787	39.956	0.000	13.187
1378.000	122.659	39.733	0.000	8.249
1380.000	122.736	40.951	0.000	-1.862
1382.000	122.749	40.849	0.000	-2.682
1384.000	122.660	40.873	0.000	-14.162
1386.000	122.760	41.463	0.000	-17.476
1388.000	122.715	41.195	0.000	-23.314
1390.000	122.677	41.224	0.000	-30.306
1392.000	122.766	41.866	0.000	-35.033
1394.000	122.695	41.407	0.000	-38.754
1396.000	122.691	41.805	0.000	-48.237
1398.000	122.781	42.181	0.000	-49.554
1400.000	122.645	41.777	0.000	-59.093
1402.000	122.756	42.722	0.000	-64.500
1404.000	122.727	42.307	0.000	-71.010
1406.000	122.663	42.418	0.000	-80.560
1408.000	122.774	42.839	0.000	-90.127
1410.000	122.692	42.279	0.000	-95.189
1412.000	122.692	42.071	0.000	-111.505
1414.000	122.773	41.819	0.000	-113.414
1416.000	122.658	40.425	0.000	-126.453
1418.000	122.740	40.150	0.000	-133.260
1420.000	122.734	39.043	0.000	-138.969
1422.000	122.667	37.895	0.000	-146.663
1424.000	122.756	37.434	0.000	-152.205
1426.000	122.713	36.218	0.000	-154.791
1428.000	122.665	35.265	0.000	-162.013
1430.000	122.796	35.095	0.000	-162.066
1432.000	122.648	33.452	0.000	-168.025
1434.000	122.741	33.434	0.000	-171.583
1436.000	122.741	32.159	0.000	-172.787
1438.000	122.655	31.457	0.000	-176.883
1440.000	122.769	31.088	0.000	-179.562
1442.000	122.700	30.008	0.000	-177.400
1444.000	122.682	29.471	0.000	175.188
1446.000	122.775	29.235	0.000	177.264
1448.000	122.658	27.960	0.000	172.755
1450.000	122.736	28.016	0.000	171.891
1452.000	122.733	27.148	0.000	170.486
1454.000	122.668	26.427	0.000	167.403
1456.000	122.753	26.329	0.000	166.924
1458.000	122.710	25.331	0.000	165.713
1460.000	122.674	24.640	0.000	161.862
1462.000	122.783	24.684	0.000	162.247
1464.000	122.652	23.685	0.000	156.210
1466.000	122.742	23.667	0.000	157.317
1468.000	122.726	23.013	0.000	157.983
1470.000	122.671	22.556	0.000	153.488
1472.000	122.756	22.557	0.000	149.956
1474.000	122.698	21.637	0.000	153.184
1476.000	122.700	21.239	0.000	149.177
1478.000	122.756	20.589	0.000	147.373
1480.000	122.669	20.148	0.000	141.464
1482.000	122.735	20.745	0.000	145.043
1484.000	122.728	19.645	0.000	142.881
1486.000	122.671	18.915	0.000	139.729
1488.000	122.762	18.153	0.000	137.981
1490.000	122.688	17.720	0.000	136.282
1492.000	122.703	17.745	0.000	137.483
1494.000	122.761	17.703	0.000	144.378
1496.000	122.654	16.434	0.000	138.421
1498.000	122.760	16.447	0.000	134.593
1500.000	122.703	16.116	0.000	134.954
1502.000	122.685	16.500	0.000	136.384
1504.000	122.765	15.917	0.000	137.626
1506.000	122.672	15.335	0.000	135.444
1508.000	122.726	15.600	0.000	133.762
1510.000	122.742	14.177	0.000	132.833
1512.000	122.662	13.930	0.000	129.825
1514.000	122.762	15.002	0.000	128.641
1516.000	122.697	14.561	0.000	129.961
1518.000	122.689	13.594	0.000	142.660
1520.000	122.775	14.019	0.000	141.952
1522.000	122.649	13.280	0.000	126.373
1524.000	122.760	13.174	0.000	125.197
1526.000	122.705	12.830	0.000	137.487
1528.000	122.700	12.400	0.000	145.355
1530.000	122.747	11.011	0.000	140.539
1532.000	122.693	11.004	0.000	139.565
1534.000	122.713	11.984	0.000	132.159
1536.000	122.749	12.096	0.000	142.313
1538.000	122.664	11.953	0.000	136.961
1540.000	122.766	11.515	0.000	128.600
1542.000	122.690	11.889	0.000	132.132
1544.000	122.705	11.318	0.000	128.894
1546.000	122.756	11.198	0.000	128.020
1548.000	122.663	11.429	0.000	122.879
1550.000	122.751	12.126	0.000	132.196
1552.000	122.715	11.559	0.000	136.679
1554.000	122.684	11.596	0.000	126.634
1556.000	122.770	11.145	0.000	140.685
1558.000	122.669	10.818	0.000	137.205
1560.000	122.739	11.968	0.000	126.569
1562.000	122.729	11.976	0.000	129.031
1564.000	122.675	11.041	0.000	127.561
1566.000	122.765	12.536	0.000	123.908
1568.000	122.685	11.878	0.000	128.945
1570.000	122.718	10.862	0.000	134.526
1572.000	122.753	11.201	0.000	122.298
1574.000	122.666	11.298	0.000	112.276
1576.000	122.764	10.029	0.000	104.735
1578.000	122.694	10.955	0.000	119.512
1580.000	122.708	10.384	0.000	112.675
1582.000	122.755	9.854	0.000	109.170
1584.000	122.670	10.788	0.000	101.647
1586.000	122.757	11.332	0.000	101.451
1588.000	122.709	10.451	0.000	107.478
1590.000	122.696	10.271	0.000	101.613
1592.000	122.762	9.874	0.000	106.204
1594.000	122.675	10.896	0.000	98.498
1596.000	122.744	11.342	0.000	96.882
1598.000	122.727	12.155	0.000	86.694
1600.000	122.688	11.656	0.000	67.470
1602.000	122.765	11.529	0.000	49.389
1604.000	122.680	10.420	0.000	59.242
1606.000	122.739	10.226	0.000	58.737
1608.000	122.731	10.091	0.000	53.144
1610.000	122.684	10.501	0.000	50.740
1612.000	122.763	11.627	0.000	44.234
1614.000	122.697	11.950	0.000	87.960
1616.000	122.716	10.768	0.000	71.147
1618.000	122.760	10.476	0.000	64.540
1620.000	122.664	9.597	0.000	83.890
1622.000	122.780	10.535	0.000	33.945
1624.000	122.687	8.763	0.000	12.466
1626.000	122.722	8.042	0.000	9.847
1628.000	122.755	7.686	0.000	-3.253
1630.000	122.675	10.469	0.000	3.484
1632.000	122.764	10.093	0.000	-11.319
1634.000	122.705	9.168	0.000	-57.560
1636.000	122.710	8.819	0.000	-59.439
1638.000	122.764	9.409	0.000	5.492
1640.000	122.667	9.454	0.000	8.199
1642.000	122.770	8.749	0.000	-32.073
1644.000	122.703	8.821	0.000	-34.893
1646.000	122.715	10.072	0.000	-49.276
1648.000	122.762	10.561	0.000	-21.623
1650.000	122.682	9.657	0.000	-15.299
1652.000	122.757	8.817	0.000	-24.710
1654.000	122.716	8.690	0.000	-58.227
1656.000	122.703	9.856	0.000	-81.697
1658.000	122.772	8.699	0.000	-76.980
1660.000	122.669	8.800	0.000	-65.790
1662.000	122.772	10.123	0.000	-31.063
1664.000	122.708	10.371	0.000	-58.647
1666.000	122.715	9.971	0.000	-111.956
1668.000	122.758	9.584	0.000	-96.978
1670.000	122.687	9.097	0.000	-95.603
1672.000	122.754	8.848	0.000	-108.402
1674.000	122.723	9.566	0.000	-89.841
1676.000	122.706	10.712	0.000	-96.207
1678.000	122.772	9.872	0.000	-92.370
1680.000	122.675	9.386	0.000	-93.160
1682.000	122.771	10.192	0.000	-117.249
1684.000	122.714	9.703	0.000	-134.072
1686.000	122.706	9.907	0.000	-124.325
1688.000	122.786	10.514	0.000	-111.666
1690.000	122.666	10.243	0.000	-124.469
1692.000	122.782	10.868	0.000	-122.689
1694.000	122.700	9.600	0.000	-129.742
1696.000	122.737	10.235	0.000	-117.546
1698.000	122.743	11.065	0.000	-111.316
1700.000	122.704	11.994	0.000	-134.500
1702.000	122.754	11.736	0.000	-131.969
1704.000	122.725	10.769	0.000	-120.778
1706.000	122.712	10.160	0.000	-153.493
1708.000	122.775	9.970	0.000	-148.115
1710.000	122.678	10.219	0.000	-147.664
1712.000	122.781	10.820	0.000	-155.617
1714.000	122.699	11.369	0.000	-152.958
1716.000	122.739	10.526	0.000	-155.418
1718.000	122.753	10.743	0.000	-134.253
1720.000	122.693	10.280	0.000	-124.586
1722.000	122.775	10.396	0.000	-142.146
1724.000	122.709	10.429	0.000	-115.927
1726.000	122.733	10.357	0.000	-135.116
1728.000	122.761	10.437	0.000	-140.945
1730.000	122.684	11.421	0.000	-154.842
1732.000	122.788	10.926	0.000	-155.776
1734.000	122.687	9.094	0.000	-167.370
1736.000	122.767	9.088	0.000	-159.828
1738.000	122.725	10.521	0.000	-146.588
1740.000	122.725	10.282	0.000	-157.289
1742.000	122.760	10.330	0.000	-173.707
1744.000	122.705	10.881	0.000	-178.810
1746.000	122.754	10.410	0.000	-160.916
1748.000	122.738	10.628	0.000	-156.764
1750.000	122.715	10.603	0.000	-167.353
1752.000	122.772	9.270	0.000	-178.570
1754.000	122.696	9.287	0.000	176.508
1756.000	122.768	10.946	0.000	-162.194
1758.000	122.727	10.816	0.000	-155.431
1760.000	122.719	9.595	0.000	-163.816
1762.000	122.779	9.197	0.000	-178.144
1764.000	122.689	9.768	0.000	170.896
1766.000	122.788	10.254	0.000	-170.183
1768.000	122.695	9.202	0.000	-160.513
1770.000	122.764	9.619	0.000	-170.970
1772.000	122.739	11.270	0.000	-165.291
1774.000	122.717	11.566	0.000	-170.431
1776.000	122.776	11.081	0.000	-159.881
1778.000	122.705	10.510	0.000	-170.921
1780.000	122.761	10.738	0.000	-164.593
1782.000	122.745	10.203	0.000	-168.297
1784.000	122.711	11.032	0.000	-179.930
1786.000	122.782	10.019	0.000	176.124
1788.000	122.693	10.137	0.000	-176.805
1790.000	122.782	10.199	0.000	-178.391
1792.000	122.715	10.777	0.000	174.739
1794.000	122.747	11.729	0.000	170.319
1796.000	122.754	12.344	0.000	-175.036
1798.000	122.727	11.295	0.000	-176.184
1800.000	122.757	11.834	0.000	-177.038
1802.000	122.734	11.133	0.000	-171.732
1804.000	122.736	11.060	0.000	176.018
1806.000	122.768	11.579	0.000	161.774
1808.000	122.701	11.510	0.000	163.255
1810.000	122.794	11.263	0.000	170.612
1812.000	122.697	11.730	0.000	164.939
1814.000	122.774	12.348	0.000	166.008
1816.000	122.734	12.217	0.000	165.572
1818.000	122.727	12.089	0.000	158.291
1820.000	122.782	11.121	0.000	160.774
1822.000	122.698	11.352	0.000	171.112
1824.000	122.793	12.499	0.000	171.091
1826.000	122.702	12.981	0.000	152.422
1828.000	122.776	12.887	0.000	150.942
1830.000	122.735	12.308	0.000	155.425
1832.000	122.738	13.207	0.000	151.530
1834.000	122.767	12.553	0.000	153.982
1836.000	122.725	12.077	0.000	148.481
1838.000	122.765	13.359	0.000	147.619
1840.000	122.746	13.116	0.000	144.819
1842.000	122.729	12.326	0.000	140.550
1844.000	122.778	11.769	0.000	127.643
1846.000	122.708	13.140	0.000	132.622
1848.000	122.788	12.108	0.000	147.026
1850.000	122.718	12.526	0.000	141.142
1852.000	122.758	12.678	0.000	138.285
1854.000	122.759	11.786	0.000	133.401
1856.000	122.727	12.334	0.000	128.768
1858.000	122.782	12.483	0.000	135.911
1860.000	122.707	12.482	0.000	122.741
1862.000	122.786	12.739	0.000	118.949
1864.000	122.723	12.792	0.000	117.067
1866.000	122.769	12.640	0.000	118.562
1868.000	122.746	13.110	0.000	114.247
1870.000	122.738	13.317	0.000	108.269
1872.000	122.771	12.865	0.000	112.701
1874.000	122.730	12.135	0.000	113.886
1876.000	122.764	13.511	0.000	113.024
1878.000	122.748	13.239	0.000	104.082
1880.000	122.740	13.406	0.000	96.976
1882.000	122.777	13.818	0.000	96.468
1884.000	122.728	15.131	0.000	96.377
1886.000	122.767	15.428	0.000	90.558
1888.000	122.748	14.214	0.000	87.044
1890.000	122.741	14.169	0.000	82.880
1892.000	122.785	15.250	0.000	75.625
1894.000	122.712	15.760	0.000	68.669
1896.000	122.799	15.836	0.000	66.860
1898.000	122.703	16.303	0.000	61.838
1900.000	122.801	16.049	0.000	61.078
1902.000	122.723	16.178	0.000	46.774
1904.000	122.764	16.086	0.000	46.959
1906.000	122.764	15.738	0.000	47.328
1908.000	122.724	15.729	0.000	34.259
1910.000	122.805	14.833	0.000	29.157
1912.000	122.699	15.111	0.000	24.921
1914.000	122.805	15.434	0.000	20.704
1916.000	122.717	15.544	0.000	18.180
1918.000	122.776	14.840	0.000	14.919
1920.000	122.756	14.488	0.000	15.232
1922.000	122.738	15.269	0.000	17.906
1924.000	122.782	15.120	0.000	17.960
1926.000	122.726	14.661	0.000	9.302
1928.000	122.788	15.297	0.000	14.341
1930.000	122.729	15.165	0.000	19.117
1932.000	122.771	14.886	0.000	14.201
1934.000	122.751	15.373	0.000	12.998
1936.000	122.753	16.566	0.000	6.165
1938.000	122.776	17.321	0.000	2.320
1940.000	122.735	17.784	0.000	-4.305
1942.000	122.774	18.311	0.000	-4.308
1944.000	122.744	18.104	0.000	-7.091
1946.000	122.762	18.966	0.000	-10.558
1948.000	122.767	19.315	0.000	-14.622
1950.000	122.740	19.392	0.000	-23.947
1952.000	122.778	20.072	0.000	-26.098
1954.000	122.739	20.329	0.000	-32.014
1956.000	122.772	20.932	0.000	-35.497
1958.000	122.754	21.290	0.000	-41.624
1960.000	122.749	21.388	0.000	-50.874
1962.000	122.776	21.568	0.000	-55.281
1964.000	122.735	22.000	0.000	-60.040
1966.000	122.789	22.123	0.000	-64.374
1968.000	122.734	22.240	0.000	-75.093
1970.000	122.779	22.623	0.000	-77.878
1972.000	122.747	22.638	0.000	-84.823
1974.000	122.764	22.404	0.000	-91.690
1976.000	122.768	22.435	0.000	-98.575
1978.000	122.745	22.430	0.000	-105.990
1980.000	122.781	22.379	0.000	-110.404
1982.000	122.731	22.523	0.000	-118.573
1984.000	122.787	22.509	0.000	-122.050
1986.000	122.742	22.150	0.000	-127.396
1988.000	122.767	22.419	0.000	-132.222
1990.000	122.764	21.631	0.000	-135.680
1992.000	122.746	21.737	0.000	-143.794
1994.000	122.784	21.246	0.000	-150.477
1996.000	122.740	20.905	0.000	-154.576
1998.000	122.779	20.256	0.000	-156.529
2000.000	122.744	20.023	0.000	-162.209
