2000.000	122.836	11.895	0.000	-141.103
2.000	122.890	12.777	0.000	-170.491
4.000	123.102	13.356	0.000	-147.865
6.000	123.122	13.272	0.000	-136.880
8.000	122.969	12.342	0.000	-143.476
10.000	122.825	11.063	0.000	-148.031
12.000	122.928	11.921	0.000	-174.692
14.000	123.195	13.231	0.000	-155.960
16.000	123.115	13.427	0.000	-151.670
18.000	122.780	12.879	0.000	-159.989
20.000	122.881	12.563	0.000	-168.397
22.000	123.157	11.963	0.000	-150.682
24.000	123.081	12.044	0.000	-155.173
26.000	122.942	12.692	0.000	-160.419
28.000	122.910	12.457	0.000	-168.579
30.000	122.907	11.492	0.000	-173.676
32.000	123.108	11.554	0.000	-164.728
34.000	123.172	12.700	0.000	-158.084
36.000	122.846	12.667	0.000	-163.439
38.000	122.800	12.300	0.000	-162.028
40.000	123.142	12.359	0.000	-171.307
42.000	123.158	12.561	0.000	-164.197
44.000	122.919	13.093	0.000	-165.260
46.000	122.853	12.271	0.000	178.067
48.000	122.968	13.067	0.000	179.771
50.000	123.131	13.825	0.000	-163.359
52.000	123.092	13.645	0.000	-156.842
54.000	122.855	13.912	0.000	-165.070
56.000	122.875	12.825	0.000	-164.682
58.000	123.087	12.915	0.000	-166.483
60.000	123.115	13.131	0.000	-163.915
62.000	122.990	12.260	0.000	-164.804
64.000	122.836	11.574	0.000	-174.075
66.000	122.916	13.136	0.000	-172.408
68.000	123.208	14.784	0.000	-167.214
70.000	123.099	13.813	0.000	-158.992
72.000	122.760	12.978	0.000	-174.539
74.000	122.934	14.235	0.000	-179.634
76.000	123.160	14.726	0.000	-167.221
78.000	123.038	13.825	0.000	-179.531
80.000	122.954	14.438	0.000	172.124
82.000	122.897	13.973	0.000	173.868
84.000	122.927	12.929	0.000	174.892
86.000	123.179	13.564	0.000	163.685
88.000	123.089	13.984	0.000	164.989
90.000	122.764	13.596	0.000	166.962
92.000	122.934	14.412	0.000	162.734
94.000	123.181	14.908	0.000	162.228
96.000	123.060	15.020	0.000	155.044
98.000	122.884	14.674	0.000	151.534
100.000	122.871	14.266	0.000	153.292
102.000	123.054	13.904	0.000	146.506
104.000	123.163	13.826	0.000	147.382
106.000	122.943	13.530	0.000	150.606
108.000	122.833	13.987	0.000	149.873
110.000	123.013	15.220	0.000	139.093
112.000	123.102	15.061	0.000	134.748
114.000	123.064	15.069	0.000	139.829
116.000	122.886	14.263	0.000	135.564
118.000	122.829	15.157	0.000	131.127
120.000	123.158	15.218	0.000	128.597
122.000	123.171	15.367	0.000	132.169
124.000	122.800	14.354	0.000	132.675
126.000	122.888	15.646	0.000	113.949
128.000	123.123	16.217	0.000	119.288
130.000	123.056	14.962	0.000	130.853
132.000	122.985	14.897	0.000	132.717
134.000	122.881	15.444	0.000	128.099
136.000	122.918	15.151	0.000	118.391
138.000	123.179	15.841	0.000	117.402
140.000	123.069	15.648	0.000	120.243
142.000	122.788	14.653	0.000	114.506
144.000	122.940	15.634	0.000	96.881
146.000	123.146	16.090	0.000	104.837
148.000	123.074	15.361	0.000	113.756
150.000	122.871	15.188	0.000	103.660
152.000	122.862	16.127	0.000	98.492
154.000	123.112	16.236	0.000	99.873
156.000	123.119	15.580	0.000	100.114
158.000	122.891	14.328	0.000	93.401
160.000	122.888	15.582	0.000	89.915
162.000	123.010	15.809	0.000	83.083
164.000	123.110	15.859	0.000	83.699
166.000	123.046	15.387	0.000	84.607
168.000	122.795	15.321	0.000	82.362
170.000	122.944	16.197	0.000	79.284
172.000	123.223	16.042	0.000	76.728
174.000	122.998	15.142	0.000	87.198
176.000	122.801	15.190	0.000	75.992
178.000	122.991	16.183	0.000	70.563
180.000	123.100	16.234	0.000	71.936
182.000	123.045	15.034	0.000	63.054
184.000	122.904	15.201	0.000	59.758
186.000	122.870	15.275	0.000	51.384
188.000	123.078	15.241	0.000	44.732
190.000	123.132	16.275	0.000	51.616
192.000	122.901	15.645	0.000	61.971
194.000	122.827	14.749	0.000	35.216
196.000	123.072	16.785	0.000	43.733
198.000	123.160	15.883	0.000	50.124
200.000	122.900	14.262	0.000	49.380
202.000	122.831	14.890	0.000	33.446
204.000	123.067	15.634	0.000	35.220
206.000	123.105	15.218	0.000	41.810
208.000	122.959	15.367	0.000	39.609
210.000	122.869	14.955	0.000	38.010
212.000	122.955	15.526	0.000	27.675
214.000	123.134	15.956	0.000	26.286
216.000	123.039	15.550	0.000	22.642
218.000	122.808	14.290	0.000	13.040
220.000	122.941	14.672	0.000	3.862
222.000	123.165	16.001	0.000	14.662
224.000	123.031	15.421	0.000	21.094
226.000	122.806	14.396	0.000	15.360
228.000	122.955	14.702	0.000	6.347
230.000	123.137	14.301	0.000	15.018
232.000	123.007	13.625	0.000	6.008
234.000	122.887	13.562	0.000	-5.073
236.000	122.912	13.722	0.000	-8.678
238.000	123.050	14.922	0.000	-6.146
240.000	123.132	14.750	0.000	-4.118
242.000	122.866	14.132	0.000	-5.041
244.000	122.829	14.354	0.000	-13.988
246.000	123.159	15.658	0.000	-15.203
248.000	123.077	15.060	0.000	-14.001
250.000	122.842	14.376	0.000	-23.667
252.000	122.911	14.627	0.000	-35.448
254.000	123.059	15.048	0.000	-34.707
256.000	123.094	15.549	0.000	-27.167
258.000	122.900	15.050	0.000	-32.188
260.000	122.855	13.990	0.000	-34.550
262.000	123.068	15.295	0.000	-33.455
264.000	123.088	16.020	0.000	-44.125
266.000	122.933	15.578	0.000	-48.562
268.000	122.827	16.215	0.000	-53.496
270.000	123.034	16.493	0.000	-68.694
272.000	123.180	16.311	0.000	-60.615
274.000	122.853	15.820	0.000	-58.490
276.000	122.847	16.461	0.000	-78.382
278.000	123.114	16.097	0.000	-79.071
280.000	123.030	15.721	0.000	-82.957
282.000	122.947	16.161	0.000	-93.426
284.000	122.873	16.494	0.000	-102.910
286.000	122.971	16.981	0.000	-116.940
288.000	123.171	17.761	0.000	-128.153
290.000	122.914	17.094	0.000	-143.161
292.000	122.804	18.346	0.000	-169.609
294.000	123.078	21.604	0.000	175.186
296.000	123.097	22.785	0.000	168.439
298.000	122.909	24.348	0.000	145.193
300.000	122.838	27.805	0.000	124.611
302.000	123.050	30.780	0.000	110.454
304.000	123.106	33.086	0.000	94.469
306.000	122.886	34.948	0.000	74.278
308.000	122.883	37.330	0.000	50.616
310.000	123.007	39.954	0.000	29.743
312.000	123.094	41.745	0.000	15.078
314.000	122.957	42.255	0.000	-2.582
316.000	122.784	43.456	0.000	-30.582
318.000	123.074	46.013	0.000	-49.632
320.000	123.133	46.782	0.000	-59.619
322.000	122.836	46.050	0.000	-81.959
324.000	122.885	47.437	0.000	-111.060
326.000	123.062	48.421	0.000	-122.966
328.000	123.052	47.677	0.000	-138.529
330.000	122.908	47.248	0.000	-159.959
332.000	122.861	46.871	0.000	-176.031
334.000	123.035	46.743	0.000	166.083
336.000	123.096	46.720	0.000	157.863
338.000	122.884	44.802	0.000	150.525
340.000	122.827	44.091	0.000	129.267
342.000	123.107	45.104	0.000	127.224
344.000	123.074	43.917	0.000	128.730
346.000	122.813	43.142	0.000	116.349
348.000	122.924	44.595	0.000	109.720
350.000	123.072	45.572	0.000	105.607
352.000	123.022	46.098	0.000	97.120
354.000	122.872	46.263	0.000	83.514
356.000	122.883	47.155	0.000	65.497
358.000	123.090	48.090	0.000	54.392
360.000	123.032	47.727	0.000	44.781
362.000	122.834	46.694	0.000	29.201
364.000	122.898	46.961	0.000	10.346
366.000	123.124	47.733	0.000	4.091
368.000	123.010	46.454	0.000	-0.424
370.000	122.772	45.449	0.000	-22.213
372.000	123.012	46.634	0.000	-32.041
374.000	123.081	45.920	0.000	-36.304
376.000	122.929	44.878	0.000	-50.697
378.000	122.889	44.507	0.000	-60.266
380.000	122.913	43.953	0.000	-71.936
382.000	123.126	44.456	0.000	-78.062
384.000	122.961	43.291	0.000	-78.764
386.000	122.772	42.403	0.000	-95.376
388.000	123.061	44.182	0.000	-101.509
390.000	123.073	43.998	0.000	-101.045
392.000	122.881	43.175	0.000	-115.216
394.000	122.851	44.040	0.000	-130.701
396.000	123.044	44.687	0.000	-138.702
398.000	123.063	44.423	0.000	-147.928
400.000	122.847	43.829	0.000	-160.745
402.000	122.900	43.940	0.000	-175.435
404.000	123.027	44.590	0.000	174.313
406.000	123.053	44.586	0.000	167.574
408.000	122.853	43.682	0.000	154.145
410.000	122.850	44.355	0.000	133.249
412.000	123.150	45.456	0.000	125.660
414.000	122.966	44.288	0.000	117.313
416.000	122.800	43.484	0.000	91.983
418.000	122.991	44.482	0.000	78.298
420.000	123.051	43.876	0.000	69.945
422.000	122.950	42.865	0.000	51.553
424.000	122.837	42.386	0.000	34.845
426.000	122.965	41.953	0.000	16.493
428.000	123.087	41.878	0.000	3.204
430.000	122.915	40.034	0.000	-5.933
432.000	122.801	38.061	0.000	-32.081
434.000	123.056	38.215	0.000	-43.479
436.000	123.069	36.185	0.000	-45.757
438.000	122.808	33.365	0.000	-63.393
440.000	122.912	32.666	0.000	-74.274
442.000	123.051	31.459	0.000	-77.668
444.000	122.992	29.765	0.000	-82.730
446.000	122.845	27.857	0.000	-89.976
448.000	122.903	27.050	0.000	-96.838
450.000	123.083	26.753	0.000	-96.570
452.000	122.959	25.306	0.000	-95.112
454.000	122.811	23.721	0.000	-104.017
456.000	122.955	24.165	0.000	-112.679
458.000	123.116	24.248	0.000	-107.132
460.000	122.861	22.186	0.000	-110.754
462.000	122.831	22.602	0.000	-125.765
464.000	123.076	22.910	0.000	-125.735
466.000	122.971	21.950	0.000	-127.934
468.000	122.895	21.925	0.000	-134.934
470.000	122.856	20.865	0.000	-140.980
472.000	123.041	20.849	0.000	-155.358
474.000	123.039	20.145	0.000	-154.409
476.000	122.765	17.315	0.000	-168.052
478.000	122.963	17.707	0.000	176.765
480.000	123.076	17.152	0.000	178.458
482.000	122.902	14.869	0.000	173.553
484.000	122.818	13.413	0.000	172.329
486.000	123.013	12.058	0.000	153.184
488.000	123.038	12.679	0.000	173.820
490.000	122.846	10.805	0.000	-161.450
492.000	122.882	10.205	0.000	-168.300
494.000	123.005	10.686	0.000	-121.253
496.000	123.032	11.388	0.000	-139.628
498.000	122.801	10.991	0.000	-117.752
500.000	122.901	10.203	0.000	-118.146
502.000	123.111	12.008	0.000	-115.041
504.000	122.885	12.870	0.000	-135.922
506.000	122.819	12.843	0.000	-144.877
508.000	123.008	11.987	0.000	-130.424
510.000	123.015	10.798	0.000	-131.615
512.000	122.862	11.199	0.000	-127.517
514.000	122.863	12.609	0.000	-125.669
516.000	123.007	13.079	0.000	-121.710
518.000	123.025	13.104	0.000	-131.887
520.000	122.786	12.915	0.000	-136.076
522.000	122.915	12.296	0.000	-144.498
524.000	123.100	13.159	0.000	-135.355
526.000	122.858	13.177	0.000	-144.631
528.000	122.843	12.822	0.000	-153.530
530.000	122.989	12.157	0.000	-148.282
532.000	123.017	12.875	0.000	-139.511
534.000	122.840	12.655	0.000	-154.196
536.000	122.869	12.867	0.000	-148.935
538.000	123.032	12.656	0.000	-143.632
540.000	122.963	12.594	0.000	-144.453
542.000	122.806	12.246	0.000	-143.825
544.000	122.917	12.650	0.000	-146.339
546.000	123.103	13.537	0.000	-142.365
548.000	122.816	12.517	0.000	-163.900
550.000	122.859	14.060	0.000	-172.031
552.000	123.029	13.498	0.000	174.689
554.000	122.949	13.554	0.000	-173.579
556.000	122.855	13.206	0.000	-158.061
558.000	122.863	12.731	0.000	-164.830
560.000	123.062	12.637	0.000	-171.217
562.000	122.914	12.900	0.000	-163.677
564.000	122.784	13.534	0.000	-175.469
566.000	122.998	12.938	0.000	172.391
568.000	123.024	12.299	0.000	176.724
570.000	122.795	11.520	0.000	-177.184
572.000	122.892	12.578	0.000	178.476
574.000	123.029	12.253	0.000	169.958
576.000	122.915	11.243	0.000	174.324
578.000	122.821	13.414	0.000	174.767
580.000	122.929	13.285	0.000	178.001
582.000	123.039	12.844	0.000	-178.297
584.000	122.843	12.484	0.000	174.689
586.000	122.823	12.585	0.000	144.351
588.000	123.040	13.431	0.000	162.998
590.000	122.955	12.257	0.000	163.791
592.000	122.763	12.272	0.000	160.330
594.000	122.980	12.814	0.000	164.278
596.000	122.987	12.736	0.000	162.050
598.000	122.865	12.851	0.000	149.771
600.000	122.839	12.934	0.000	158.748
602.000	122.974	12.735	0.000	142.760
604.000	123.009	12.770	0.000	148.154
606.000	122.752	12.177	0.000	170.444
608.000	122.942	12.067	0.000	146.093
610.000	123.026	11.964	0.000	125.853
612.000	122.841	10.690	0.000	131.024
614.000	122.825	11.014	0.000	139.132
616.000	123.012	10.175	0.000	147.666
618.000	122.937	9.463	0.000	125.954
620.000	122.810	11.035	0.000	107.462
622.000	122.901	10.874	0.000	113.069
624.000	123.010	11.276	0.000	124.450
626.000	122.881	11.958	0.000	130.591
628.000	122.779	11.423	0.000	127.187
630.000	123.034	11.831	0.000	103.828
632.000	122.943	10.629	0.000	81.330
634.000	122.773	10.419	0.000	-177.422
636.000	122.938	10.547	0.000	142.503
638.000	122.992	9.979	0.000	109.776
640.000	122.845	9.330	0.000	124.272
642.000	122.835	10.461	0.000	104.430
644.000	122.963	11.316	0.000	118.260
646.000	122.982	12.069	0.000	-167.542
648.000	122.748	11.526	0.000	-172.843
650.000	122.939	10.705	0.000	-176.626
652.000	123.017	10.889	0.000	-109.562
654.000	122.802	9.351	0.000	-107.794
656.000	122.848	9.580	0.000	134.461
658.000	122.990	9.985	0.000	167.196
660.000	122.917	9.901	0.000	-132.622
662.000	122.786	10.185	0.000	-174.741
664.000	122.930	10.929	0.000	-170.883
666.000	122.980	9.683	0.000	-143.477
668.000	122.837	10.261	0.000	-117.443
670.000	122.800	10.878	0.000	-147.248
672.000	123.055	11.424	0.000	-148.335
674.000	122.857	10.974	0.000	-135.369
676.000	122.796	11.406	0.000	-141.730
678.000	122.964	11.451	0.000	-148.908
680.000	122.940	11.215	0.000	-161.699
682.000	122.814	11.162	0.000	-178.452
684.000	122.853	11.574	0.000	-167.809
686.000	122.997	12.462	0.000	-151.834
688.000	122.874	11.708	0.000	-150.396
690.000	122.764	11.991	0.000	-162.228
692.000	123.003	12.068	0.000	-158.500
694.000	122.925	12.521	0.000	-165.351
696.000	122.768	12.678	0.000	-161.152
698.000	122.922	13.043	0.000	-155.888
700.000	122.959	12.453	0.000	-166.660
702.000	122.833	11.823	0.000	-175.253
704.000	122.814	12.880	0.000	-175.253
706.000	122.985	13.511	0.000	-175.129
708.000	122.893	13.612	0.000	-175.380
710.000	122.773	14.475	0.000	177.464
712.000	122.927	15.063	0.000	175.354
714.000	122.992	14.906	0.000	176.026
716.000	122.736	14.768	0.000	170.732
718.000	122.920	16.009	0.000	165.269
720.000	122.941	15.736	0.000	173.204
722.000	122.859	15.942	0.000	166.635
724.000	122.790	16.502	0.000	159.360
726.000	122.962	17.275	0.000	155.176
728.000	122.924	17.509	0.000	155.412
730.000	122.751	16.981	0.000	147.564
732.000	122.916	17.610	0.000	144.628
734.000	122.975	17.451	0.000	151.731
736.000	122.763	17.253	0.000	138.695
738.000	122.869	18.790	0.000	137.168
740.000	122.962	18.582	0.000	138.686
742.000	122.845	19.045	0.000	136.325
744.000	122.791	19.084	0.000	128.985
746.000	122.941	19.924	0.000	123.972
748.000	122.926	19.735	0.000	123.795
750.000	122.753	19.339	0.000	114.582
752.000	122.895	20.815	0.000	110.589
754.000	122.978	21.134	0.000	116.459
756.000	122.756	20.289	0.000	105.324
758.000	122.863	21.168	0.000	101.906
760.000	122.960	21.401	0.000	105.594
762.000	122.829	21.508	0.000	96.800
764.000	122.800	21.727	0.000	96.425
766.000	122.920	22.734	0.000	88.896
768.000	122.940	23.149	0.000	92.738
770.000	122.723	22.296	0.000	81.258
772.000	122.925	24.205	0.000	74.024
774.000	122.938	24.417	0.000	78.529
776.000	122.767	24.038	0.000	70.914
778.000	122.846	25.118	0.000	63.944
780.000	122.963	25.320	0.000	64.646
782.000	122.809	25.297	0.000	61.027
784.000	122.800	25.758	0.000	52.550
786.000	122.927	26.820	0.000	47.327
788.000	122.904	26.818	0.000	50.330
790.000	122.731	26.779	0.000	41.753
792.000	122.926	28.369	0.000	37.089
794.000	122.927	28.485	0.000	39.212
796.000	122.739	28.454	0.000	28.712
798.000	122.883	30.247	0.000	25.334
800.000	122.929	30.373	0.000	26.036
802.000	122.798	30.914	0.000	18.599
804.000	122.803	31.689	0.000	14.198
806.000	122.941	33.206	0.000	9.670
808.000	122.864	33.416	0.000	11.592
810.000	122.732	34.354	0.000	-1.873
812.000	122.962	36.570	0.000	-0.069
814.000	122.866	36.347	0.000	-2.895
816.000	122.750	37.980	0.000	-14.305
818.000	122.896	39.681	0.000	-17.317
820.000	122.912	40.909	0.000	-22.420
822.000	122.766	41.940	0.000	-32.810
824.000	122.832	44.169	0.000	-45.416
826.000	122.940	45.828	0.000	-53.433
828.000	122.802	46.218	0.000	-67.064
830.000	122.770	47.428	0.000	-90.023
832.000	122.969	48.735	0.000	-99.253
834.000	122.811	47.587	0.000	-110.742
836.000	122.761	48.034	0.000	-132.499
838.000	122.935	48.374	0.000	-136.427
840.000	122.844	47.438	0.000	-148.860
842.000	122.774	47.144	0.000	-159.999
844.000	122.851	46.775	0.000	-169.917
846.000	122.940	46.749	0.000	-168.709
848.000	122.724	45.676	0.000	-170.981
850.000	122.860	48.070	0.000	-174.866
852.000	122.931	49.075	0.000	-171.957
854.000	122.758	49.888	0.000	171.333
856.000	122.806	52.009	0.000	158.786
858.000	122.937	52.891	0.000	147.852
860.000	122.788	53.086	0.000	131.090
862.000	122.785	53.432	0.000	110.425
864.000	122.898	53.931	0.000	94.817
866.000	122.869	52.948	0.000	83.754
868.000	122.711	51.605	0.000	61.900
870.000	122.932	51.744	0.000	49.780
872.000	122.859	50.052	0.000	43.941
874.000	122.732	48.040	0.000	25.152
876.000	122.880	47.581	0.000	19.007
878.000	122.882	45.316	0.000	16.684
880.000	122.753	43.670	0.000	10.550
882.000	122.822	42.602	0.000	9.450
884.000	122.918	42.507	0.000	10.050
886.000	122.765	40.986	0.000	11.661
888.000	122.785	41.162	0.000	1.678
890.000	122.951	40.919	0.000	8.319
892.000	122.753	38.768	0.000	2.197
894.000	122.787	38.500	0.000	1.155
896.000	122.907	38.002	0.000	9.106
898.000	122.809	37.756	0.000	15.788
900.000	122.753	38.738	0.000	14.903
902.000	122.887	40.224	0.000	14.933
904.000	122.856	40.662	0.000	13.789
906.000	122.712	40.779	0.000	3.466
908.000	122.900	42.415	0.000	-2.772
910.000	122.863	41.812	0.000	-2.924
912.000	122.718	41.493	0.000	-17.542
914.000	122.869	42.407	0.000	-19.536
916.000	122.864	41.937	0.000	-24.258
918.000	122.747	42.079	0.000	-34.384
920.000	122.812	42.586	0.000	-45.773
922.000	122.903	43.310	0.000	-55.420
924.000	122.744	42.345	0.000	-69.921
926.000	122.791	42.932	0.000	-100.436
928.000	122.924	42.886	0.000	-112.982
930.000	122.735	41.357	0.000	-152.732
932.000	122.793	42.653	0.000	172.455
934.000	122.891	43.696	0.000	141.406
936.000	122.777	44.773	0.000	112.399
938.000	122.761	46.402	0.000	81.385
940.000	122.882	48.024	0.000	64.454
942.000	122.816	47.944	0.000	49.168
944.000	122.714	48.328	0.000	28.647
946.000	122.914	49.660	0.000	20.262
948.000	122.798	48.939	0.000	15.738
950.000	122.734	49.624	0.000	-0.382
952.000	122.876	50.567	0.000	-0.091
954.000	122.819	50.400	0.000	-7.751
956.000	122.736	51.086	0.000	-14.062
958.000	122.834	52.145	0.000	-21.827
960.000	122.871	53.059	0.000	-21.542
962.000	122.698	53.065	0.000	-33.248
964.000	122.859	55.366	0.000	-39.538
966.000	122.853	55.299	0.000	-41.556
968.000	122.721	56.061	0.000	-58.034
970.000	122.823	57.361	0.000	-64.747
972.000	122.866	57.739	0.000	-72.654
974.000	122.724	57.939	0.000	-85.065
976.000	122.807	58.940	0.000	-97.651
978.000	122.867	59.486	0.000	-104.716
980.000	122.744	58.916	0.000	-116.854
982.000	122.770	59.740	0.000	-133.806
984.000	122.909	59.962	0.000	-136.985
986.000	122.708	58.675	0.000	-152.403
988.000	122.800	59.411	0.000	-164.683
990.000	122.860	58.804	0.000	-169.663
992.000	122.753	58.062	0.000	177.295
994.000	122.758	57.806	0.000	167.071
996.000	122.875	57.955	0.000	158.416
998.000	122.764	56.866	0.000	153.639
1000.000	122.729	56.650	0.000	134.292
1002.000	122.910	56.947	0.000	133.742
1004.000	122.730	54.861	0.000	119.916
1006.000	122.761	54.808	0.000	106.978
1008.000	122.863	53.815	0.000	99.384
1010.000	122.768	52.405	0.000	89.835
1012.000	122.734	51.045	0.000	74.267
1014.000	122.865	50.349	0.000	66.070
1016.000	122.783	48.095	0.000	55.473
1018.000	122.704	45.983	0.000	34.638
1020.000	122.897	44.963	0.000	18.227
1022.000	122.753	41.816	0.000	-1.608
1024.000	122.736	40.484	0.000	-52.108
1026.000	122.858	40.769	0.000	-81.875
1028.000	122.774	42.130	0.000	-117.731
1030.000	122.724	43.725	0.000	-139.381
1032.000	122.847	45.812	0.000	-155.989
1034.000	122.797	46.301	0.000	-162.544
1036.000	122.694	47.098	0.000	178.625
1038.000	122.883	48.758	0.000	175.600
1040.000	122.759	48.109	0.000	168.686
1042.000	122.725	49.155	0.000	155.896
1044.000	122.849	49.728	0.000	153.650
1046.000	122.775	49.771	0.000	147.260
1048.000	122.721	50.030	0.000	137.853
1050.000	122.833	50.879	0.000	132.276
1052.000	122.800	50.566	0.000	130.784
1054.000	122.689	50.891	0.000	119.447
1056.000	122.872	52.226	0.000	114.890
1058.000	122.762	51.469	0.000	110.237
1060.000	122.720	51.540	0.000	94.255
1062.000	122.841	51.718	0.000	92.423
1064.000	122.773	50.314	0.000	84.235
1066.000	122.717	49.451	0.000	78.615
1068.000	122.824	48.698	0.000	77.074
1070.000	122.801	47.919	0.000	85.843
1072.000	122.681	47.788	0.000	86.694
1074.000	122.871	49.522	0.000	95.672
1076.000	122.752	49.519	0.000	94.643
1078.000	122.720	51.210	0.000	88.464
1080.000	122.833	52.224	0.000	86.293
1082.000	122.770	52.591	0.000	81.088
1084.000	122.710	53.162	0.000	70.866
1086.000	122.830	54.095	0.000	65.940
1088.000	122.780	53.864	0.000	61.750
1090.000	122.684	53.869	0.000	49.838
1092.000	122.869	54.963	0.000	47.452
1094.000	122.735	53.898	0.000	43.875
1096.000	122.724	54.439	0.000	33.576
1098.000	122.834	54.449	0.000	35.107
1100.000	122.746	54.264	0.000	29.950
1102.000	122.715	54.730	0.000	25.243
1104.000	122.837	55.735	0.000	20.304
1106.000	122.747	55.450	0.000	18.053
1108.000	122.708	55.873	0.000	4.120
1110.000	122.859	56.664	0.000	5.321
1112.000	122.711	55.541	0.000	-2.892
1114.000	122.737	56.398	0.000	-9.925
1116.000	122.833	56.327	0.000	-12.063
1118.000	122.718	56.128	0.000	-17.289
1120.000	122.735	56.563	0.000	-25.450
1122.000	122.830	57.299	0.000	-26.659
1124.000	122.717	56.794	0.000	-32.961
1126.000	122.735	57.659	0.000	-43.811
1128.000	122.843	58.362	0.000	-45.158
1130.000	122.689	57.648	0.000	-55.923
1132.000	122.764	58.939	0.000	-65.898
1134.000	122.811	58.450	0.000	-70.413
1136.000	122.709	58.303	0.000	-83.114
1138.000	122.740	58.103	0.000	-93.711
1140.000	122.838	58.404	0.000	-99.835
1142.000	122.674	56.784	0.000	-109.320
1144.000	122.784	57.198	0.000	-121.234
1146.000	122.804	56.019	0.000	-121.702
1148.000	122.681	54.712	0.000	-134.586
1150.000	122.785	54.478	0.000	-138.020
1152.000	122.792	53.285	0.000	-140.935
1154.000	122.686	52.125	0.000	-146.064
1156.000	122.780	51.804	0.000	-148.697
1158.000	122.800	51.178	0.000	-145.680
1160.000	122.660	50.279	0.000	-149.795
1162.000	122.823	51.137	0.000	-149.432
1164.000	122.754	50.474	0.000	-147.203
1166.000	122.685	50.873	0.000	-156.200
1168.000	122.818	51.529	0.000	-155.345
1170.000	122.735	51.094	0.000	-162.367
1172.000	122.701	51.315	0.000	-169.050
1174.000	122.809	51.719	0.000	-176.471
1176.000	122.736	51.243	0.000	-178.900
1178.000	122.698	50.948	0.000	165.632
1180.000	122.828	51.241	0.000	165.264
1182.000	122.699	49.469	0.000	155.309
1184.000	122.729	49.371	0.000	146.693
1186.000	122.804	48.344	0.000	143.203
1188.000	122.705	46.919	0.000	137.927
1190.000	122.722	45.988	0.000	130.937
1192.000	122.818	45.195	0.000	132.646
1194.000	122.678	43.247	0.000	130.498
1196.000	122.749	42.738	0.000	128.237
1198.000	122.809	41.904	0.000	135.788
1200.000	122.655	40.291	0.000	134.870
1202.000	122.795	40.646	0.000	142.801
1204.000	122.759	39.728	0.000	151.180
1206.000	122.688	40.123	0.000	156.805
1208.000	122.773	41.618	0.000	160.126
1210.000	122.779	42.461	0.000	166.131
1212.000	122.659	43.189	0.000	157.322
1214.000	122.815	44.941	0.000	157.697
1216.000	122.724	44.563	0.000	153.374
1218.000	122.691	45.707	0.000	143.208
1220.000	122.811	46.067	0.000	141.505
1222.000	122.704	45.923	0.000	133.406
1224.000	122.707	46.126	0.000	125.371
1226.000	122.808	46.512	0.000	121.636
1228.000	122.688	45.570	0.000	115.249
1230.000	122.726	45.778	0.000	107.277
1232.000	122.804	45.517	0.000	107.710
1234.000	122.664	44.487	0.000	100.558
1236.000	122.769	45.051	0.000	98.985
1238.000	122.758	44.113	0.000	99.305
1240.000	122.690	44.127	0.000	96.555
1242.000	122.752	44.279	0.000	94.526
1244.000	122.776	44.627	0.000	97.009
1246.000	122.657	44.402	0.000	90.897
1248.000	122.799	45.633	0.000	91.908
1250.000	122.725	45.024	0.000	88.919
1252.000	122.687	45.946	0.000	81.117
1254.000	122.794	46.259	0.000	78.914
1256.000	122.708	46.027	0.000	72.595
1258.000	122.696	46.203	0.000	64.110
1260.000	122.805	46.388	0.000	62.241
1262.000	122.677	45.455	0.000	57.687
1264.000	122.726	45.837	0.000	51.644
1266.000	122.801	45.965	0.000	55.089
1268.000	122.648	45.619	0.000	47.475
1270.000	122.784	46.766	0.000	47.543
1272.000	122.737	46.474	0.000	43.210
1274.000	122.681	46.919	0.000	36.864
1276.000	122.773	47.566	0.000	29.728
1278.000	122.736	47.426	0.000	27.226
1280.000	122.674	47.185	0.000	15.366
1282.000	122.796	47.920	0.000	13.644
1284.000	122.696	46.903	0.000	7.826
1286.000	122.711	47.383	0.000	0.645
1288.000	122.775	47.081	0.000	-2.040
1290.000	122.692	46.837	0.000	-6.914
1292.000	122.714	46.973	0.000	-14.146
1294.000	122.786	47.175	0.000	-14.459
1296.000	122.657	46.547	0.000	-21.450
1298.000	122.759	47.362	0.000	-27.343
1300.000	122.756	47.298	0.000	-27.258
1302.000	122.660	47.267	0.000	-39.334
1304.000	122.783	47.905	0.000	-40.315
1306.000	122.714	47.482	0.000	-48.490
1308.000	122.682	47.586	0.000	-55.407
1310.000	122.786	48.199	0.000	-63.053
1312.000	122.691	47.528	0.000	-67.309
1314.000	122.708	47.943	0.000	-81.186
1316.000	122.784	47.846	0.000	-82.377
1318.000	122.665	47.030	0.000	-96.192
1320.000	122.741	47.232	0.000	-103.245
1322.000	122.756	46.445	0.000	-110.532
1324.000	122.666	45.633	0.000	-120.580
1326.000	122.757	45.354	0.000	-128.261
1328.000	122.743	44.338	0.000	-132.126
1330.000	122.651	43.222	0.000	-142.629
1332.000	122.809	43.167	0.000	-144.887
1334.000	122.673	41.499	0.000	-149.578
1336.000	122.714	41.231	0.000	-156.361
1338.000	122.769	40.267	0.000	-156.215
1340.000	122.671	39.305	0.000	-161.784
1342.000	122.728	38.710	0.000	-165.506
1344.000	122.765	38.319	0.000	-165.534
1346.000	122.647	37.096	0.000	-170.673
1348.000	122.783	37.557	0.000	-171.765
1350.000	122.706	36.169	0.000	-171.777
1352.000	122.685	36.054	0.000	-177.974
1354.000	122.771	35.547	0.000	-177.266
1356.000	122.690	34.794	0.000	179.270
1358.000	122.699	34.638	0.000	175.450
1360.000	122.778	34.445	0.000	177.267
1362.000	122.658	33.559	0.000	172.495
1364.000	122.744	33.988	0.000	169.215
1366.000	122.747	33.363	0.000	171.687
1368.000	122.654	33.011	0.000	163.458
1370.000	122.781	33.221	0.000	165.334
1372.000	122.696	32.479	0.000	160.026
1374.000	122.685	32.363	0.000	155.872
1376.000	122.786	32.398	0.000	152.728
1378.000	122.659	31.446	0.000	150.682
1380.000	122.737	31.620	0.000	143.500
1382.000	122.749	30.846	0.000	144.708
1384.000	122.661	29.817	0.000	136.608
1386.000	122.760	29.710	0.000	136.682
1388.000	122.715	28.947	0.000	134.389
1390.000	122.678	28.420	0.000	132.789
1392.000	122.764	28.312	0.000	133.688
1394.000	122.696	27.334	0.000	135.565
1396.000	122.691	27.546	0.000	132.618
1398.000	122.780	27.624	0.000	133.888
1400.000	122.645	27.261	0.000	130.772
1402.000	122.756	28.264	0.000	132.280
1404.000	122.726	27.649	0.000	130.878
1406.000	122.664	27.906	0.000	126.598
1408.000	122.772	28.578	0.000	121.942
1410.000	122.692	28.314	0.000	121.323
1412.000	122.692	28.685	0.000	109.952
1414.000	122.772	28.889	0.000	109.818
1416.000	122.658	28.141	0.000	98.391
1418.000	122.740	28.418	0.000	91.892
1420.000	122.733	27.821	0.000	85.236
1422.000	122.667	27.197	0.000	76.459
1424.000	122.755	26.564	0.000	70.628
1426.000	122.714	25.479	0.000	67.618
1428.000	122.665	24.418	0.000	57.693
1430.000	122.796	24.308	0.000	57.411
1432.000	122.648	22.836	0.000	52.870
1434.000	122.740	22.634	0.000	51.335
1436.000	122.740	21.233	0.000	53.265
1438.000	122.656	19.873	0.000	51.977
1440.000	122.767	19.547	0.000	48.946
1442.000	122.699	18.222	0.000	50.974
1444.000	122.683	17.007	0.000	43.837
1446.000	122.774	17.822	0.000	53.087
1448.000	122.657	16.861	0.000	49.933
1450.000	122.737	17.334	0.000	55.517
1452.000	122.732	17.357	0.000	57.749
1454.000	122.668	16.725	0.000	55.734
1456.000	122.752	16.505	0.000	52.576
1458.000	122.710	15.737	0.000	51.919
1460.000	122.672	16.578	0.000	51.560
1462.000	122.782	16.882	0.000	53.355
1464.000	122.652	16.413	0.000	53.909
1466.000	122.741	16.056	0.000	52.380
1468.000	122.724	14.819	0.000	48.272
1470.000	122.672	14.741	0.000	50.062
1472.000	122.754	15.038	0.000	49.758
1474.000	122.696	14.319	0.000	48.057
1476.000	122.701	15.347	0.000	47.527
1478.000	122.755	15.871	0.000	51.634
1480.000	122.667	15.128	0.000	54.125
1482.000	122.735	14.624	0.000	40.808
1484.000	122.727	13.886	0.000	32.912
1486.000	122.670	14.919	0.000	41.169
1488.000	122.760	14.888	0.000	37.438
1490.000	122.688	13.965	0.000	37.126
1492.000	122.702	13.957	0.000	34.515
1494.000	122.760	14.587	0.000	38.274
1496.000	122.655	15.376	0.000	32.410
1498.000	122.758	15.729	0.000	32.259
1500.000	122.701	13.618	0.000	27.280
1502.000	122.686	13.513	0.000	22.768
1504.000	122.763	12.896	0.000	13.515
1506.000	122.671	13.959	0.000	13.609
1508.000	122.726	15.042	0.000	8.223
1510.000	122.741	14.111	0.000	14.007
1512.000	122.661	13.499	0.000	6.409
1514.000	122.760	14.736	0.000	2.679
1516.000	122.697	13.683	0.000	-10.761
1518.000	122.688	12.744	0.000	-4.021
1520.000	122.772	13.584	0.000	-3.014
1522.000	122.650	13.278	0.000	-9.483
1524.000	122.759	13.608	0.000	-5.311
1526.000	122.702	12.929	0.000	-6.438
1528.000	122.700	12.151	0.000	-16.723
1530.000	122.746	12.441	0.000	-10.764
1532.000	122.691	12.739	0.000	-18.742
1534.000	122.712	13.073	0.000	-29.501
1536.000	122.748	13.181	0.000	-26.483
1538.000	122.663	12.373	0.000	-33.904
1540.000	122.763	12.406	0.000	-35.823
1542.000	122.690	12.326	0.000	-26.970
1544.000	122.704	12.464	0.000	-34.794
1546.000	122.753	11.746	0.000	-45.311
1548.000	122.663	12.053	0.000	-40.268
1550.000	122.750	12.718	0.000	-47.781
1552.000	122.713	11.910	0.000	-39.851
1554.000	122.682	11.728	0.000	-60.921
1556.000	122.769	11.721	0.000	-73.925
1558.000	122.668	10.930	0.000	-75.848
1560.000	122.736	11.614	0.000	-68.381
1562.000	122.727	10.465	0.000	-68.848
1564.000	122.675	9.314	0.000	-88.031
1566.000	122.763	10.392	0.000	-64.631
1568.000	122.684	11.394	0.000	-65.763
1570.000	122.718	11.060	0.000	-77.104
1572.000	122.751	10.942	0.000	-74.990
1574.000	122.664	10.525	0.000	-80.589
1576.000	122.762	11.369	0.000	-87.734
1578.000	122.693	11.410	0.000	-74.923
1580.000	122.707	10.953	0.000	-78.514
1582.000	122.752	10.858	0.000	-103.181
1584.000	122.670	10.432	0.000	-102.429
1586.000	122.755	10.972	0.000	-110.589
1588.000	122.707	10.471	0.000	-121.194
1590.000	122.695	10.953	0.000	-122.495
1592.000	122.760	9.587	0.000	-115.297
1594.000	122.674	9.753	0.000	-103.156
1596.000	122.742	10.691	0.000	-115.067
1598.000	122.725	9.940	0.000	-124.938
1600.000	122.687	10.039	0.000	-138.737
1602.000	122.763	9.960	0.000	-111.396
1604.000	122.678	10.632	0.000	-139.360
1606.000	122.738	10.385	0.000	-131.410
1608.000	122.729	10.089	0.000	-137.467
1610.000	122.683	9.750	0.000	-133.827
1612.000	122.759	9.949	0.000	-139.227
1614.000	122.695	9.326	0.000	-168.118
1616.000	122.714	10.315	0.000	-167.941
1618.000	122.757	9.971	0.000	-165.592
1620.000	122.662	10.166	0.000	-167.839
1622.000	122.778	11.098	0.000	-163.529
1624.000	122.685	9.107	0.000	-155.169
1626.000	122.720	8.889	0.000	-171.298
1628.000	122.752	10.428	0.000	-175.854
1630.000	122.674	9.817	0.000	-178.333
1632.000	122.761	9.745	0.000	166.157
1634.000	122.702	9.076	0.000	166.558
1636.000	122.708	9.488	0.000	166.839
1638.000	122.761	9.219	0.000	135.461
1640.000	122.665	8.037	0.000	154.379
1642.000	122.766	9.111	0.000	174.202
1644.000	122.701	9.707	0.000	-125.785
1646.000	122.714	10.647	0.000	-132.816
1648.000	122.758	10.764	0.000	-143.590
1650.000	122.680	9.971	0.000	-144.139
1652.000	122.755	9.549	0.000	176.601
1654.000	122.713	9.640	0.000	160.598
1656.000	122.700	8.978	0.000	164.550
1658.000	122.769	9.779	0.000	-141.448
1660.000	122.668	10.219	0.000	-137.748
1662.000	122.769	10.523	0.000	-165.436
1664.000	122.704	10.372	0.000	-167.514
1666.000	122.714	10.141	0.000	-161.737
1668.000	122.755	8.893	0.000	-100.873
1670.000	122.684	9.663	0.000	-155.856
1672.000	122.750	10.829	0.000	-159.235
1674.000	122.721	10.118	0.000	-155.266
1676.000	122.704	8.670	0.000	-151.717
1678.000	122.767	8.280	0.000	-150.459
1680.000	122.672	9.650	0.000	-151.997
1682.000	122.769	9.693	0.000	-166.588
1684.000	122.712	9.903	0.000	172.598
1686.000	122.702	10.241	0.000	-157.924
1688.000	122.782	10.645	0.000	-125.206
1690.000	122.665	10.849	0.000	-143.192
1692.000	122.779	9.357	0.000	-151.726
1694.000	122.695	8.523	0.000	175.152
1696.000	122.734	9.005	0.000	-175.329
1698.000	122.741	9.673	0.000	176.030
1700.000	122.701	9.973	0.000	171.997
1702.000	122.748	10.245	0.000	-163.601
1704.000	122.722	10.361	0.000	-145.405
1706.000	122.711	10.335	0.000	-140.956
1708.000	122.770	9.628	0.000	-142.974
1710.000	122.674	9.708	0.000	-170.140
1712.000	122.779	10.343	0.000	171.988
1714.000	122.697	10.238	0.000	172.991
1716.000	122.735	9.393	0.000	175.085
1718.000	122.747	8.338	0.000	-150.287
1720.000	122.691	8.912	0.000	143.199
1722.000	122.772	11.224	0.000	178.927
1724.000	122.704	11.004	0.000	161.112
1726.000	122.727	11.542	0.000	170.582
1728.000	122.758	9.675	0.000	163.020
1730.000	122.683	8.720	0.000	147.146
1732.000	122.782	10.315	0.000	157.383
1734.000	122.683	10.581	0.000	168.013
1736.000	122.765	10.052	0.000	172.515
1738.000	122.722	9.323	0.000	157.318
1740.000	122.721	9.816	0.000	163.308
1742.000	122.754	9.576	0.000	164.678
1744.000	122.703	9.069	0.000	168.007
1746.000	122.751	8.740	0.000	-173.859
1748.000	122.733	9.847	0.000	178.925
1750.000	122.710	9.954	0.000	169.519
1752.000	122.769	10.465	0.000	164.711
1754.000	122.693	10.364	0.000	-177.748
1756.000	122.763	9.989	0.000	-179.514
1758.000	122.721	10.009	0.000	131.112
1760.000	122.716	10.626	0.000	114.563
1762.000	122.774	10.420	0.000	137.889
1764.000	122.685	10.293	0.000	142.650
1766.000	122.782	9.595	0.000	166.637
1768.000	122.692	9.582	0.000	-174.072
1770.000	122.761	9.539	0.000	141.455
1772.000	122.734	10.687	0.000	93.381
1774.000	122.712	10.434	0.000	102.778
1776.000	122.771	10.105	0.000	157.280
1778.000	122.702	10.165	0.000	146.049
1780.000	122.756	10.165	0.000	140.676
1782.000	122.739	9.316	0.000	146.676
1784.000	122.707	10.321	0.000	131.216
1786.000	122.778	10.065	0.000	112.267
1788.000	122.689	9.547	0.000	130.981
1790.000	122.775	9.821	0.000	127.858
1792.000	122.711	9.675	0.000	102.034
1794.000	122.743	9.613	0.000	113.377
1796.000	122.750	8.885	0.000	126.299
1798.000	122.721	9.138	0.000	88.601
1800.000	122.751	9.344	0.000	118.108
1802.000	122.729	9.723	0.000	114.367
1804.000	122.732	10.054	0.000	143.672
1806.000	122.762	10.973	0.000	146.535
1808.000	122.696	10.865	0.000	114.163
1810.000	122.789	9.961	0.000	69.896
1812.000	122.692	9.723	0.000	44.160
1814.000	122.770	8.941	0.000	78.222
1816.000	122.728	9.310	0.000	115.360
1818.000	122.721	9.732	0.000	137.586
1820.000	122.775	10.097	0.000	-151.258
1822.000	122.694	10.898	0.000	146.542
1824.000	122.787	10.338	0.000	109.021
1826.000	122.697	9.743	0.000	143.986
1828.000	122.770	8.480	0.000	163.739
1830.000	122.730	8.716	0.000	-102.470
1832.000	122.734	9.826	0.000	168.254
1834.000	122.761	10.067	0.000	133.044
1836.000	122.718	10.167	0.000	143.935
1838.000	122.759	10.312	0.000	134.148
1840.000	122.740	9.501	0.000	134.673
1842.000	122.725	9.378	0.000	121.681
1844.000	122.770	9.230	0.000	116.403
1846.000	122.701	8.281	0.000	85.514
1848.000	122.782	9.187	0.000	97.557
1850.000	122.714	9.615	0.000	89.355
1852.000	122.752	9.758	0.000	141.607
1854.000	122.751	10.527	0.000	148.952
1856.000	122.721	10.681	0.000	139.237
1858.000	122.778	9.409	0.000	124.346
1860.000	122.702	9.677	0.000	116.385
1862.000	122.778	10.551	0.000	117.262
1864.000	122.715	9.465	0.000	94.010
1866.000	122.764	8.440	0.000	50.449
1868.000	122.742	7.227	0.000	53.507
1870.000	122.731	8.690	0.000	107.880
1872.000	122.763	9.896	0.000	120.247
1874.000	122.723	9.293	0.000	102.309
1876.000	122.761	9.064	0.000	57.098
1878.000	122.742	9.527	0.000	27.098
1880.000	122.731	9.004	0.000	34.079
1882.000	122.768	8.926	0.000	32.641
1884.000	122.723	9.060	0.000	43.043
1886.000	122.763	8.576	0.000	79.528
1888.000	122.741	9.108	0.000	100.886
1890.000	122.732	10.113	0.000	118.972
1892.000	122.777	10.794	0.000	106.367
1894.000	122.709	9.211	0.000	107.444
1896.000	122.794	8.843	0.000	62.369
1898.000	122.695	9.096	0.000	18.767
1900.000	122.791	9.704	0.000	31.485
1902.000	122.716	9.117	0.000	21.578
1904.000	122.761	8.272	0.000	18.088
1906.000	122.757	8.085	0.000	47.506
1908.000	122.714	8.505	0.000	82.201
1910.000	122.796	9.918	0.000	41.460
1912.000	122.694	8.188	0.000	-56.850
1914.000	122.801	7.283	0.000	26.003
1916.000	122.708	9.207	0.000	27.667
1918.000	122.765	9.755	0.000	18.082
1920.000	122.748	9.283	0.000	163.021
1922.000	122.734	9.289	0.000	149.090
1924.000	122.776	9.448	0.000	135.136
1926.000	122.717	8.993	0.000	104.341
1928.000	122.776	9.674	0.000	93.770
1930.000	122.722	10.113	0.000	89.073
1932.000	122.768	10.076	0.000	65.055
1934.000	122.744	10.046	0.000	93.769
1936.000	122.743	10.289	0.000	113.255
1938.000	122.765	10.084	0.000	123.016
1940.000	122.729	10.129	0.000	79.815
1942.000	122.769	9.242	0.000	27.802
1944.000	122.737	8.284	0.000	91.914
1946.000	122.750	7.839	0.000	145.826
1948.000	122.757	8.531	0.000	-92.147
1950.000	122.734	9.299	0.000	-25.084
1952.000	122.773	8.992	0.000	39.740
1954.000	122.730	10.020	0.000	164.529
1956.000	122.761	11.154	0.000	-165.065
1958.000	122.744	9.915	0.000	-140.919
1960.000	122.743	8.265	0.000	-137.967
1962.000	122.770	8.941	0.000	-145.391
1964.000	122.726	9.554	0.000	158.529
1966.000	122.777	10.608	0.000	154.518
1968.000	122.723	9.779	0.000	148.740
1970.000	122.772	9.611	0.000	144.582
1972.000	122.741	11.005	0.000	127.926
1974.000	122.755	11.058	0.000	148.822
1976.000	122.756	10.256	0.000	162.161
1978.000	122.735	11.367	0.000	152.603
1980.000	122.773	11.323	0.000	143.275
1982.000	122.725	12.307	0.000	120.285
1984.000	122.779	12.656	0.000	124.976
1986.000	122.730	13.866	0.000	118.375
1988.000	122.756	15.042	0.000	112.654
1990.000	122.756	15.319	0.000	101.656
1992.000	122.739	17.272	0.000	90.117
1994.000	122.775	17.122	0.000	78.327
1996.000	122.729	17.643	0.000	65.259
1998.000	122.767	18.381	0.000	60.866
2000.000	122.736	19.742	0.000	45.321
