2000.000	122.830	9.595	0.000	160.159
2.000	122.883	11.164	0.000	140.095
4.000	123.101	11.064	0.000	-156.235
6.000	123.121	10.002	0.000	161.151
8.000	122.962	11.067	0.000	123.600
10.000	122.821	11.016	0.000	162.999
12.000	122.925	10.577	0.000	85.983
14.000	123.190	10.228	0.000	81.381
16.000	123.112	10.676	0.000	171.135
18.000	122.778	11.343	0.000	165.737
20.000	122.875	10.865	0.000	108.008
22.000	123.152	11.400	0.000	130.275
24.000	123.080	11.585	0.000	169.194
26.000	122.940	11.052	0.000	147.426
28.000	122.902	11.196	0.000	157.143
30.000	122.902	11.247	0.000	131.929
32.000	123.107	10.815	0.000	138.381
34.000	123.169	11.587	0.000	139.280
36.000	122.840	11.975	0.000	139.412
38.000	122.797	11.170	0.000	134.515
40.000	123.139	10.888	0.000	117.522
42.000	123.155	11.420	0.000	113.733
44.000	122.916	10.997	0.000	146.805
46.000	122.850	10.863	0.000	160.960
48.000	122.962	12.172	0.000	149.336
50.000	123.127	11.078	0.000	137.143
52.000	123.092	11.143	0.000	111.908
54.000	122.850	11.012	0.000	96.410
56.000	122.868	10.552	0.000	109.034
58.000	123.086	11.263	0.000	133.848
60.000	123.114	11.905	0.000	116.182
62.000	122.985	11.175	0.000	106.454
64.000	122.831	11.685	0.000	110.772
66.000	122.914	11.173	0.000	116.142
68.000	123.203	12.049	0.000	104.090
70.000	123.096	12.694	0.000	98.092
72.000	122.759	12.022	0.000	87.836
74.000	122.928	13.289	0.000	84.902
76.000	123.156	12.294	0.000	102.897
78.000	123.039	11.520	0.000	108.767
80.000	122.951	11.880	0.000	94.388
82.000	122.890	12.463	0.000	89.589
84.000	122.925	11.817	0.000	69.289
86.000	123.178	12.363	0.000	60.961
88.000	123.086	12.831	0.000	78.074
90.000	122.759	12.761	0.000	83.271
92.000	122.931	11.875	0.000	36.032
94.000	123.179	12.428	0.000	48.444
96.000	123.058	12.367	0.000	71.119
98.000	122.882	11.998	0.000	62.570
100.000	122.866	13.550	0.000	61.938
102.000	123.050	13.837	0.000	62.662
104.000	123.162	11.763	0.000	52.069
106.000	122.942	10.844	0.000	36.697
108.000	122.827	11.811	0.000	41.700
110.000	123.009	13.057	0.000	47.141
112.000	123.103	13.014	0.000	34.008
114.000	123.061	12.348	0.000	38.042
116.000	122.881	12.686	0.000	41.474
118.000	122.828	13.254	0.000	35.788
120.000	123.155	13.233	0.000	37.941
122.000	123.168	13.340	0.000	46.207
124.000	122.800	11.841	0.000	35.840
126.000	122.883	11.419	0.000	11.717
128.000	123.118	12.122	0.000	22.509
130.000	123.057	11.722	0.000	30.968
132.000	122.983	11.564	0.000	17.869
134.000	122.874	12.536	0.000	5.843
136.000	122.916	12.251	0.000	2.473
138.000	123.178	11.860	0.000	15.402
140.000	123.066	12.357	0.000	24.192
142.000	122.784	12.472	0.000	0.108
144.000	122.937	14.034	0.000	-2.389
146.000	123.144	14.193	0.000	1.898
148.000	123.072	13.418	0.000	-4.108
150.000	122.869	13.967	0.000	-4.043
152.000	122.859	13.673	0.000	-9.385
154.000	123.108	12.741	0.000	-1.767
156.000	123.119	12.603	0.000	3.809
158.000	122.890	11.424	0.000	-7.886
160.000	122.881	12.202	0.000	-18.371
162.000	123.008	12.998	0.000	-11.202
164.000	123.111	13.094	0.000	-10.840
166.000	123.041	12.786	0.000	-14.098
168.000	122.792	11.469	0.000	-18.765
170.000	122.943	12.342	0.000	-22.673
172.000	123.219	12.542	0.000	-19.535
174.000	122.997	13.072	0.000	-16.491
176.000	122.800	13.218	0.000	-36.666
178.000	122.985	13.213	0.000	-37.525
180.000	123.099	13.050	0.000	-24.085
182.000	123.047	12.842	0.000	-24.201
184.000	122.900	11.295	0.000	-24.814
186.000	122.865	11.107	0.000	-34.639
188.000	123.078	12.943	0.000	-39.429
190.000	123.131	11.548	0.000	-32.999
192.000	122.898	11.514	0.000	-16.318
194.000	122.824	12.369	0.000	-44.786
196.000	123.070	12.684	0.000	-42.131
198.000	123.158	13.384	0.000	-37.766
200.000	122.899	12.468	0.000	-27.592
202.000	122.829	12.132	0.000	-26.214
204.000	123.063	12.365	0.000	-27.400
206.000	123.105	12.438	0.000	-40.996
208.000	122.960	12.974	0.000	-35.887
210.000	122.863	12.807	0.000	-35.872
212.000	122.952	13.682	0.000	-37.474
214.000	123.137	13.166	0.000	-36.084
216.000	123.035	12.068	0.000	-27.221
218.000	122.805	12.016	0.000	-43.696
220.000	122.940	12.421	0.000	-52.447
222.000	123.162	12.965	0.000	-35.715
224.000	123.031	12.955	0.000	-46.685
226.000	122.804	12.215	0.000	-61.174
228.000	122.950	13.380	0.000	-49.879
230.000	123.136	14.501	0.000	-50.160
232.000	123.008	14.220	0.000	-55.338
234.000	122.883	14.298	0.000	-50.806
236.000	122.909	14.107	0.000	-48.342
238.000	123.050	14.399	0.000	-59.401
240.000	123.131	15.149	0.000	-57.468
242.000	122.862	14.141	0.000	-62.282
244.000	122.827	15.092	0.000	-65.012
246.000	123.158	15.670	0.000	-64.305
248.000	123.075	14.660	0.000	-56.096
250.000	122.841	15.050	0.000	-62.094
252.000	122.908	15.296	0.000	-65.655
254.000	123.056	16.109	0.000	-68.664
256.000	123.096	15.831	0.000	-66.428
258.000	122.899	15.783	0.000	-68.424
260.000	122.849	16.254	0.000	-78.170
262.000	123.069	16.358	0.000	-76.775
264.000	123.088	16.869	0.000	-74.901
266.000	122.929	16.599	0.000	-81.059
268.000	122.825	15.943	0.000	-89.837
270.000	123.033	17.204	0.000	-97.290
272.000	123.178	17.742	0.000	-92.029
274.000	122.853	16.720	0.000	-100.549
276.000	122.843	18.705	0.000	-119.458
278.000	123.111	19.479	0.000	-121.932
280.000	123.032	19.694	0.000	-122.177
282.000	122.945	20.347	0.000	-134.143
284.000	122.868	20.763	0.000	-147.776
286.000	122.971	22.809	0.000	-160.266
288.000	123.171	24.906	0.000	-165.180
290.000	122.912	24.823	0.000	-172.212
292.000	122.802	27.006	0.000	165.186
294.000	123.077	30.878	0.000	156.366
296.000	123.096	32.367	0.000	152.074
298.000	122.908	33.664	0.000	132.725
300.000	122.835	36.681	0.000	113.071
302.000	123.047	39.391	0.000	101.666
304.000	123.108	41.107	0.000	87.635
306.000	122.886	42.353	0.000	69.055
308.000	122.877	44.040	0.000	46.778
310.000	123.007	46.056	0.000	27.975
312.000	123.096	47.368	0.000	14.907
314.000	122.953	47.420	0.000	-1.148
316.000	122.783	47.908	0.000	-28.337
318.000	123.073	49.773	0.000	-46.750
320.000	123.132	49.912	0.000	-55.435
322.000	122.837	48.387	0.000	-75.377
324.000	122.881	48.860	0.000	-101.887
326.000	123.060	49.233	0.000	-111.463
328.000	123.054	47.815	0.000	-123.468
330.000	122.905	46.590	0.000	-141.385
332.000	122.857	45.412	0.000	-154.010
334.000	123.036	44.514	0.000	-166.669
336.000	123.097	43.898	0.000	-170.317
338.000	122.882	41.422	0.000	-173.386
340.000	122.825	39.702	0.000	171.923
342.000	123.107	39.914	0.000	175.491
344.000	123.074	38.038	0.000	-176.120
346.000	122.812	36.356	0.000	-174.919
348.000	122.921	37.879	0.000	-167.515
350.000	123.071	39.501	0.000	-161.069
352.000	123.025	40.973	0.000	-162.960
354.000	122.868	42.078	0.000	-172.653
356.000	122.880	43.601	0.000	172.463
358.000	123.093	45.119	0.000	163.370
360.000	123.031	45.147	0.000	154.806
362.000	122.831	44.414	0.000	139.191
364.000	122.898	44.916	0.000	119.989
366.000	123.122	45.630	0.000	113.429
368.000	123.010	44.256	0.000	109.114
370.000	122.770	43.062	0.000	88.502
372.000	123.008	44.201	0.000	80.172
374.000	123.083	43.580	0.000	76.282
376.000	122.930	42.767	0.000	60.130
378.000	122.885	42.552	0.000	47.629
380.000	122.912	42.120	0.000	30.516
382.000	123.128	42.566	0.000	16.660
384.000	122.959	41.162	0.000	7.253
386.000	122.770	39.560	0.000	-22.839
388.000	123.061	40.464	0.000	-43.488
390.000	123.073	39.479	0.000	-55.361
392.000	122.881	37.543	0.000	-83.165
394.000	122.849	37.653	0.000	-111.815
396.000	123.042	38.241	0.000	-129.991
398.000	123.066	38.204	0.000	-146.581
400.000	122.845	38.043	0.000	-166.330
402.000	122.896	38.826	0.000	173.160
404.000	123.030	40.117	0.000	158.716
406.000	123.053	40.511	0.000	149.143
408.000	122.850	40.012	0.000	133.513
410.000	122.851	41.161	0.000	110.913
412.000	123.149	42.465	0.000	102.157
414.000	122.967	41.328	0.000	92.354
416.000	122.799	40.393	0.000	64.883
418.000	122.988	40.886	0.000	49.159
420.000	123.053	39.295	0.000	39.575
422.000	122.950	36.304	0.000	20.965
424.000	122.833	32.842	0.000	4.945
426.000	122.965	26.846	0.000	-0.267
428.000	123.089	24.585	0.000	119.714
430.000	122.913	29.448	0.000	125.961
432.000	122.799	33.895	0.000	104.840
434.000	123.056	37.509	0.000	99.892
436.000	123.069	38.045	0.000	97.139
438.000	122.808	38.524	0.000	80.282
440.000	122.909	40.462	0.000	71.216
442.000	123.050	41.520	0.000	66.533
444.000	122.995	42.119	0.000	59.735
446.000	122.841	42.509	0.000	49.040
448.000	122.901	43.964	0.000	36.350
450.000	123.086	45.321	0.000	30.587
452.000	122.957	45.456	0.000	23.114
454.000	122.809	45.714	0.000	6.694
456.000	122.955	47.547	0.000	-8.548
458.000	123.115	48.522	0.000	-13.053
460.000	122.862	47.500	0.000	-27.732
462.000	122.827	48.615	0.000	-53.707
464.000	123.075	49.462	0.000	-61.541
466.000	122.974	48.395	0.000	-77.779
468.000	122.892	48.023	0.000	-98.224
470.000	122.854	47.172	0.000	-115.735
472.000	123.043	47.000	0.000	-135.451
474.000	123.039	45.936	0.000	-143.298
476.000	122.762	42.903	0.000	-163.686
478.000	122.963	42.383	0.000	175.222
480.000	123.076	41.052	0.000	171.936
482.000	122.902	37.716	0.000	159.502
484.000	122.816	35.692	0.000	142.063
486.000	123.011	34.282	0.000	136.253
488.000	123.040	32.002	0.000	131.146
490.000	122.845	29.357	0.000	122.048
492.000	122.878	27.208	0.000	114.091
494.000	123.008	25.625	0.000	108.714
496.000	123.031	23.641	0.000	104.812
498.000	122.798	20.607	0.000	97.345
500.000	122.901	18.779	0.000	84.663
502.000	123.110	17.735	0.000	80.340
504.000	122.886	14.952	0.000	81.614
506.000	122.817	12.194	0.000	57.316
508.000	123.006	12.248	0.000	25.445
510.000	123.018	11.940	0.000	-15.522
512.000	122.860	11.613	0.000	-29.234
514.000	122.860	10.991	0.000	-36.968
516.000	123.008	13.564	0.000	-62.703
518.000	123.025	14.591	0.000	-61.966
520.000	122.784	12.459	0.000	-71.865
522.000	122.915	13.236	0.000	-90.055
524.000	123.100	13.687	0.000	-86.920
526.000	122.858	12.312	0.000	-101.424
528.000	122.841	13.656	0.000	-116.896
530.000	122.987	14.628	0.000	-110.565
532.000	123.020	14.685	0.000	-110.496
534.000	122.837	14.514	0.000	-107.886
536.000	122.866	14.653	0.000	-122.258
538.000	123.036	14.498	0.000	-121.060
540.000	122.962	13.912	0.000	-121.700
542.000	122.804	14.059	0.000	-131.694
544.000	122.917	14.307	0.000	-141.073
546.000	123.102	14.168	0.000	-129.168
548.000	122.816	13.761	0.000	-128.502
550.000	122.855	14.113	0.000	-154.655
552.000	123.028	13.842	0.000	-152.249
554.000	122.951	13.237	0.000	-149.541
556.000	122.851	14.406	0.000	-159.751
558.000	122.862	13.977	0.000	-155.679
560.000	123.064	13.536	0.000	-146.703
562.000	122.912	12.678	0.000	-155.135
564.000	122.782	11.876	0.000	-167.231
566.000	122.998	12.389	0.000	-170.140
568.000	123.024	12.271	0.000	-164.294
570.000	122.794	12.048	0.000	-177.310
572.000	122.889	13.514	0.000	-179.479
574.000	123.029	12.539	0.000	-168.648
576.000	122.917	12.079	0.000	-175.283
578.000	122.816	12.055	0.000	173.707
580.000	122.930	11.586	0.000	156.052
582.000	123.041	12.751	0.000	169.449
584.000	122.839	12.164	0.000	167.759
586.000	122.823	11.610	0.000	160.063
588.000	123.039	12.101	0.000	157.600
590.000	122.956	12.311	0.000	152.229
592.000	122.761	12.092	0.000	131.847
594.000	122.977	11.624	0.000	136.099
596.000	122.990	10.716	0.000	137.878
598.000	122.864	9.981	0.000	133.376
600.000	122.835	10.860	0.000	112.129
602.000	122.976	12.102	0.000	121.675
604.000	123.008	12.106	0.000	121.482
606.000	122.750	10.615	0.000	114.342
608.000	122.942	9.434	0.000	117.696
610.000	123.026	9.872	0.000	64.406
612.000	122.840	10.425	0.000	85.444
614.000	122.822	10.777	0.000	87.310
616.000	123.012	11.135	0.000	68.667
618.000	122.940	11.019	0.000	48.538
620.000	122.806	10.645	0.000	70.367
622.000	122.900	10.580	0.000	55.102
624.000	123.013	11.622	0.000	50.535
626.000	122.878	10.718	0.000	57.773
628.000	122.778	10.987	0.000	19.002
630.000	123.033	11.122	0.000	43.949
632.000	122.943	10.614	0.000	35.724
634.000	122.771	11.005	0.000	7.629
636.000	122.935	10.854	0.000	5.385
638.000	122.995	11.529	0.000	16.827
640.000	122.843	11.316	0.000	2.554
642.000	122.832	10.829	0.000	-22.449
644.000	122.965	12.262	0.000	-29.754
646.000	122.982	11.791	0.000	-22.717
648.000	122.745	11.285	0.000	-24.161
650.000	122.939	11.426	0.000	-20.620
652.000	123.017	11.567	0.000	-20.350
654.000	122.802	12.101	0.000	-27.052
656.000	122.845	12.222	0.000	-27.432
658.000	122.990	13.332	0.000	-23.738
660.000	122.919	13.522	0.000	-44.543
662.000	122.781	12.690	0.000	-48.325
664.000	122.931	13.434	0.000	-44.676
666.000	122.981	13.405	0.000	-42.561
668.000	122.834	12.473	0.000	-49.626
670.000	122.800	12.898	0.000	-60.372
672.000	123.054	14.218	0.000	-51.454
674.000	122.858	13.223	0.000	-52.752
676.000	122.793	13.633	0.000	-54.085
678.000	122.962	14.816	0.000	-55.336
680.000	122.943	14.085	0.000	-66.453
682.000	122.811	13.684	0.000	-67.503
684.000	122.852	14.485	0.000	-70.580
686.000	122.999	15.328	0.000	-65.481
688.000	122.872	14.842	0.000	-67.521
690.000	122.763	15.125	0.000	-82.984
692.000	123.004	16.220	0.000	-76.779
694.000	122.925	15.527	0.000	-76.302
696.000	122.766	15.493	0.000	-89.098
698.000	122.920	16.563	0.000	-88.171
700.000	122.962	16.192	0.000	-85.280
702.000	122.833	16.062	0.000	-87.276
704.000	122.811	16.477	0.000	-93.397
706.000	122.988	17.124	0.000	-98.003
708.000	122.892	16.371	0.000	-91.693
710.000	122.772	15.951	0.000	-95.919
712.000	122.926	16.782	0.000	-103.147
714.000	122.993	17.161	0.000	-91.739
716.000	122.736	16.926	0.000	-101.478
718.000	122.917	18.081	0.000	-99.273
720.000	122.943	18.200	0.000	-97.203
722.000	122.858	17.446	0.000	-102.667
724.000	122.787	17.584	0.000	-103.811
726.000	122.965	19.087	0.000	-107.533
728.000	122.924	19.251	0.000	-103.503
730.000	122.749	18.693	0.000	-110.967
732.000	122.917	20.224	0.000	-114.629
734.000	122.975	19.898	0.000	-107.106
736.000	122.762	19.626	0.000	-119.056
738.000	122.867	20.687	0.000	-114.396
740.000	122.964	20.535	0.000	-114.540
742.000	122.845	20.583	0.000	-121.552
744.000	122.787	21.011	0.000	-124.237
746.000	122.944	21.984	0.000	-125.309
748.000	122.926	21.606	0.000	-123.098
750.000	122.751	21.841	0.000	-128.787
752.000	122.895	23.399	0.000	-129.195
754.000	122.978	23.686	0.000	-123.702
756.000	122.757	22.983	0.000	-131.960
758.000	122.860	24.597	0.000	-136.048
760.000	122.963	24.732	0.000	-131.297
762.000	122.829	24.837	0.000	-136.600
764.000	122.797	25.145	0.000	-139.022
766.000	122.922	25.995	0.000	-142.741
768.000	122.940	26.346	0.000	-138.121
770.000	122.721	25.922	0.000	-147.600
772.000	122.925	27.962	0.000	-148.820
774.000	122.939	27.844	0.000	-144.056
776.000	122.767	27.610	0.000	-150.024
778.000	122.844	28.886	0.000	-152.942
780.000	122.965	29.319	0.000	-151.076
782.000	122.809	29.354	0.000	-154.212
784.000	122.796	30.089	0.000	-159.473
786.000	122.930	31.284	0.000	-159.839
788.000	122.903	31.354	0.000	-156.936
790.000	122.729	31.561	0.000	-165.249
792.000	122.926	33.464	0.000	-166.425
794.000	122.928	33.580	0.000	-163.409
796.000	122.739	33.773	0.000	-172.365
798.000	122.881	35.763	0.000	-173.779
800.000	122.933	35.999	0.000	-172.051
802.000	122.796	36.584	0.000	-178.667
804.000	122.801	37.605	0.000	178.400
806.000	122.944	39.300	0.000	175.811
808.000	122.863	39.718	0.000	178.415
810.000	122.731	40.866	0.000	165.071
812.000	122.963	43.145	0.000	166.792
814.000	122.867	43.066	0.000	164.116
816.000	122.749	44.845	0.000	151.726
818.000	122.895	46.679	0.000	147.611
820.000	122.915	47.847	0.000	140.756
822.000	122.764	48.726	0.000	128.181
824.000	122.831	50.447	0.000	113.235
826.000	122.943	51.440	0.000	104.648
828.000	122.800	51.090	0.000	93.006
830.000	122.770	51.713	0.000	74.998
832.000	122.969	52.960	0.000	70.503
834.000	122.813	52.084	0.000	62.333
836.000	122.759	53.011	0.000	42.949
838.000	122.935	53.626	0.000	39.409
840.000	122.847	52.985	0.000	26.955
842.000	122.771	53.087	0.000	15.859
844.000	122.853	53.342	0.000	3.705
846.000	122.942	53.749	0.000	-0.009
848.000	122.722	52.542	0.000	-10.726
850.000	122.860	53.999	0.000	-23.415
852.000	122.932	54.024	0.000	-23.357
854.000	122.758	53.461	0.000	-40.611
856.000	122.804	54.499	0.000	-53.288
858.000	122.940	54.335	0.000	-62.453
860.000	122.789	53.418	0.000	-75.612
862.000	122.782	52.739	0.000	-89.762
864.000	122.901	52.699	0.000	-97.446
866.000	122.868	51.665	0.000	-100.572
868.000	122.711	50.896	0.000	-113.964
870.000	122.932	51.865	0.000	-119.892
872.000	122.860	51.026	0.000	-122.977
874.000	122.731	50.464	0.000	-140.495
876.000	122.879	51.261	0.000	-146.235
878.000	122.886	50.263	0.000	-152.733
880.000	122.751	50.099	0.000	-165.614
882.000	122.823	50.122	0.000	-175.788
884.000	122.920	50.867	0.000	175.578
886.000	122.764	49.834	0.000	166.960
888.000	122.785	50.726	0.000	143.516
890.000	122.952	50.870	0.000	140.362
892.000	122.753	49.264	0.000	119.369
894.000	122.785	49.469	0.000	102.301
896.000	122.909	48.971	0.000	90.890
898.000	122.811	47.870	0.000	79.054
900.000	122.750	47.302	0.000	62.593
902.000	122.890	47.511	0.000	52.864
904.000	122.856	46.977	0.000	45.301
906.000	122.711	46.333	0.000	29.718
908.000	122.900	47.653	0.000	19.203
910.000	122.865	47.073	0.000	16.179
912.000	122.717	47.086	0.000	-3.414
914.000	122.869	48.317	0.000	-9.340
916.000	122.867	48.084	0.000	-18.639
918.000	122.745	48.316	0.000	-32.558
920.000	122.812	48.739	0.000	-45.244
922.000	122.905	49.253	0.000	-52.661
924.000	122.743	48.239	0.000	-60.206
926.000	122.792	49.233	0.000	-75.007
928.000	122.925	49.633	0.000	-72.203
930.000	122.736	48.964	0.000	-86.337
932.000	122.792	50.251	0.000	-95.224
934.000	122.894	50.312	0.000	-102.707
936.000	122.778	49.933	0.000	-112.444
938.000	122.759	49.704	0.000	-125.802
940.000	122.885	49.959	0.000	-130.204
942.000	122.815	48.904	0.000	-133.634
944.000	122.714	48.619	0.000	-143.539
946.000	122.915	49.664	0.000	-145.142
948.000	122.800	48.755	0.000	-145.568
950.000	122.733	49.132	0.000	-158.687
952.000	122.877	49.814	0.000	-156.750
954.000	122.822	49.305	0.000	-163.340
956.000	122.733	49.707	0.000	-169.696
958.000	122.836	50.430	0.000	-178.701
960.000	122.872	50.932	0.000	179.352
962.000	122.697	49.892	0.000	164.675
964.000	122.860	50.983	0.000	154.381
966.000	122.854	49.526	0.000	152.784
968.000	122.721	47.814	0.000	138.694
970.000	122.821	47.059	0.000	139.035
972.000	122.870	45.731	0.000	144.923
974.000	122.722	45.119	0.000	150.660
976.000	122.807	46.391	0.000	154.664
978.000	122.869	47.664	0.000	159.354
980.000	122.742	48.026	0.000	155.852
982.000	122.771	50.000	0.000	146.651
984.000	122.910	50.949	0.000	147.690
986.000	122.709	50.523	0.000	135.296
988.000	122.798	51.985	0.000	126.269
990.000	122.863	51.928	0.000	123.058
992.000	122.752	51.747	0.000	111.993
994.000	122.757	51.895	0.000	103.560
996.000	122.878	52.360	0.000	96.959
998.000	122.762	51.463	0.000	94.083
1000.000	122.730	51.459	0.000	78.542
1002.000	122.911	51.847	0.000	81.579
1004.000	122.731	50.042	0.000	73.532
1006.000	122.759	50.269	0.000	67.337
1008.000	122.865	49.764	0.000	67.306
1010.000	122.769	48.988	0.000	66.759
1012.000	122.731	48.740	0.000	62.773
1014.000	122.869	49.275	0.000	66.147
1016.000	122.782	48.907	0.000	68.342
1018.000	122.704	49.565	0.000	63.255
1020.000	122.898	51.324	0.000	65.175
1022.000	122.755	50.908	0.000	62.886
1024.000	122.734	52.340	0.000	50.879
1026.000	122.860	52.780	0.000	51.016
1028.000	122.775	52.710	0.000	42.018
1030.000	122.722	52.935	0.000	35.497
1032.000	122.850	53.833	0.000	28.957
1034.000	122.797	53.630	0.000	28.461
1036.000	122.694	53.731	0.000	14.755
1038.000	122.884	55.017	0.000	14.042
1040.000	122.760	54.046	0.000	8.650
1042.000	122.724	54.842	0.000	-3.175
1044.000	122.850	55.177	0.000	-5.459
1046.000	122.778	54.986	0.000	-12.380
1048.000	122.718	55.070	0.000	-21.827
1050.000	122.837	55.942	0.000	-27.563
1052.000	122.799	55.595	0.000	-30.881
1054.000	122.689	55.738	0.000	-44.071
1056.000	122.873	57.042	0.000	-48.838
1058.000	122.764	56.474	0.000	-54.709
1060.000	122.718	57.107	0.000	-73.515
1062.000	122.843	57.614	0.000	-78.399
1064.000	122.775	56.756	0.000	-93.035
1066.000	122.715	56.510	0.000	-106.364
1068.000	122.827	56.300	0.000	-120.837
1070.000	122.801	55.436	0.000	-126.620
1072.000	122.680	53.562	0.000	-146.903
1074.000	122.872	53.405	0.000	-152.637
1076.000	122.754	50.393	0.000	-159.101
1078.000	122.719	48.420	0.000	-170.229
1080.000	122.834	46.194	0.000	-166.252
1082.000	122.772	43.905	0.000	-153.920
1084.000	122.707	44.360	0.000	-140.697
1086.000	122.834	46.508	0.000	-133.007
1088.000	122.779	47.817	0.000	-133.910
1090.000	122.685	49.442	0.000	-147.111
1092.000	122.870	51.512	0.000	-152.932
1094.000	122.737	51.253	0.000	-163.779
1096.000	122.723	52.693	0.000	176.641
1098.000	122.837	53.079	0.000	168.673
1100.000	122.747	52.941	0.000	150.633
1102.000	122.714	53.019	0.000	134.067
1104.000	122.840	53.429	0.000	118.282
1106.000	122.746	52.554	0.000	107.350
1108.000	122.708	52.127	0.000	82.831
1110.000	122.860	52.356	0.000	75.892
1112.000	122.712	50.488	0.000	58.932
1114.000	122.736	50.540	0.000	42.247
1116.000	122.836	49.707	0.000	31.814
1118.000	122.719	48.665	0.000	18.066
1120.000	122.734	48.014	0.000	0.470
1122.000	122.834	47.754	0.000	-9.243
1124.000	122.716	45.871	0.000	-23.016
1126.000	122.735	44.739	0.000	-42.442
1128.000	122.844	43.419	0.000	-49.538
1130.000	122.689	39.759	0.000	-58.365
1132.000	122.762	37.320	0.000	-61.961
1134.000	122.815	34.802	0.000	-41.233
1136.000	122.708	35.378	0.000	-21.872
1138.000	122.741	37.736	0.000	-18.443
1140.000	122.841	40.164	0.000	-17.687
1142.000	122.673	40.348	0.000	-27.981
1144.000	122.785	42.228	0.000	-39.792
1146.000	122.805	41.853	0.000	-42.901
1148.000	122.681	41.345	0.000	-58.260
1150.000	122.785	41.445	0.000	-62.372
1152.000	122.795	40.420	0.000	-64.672
1154.000	122.684	39.548	0.000	-66.598
1156.000	122.782	39.899	0.000	-63.191
1158.000	122.800	40.283	0.000	-55.555
1160.000	122.660	40.962	0.000	-58.369
1162.000	122.823	43.147	0.000	-58.438
1164.000	122.756	43.327	0.000	-59.419
1166.000	122.684	44.606	0.000	-71.691
1168.000	122.819	45.680	0.000	-72.170
1170.000	122.737	45.666	0.000	-80.306
1172.000	122.699	46.393	0.000	-87.127
1174.000	122.813	47.432	0.000	-94.067
1176.000	122.736	47.461	0.000	-96.564
1178.000	122.698	48.096	0.000	-111.952
1180.000	122.829	48.944	0.000	-112.079
1182.000	122.701	47.977	0.000	-123.483
1184.000	122.728	48.745	0.000	-132.320
1186.000	122.807	48.483	0.000	-137.149
1188.000	122.706	47.921	0.000	-144.516
1190.000	122.721	47.973	0.000	-154.032
1192.000	122.822	47.934	0.000	-155.530
1194.000	122.677	46.729	0.000	-162.139
1196.000	122.750	46.960	0.000	-169.074
1198.000	122.812	46.711	0.000	-165.659
1200.000	122.655	45.745	0.000	-172.957
1202.000	122.795	46.693	0.000	-171.572
1204.000	122.763	46.059	0.000	-173.298
1206.000	122.685	46.251	0.000	-177.834
1208.000	122.776	46.744	0.000	176.489
1210.000	122.780	46.629	0.000	177.563
1212.000	122.658	45.934	0.000	167.462
1214.000	122.817	46.663	0.000	168.443
1216.000	122.726	45.479	0.000	167.913
1218.000	122.690	45.958	0.000	162.620
1220.000	122.814	46.112	0.000	165.725
1222.000	122.705	45.988	0.000	163.195
1224.000	122.706	46.501	0.000	160.076
1226.000	122.812	47.384	0.000	160.523
1228.000	122.687	47.044	0.000	157.344
1230.000	122.728	48.117	0.000	151.110
1232.000	122.806	48.668	0.000	152.285
1234.000	122.664	48.580	0.000	144.175
1236.000	122.770	49.997	0.000	140.687
1238.000	122.762	49.745	0.000	137.104
1240.000	122.688	50.357	0.000	129.915
1242.000	122.755	50.972	0.000	122.580
1244.000	122.778	51.559	0.000	120.844
1246.000	122.656	51.457	0.000	108.062
1248.000	122.802	52.768	0.000	104.410
1250.000	122.727	52.052	0.000	97.098
1252.000	122.686	52.787	0.000	84.200
1254.000	122.797	52.962	0.000	78.120
1256.000	122.709	52.581	0.000	67.894
1258.000	122.696	52.610	0.000	54.700
1260.000	122.809	52.670	0.000	47.932
1262.000	122.675	51.477	0.000	37.382
1264.000	122.727	51.408	0.000	23.843
1266.000	122.803	50.936	0.000	20.742
1268.000	122.648	49.387	0.000	6.342
1270.000	122.785	49.313	0.000	0.193
1272.000	122.740	47.561	0.000	-7.599
1274.000	122.680	46.543	0.000	-17.037
1276.000	122.776	45.553	0.000	-26.397
1278.000	122.736	44.153	0.000	-30.230
1280.000	122.673	41.932	0.000	-43.968
1282.000	122.799	40.916	0.000	-48.796
1284.000	122.698	37.601	0.000	-54.775
1286.000	122.710	34.839	0.000	-65.432
1288.000	122.779	31.153	0.000	-67.359
1290.000	122.692	24.652	0.000	-74.557
1292.000	122.715	19.730	0.000	118.569
1294.000	122.790	24.428	0.000	104.175
1296.000	122.657	29.353	0.000	95.898
1298.000	122.760	32.948	0.000	90.761
1300.000	122.759	34.732	0.000	91.101
1302.000	122.659	36.748	0.000	80.732
1304.000	122.785	38.410	0.000	81.676
1306.000	122.717	39.208	0.000	74.159
1308.000	122.680	40.130	0.000	68.800
1310.000	122.790	41.583	0.000	64.037
1312.000	122.691	41.600	0.000	62.233
1314.000	122.708	42.959	0.000	52.495
1316.000	122.786	43.479	0.000	54.604
1318.000	122.666	43.863	0.000	44.635
1320.000	122.740	45.083	0.000	41.351
1322.000	122.761	45.354	0.000	36.276
1324.000	122.664	45.712	0.000	27.580
1326.000	122.760	46.483	0.000	21.166
1328.000	122.743	46.336	0.000	17.558
1330.000	122.652	46.275	0.000	7.452
1332.000	122.810	46.997	0.000	5.604
1334.000	122.676	46.114	0.000	0.941
1336.000	122.713	46.761	0.000	-5.419
1338.000	122.773	46.473	0.000	-5.393
1340.000	122.671	46.369	0.000	-10.629
1342.000	122.730	46.711	0.000	-13.568
1344.000	122.767	47.111	0.000	-13.003
1346.000	122.647	46.868	0.000	-18.610
1348.000	122.785	48.321	0.000	-19.237
1350.000	122.708	47.766	0.000	-20.582
1352.000	122.684	48.791	0.000	-27.412
1354.000	122.774	49.247	0.000	-28.225
1356.000	122.691	49.467	0.000	-33.108
1358.000	122.699	50.373	0.000	-40.158
1360.000	122.782	50.984	0.000	-41.384
1362.000	122.657	50.997	0.000	-48.949
1364.000	122.746	52.327	0.000	-55.707
1366.000	122.750	52.533	0.000	-57.009
1368.000	122.653	53.212	0.000	-69.939
1370.000	122.784	54.112	0.000	-71.752
1372.000	122.698	54.194	0.000	-82.463
1374.000	122.684	54.824	0.000	-91.588
1376.000	122.790	55.699	0.000	-100.417
1378.000	122.660	55.210	0.000	-109.358
1380.000	122.738	55.994	0.000	-123.935
1382.000	122.751	55.577	0.000	-128.181
1384.000	122.662	55.045	0.000	-143.387
1386.000	122.761	55.144	0.000	-149.654
1388.000	122.718	54.382	0.000	-157.617
1390.000	122.677	53.910	0.000	-166.588
1392.000	122.769	54.057	0.000	-172.648
1394.000	122.696	53.214	0.000	-177.309
1396.000	122.693	53.228	0.000	172.544
1398.000	122.783	53.279	0.000	170.894
1400.000	122.646	52.579	0.000	161.047
1402.000	122.758	53.358	0.000	155.014
1404.000	122.730	52.743	0.000	148.381
1406.000	122.662	52.694	0.000	138.522
1408.000	122.777	53.005	0.000	128.526
1410.000	122.692	52.420	0.000	123.268
1412.000	122.693	52.234	0.000	106.125
1414.000	122.775	51.982	0.000	102.519
1416.000	122.660	50.548	0.000	87.333
1418.000	122.741	50.192	0.000	78.555
1420.000	122.738	48.935	0.000	70.516
1422.000	122.667	47.553	0.000	60.432
1424.000	122.759	46.801	0.000	53.133
1426.000	122.715	45.235	0.000	48.995
1428.000	122.666	43.904	0.000	39.599
1430.000	122.798	43.343	0.000	38.618
1432.000	122.650	41.319	0.000	32.703
1434.000	122.741	40.959	0.000	28.405
1436.000	122.744	39.351	0.000	27.175
1438.000	122.655	38.171	0.000	22.613
1440.000	122.772	37.528	0.000	19.763
1442.000	122.700	36.274	0.000	21.507
1444.000	122.684	35.289	0.000	15.340
1446.000	122.777	34.926	0.000	18.313
1448.000	122.659	33.369	0.000	12.946
1450.000	122.738	33.132	0.000	12.634
1452.000	122.736	32.024	0.000	11.486
1454.000	122.668	31.099	0.000	9.483
1456.000	122.756	30.674	0.000	8.797
1458.000	122.711	29.834	0.000	9.145
1460.000	122.675	29.094	0.000	6.380
1462.000	122.785	28.715	0.000	8.605
1464.000	122.653	27.293	0.000	6.138
1466.000	122.743	27.190	0.000	5.040
1468.000	122.729	26.567	0.000	5.158
1470.000	122.671	26.136	0.000	3.738
1472.000	122.759	25.729	0.000	2.896
1474.000	122.698	25.045	0.000	8.189
1476.000	122.702	24.651	0.000	4.175
1478.000	122.758	24.417	0.000	7.062
1480.000	122.669	23.565	0.000	0.990
1482.000	122.736	23.411	0.000	1.628
1484.000	122.731	22.788	0.000	0.798
1486.000	122.670	22.666	0.000	-1.544
1488.000	122.765	22.349	0.000	-1.117
1490.000	122.688	21.701	0.000	2.343
1492.000	122.705	21.549	0.000	-0.872
1494.000	122.763	21.198	0.000	3.256
1496.000	122.655	20.336	0.000	-5.062
1498.000	122.761	20.578	0.000	-4.244
1500.000	122.705	20.092	0.000	-4.764
1502.000	122.685	20.030	0.000	-3.900
1504.000	122.768	19.620	0.000	-3.407
1506.000	122.673	18.725	0.000	-6.318
1508.000	122.728	19.327	0.000	-8.998
1510.000	122.745	18.652	0.000	-6.423
1512.000	122.662	18.338	0.000	-11.627
1514.000	122.764	18.574	0.000	-11.845
1516.000	122.699	17.652	0.000	-9.986
1518.000	122.689	16.687	0.000	-16.470
1520.000	122.777	16.550	0.000	-13.087
1522.000	122.650	15.783	0.000	-16.674
1524.000	122.762	16.491	0.000	-19.091
1526.000	122.706	16.377	0.000	-14.924
1528.000	122.701	15.836	0.000	-14.771
1530.000	122.750	15.647	0.000	-11.450
1532.000	122.692	15.649	0.000	-20.547
1534.000	122.715	15.683	0.000	-24.624
1536.000	122.751	15.155	0.000	-25.760
1538.000	122.663	14.897	0.000	-23.348
1540.000	122.767	14.643	0.000	-22.098
1542.000	122.693	14.146	0.000	-32.296
1544.000	122.704	15.145	0.000	-33.822
1546.000	122.759	14.003	0.000	-20.348
1548.000	122.663	12.617	0.000	-17.278
1550.000	122.754	12.642	0.000	-36.069
1552.000	122.715	13.654	0.000	-29.072
1554.000	122.685	13.464	0.000	-30.445
1556.000	122.772	13.540	0.000	-30.936
1558.000	122.669	12.596	0.000	-44.786
1560.000	122.739	11.819	0.000	-32.877
1562.000	122.732	12.461	0.000	-33.361
1564.000	122.674	11.297	0.000	-26.033
1566.000	122.767	12.233	0.000	-35.719
1568.000	122.686	12.067	0.000	-38.472
1570.000	122.719	11.682	0.000	-48.318
1572.000	122.754	10.612	0.000	-43.114
1574.000	122.666	10.685	0.000	-31.668
1576.000	122.765	9.990	0.000	-32.510
1578.000	122.694	10.206	0.000	-43.808
1580.000	122.708	10.101	0.000	-44.535
1582.000	122.758	9.856	0.000	-28.135
1584.000	122.670	10.637	0.000	-22.085
1586.000	122.757	10.737	0.000	-23.492
1588.000	122.711	9.904	0.000	-25.278
1590.000	122.695	9.860	0.000	-10.480
1592.000	122.764	9.058	0.000	-15.725
1594.000	122.675	9.823	0.000	-35.166
1596.000	122.746	9.837	0.000	-29.923
1598.000	122.728	9.218	0.000	-26.015
1600.000	122.688	10.838	0.000	-15.721
1602.000	122.767	11.575	0.000	-6.377
1604.000	122.681	10.758	0.000	-13.582
1606.000	122.739	9.468	0.000	1.124
1608.000	122.733	10.591	0.000	-8.353
1610.000	122.683	9.921	0.000	1.980
1612.000	122.765	10.648	0.000	7.221
1614.000	122.696	11.706	0.000	-8.455
1616.000	122.716	10.623	0.000	-9.706
1618.000	122.762	11.106	0.000	7.189
1620.000	122.663	10.543	0.000	-0.692
1622.000	122.780	10.813	0.000	-19.902
1624.000	122.687	12.144	0.000	-7.627
1626.000	122.723	12.801	0.000	-4.045
1628.000	122.755	11.677	0.000	-6.660
1630.000	122.674	11.721	0.000	-6.371
1632.000	122.765	12.987	0.000	-5.178
1634.000	122.706	12.462	0.000	-8.355
1636.000	122.708	12.061	0.000	-29.869
1638.000	122.765	11.957	0.000	-36.017
1640.000	122.667	12.485	0.000	-18.803
1642.000	122.771	12.546	0.000	-22.843
1644.000	122.701	10.809	0.000	-17.387
1646.000	122.716	11.243	0.000	-26.448
1648.000	122.763	12.829	0.000	-29.819
1650.000	122.680	12.555	0.000	-42.990
1652.000	122.757	12.997	0.000	-38.524
1654.000	122.717	12.366	0.000	-50.352
1656.000	122.702	11.465	0.000	-54.704
1658.000	122.771	12.681	0.000	-57.424
1660.000	122.669	11.887	0.000	-49.758
1662.000	122.773	12.395	0.000	-41.946
1664.000	122.707	12.806	0.000	-46.048
1666.000	122.713	12.243	0.000	-44.093
1668.000	122.760	12.227	0.000	-45.971
1670.000	122.685	11.845	0.000	-63.681
1672.000	122.753	11.567	0.000	-62.277
1674.000	122.723	11.900	0.000	-67.715
1676.000	122.706	11.381	0.000	-71.456
1678.000	122.771	11.142	0.000	-67.257
1680.000	122.672	11.122	0.000	-74.073
1682.000	122.772	12.457	0.000	-71.851
1684.000	122.714	12.498	0.000	-66.194
1686.000	122.703	12.080	0.000	-75.588
1688.000	122.785	12.288	0.000	-72.631
1690.000	122.666	11.581	0.000	-80.862
1692.000	122.781	11.153	0.000	-82.990
1694.000	122.698	10.499	0.000	-77.204
1696.000	122.735	10.801	0.000	-72.139
1698.000	122.745	11.468	0.000	-82.944
1700.000	122.700	10.788	0.000	-75.383
1702.000	122.754	11.059	0.000	-77.478
1704.000	122.724	11.289	0.000	-91.507
1706.000	122.711	11.674	0.000	-92.903
1708.000	122.773	12.036	0.000	-90.672
1710.000	122.676	12.175	0.000	-100.688
1712.000	122.781	11.807	0.000	-90.903
1714.000	122.697	12.362	0.000	-90.424
1716.000	122.737	12.069	0.000	-80.239
1718.000	122.752	11.787	0.000	-85.024
1720.000	122.691	11.074	0.000	-100.190
1722.000	122.773	10.655	0.000	-93.620
1724.000	122.707	10.554	0.000	-92.243
1726.000	122.730	11.113	0.000	-100.681
1728.000	122.761	11.346	0.000	-97.897
1730.000	122.681	11.330	0.000	-95.616
1732.000	122.788	11.170	0.000	-93.233
1734.000	122.684	11.143	0.000	-94.252
1736.000	122.765	10.902	0.000	-100.965
1738.000	122.724	10.645	0.000	-104.291
1740.000	122.721	11.337	0.000	-105.377
1742.000	122.759	12.050	0.000	-108.907
1744.000	122.701	11.888	0.000	-107.663
1746.000	122.753	11.977	0.000	-117.507
1748.000	122.735	12.221	0.000	-117.160
1750.000	122.713	11.815	0.000	-115.074
1752.000	122.770	12.144	0.000	-115.880
1754.000	122.694	11.817	0.000	-118.283
1756.000	122.765	11.913	0.000	-118.218
1758.000	122.724	11.764	0.000	-137.789
1760.000	122.715	11.868	0.000	-129.854
1762.000	122.778	11.474	0.000	-131.415
1764.000	122.684	11.140	0.000	-148.347
1766.000	122.785	11.547	0.000	-145.114
1768.000	122.693	11.859	0.000	-149.495
1770.000	122.762	11.831	0.000	-134.964
1772.000	122.736	10.347	0.000	-129.153
1774.000	122.712	11.691	0.000	-137.038
1776.000	122.775	11.163	0.000	-138.823
1778.000	122.702	10.056	0.000	-137.752
1780.000	122.755	10.758	0.000	-145.926
1782.000	122.742	10.674	0.000	-144.196
1784.000	122.708	10.705	0.000	-150.644
1786.000	122.782	9.839	0.000	-150.440
1788.000	122.685	9.745	0.000	-150.040
1790.000	122.779	10.332	0.000	-142.675
1792.000	122.713	10.045	0.000	-141.361
1794.000	122.744	10.631	0.000	-150.544
1796.000	122.750	11.359	0.000	-129.784
1798.000	122.721	10.284	0.000	-148.928
1800.000	122.756	10.079	0.000	-146.895
1802.000	122.730	9.893	0.000	-152.026
1804.000	122.731	10.808	0.000	-148.395
1806.000	122.763	11.455	0.000	-144.921
1808.000	122.698	11.742	0.000	-178.826
1810.000	122.792	10.873	0.000	-164.481
1812.000	122.690	10.144	0.000	-170.978
1814.000	122.769	10.823	0.000	-166.003
1816.000	122.732	10.300	0.000	-162.744
1818.000	122.723	9.650	0.000	-161.372
1820.000	122.776	9.993	0.000	-158.462
1822.000	122.691	10.675	0.000	-165.365
1824.000	122.790	11.099	0.000	-155.249
1826.000	122.699	10.413	0.000	-129.047
1828.000	122.770	9.036	0.000	-139.571
1830.000	122.730	10.039	0.000	-157.237
1832.000	122.734	10.721	0.000	-146.390
1834.000	122.765	10.822	0.000	-162.547
1836.000	122.718	10.801	0.000	-167.038
1838.000	122.758	10.890	0.000	173.786
1840.000	122.742	9.908	0.000	160.977
1842.000	122.724	9.678	0.000	-153.525
1844.000	122.773	10.059	0.000	-162.623
1846.000	122.699	10.663	0.000	-153.450
1848.000	122.785	10.486	0.000	-159.338
1850.000	122.713	11.062	0.000	-156.532
1852.000	122.753	10.491	0.000	-153.764
1854.000	122.753	9.172	0.000	-155.206
1856.000	122.720	8.037	0.000	-124.878
1858.000	122.779	9.487	0.000	-155.163
1860.000	122.700	9.765	0.000	-165.919
1862.000	122.781	9.844	0.000	-148.112
1864.000	122.716	9.759	0.000	-174.066
1866.000	122.763	9.478	0.000	-149.265
1868.000	122.741	8.970	0.000	-127.263
1870.000	122.731	9.081	0.000	-146.340
1872.000	122.766	9.724	0.000	-155.748
1874.000	122.722	9.765	0.000	-157.955
1876.000	122.759	8.882	0.000	-143.759
1878.000	122.741	10.262	0.000	-125.601
1880.000	122.734	11.201	0.000	-133.437
1882.000	122.771	10.287	0.000	-121.322
1884.000	122.719	10.360	0.000	-121.741
1886.000	122.762	10.485	0.000	-108.312
1888.000	122.741	11.153	0.000	-108.571
1890.000	122.736	11.382	0.000	-115.460
1892.000	122.776	11.172	0.000	-121.732
1894.000	122.705	12.171	0.000	-117.881
1896.000	122.795	11.754	0.000	-122.794
1898.000	122.697	12.490	0.000	-117.934
1900.000	122.793	12.367	0.000	-113.669
1902.000	122.714	12.255	0.000	-113.773
1904.000	122.759	13.029	0.000	-118.158
1906.000	122.759	12.315	0.000	-119.299
1908.000	122.716	13.005	0.000	-129.153
1910.000	122.797	13.636	0.000	-133.464
1912.000	122.691	13.697	0.000	-143.928
1914.000	122.801	13.703	0.000	-150.640
1916.000	122.710	13.417	0.000	-160.003
1918.000	122.767	14.674	0.000	-159.567
1920.000	122.747	13.813	0.000	-167.634
1922.000	122.732	14.209	0.000	-176.982
1924.000	122.777	13.349	0.000	-174.509
1926.000	122.716	11.945	0.000	-177.770
1928.000	122.778	12.464	0.000	-172.751
1930.000	122.722	12.349	0.000	-146.827
1932.000	122.766	12.462	0.000	-132.316
1934.000	122.745	11.594	0.000	-126.363
1936.000	122.741	13.325	0.000	-124.953
1938.000	122.768	14.690	0.000	-122.697
1940.000	122.727	14.529	0.000	-127.648
1942.000	122.770	14.999	0.000	-120.577
1944.000	122.734	15.339	0.000	-121.994
1946.000	122.751	16.568	0.000	-128.293
1948.000	122.758	17.167	0.000	-133.442
1950.000	122.735	18.131	0.000	-143.042
1952.000	122.772	18.858	0.000	-143.459
1954.000	122.727	18.967	0.000	-154.533
1956.000	122.763	19.324	0.000	-157.004
1958.000	122.746	19.393	0.000	-159.353
1960.000	122.744	20.192	0.000	-166.995
1962.000	122.768	19.905	0.000	-166.597
1964.000	122.723	20.573	0.000	-173.415
1966.000	122.780	20.133	0.000	-175.572
1968.000	122.726	20.789	0.000	174.254
1970.000	122.772	21.480	0.000	175.167
1972.000	122.737	21.364	0.000	167.749
1974.000	122.753	21.100	0.000	164.923
1976.000	122.759	20.497	0.000	160.702
1978.000	122.737	20.183	0.000	157.900
1980.000	122.774	19.936	0.000	151.338
1982.000	122.719	19.754	0.000	144.087
1984.000	122.778	19.622	0.000	145.829
1986.000	122.731	18.713	0.000	142.273
1988.000	122.760	18.675	0.000	138.722
1990.000	122.754	17.583	0.000	140.259
1992.000	122.735	17.616	0.000	142.207
1994.000	122.774	16.826	0.000	146.114
1996.000	122.729	17.010	0.000	141.726
1998.000	122.772	16.873	0.000	143.116
2000.000	122.733	16.735	0.000	146.556
