2000.000	122.803	12.101	0.000	-54.420
2.000	122.857	10.853	0.000	-54.050
4.000	123.070	11.801	0.000	-67.897
6.000	123.089	13.049	0.000	-67.675
8.000	122.935	13.548	0.000	-56.622
10.000	122.794	13.283	0.000	-63.905
12.000	122.896	12.307	0.000	-64.896
14.000	123.160	12.769	0.000	-52.429
16.000	123.082	12.802	0.000	-50.792
18.000	122.750	12.245	0.000	-68.870
20.000	122.850	12.674	0.000	-69.900
22.000	123.123	11.937	0.000	-59.989
24.000	123.049	11.674	0.000	-48.831
26.000	122.912	12.810	0.000	-64.747
28.000	122.877	12.353	0.000	-77.447
30.000	122.876	12.858	0.000	-79.059
32.000	123.076	14.492	0.000	-79.394
34.000	123.140	15.130	0.000	-74.436
36.000	122.815	14.323	0.000	-72.290
38.000	122.771	14.527	0.000	-85.711
40.000	123.110	15.755	0.000	-80.281
42.000	123.125	15.282	0.000	-66.450
44.000	122.889	14.144	0.000	-65.568
46.000	122.825	14.490	0.000	-76.915
48.000	122.936	14.893	0.000	-78.899
50.000	123.099	16.204	0.000	-73.899
52.000	123.062	16.019	0.000	-77.198
54.000	122.825	15.289	0.000	-80.121
56.000	122.844	15.476	0.000	-81.882
58.000	123.058	15.942	0.000	-80.687
60.000	123.084	16.996	0.000	-82.062
62.000	122.960	15.952	0.000	-83.311
64.000	122.807	15.497	0.000	-88.476
66.000	122.888	16.718	0.000	-99.028
68.000	123.176	17.707	0.000	-91.346
70.000	123.069	17.084	0.000	-86.393
72.000	122.734	16.879	0.000	-94.198
74.000	122.905	17.365	0.000	-93.275
76.000	123.129	17.974	0.000	-84.708
78.000	123.010	17.727	0.000	-87.803
80.000	122.926	17.714	0.000	-92.964
82.000	122.868	17.743	0.000	-88.840
84.000	122.900	17.447	0.000	-98.007
86.000	123.150	18.982	0.000	-103.440
88.000	123.060	18.196	0.000	-96.822
90.000	122.737	18.234	0.000	-97.844
92.000	122.907	18.844	0.000	-114.351
94.000	123.152	19.858	0.000	-107.449
96.000	123.032	19.424	0.000	-102.442
98.000	122.858	18.763	0.000	-107.895
100.000	122.844	18.872	0.000	-114.282
102.000	123.025	19.812	0.000	-110.084
104.000	123.135	19.853	0.000	-112.187
106.000	122.917	18.800	0.000	-113.074
108.000	122.806	18.569	0.000	-115.240
110.000	122.985	19.450	0.000	-119.728
112.000	123.075	20.353	0.000	-119.499
114.000	123.036	20.422	0.000	-119.275
116.000	122.859	19.152	0.000	-125.799
118.000	122.805	19.062	0.000	-132.500
120.000	123.130	19.674	0.000	-127.333
122.000	123.142	19.476	0.000	-120.390
124.000	122.777	18.879	0.000	-127.467
126.000	122.862	19.649	0.000	-134.668
128.000	123.094	20.006	0.000	-128.503
130.000	123.031	19.268	0.000	-126.071
132.000	122.960	19.157	0.000	-129.430
134.000	122.854	18.483	0.000	-132.489
136.000	122.893	19.049	0.000	-138.332
138.000	123.152	19.837	0.000	-137.495
140.000	123.042	19.579	0.000	-133.573
142.000	122.764	18.588	0.000	-137.546
144.000	122.916	19.924	0.000	-145.416
146.000	123.119	20.684	0.000	-137.242
148.000	123.048	19.641	0.000	-131.111
150.000	122.848	18.930	0.000	-136.950
152.000	122.838	18.930	0.000	-143.210
154.000	123.085	20.059	0.000	-139.967
156.000	123.094	20.243	0.000	-137.548
158.000	122.868	19.471	0.000	-139.010
160.000	122.863	19.204	0.000	-142.556
162.000	122.986	19.452	0.000	-145.442
164.000	123.086	20.511	0.000	-142.075
166.000	123.020	20.284	0.000	-139.216
168.000	122.773	19.334	0.000	-142.292
170.000	122.921	20.170	0.000	-147.374
172.000	123.196	20.986	0.000	-145.419
174.000	122.975	20.564	0.000	-139.410
176.000	122.780	19.515	0.000	-145.538
178.000	122.966	20.569	0.000	-147.676
180.000	123.076	20.741	0.000	-140.108
182.000	123.023	20.326	0.000	-139.459
184.000	122.881	20.457	0.000	-144.795
186.000	122.847	20.422	0.000	-148.153
188.000	123.055	21.130	0.000	-150.659
190.000	123.108	22.130	0.000	-144.721
192.000	122.879	19.975	0.000	-142.687
194.000	122.806	20.001	0.000	-148.844
196.000	123.049	21.817	0.000	-149.088
198.000	123.135	21.576	0.000	-139.226
200.000	122.879	20.473	0.000	-141.508
202.000	122.811	21.215	0.000	-149.737
204.000	123.043	21.775	0.000	-148.169
206.000	123.083	21.839	0.000	-143.345
208.000	122.939	21.593	0.000	-141.730
210.000	122.847	21.518	0.000	-144.377
212.000	122.933	22.293	0.000	-146.095
214.000	123.113	22.737	0.000	-143.089
216.000	123.016	22.676	0.000	-138.866
218.000	122.788	21.902	0.000	-141.114
220.000	122.921	23.019	0.000	-145.961
222.000	123.141	24.179	0.000	-141.452
224.000	123.010	23.301	0.000	-136.751
226.000	122.787	22.644	0.000	-143.296
228.000	122.933	24.158	0.000	-145.479
230.000	123.115	24.679	0.000	-140.494
232.000	122.988	24.175	0.000	-141.814
234.000	122.867	24.670	0.000	-142.211
236.000	122.892	24.700	0.000	-142.801
238.000	123.030	25.660	0.000	-144.965
240.000	123.110	26.632	0.000	-138.504
242.000	122.846	25.614	0.000	-139.285
244.000	122.811	26.398	0.000	-148.197
246.000	123.137	28.048	0.000	-141.478
248.000	123.056	27.463	0.000	-135.224
250.000	122.825	26.781	0.000	-140.537
252.000	122.892	28.130	0.000	-145.056
254.000	123.038	29.117	0.000	-143.167
256.000	123.075	29.405	0.000	-140.214
258.000	122.882	29.138	0.000	-142.149
260.000	122.835	29.837	0.000	-145.152
262.000	123.050	31.116	0.000	-144.369
264.000	123.069	31.750	0.000	-140.923
266.000	122.914	31.479	0.000	-140.826
268.000	122.810	31.749	0.000	-148.036
270.000	123.015	33.907	0.000	-149.291
272.000	123.159	34.485	0.000	-141.366
274.000	122.837	33.537	0.000	-144.398
276.000	122.829	35.124	0.000	-153.527
278.000	123.094	36.643	0.000	-148.598
280.000	123.014	36.657	0.000	-147.815
282.000	122.930	37.324	0.000	-151.833
284.000	122.855	38.005	0.000	-153.886
286.000	122.954	39.415	0.000	-159.174
288.000	123.152	41.048	0.000	-156.718
290.000	122.897	40.758	0.000	-154.928
292.000	122.789	41.566	0.000	-167.249
294.000	123.060	44.170	0.000	-168.704
296.000	123.079	44.777	0.000	-164.733
298.000	122.893	44.724	0.000	-172.557
300.000	122.822	46.558	0.000	177.414
302.000	123.032	48.377	0.000	174.995
304.000	123.089	49.285	0.000	170.430
306.000	122.871	49.835	0.000	161.497
308.000	122.866	50.901	0.000	148.800
310.000	122.991	52.415	0.000	138.012
312.000	123.078	53.227	0.000	132.068
314.000	122.940	52.730	0.000	123.622
316.000	122.770	52.631	0.000	106.368
318.000	123.057	54.105	0.000	97.586
320.000	123.115	54.138	0.000	97.616
322.000	122.823	52.740	0.000	88.378
324.000	122.869	53.664	0.000	73.784
326.000	123.046	54.645	0.000	73.138
328.000	123.037	54.128	0.000	68.797
330.000	122.892	54.165	0.000	58.420
332.000	122.845	54.395	0.000	50.957
334.000	123.021	55.061	0.000	41.301
336.000	123.081	55.734	0.000	39.208
338.000	122.869	54.557	0.000	35.059
340.000	122.814	54.908	0.000	17.368
342.000	123.091	56.526	0.000	16.576
344.000	123.059	55.761	0.000	16.838
346.000	122.800	55.136	0.000	2.613
348.000	122.909	56.321	0.000	-5.239
350.000	123.057	56.811	0.000	-8.831
352.000	123.009	56.792	0.000	-14.502
354.000	122.857	56.461	0.000	-23.720
356.000	122.869	57.019	0.000	-35.756
358.000	123.077	57.875	0.000	-40.992
360.000	123.017	57.587	0.000	-44.846
362.000	122.821	56.844	0.000	-54.873
364.000	122.885	57.600	0.000	-68.527
366.000	123.108	58.778	0.000	-71.005
368.000	122.996	57.893	0.000	-73.045
370.000	122.760	57.394	0.000	-91.718
372.000	122.997	58.974	0.000	-99.234
374.000	123.068	58.646	0.000	-102.184
376.000	122.917	58.053	0.000	-115.396
378.000	122.875	58.014	0.000	-124.980
380.000	122.901	57.794	0.000	-137.625
382.000	123.113	58.428	0.000	-144.545
384.000	122.947	57.211	0.000	-146.588
386.000	122.761	55.952	0.000	-164.283
388.000	123.048	57.181	0.000	-171.100
390.000	123.060	56.506	0.000	-169.689
392.000	122.870	54.997	0.000	179.486
394.000	122.839	55.302	0.000	167.817
396.000	123.031	55.616	0.000	163.929
398.000	123.052	55.013	0.000	159.059
400.000	122.835	54.033	0.000	149.905
402.000	122.887	53.833	0.000	138.953
404.000	123.016	54.032	0.000	132.413
406.000	123.041	53.495	0.000	129.368
408.000	122.841	51.915	0.000	120.975
410.000	122.841	51.651	0.000	106.588
412.000	123.137	52.039	0.000	105.149
414.000	122.955	50.159	0.000	105.087
416.000	122.790	48.497	0.000	92.621
418.000	122.979	49.013	0.000	90.716
420.000	123.041	48.236	0.000	94.340
422.000	122.939	47.333	0.000	89.712
424.000	122.825	47.141	0.000	85.873
426.000	122.955	47.177	0.000	80.023
428.000	123.077	47.667	0.000	78.248
430.000	122.904	46.405	0.000	78.641
432.000	122.791	45.531	0.000	64.594
434.000	123.045	46.747	0.000	63.573
436.000	123.059	45.741	0.000	67.778
438.000	122.799	44.348	0.000	57.346
440.000	122.901	44.930	0.000	52.332
442.000	123.040	44.700	0.000	52.052
444.000	122.984	43.951	0.000	49.709
446.000	122.834	42.922	0.000	44.906
448.000	122.893	42.845	0.000	39.453
450.000	123.074	42.941	0.000	41.728
452.000	122.948	41.893	0.000	44.226
454.000	122.802	41.119	0.000	40.733
456.000	122.946	42.249	0.000	39.016
458.000	123.105	42.887	0.000	46.014
460.000	122.853	41.746	0.000	44.566
462.000	122.821	42.985	0.000	34.586
464.000	123.066	44.187	0.000	38.177
466.000	122.964	43.833	0.000	34.694
468.000	122.885	44.467	0.000	27.674
470.000	122.847	44.840	0.000	21.135
472.000	123.034	46.250	0.000	12.472
474.000	123.030	46.480	0.000	12.056
476.000	122.756	45.421	0.000	-2.609
478.000	122.955	46.941	0.000	-17.201
480.000	123.067	46.929	0.000	-18.091
482.000	122.895	45.242	0.000	-29.748
484.000	122.810	44.983	0.000	-45.564
486.000	123.004	44.876	0.000	-51.043
488.000	123.031	43.775	0.000	-55.605
490.000	122.838	42.204	0.000	-63.587
492.000	122.873	41.357	0.000	-72.573
494.000	122.999	41.027	0.000	-76.252
496.000	123.024	39.938	0.000	-75.691
498.000	122.793	38.002	0.000	-81.073
500.000	122.894	37.947	0.000	-88.950
502.000	123.102	37.851	0.000	-85.113
504.000	122.878	35.785	0.000	-85.015
506.000	122.812	35.047	0.000	-94.824
508.000	123.000	35.413	0.000	-91.837
510.000	123.010	34.152	0.000	-90.822
512.000	122.854	33.185	0.000	-94.901
514.000	122.856	32.643	0.000	-96.276
516.000	123.001	32.677	0.000	-98.502
518.000	123.018	32.246	0.000	-92.980
520.000	122.779	30.470	0.000	-95.774
522.000	122.909	31.281	0.000	-101.723
524.000	123.093	30.986	0.000	-93.494
526.000	122.852	28.985	0.000	-97.067
528.000	122.836	29.491	0.000	-103.600
530.000	122.982	29.600	0.000	-100.201
532.000	123.012	29.149	0.000	-98.195
534.000	122.832	28.301	0.000	-98.914
536.000	122.862	28.379	0.000	-103.592
538.000	123.028	28.565	0.000	-101.716
540.000	122.956	27.571	0.000	-97.198
542.000	122.800	26.874	0.000	-101.677
544.000	122.911	27.775	0.000	-106.976
546.000	123.096	27.886	0.000	-100.087
548.000	122.811	26.097	0.000	-98.283
550.000	122.851	26.681	0.000	-107.039
552.000	123.023	27.031	0.000	-101.581
554.000	122.945	26.188	0.000	-103.301
556.000	122.848	26.207	0.000	-105.914
558.000	122.858	25.764	0.000	-105.836
560.000	123.058	26.206	0.000	-103.121
562.000	122.907	25.390	0.000	-98.027
564.000	122.779	24.878	0.000	-108.855
566.000	122.993	25.900	0.000	-106.826
568.000	123.019	24.926	0.000	-98.877
570.000	122.790	23.927	0.000	-107.375
572.000	122.886	24.907	0.000	-107.620
574.000	123.024	24.934	0.000	-104.582
576.000	122.911	24.421	0.000	-104.893
578.000	122.814	24.255	0.000	-106.826
580.000	122.925	24.578	0.000	-110.578
582.000	123.035	24.847	0.000	-107.688
584.000	122.836	23.802	0.000	-108.186
586.000	122.820	24.187	0.000	-113.947
588.000	123.035	24.976	0.000	-110.922
590.000	122.951	23.919	0.000	-105.475
592.000	122.758	23.640	0.000	-113.350
594.000	122.975	24.891	0.000	-113.574
596.000	122.984	24.257	0.000	-108.444
598.000	122.860	24.199	0.000	-110.162
600.000	122.833	24.090	0.000	-113.017
602.000	122.972	24.144	0.000	-113.764
604.000	123.004	24.344	0.000	-107.075
606.000	122.747	23.341	0.000	-113.537
608.000	122.939	25.111	0.000	-115.544
610.000	123.022	25.142	0.000	-105.917
612.000	122.837	23.594	0.000	-109.468
614.000	122.820	24.088	0.000	-113.718
616.000	123.009	24.246	0.000	-110.833
618.000	122.935	24.226	0.000	-111.937
620.000	122.804	24.088	0.000	-114.216
622.000	122.897	24.251	0.000	-117.628
624.000	123.008	24.775	0.000	-113.043
626.000	122.877	24.035	0.000	-110.208
628.000	122.775	23.944	0.000	-117.557
630.000	123.030	25.406	0.000	-116.274
632.000	122.940	25.098	0.000	-109.030
634.000	122.769	24.631	0.000	-119.563
636.000	122.933	25.742	0.000	-118.743
638.000	122.991	24.888	0.000	-113.342
640.000	122.841	24.542	0.000	-116.990
642.000	122.831	25.031	0.000	-120.127
644.000	122.961	25.864	0.000	-120.744
646.000	122.979	26.041	0.000	-113.994
648.000	122.745	25.023	0.000	-120.509
650.000	122.936	26.480	0.000	-125.519
652.000	123.014	26.289	0.000	-115.860
654.000	122.800	25.258	0.000	-123.117
656.000	122.844	26.020	0.000	-125.921
658.000	122.988	26.348	0.000	-122.520
660.000	122.916	25.779	0.000	-123.168
662.000	122.781	25.486	0.000	-125.660
664.000	122.929	26.345	0.000	-127.531
666.000	122.977	26.695	0.000	-122.960
668.000	122.833	26.014	0.000	-125.604
670.000	122.798	26.619	0.000	-132.398
672.000	123.053	27.591	0.000	-125.238
674.000	122.855	26.425	0.000	-123.056
676.000	122.793	26.558	0.000	-131.853
678.000	122.961	27.481	0.000	-126.866
680.000	122.940	26.758	0.000	-126.968
682.000	122.810	26.884	0.000	-130.119
684.000	122.851	27.238	0.000	-131.185
686.000	122.996	28.160	0.000	-130.832
688.000	122.871	27.666	0.000	-126.642
690.000	122.762	27.909	0.000	-136.262
692.000	123.002	29.249	0.000	-129.763
694.000	122.923	28.224	0.000	-126.542
696.000	122.765	28.243	0.000	-135.996
698.000	122.920	28.926	0.000	-133.591
700.000	122.959	28.966	0.000	-130.862
702.000	122.831	28.600	0.000	-132.178
704.000	122.811	29.056	0.000	-135.888
706.000	122.986	29.836	0.000	-133.111
708.000	122.891	29.659	0.000	-131.099
710.000	122.771	29.360	0.000	-137.711
712.000	122.925	30.779	0.000	-137.457
714.000	122.992	30.545	0.000	-130.906
716.000	122.734	29.786	0.000	-139.038
718.000	122.917	31.261	0.000	-139.900
720.000	122.941	31.185	0.000	-135.860
722.000	122.857	31.062	0.000	-139.095
724.000	122.787	31.172	0.000	-141.160
726.000	122.963	32.146	0.000	-142.725
728.000	122.923	32.251	0.000	-138.286
730.000	122.749	31.653	0.000	-144.397
732.000	122.915	33.384	0.000	-146.648
734.000	122.975	33.014	0.000	-139.274
736.000	122.761	32.314	0.000	-147.638
738.000	122.867	33.352	0.000	-147.501
740.000	122.962	33.523	0.000	-145.813
742.000	122.844	33.496	0.000	-146.274
744.000	122.788	33.535	0.000	-151.077
746.000	122.942	34.498	0.000	-150.834
748.000	122.925	34.257	0.000	-147.600
750.000	122.751	33.923	0.000	-152.992
752.000	122.894	35.140	0.000	-155.629
754.000	122.977	35.435	0.000	-149.454
756.000	122.757	34.567	0.000	-154.235
758.000	122.861	36.095	0.000	-157.928
760.000	122.961	35.892	0.000	-152.515
762.000	122.829	35.635	0.000	-157.044
764.000	122.797	35.900	0.000	-157.308
766.000	122.921	36.822	0.000	-160.046
768.000	122.940	37.036	0.000	-154.488
770.000	122.721	36.268	0.000	-161.938
772.000	122.925	37.906	0.000	-162.242
774.000	122.938	37.556	0.000	-156.343
776.000	122.767	37.170	0.000	-162.866
778.000	122.845	38.365	0.000	-164.255
780.000	122.964	38.588	0.000	-160.889
782.000	122.808	38.358	0.000	-162.574
784.000	122.798	38.803	0.000	-166.085
786.000	122.928	39.836	0.000	-165.619
788.000	122.903	39.709	0.000	-161.989
790.000	122.730	39.564	0.000	-168.489
792.000	122.926	41.176	0.000	-168.221
794.000	122.927	41.052	0.000	-163.106
796.000	122.739	40.769	0.000	-170.530
798.000	122.881	42.396	0.000	-170.448
800.000	122.931	42.350	0.000	-166.697
802.000	122.797	42.551	0.000	-171.498
804.000	122.802	43.171	0.000	-172.536
806.000	122.942	44.447	0.000	-173.537
808.000	122.863	44.481	0.000	-169.077
810.000	122.732	44.849	0.000	-179.614
812.000	122.962	46.777	0.000	-175.655
814.000	122.866	46.142	0.000	-174.698
816.000	122.749	47.140	0.000	176.804
818.000	122.895	48.392	0.000	177.404
820.000	122.913	49.051	0.000	176.248
822.000	122.765	49.524	0.000	170.537
824.000	122.832	51.113	0.000	163.423
826.000	122.941	52.337	0.000	161.326
828.000	122.801	52.475	0.000	153.696
830.000	122.770	53.664	0.000	136.945
832.000	122.969	54.999	0.000	130.986
834.000	122.812	53.705	0.000	121.039
836.000	122.760	53.438	0.000	99.683
838.000	122.935	52.955	0.000	96.916
840.000	122.846	50.670	0.000	89.771
842.000	122.773	49.182	0.000	86.955
844.000	122.852	48.171	0.000	88.472
846.000	122.941	48.041	0.000	97.814
848.000	122.723	46.728	0.000	100.239
850.000	122.860	48.096	0.000	100.549
852.000	122.932	48.103	0.000	111.521
854.000	122.759	47.816	0.000	110.546
856.000	122.805	49.620	0.000	113.338
858.000	122.939	50.792	0.000	117.068
860.000	122.789	51.766	0.000	113.804
862.000	122.784	53.277	0.000	105.063
864.000	122.899	54.968	0.000	98.358
866.000	122.869	55.015	0.000	92.504
868.000	122.711	54.846	0.000	75.586
870.000	122.932	55.779	0.000	68.544
872.000	122.860	54.729	0.000	66.778
874.000	122.733	53.830	0.000	53.494
876.000	122.879	54.478	0.000	52.073
878.000	122.885	53.400	0.000	50.725
880.000	122.752	53.074	0.000	43.855
882.000	122.824	52.806	0.000	40.394
884.000	122.918	53.166	0.000	39.177
886.000	122.766	51.849	0.000	39.476
888.000	122.785	52.324	0.000	29.769
890.000	122.952	52.375	0.000	37.516
892.000	122.754	50.950	0.000	31.918
894.000	122.786	51.579	0.000	29.273
896.000	122.909	51.746	0.000	30.857
898.000	122.810	51.286	0.000	29.762
900.000	122.753	51.351	0.000	23.684
902.000	122.889	51.885	0.000	22.912
904.000	122.856	51.469	0.000	23.171
906.000	122.712	50.792	0.000	16.015
908.000	122.900	51.835	0.000	13.664
910.000	122.864	50.829	0.000	17.786
912.000	122.718	49.886	0.000	8.459
914.000	122.869	50.255	0.000	12.164
916.000	122.867	49.209	0.000	16.287
918.000	122.746	48.864	0.000	18.156
920.000	122.813	49.309	0.000	22.043
922.000	122.904	50.318	0.000	29.174
924.000	122.745	50.244	0.000	32.369
926.000	122.792	52.597	0.000	27.556
928.000	122.925	53.696	0.000	34.157
930.000	122.736	53.703	0.000	22.947
932.000	122.793	55.310	0.000	16.942
934.000	122.893	55.566	0.000	12.718
936.000	122.778	55.388	0.000	6.354
938.000	122.760	55.414	0.000	-3.511
940.000	122.884	55.824	0.000	-5.480
942.000	122.817	54.808	0.000	-6.621
944.000	122.715	54.402	0.000	-13.146
946.000	122.915	55.332	0.000	-10.440
948.000	122.799	54.501	0.000	-6.393
950.000	122.734	55.165	0.000	-13.963
952.000	122.877	56.105	0.000	-8.695
954.000	122.822	55.900	0.000	-11.594
956.000	122.735	56.473	0.000	-14.275
958.000	122.836	57.451	0.000	-18.543
960.000	122.872	58.204	0.000	-15.548
962.000	122.698	57.918	0.000	-23.780
964.000	122.859	59.950	0.000	-27.147
966.000	122.854	59.719	0.000	-25.835
968.000	122.721	60.239	0.000	-38.077
970.000	122.823	61.420	0.000	-41.434
972.000	122.868	61.726	0.000	-46.125
974.000	122.724	61.822	0.000	-55.482
976.000	122.808	62.698	0.000	-65.073
978.000	122.868	63.158	0.000	-69.160
980.000	122.744	62.534	0.000	-78.338
982.000	122.772	63.331	0.000	-92.314
984.000	122.910	63.485	0.000	-93.412
986.000	122.710	62.063	0.000	-106.299
988.000	122.800	62.584	0.000	-115.860
990.000	122.862	61.764	0.000	-117.908
992.000	122.753	60.758	0.000	-126.921
994.000	122.759	60.299	0.000	-132.481
996.000	122.877	60.311	0.000	-135.668
998.000	122.764	59.212	0.000	-135.389
1000.000	122.730	59.145	0.000	-147.407
1002.000	122.911	59.556	0.000	-142.418
1004.000	122.732	57.895	0.000	-149.201
1006.000	122.761	58.371	0.000	-154.571
1008.000	122.864	58.061	0.000	-155.817
1010.000	122.769	57.414	0.000	-158.447
1012.000	122.734	57.177	0.000	-165.594
1014.000	122.866	57.631	0.000	-165.677
1016.000	122.783	56.946	0.000	-167.630
1018.000	122.705	56.953	0.000	-177.446
1020.000	122.898	58.064	0.000	-179.771
1022.000	122.755	56.861	0.000	176.078
1024.000	122.736	57.090	0.000	160.377
1026.000	122.859	56.736	0.000	158.858
1028.000	122.775	55.358	0.000	148.348
1030.000	122.724	54.284	0.000	140.674
1032.000	122.849	53.569	0.000	133.346
1034.000	122.797	52.016	0.000	134.111
1036.000	122.695	49.887	0.000	124.580
1038.000	122.883	49.507	0.000	127.404
1040.000	122.760	46.864	0.000	131.620
1042.000	122.725	45.671	0.000	131.087
1044.000	122.850	44.917	0.000	141.747
1046.000	122.777	43.834	0.000	149.859
1048.000	122.720	43.521	0.000	156.270
1050.000	122.835	44.439	0.000	165.410
1052.000	122.800	44.461	0.000	175.649
1054.000	122.690	45.506	0.000	176.606
1056.000	122.872	47.880	0.000	-177.584
1058.000	122.763	48.453	0.000	-176.798
1060.000	122.720	50.471	0.000	171.177
1062.000	122.842	51.909	0.000	169.700
1064.000	122.774	52.119	0.000	157.533
1066.000	122.717	52.705	0.000	146.521
1068.000	122.826	53.316	0.000	133.798
1070.000	122.802	53.111	0.000	129.329
1072.000	122.682	52.215	0.000	109.825
1074.000	122.870	52.867	0.000	104.635
1076.000	122.754	50.774	0.000	95.897
1078.000	122.720	49.969	0.000	80.890
1080.000	122.834	48.790	0.000	75.735
1082.000	122.771	46.757	0.000	70.212
1084.000	122.710	44.449	0.000	64.035
1086.000	122.832	43.004	0.000	66.965
1088.000	122.780	41.070	0.000	78.328
1090.000	122.685	40.804	0.000	85.639
1092.000	122.869	42.704	0.000	94.301
1094.000	122.737	42.816	0.000	94.090
1096.000	122.724	44.576	0.000	82.740
1098.000	122.835	45.242	0.000	79.086
1100.000	122.747	45.269	0.000	65.209
1102.000	122.716	45.495	0.000	51.250
1104.000	122.838	46.030	0.000	36.248
1106.000	122.747	45.293	0.000	24.961
1108.000	122.709	44.869	0.000	-3.203
1110.000	122.859	45.182	0.000	-14.516
1112.000	122.712	43.292	0.000	-38.072
1114.000	122.737	43.528	0.000	-64.072
1116.000	122.835	43.002	0.000	-83.879
1118.000	122.719	42.452	0.000	-108.064
1120.000	122.735	42.558	0.000	-136.369
1122.000	122.832	43.027	0.000	-153.528
1124.000	122.717	42.140	0.000	-174.416
1126.000	122.736	42.804	0.000	159.371
1128.000	122.843	43.424	0.000	145.349
1130.000	122.690	42.683	0.000	119.619
1132.000	122.763	44.080	0.000	93.737
1134.000	122.814	43.855	0.000	73.815
1136.000	122.709	44.417	0.000	43.023
1138.000	122.740	45.237	0.000	15.147
1140.000	122.839	46.826	0.000	-5.323
1142.000	122.675	46.895	0.000	-30.316
1144.000	122.783	49.143	0.000	-54.186
1146.000	122.805	49.356	0.000	-64.955
1148.000	122.682	50.099	0.000	-89.171
1150.000	122.785	51.483	0.000	-101.406
1152.000	122.793	51.848	0.000	-113.835
1154.000	122.685	52.302	0.000	-129.653
1156.000	122.781	53.410	0.000	-142.613
1158.000	122.799	53.686	0.000	-150.124
1160.000	122.661	53.596	0.000	-166.805
1162.000	122.822	54.862	0.000	-176.198
1164.000	122.755	54.252	0.000	177.425
1166.000	122.686	54.552	0.000	160.174
1168.000	122.818	54.994	0.000	156.212
1170.000	122.736	54.331	0.000	145.367
1172.000	122.701	54.396	0.000	136.322
1174.000	122.810	54.745	0.000	128.284
1176.000	122.736	54.300	0.000	125.529
1178.000	122.698	54.434	0.000	111.074
1180.000	122.827	55.114	0.000	111.684
1182.000	122.701	54.206	0.000	100.995
1184.000	122.728	55.137	0.000	91.961
1186.000	122.805	55.163	0.000	85.469
1188.000	122.706	54.882	0.000	75.128
1190.000	122.721	55.137	0.000	61.418
1192.000	122.819	55.189	0.000	55.241
1194.000	122.678	54.044	0.000	42.548
1196.000	122.749	54.212	0.000	28.499
1198.000	122.810	53.781	0.000	24.691
1200.000	122.655	52.329	0.000	7.975
1202.000	122.794	52.574	0.000	0.388
1204.000	122.761	50.902	0.000	-8.985
1206.000	122.685	49.993	0.000	-20.739
1208.000	122.775	49.294	0.000	-33.123
1210.000	122.779	48.302	0.000	-38.412
1212.000	122.659	46.469	0.000	-56.622
1214.000	122.815	46.250	0.000	-65.938
1216.000	122.725	43.945	0.000	-77.261
1218.000	122.690	42.716	0.000	-98.854
1220.000	122.812	41.399	0.000	-111.039
1222.000	122.704	39.463	0.000	-131.712
1224.000	122.707	38.119	0.000	-155.477
1226.000	122.810	37.497	0.000	-176.015
1228.000	122.687	36.016	0.000	162.692
1230.000	122.727	35.997	0.000	137.124
1232.000	122.804	35.858	0.000	125.828
1234.000	122.664	34.689	0.000	108.193
1236.000	122.769	35.158	0.000	97.596
1238.000	122.760	33.990	0.000	92.528
1240.000	122.689	33.063	0.000	86.578
1242.000	122.753	32.147	0.000	86.752
1244.000	122.776	31.866	0.000	95.422
1246.000	122.657	32.003	0.000	101.507
1248.000	122.800	34.291	0.000	113.883
1250.000	122.725	35.138	0.000	115.101
1252.000	122.687	37.769	0.000	110.452
1254.000	122.796	39.435	0.000	108.045
1256.000	122.707	40.482	0.000	99.665
1258.000	122.696	41.888	0.000	87.261
1260.000	122.806	43.018	0.000	80.682
1262.000	122.676	42.838	0.000	68.846
1264.000	122.727	43.819	0.000	53.699
1266.000	122.800	44.043	0.000	48.842
1268.000	122.648	43.325	0.000	31.108
1270.000	122.784	43.856	0.000	22.261
1272.000	122.738	42.568	0.000	10.356
1274.000	122.680	41.795	0.000	-2.807
1276.000	122.775	40.820	0.000	-16.390
1278.000	122.735	39.347	0.000	-24.017
1280.000	122.674	36.963	0.000	-42.241
1282.000	122.797	35.737	0.000	-50.229
1284.000	122.696	32.362	0.000	-60.479
1286.000	122.711	29.689	0.000	-82.979
1288.000	122.776	26.920	0.000	-103.165
1290.000	122.691	25.263	0.000	-141.792
1292.000	122.715	27.019	0.000	179.203
1294.000	122.787	29.329	0.000	164.122
1296.000	122.657	31.234	0.000	146.922
1298.000	122.759	33.934	0.000	135.241
1300.000	122.757	35.300	0.000	132.731
1302.000	122.659	36.833	0.000	118.230
1304.000	122.783	38.466	0.000	117.107
1306.000	122.715	39.179	0.000	108.483
1308.000	122.681	40.104	0.000	101.505
1310.000	122.787	41.598	0.000	94.798
1312.000	122.691	41.655	0.000	90.729
1314.000	122.707	42.809	0.000	77.801
1316.000	122.785	43.099	0.000	77.487
1318.000	122.665	42.785	0.000	65.463
1320.000	122.740	43.431	0.000	62.201
1322.000	122.757	43.138	0.000	59.357
1324.000	122.665	43.119	0.000	54.592
1326.000	122.758	43.940	0.000	52.756
1328.000	122.743	44.136	0.000	52.302
1330.000	122.652	44.747	0.000	43.336
1332.000	122.808	45.986	0.000	41.325
1334.000	122.674	45.439	0.000	34.145
1336.000	122.713	46.278	0.000	24.823
1338.000	122.771	45.992	0.000	21.802
1340.000	122.671	45.685	0.000	13.063
1342.000	122.729	45.672	0.000	7.182
1344.000	122.765	45.658	0.000	5.059
1346.000	122.647	44.803	0.000	-2.267
1348.000	122.784	45.607	0.000	-4.785
1350.000	122.706	44.367	0.000	-6.237
1352.000	122.684	44.537	0.000	-13.247
1354.000	122.773	44.181	0.000	-13.465
1356.000	122.690	43.633	0.000	-17.116
1358.000	122.698	43.620	0.000	-21.895
1360.000	122.779	43.457	0.000	-20.869
1362.000	122.657	42.605	0.000	-24.521
1364.000	122.745	42.982	0.000	-26.691
1366.000	122.748	42.472	0.000	-23.198
1368.000	122.653	42.263	0.000	-29.309
1370.000	122.781	42.530	0.000	-24.914
1372.000	122.697	41.934	0.000	-27.365
1374.000	122.684	42.034	0.000	-28.415
1376.000	122.787	42.498	0.000	-27.930
1378.000	122.660	41.896	0.000	-27.407
1380.000	122.736	42.736	0.000	-30.899
1382.000	122.749	42.534	0.000	-26.237
1384.000	122.661	42.579	0.000	-31.414
1386.000	122.760	43.323	0.000	-29.602
1388.000	122.715	43.365	0.000	-30.909
1390.000	122.678	43.667	0.000	-33.799
1392.000	122.766	44.514	0.000	-34.898
1394.000	122.695	44.382	0.000	-35.784
1396.000	122.693	45.084	0.000	-42.008
1398.000	122.781	45.611	0.000	-40.491
1400.000	122.645	45.421	0.000	-46.738
1402.000	122.757	46.620	0.000	-48.896
1404.000	122.727	46.483	0.000	-51.533
1406.000	122.662	46.856	0.000	-56.644
1408.000	122.775	47.697	0.000	-61.630
1410.000	122.692	47.669	0.000	-62.171
1412.000	122.691	48.377	0.000	-72.889
1414.000	122.774	48.880	0.000	-71.822
1416.000	122.659	48.764	0.000	-82.463
1418.000	122.740	49.601	0.000	-87.714
1420.000	122.735	49.604	0.000	-94.506
1422.000	122.667	49.622	0.000	-104.729
1424.000	122.756	50.033	0.000	-113.210
1426.000	122.714	49.433	0.000	-120.134
1428.000	122.666	48.994	0.000	-132.868
1430.000	122.795	49.022	0.000	-136.809
1432.000	122.649	47.511	0.000	-145.942
1434.000	122.741	47.530	0.000	-152.733
1436.000	122.741	46.244	0.000	-156.339
1438.000	122.656	45.320	0.000	-162.350
1440.000	122.769	44.923	0.000	-167.327
1442.000	122.699	43.846	0.000	-167.203
1444.000	122.683	43.100	0.000	-175.042
1446.000	122.777	42.819	0.000	-172.746
1448.000	122.657	41.479	0.000	-178.728
1450.000	122.737	41.373	0.000	-179.242
1452.000	122.734	40.332	0.000	179.090
1454.000	122.667	39.688	0.000	176.414
1456.000	122.753	39.504	0.000	175.661
1458.000	122.711	38.572	0.000	175.518
1460.000	122.674	38.021	0.000	171.392
1462.000	122.783	37.829	0.000	172.689
1464.000	122.653	36.752	0.000	169.871
1466.000	122.742	36.965	0.000	169.633
1468.000	122.726	35.966	0.000	169.472
1470.000	122.672	35.494	0.000	167.779
1472.000	122.756	35.479	0.000	166.792
1474.000	122.697	34.884	0.000	169.340
1476.000	122.701	34.585	0.000	164.131
1478.000	122.757	34.177	0.000	168.331
1480.000	122.668	33.351	0.000	164.101
1482.000	122.736	33.391	0.000	165.548
1484.000	122.729	32.748	0.000	165.612
1486.000	122.670	32.427	0.000	162.965
1488.000	122.762	32.476	0.000	163.237
1490.000	122.689	31.700	0.000	163.407
1492.000	122.704	31.655	0.000	160.279
1494.000	122.761	31.404	0.000	164.070
1496.000	122.656	30.747	0.000	159.214
1498.000	122.760	30.883	0.000	161.358
1500.000	122.703	30.104	0.000	160.902
1502.000	122.686	30.066	0.000	159.439
1504.000	122.766	30.063	0.000	160.249
1506.000	122.672	29.423	0.000	159.612
1508.000	122.728	29.722	0.000	155.471
1510.000	122.743	29.004	0.000	159.788
1512.000	122.662	28.787	0.000	156.730
1514.000	122.763	28.625	0.000	160.215
1516.000	122.699	27.960	0.000	158.413
1518.000	122.688	27.949	0.000	156.206
1520.000	122.775	27.776	0.000	158.422
1522.000	122.651	26.939	0.000	155.687
1524.000	122.760	27.437	0.000	156.071
1526.000	122.705	26.757	0.000	158.231
1528.000	122.701	27.095	0.000	155.869
1530.000	122.747	26.700	0.000	159.898
1532.000	122.692	26.283	0.000	157.063
1534.000	122.715	26.251	0.000	155.997
1536.000	122.750	26.381	0.000	157.354
1538.000	122.664	25.870	0.000	157.172
1540.000	122.767	26.066	0.000	160.537
1542.000	122.692	25.170	0.000	160.314
1544.000	122.705	25.154	0.000	157.603
1546.000	122.756	24.915	0.000	158.043
1548.000	122.665	24.703	0.000	157.885
1550.000	122.752	24.867	0.000	158.661
1552.000	122.715	24.376	0.000	161.552
1554.000	122.685	24.333	0.000	155.248
1556.000	122.772	24.469	0.000	156.742
1558.000	122.669	23.715	0.000	155.194
1560.000	122.739	24.471	0.000	157.362
1562.000	122.732	24.112	0.000	158.616
1564.000	122.676	24.381	0.000	157.576
1566.000	122.765	24.369	0.000	159.634
1568.000	122.687	23.441	0.000	160.978
1570.000	122.720	24.196	0.000	155.752
1572.000	122.752	23.727	0.000	159.578
1574.000	122.667	23.310	0.000	153.372
1576.000	122.766	23.626	0.000	159.008
1578.000	122.694	22.974	0.000	161.088
1580.000	122.709	23.490	0.000	156.746
1582.000	122.757	23.756	0.000	157.741
1584.000	122.671	23.109	0.000	158.035
1586.000	122.757	23.609	0.000	158.366
1588.000	122.711	22.881	0.000	158.711
1590.000	122.698	23.401	0.000	154.626
1592.000	122.762	23.399	0.000	160.773
1594.000	122.676	22.808	0.000	155.705
1596.000	122.746	23.245	0.000	152.816
1598.000	122.728	23.092	0.000	156.277
1600.000	122.688	22.898	0.000	152.299
1602.000	122.767	23.180	0.000	153.035
1604.000	122.682	22.862	0.000	149.031
1606.000	122.740	23.525	0.000	152.179
1608.000	122.732	23.168	0.000	154.254
1610.000	122.687	22.438	0.000	150.496
1612.000	122.764	22.862	0.000	151.041
1614.000	122.696	22.162	0.000	150.776
1616.000	122.718	22.493	0.000	149.602
1618.000	122.762	22.619	0.000	152.695
1620.000	122.664	22.153	0.000	147.572
1622.000	122.780	22.801	0.000	150.319
1624.000	122.690	22.371	0.000	148.770
1626.000	122.723	22.317	0.000	146.489
1628.000	122.755	22.406	0.000	147.520
1630.000	122.677	21.337	0.000	143.270
1632.000	122.767	22.193	0.000	144.150
1634.000	122.705	21.399	0.000	141.635
1636.000	122.712	21.709	0.000	142.683
1638.000	122.766	21.245	0.000	144.551
1640.000	122.669	21.077	0.000	142.454
1642.000	122.771	21.542	0.000	140.926
1644.000	122.705	20.713	0.000	142.757
1646.000	122.718	21.069	0.000	141.883
1648.000	122.763	21.096	0.000	143.217
1650.000	122.683	20.354	0.000	134.171
1652.000	122.759	20.717	0.000	137.232
1654.000	122.718	20.033	0.000	138.154
1656.000	122.704	20.416	0.000	136.017
1658.000	122.773	20.431	0.000	137.622
1660.000	122.672	19.942	0.000	136.310
1662.000	122.774	20.360	0.000	138.090
1664.000	122.708	19.402	0.000	139.921
1666.000	122.718	20.019	0.000	138.448
1668.000	122.761	19.618	0.000	140.429
1670.000	122.688	18.496	0.000	137.169
1672.000	122.755	19.026	0.000	133.110
1674.000	122.726	18.592	0.000	136.018
1676.000	122.708	18.623	0.000	136.716
1678.000	122.773	18.678	0.000	139.002
1680.000	122.676	18.358	0.000	138.839
1682.000	122.775	19.270	0.000	142.679
1684.000	122.716	18.243	0.000	143.918
1686.000	122.707	18.593	0.000	141.598
1688.000	122.788	18.421	0.000	146.925
1690.000	122.669	17.797	0.000	138.474
1692.000	122.783	18.802	0.000	141.941
1694.000	122.701	17.771	0.000	141.951
1696.000	122.740	18.060	0.000	144.796
1698.000	122.746	17.991	0.000	148.529
1700.000	122.705	17.814	0.000	150.743
1702.000	122.756	17.775	0.000	151.197
1704.000	122.728	17.981	0.000	148.832
1706.000	122.715	18.425	0.000	147.402
1708.000	122.776	18.480	0.000	154.048
1710.000	122.680	17.853	0.000	154.243
1712.000	122.784	18.377	0.000	155.018
1714.000	122.702	17.618	0.000	154.549
1716.000	122.740	18.320	0.000	153.053
1718.000	122.755	18.342	0.000	157.014
1720.000	122.697	17.883	0.000	152.424
1722.000	122.777	18.961	0.000	156.308
1724.000	122.710	18.499	0.000	153.600
1726.000	122.736	19.064	0.000	152.211
1728.000	122.765	19.090	0.000	156.844
1730.000	122.686	19.012	0.000	156.427
1732.000	122.790	19.876	0.000	156.841
1734.000	122.691	19.095	0.000	156.349
1736.000	122.771	19.826	0.000	157.117
1738.000	122.726	19.049	0.000	157.490
1740.000	122.727	19.360	0.000	154.051
1742.000	122.764	19.828	0.000	158.436
1744.000	122.708	19.821	0.000	155.244
1746.000	122.755	20.136	0.000	153.787
1748.000	122.740	20.041	0.000	156.551
1750.000	122.719	20.047	0.000	152.828
1752.000	122.775	20.349	0.000	155.772
1754.000	122.698	20.406	0.000	153.672
1756.000	122.770	20.259	0.000	155.271
1758.000	122.730	19.900	0.000	153.670
1760.000	122.722	20.599	0.000	150.731
1762.000	122.781	20.700	0.000	152.273
1764.000	122.691	20.030	0.000	150.338
1766.000	122.792	20.965	0.000	149.137
1768.000	122.699	20.587	0.000	151.533
1770.000	122.766	21.151	0.000	148.540
1772.000	122.741	20.658	0.000	150.186
1774.000	122.722	20.661	0.000	149.430
1776.000	122.780	20.878	0.000	151.729
1778.000	122.707	20.988	0.000	146.931
1780.000	122.763	21.574	0.000	148.449
1782.000	122.749	21.182	0.000	144.892
1784.000	122.715	21.427	0.000	144.562
1786.000	122.784	21.335	0.000	144.699
1788.000	122.695	21.148	0.000	141.832
1790.000	122.786	21.358	0.000	142.642
1792.000	122.720	21.161	0.000	142.281
1794.000	122.749	22.073	0.000	138.298
1796.000	122.757	21.832	0.000	141.702
1798.000	122.731	21.806	0.000	136.335
1800.000	122.761	21.552	0.000	140.598
1802.000	122.737	21.334	0.000	140.803
1804.000	122.739	21.727	0.000	139.655
1806.000	122.772	21.692	0.000	141.131
1808.000	122.705	21.480	0.000	137.490
1810.000	122.797	21.824	0.000	139.765
1812.000	122.700	21.510	0.000	134.355
1814.000	122.778	22.039	0.000	136.378
1816.000	122.738	21.490	0.000	134.282
1818.000	122.731	21.982	0.000	131.713
1820.000	122.784	21.578	0.000	134.843
1822.000	122.702	21.339	0.000	129.365
1824.000	122.797	21.980	0.000	132.218
1826.000	122.706	21.955	0.000	130.393
1828.000	122.779	22.493	0.000	132.695
1830.000	122.738	21.302	0.000	133.240
1832.000	122.743	21.451	0.000	133.508
1834.000	122.771	21.637	0.000	131.607
1836.000	122.727	21.508	0.000	129.778
1838.000	122.768	21.846	0.000	130.825
1840.000	122.750	21.409	0.000	131.493
1842.000	122.734	21.915	0.000	129.307
1844.000	122.780	22.121	0.000	131.036
1846.000	122.711	22.112	0.000	127.388
1848.000	122.792	22.087	0.000	128.973
1850.000	122.723	21.372	0.000	128.945
1852.000	122.762	21.710	0.000	125.911
1854.000	122.762	21.570	0.000	126.017
1856.000	122.731	21.733	0.000	121.891
1858.000	122.787	22.075	0.000	123.825
1860.000	122.711	22.300	0.000	123.436
1862.000	122.789	22.397	0.000	123.830
1864.000	122.727	22.728	0.000	124.598
1866.000	122.774	22.672	0.000	123.998
1868.000	122.751	21.890	0.000	125.025
1870.000	122.742	22.074	0.000	123.294
1872.000	122.775	22.426	0.000	123.656
1874.000	122.735	22.471	0.000	121.080
1876.000	122.769	22.802	0.000	121.709
1878.000	122.752	22.555	0.000	121.013
1880.000	122.743	22.494	0.000	118.772
1882.000	122.781	22.387	0.000	122.418
1884.000	122.733	22.788	0.000	118.865
1886.000	122.772	22.927	0.000	119.270
1888.000	122.752	22.623	0.000	119.236
1890.000	122.745	22.423	0.000	118.537
1892.000	122.790	22.266	0.000	119.564
1894.000	122.718	22.395	0.000	116.592
1896.000	122.803	22.620	0.000	118.336
1898.000	122.707	22.756	0.000	112.695
1900.000	122.805	22.807	0.000	115.605
1902.000	122.728	22.583	0.000	113.684
1904.000	122.769	22.764	0.000	114.523
1906.000	122.768	22.630	0.000	114.783
1908.000	122.729	22.317	0.000	111.814
1910.000	122.811	22.627	0.000	111.462
1912.000	122.704	21.978	0.000	109.065
1914.000	122.809	22.433	0.000	110.585
1916.000	122.721	21.919	0.000	111.148
1918.000	122.781	22.324	0.000	104.512
1920.000	122.762	21.796	0.000	106.728
1922.000	122.743	21.346	0.000	107.382
1924.000	122.786	21.397	0.000	108.020
1926.000	122.731	21.102	0.000	105.866
1928.000	122.793	20.784	0.000	106.382
1930.000	122.735	20.348	0.000	106.783
1932.000	122.776	19.956	0.000	108.243
1934.000	122.756	19.113	0.000	109.952
1936.000	122.758	19.092	0.000	110.895
1938.000	122.782	18.730	0.000	120.147
1940.000	122.740	18.316	0.000	121.318
1942.000	122.779	17.906	0.000	130.274
1944.000	122.750	17.998	0.000	137.091
1946.000	122.767	18.409	0.000	139.780
1948.000	122.772	18.869	0.000	149.181
1950.000	122.746	20.127	0.000	154.603
1952.000	122.783	21.397	0.000	158.126
1954.000	122.745	21.951	0.000	156.161
1956.000	122.778	22.247	0.000	158.486
1958.000	122.760	22.612	0.000	159.229
1960.000	122.755	23.995	0.000	159.326
1962.000	122.782	24.754	0.000	159.754
1964.000	122.741	25.331	0.000	157.623
1966.000	122.794	26.103	0.000	160.413
1968.000	122.740	26.527	0.000	155.814
1970.000	122.784	27.059	0.000	156.015
1972.000	122.753	27.353	0.000	151.665
1974.000	122.769	28.061	0.000	152.627
1976.000	122.774	28.178	0.000	150.865
1978.000	122.751	28.820	0.000	148.868
1980.000	122.787	29.034	0.000	148.318
1982.000	122.737	29.346	0.000	145.757
1984.000	122.793	29.793	0.000	144.367
1986.000	122.748	29.841	0.000	141.852
1988.000	122.773	30.671	0.000	140.803
1990.000	122.770	30.357	0.000	140.207
1992.000	122.752	31.004	0.000	138.553
1994.000	122.790	30.709	0.000	136.586
1996.000	122.746	31.142	0.000	134.298
1998.000	122.784	31.164	0.000	134.787
2000.000	122.750	31.563	0.000	134.104
