2000.000	122.836	35.259	0.000	-110.290
2.000	122.889	35.664	0.000	-112.524
4.000	123.104	36.327	0.000	-112.476
6.000	123.124	36.552	0.000	-109.878
8.000	122.970	35.878	0.000	-106.882
10.000	122.826	35.014	0.000	-111.614
12.000	122.928	36.152	0.000	-117.554
14.000	123.195	37.239	0.000	-111.689
16.000	123.118	36.452	0.000	-106.351
18.000	122.781	35.086	0.000	-112.344
20.000	122.880	36.145	0.000	-117.257
22.000	123.157	37.012	0.000	-111.995
24.000	123.084	36.503	0.000	-109.769
26.000	122.944	36.203	0.000	-112.010
28.000	122.909	36.155	0.000	-112.251
30.000	122.907	36.205	0.000	-115.104
32.000	123.109	37.123	0.000	-115.277
34.000	123.174	37.243	0.000	-109.476
36.000	122.847	35.957	0.000	-108.776
38.000	122.800	36.065	0.000	-117.772
40.000	123.142	37.673	0.000	-116.316
42.000	123.160	37.691	0.000	-109.224
44.000	122.921	36.332	0.000	-109.664
46.000	122.854	36.344	0.000	-116.169
48.000	122.966	37.284	0.000	-115.898
50.000	123.132	37.525	0.000	-111.864
52.000	123.095	37.127	0.000	-110.531
54.000	122.855	36.588	0.000	-112.710
56.000	122.873	36.789	0.000	-115.306
58.000	123.089	37.699	0.000	-115.891
60.000	123.117	38.054	0.000	-113.139
62.000	122.991	37.336	0.000	-109.900
64.000	122.836	36.614	0.000	-113.794
66.000	122.916	37.690	0.000	-119.533
68.000	123.208	38.799	0.000	-114.080
70.000	123.102	37.970	0.000	-108.034
72.000	122.762	36.823	0.000	-114.688
74.000	122.933	38.117	0.000	-119.545
76.000	123.160	38.797	0.000	-113.627
78.000	123.041	38.099	0.000	-111.656
80.000	122.955	37.886	0.000	-113.965
82.000	122.896	37.877	0.000	-114.835
84.000	122.928	38.107	0.000	-117.921
86.000	123.180	39.131	0.000	-116.126
88.000	123.091	38.888	0.000	-109.953
90.000	122.764	37.521	0.000	-113.616
92.000	122.933	38.577	0.000	-121.658
94.000	123.182	39.798	0.000	-116.006
96.000	123.063	39.030	0.000	-110.268
98.000	122.886	38.027	0.000	-115.351
100.000	122.870	38.755	0.000	-119.479
102.000	123.054	39.500	0.000	-116.181
104.000	123.165	39.424	0.000	-113.661
106.000	122.945	38.876	0.000	-114.244
108.000	122.832	38.677	0.000	-117.189
110.000	123.012	39.327	0.000	-119.255
112.000	123.104	39.875	0.000	-116.774
114.000	123.066	39.672	0.000	-112.819
116.000	122.886	38.770	0.000	-114.286
118.000	122.829	39.228	0.000	-121.229
120.000	123.158	40.611	0.000	-118.530
122.000	123.173	40.354	0.000	-111.866
124.000	122.803	38.868	0.000	-114.922
126.000	122.886	39.757	0.000	-122.354
128.000	123.122	40.793	0.000	-117.160
130.000	123.059	40.270	0.000	-113.711
132.000	122.987	39.991	0.000	-116.093
134.000	122.880	40.024	0.000	-116.921
136.000	122.918	40.184	0.000	-118.835
138.000	123.180	41.235	0.000	-118.179
140.000	123.071	41.109	0.000	-112.164
142.000	122.789	39.742	0.000	-114.754
144.000	122.939	40.848	0.000	-122.794
146.000	123.147	42.080	0.000	-116.773
148.000	123.076	41.213	0.000	-111.216
150.000	122.872	40.306	0.000	-117.546
152.000	122.862	41.214	0.000	-120.747
154.000	123.111	41.860	0.000	-116.946
156.000	123.122	41.796	0.000	-115.050
158.000	122.893	41.275	0.000	-115.780
160.000	122.887	41.273	0.000	-118.811
162.000	123.010	42.084	0.000	-120.145
164.000	123.112	42.615	0.000	-116.477
166.000	123.046	42.090	0.000	-113.863
168.000	122.796	41.401	0.000	-118.008
170.000	122.944	42.498	0.000	-122.499
172.000	123.223	43.542	0.000	-117.237
174.000	123.001	42.574	0.000	-112.145
176.000	122.802	41.841	0.000	-120.302
178.000	122.989	43.389	0.000	-122.657
180.000	123.102	43.646	0.000	-116.156
182.000	123.048	43.002	0.000	-116.325
184.000	122.904	43.087	0.000	-118.920
186.000	122.869	43.141	0.000	-119.400
188.000	123.079	43.874	0.000	-121.791
190.000	123.134	44.556	0.000	-117.458
192.000	122.903	43.440	0.000	-114.207
194.000	122.826	43.363	0.000	-124.387
196.000	123.072	45.118	0.000	-122.761
198.000	123.161	44.932	0.000	-114.885
200.000	122.902	43.726	0.000	-118.118
202.000	122.831	44.395	0.000	-123.742
204.000	123.066	45.236	0.000	-121.087
206.000	123.107	45.302	0.000	-119.005
208.000	122.962	44.921	0.000	-118.500
210.000	122.868	44.734	0.000	-121.772
212.000	122.954	45.550	0.000	-124.075
214.000	123.137	46.254	0.000	-120.995
216.000	123.040	45.860	0.000	-118.324
218.000	122.808	45.154	0.000	-121.629
220.000	122.941	46.149	0.000	-126.838
222.000	123.164	47.315	0.000	-122.167
224.000	123.034	46.535	0.000	-116.807
226.000	122.806	45.755	0.000	-125.143
228.000	122.953	47.366	0.000	-127.134
230.000	123.139	47.678	0.000	-120.623
232.000	123.009	47.004	0.000	-122.155
234.000	122.887	47.284	0.000	-124.352
236.000	122.912	47.354	0.000	-124.981
238.000	123.050	48.255	0.000	-127.364
240.000	123.134	48.849	0.000	-121.785
242.000	122.867	47.571	0.000	-121.291
244.000	122.828	48.256	0.000	-131.778
246.000	123.160	49.854	0.000	-126.764
248.000	123.078	49.151	0.000	-121.159
250.000	122.843	48.476	0.000	-127.275
252.000	122.910	49.505	0.000	-130.220
254.000	123.058	50.192	0.000	-127.620
256.000	123.096	50.246	0.000	-125.740
258.000	122.902	49.838	0.000	-127.160
260.000	122.853	50.209	0.000	-131.412
262.000	123.070	51.248	0.000	-131.447
264.000	123.089	51.604	0.000	-128.417
266.000	122.934	51.115	0.000	-127.538
268.000	122.827	51.107	0.000	-134.282
270.000	123.033	52.820	0.000	-135.577
272.000	123.181	53.263	0.000	-128.446
274.000	122.855	52.005	0.000	-130.873
276.000	122.845	53.151	0.000	-139.974
278.000	123.114	54.418	0.000	-135.533
280.000	123.033	54.047	0.000	-134.454
282.000	122.948	54.316	0.000	-138.686
284.000	122.872	54.669	0.000	-140.430
286.000	122.971	55.573	0.000	-145.176
288.000	123.172	56.836	0.000	-143.541
290.000	122.915	56.171	0.000	-142.097
292.000	122.804	56.339	0.000	-155.050
294.000	123.078	58.386	0.000	-157.587
296.000	123.098	58.418	0.000	-153.912
298.000	122.911	57.469	0.000	-162.190
300.000	122.837	58.186	0.000	-172.681
302.000	123.049	58.920	0.000	-173.998
304.000	123.108	58.687	0.000	-175.535
306.000	122.888	58.100	0.000	-179.694
308.000	122.881	58.121	0.000	173.693
310.000	123.007	58.895	0.000	169.123
312.000	123.096	59.237	0.000	168.910
314.000	122.957	58.345	0.000	166.032
316.000	122.784	57.766	0.000	154.467
318.000	123.073	58.804	0.000	150.085
320.000	123.134	58.477	0.000	154.413
322.000	122.838	56.637	0.000	150.642
324.000	122.883	57.062	0.000	141.429
326.000	123.062	57.730	0.000	145.423
328.000	123.054	56.905	0.000	146.284
330.000	122.908	56.651	0.000	141.369
332.000	122.860	56.685	0.000	139.307
334.000	123.036	57.218	0.000	134.420
336.000	123.098	57.809	0.000	135.802
338.000	122.885	56.511	0.000	134.894
340.000	122.826	56.512	0.000	120.210
342.000	123.107	57.822	0.000	121.515
344.000	123.076	56.684	0.000	124.405
346.000	122.813	55.426	0.000	113.346
348.000	122.923	55.967	0.000	108.266
350.000	123.072	55.760	0.000	107.992
352.000	123.024	54.963	0.000	106.528
354.000	122.871	53.846	0.000	102.937
356.000	122.882	53.557	0.000	97.260
358.000	123.092	53.774	0.000	97.976
360.000	123.033	52.968	0.000	100.210
362.000	122.834	51.617	0.000	96.635
364.000	122.897	51.620	0.000	89.336
366.000	123.123	52.125	0.000	92.278
368.000	123.012	50.528	0.000	96.723
370.000	122.772	48.880	0.000	87.665
372.000	123.010	49.551	0.000	89.315
374.000	123.083	48.558	0.000	97.505
376.000	122.930	47.446	0.000	98.717
378.000	122.888	47.410	0.000	102.634
380.000	122.913	47.665	0.000	103.092
382.000	123.127	48.969	0.000	106.460
384.000	122.962	48.436	0.000	110.865
386.000	122.772	48.099	0.000	98.190
388.000	123.060	49.869	0.000	94.225
390.000	123.075	49.394	0.000	96.363
392.000	122.882	47.799	0.000	85.355
394.000	122.850	47.631	0.000	72.751
396.000	123.044	47.191	0.000	67.608
398.000	123.065	45.570	0.000	61.507
400.000	122.847	43.116	0.000	50.548
402.000	122.898	40.850	0.000	34.644
404.000	123.028	38.588	0.000	16.965
406.000	123.054	35.863	0.000	-7.720
408.000	122.853	34.341	0.000	-52.107
410.000	122.850	37.552	0.000	-93.577
412.000	123.150	40.969	0.000	-102.473
414.000	122.968	41.933	0.000	-107.784
416.000	122.800	43.780	0.000	-123.421
418.000	122.989	46.614	0.000	-126.051
420.000	123.053	47.646	0.000	-125.161
422.000	122.951	48.583	0.000	-131.619
424.000	122.836	49.840	0.000	-135.639
426.000	122.965	51.316	0.000	-141.250
428.000	123.088	53.071	0.000	-141.637
430.000	122.916	52.996	0.000	-140.630
432.000	122.800	53.833	0.000	-154.221
434.000	123.056	56.260	0.000	-154.168
436.000	123.070	56.212	0.000	-150.856
438.000	122.809	56.217	0.000	-162.248
440.000	122.911	57.917	0.000	-167.160
442.000	123.051	58.731	0.000	-168.491
444.000	122.995	59.084	0.000	-171.939
446.000	122.844	59.148	0.000	-178.396
448.000	122.902	60.235	0.000	173.590
450.000	123.084	61.282	0.000	172.664
452.000	122.959	61.092	0.000	170.742
454.000	122.811	61.029	0.000	161.396
456.000	122.954	62.594	0.000	153.528
458.000	123.116	63.414	0.000	155.732
460.000	122.863	62.280	0.000	149.793
462.000	122.828	63.352	0.000	135.181
464.000	123.076	64.333	0.000	136.190
466.000	122.973	63.631	0.000	130.370
468.000	122.894	63.855	0.000	121.416
470.000	122.856	63.693	0.000	114.142
472.000	123.041	64.429	0.000	105.322
474.000	123.040	64.199	0.000	106.067
476.000	122.764	62.444	0.000	95.136
478.000	122.962	63.390	0.000	84.710
480.000	123.077	63.170	0.000	88.735
482.000	122.903	61.347	0.000	83.387
484.000	122.817	61.149	0.000	74.154
486.000	123.011	61.329	0.000	74.124
488.000	123.039	60.613	0.000	74.026
490.000	122.846	59.594	0.000	70.514
492.000	122.880	59.320	0.000	65.640
494.000	123.006	59.555	0.000	64.876
496.000	123.032	59.044	0.000	67.620
498.000	122.801	57.684	0.000	63.795
500.000	122.900	58.170	0.000	57.501
502.000	123.111	58.585	0.000	62.732
504.000	122.887	56.960	0.000	63.651
506.000	122.818	56.777	0.000	54.528
508.000	123.007	57.491	0.000	57.869
510.000	123.017	56.568	0.000	59.907
512.000	122.861	56.056	0.000	56.086
514.000	122.862	55.856	0.000	55.151
516.000	123.007	56.183	0.000	52.881
518.000	123.026	56.163	0.000	58.098
520.000	122.786	54.574	0.000	54.892
522.000	122.914	55.699	0.000	48.445
524.000	123.101	55.883	0.000	56.914
526.000	122.859	54.210	0.000	54.247
528.000	122.842	54.623	0.000	48.874
530.000	122.988	54.836	0.000	51.653
532.000	123.019	54.504	0.000	52.853
534.000	122.839	53.775	0.000	51.840
536.000	122.867	53.912	0.000	47.759
538.000	123.033	54.413	0.000	49.985
540.000	122.963	53.793	0.000	52.704
542.000	122.806	52.988	0.000	48.886
544.000	122.916	53.826	0.000	45.287
546.000	123.102	54.202	0.000	52.063
548.000	122.817	52.565	0.000	50.792
550.000	122.856	53.307	0.000	43.472
552.000	123.029	53.655	0.000	49.756
554.000	122.950	52.720	0.000	48.729
556.000	122.853	52.677	0.000	47.277
558.000	122.862	52.527	0.000	45.318
560.000	123.062	53.351	0.000	46.060
562.000	122.914	52.544	0.000	51.314
564.000	122.783	51.861	0.000	42.662
566.000	122.997	53.256	0.000	44.290
568.000	123.025	52.540	0.000	50.776
570.000	122.795	51.584	0.000	44.280
572.000	122.890	52.409	0.000	43.084
574.000	123.029	52.428	0.000	46.526
576.000	122.917	51.883	0.000	46.557
578.000	122.819	51.557	0.000	43.954
580.000	122.929	52.102	0.000	42.428
582.000	123.039	52.332	0.000	46.336
584.000	122.842	51.288	0.000	46.384
586.000	122.823	51.506	0.000	39.944
588.000	123.039	52.506	0.000	43.710
590.000	122.956	51.575	0.000	48.179
592.000	122.761	51.057	0.000	40.035
594.000	122.978	52.237	0.000	42.116
596.000	122.988	51.581	0.000	45.813
598.000	122.865	51.251	0.000	42.192
600.000	122.837	51.225	0.000	42.206
602.000	122.974	51.734	0.000	40.062
604.000	123.009	51.901	0.000	45.700
606.000	122.752	50.547	0.000	41.458
608.000	122.941	52.006	0.000	37.324
610.000	123.026	51.868	0.000	45.844
612.000	122.841	50.595	0.000	41.192
614.000	122.823	51.291	0.000	38.341
616.000	123.012	51.565	0.000	41.287
618.000	122.939	51.199	0.000	42.358
620.000	122.808	50.696	0.000	39.796
622.000	122.900	51.294	0.000	37.664
624.000	123.011	51.570	0.000	41.091
626.000	122.880	50.798	0.000	42.139
628.000	122.778	50.674	0.000	36.018
630.000	123.032	51.913	0.000	38.134
632.000	122.943	51.110	0.000	43.877
634.000	122.772	50.494	0.000	35.351
636.000	122.936	51.680	0.000	37.396
638.000	122.993	51.081	0.000	40.731
640.000	122.844	50.822	0.000	37.662
642.000	122.834	50.776	0.000	37.234
644.000	122.962	51.408	0.000	35.503
646.000	122.983	51.407	0.000	41.174
648.000	122.747	50.227	0.000	36.029
650.000	122.938	51.691	0.000	33.370
652.000	123.017	51.477	0.000	41.008
654.000	122.802	50.325	0.000	35.856
656.000	122.846	51.167	0.000	33.550
658.000	122.990	51.279	0.000	37.020
660.000	122.918	50.875	0.000	37.167
662.000	122.783	50.564	0.000	34.662
664.000	122.930	51.244	0.000	32.935
666.000	122.980	51.406	0.000	37.260
668.000	122.836	50.488	0.000	36.551
670.000	122.799	50.944	0.000	30.871
672.000	123.054	51.836	0.000	35.640
674.000	122.858	50.666	0.000	37.895
676.000	122.794	50.841	0.000	29.719
678.000	122.962	51.717	0.000	34.587
680.000	122.941	50.884	0.000	35.658
682.000	122.812	50.918	0.000	32.720
684.000	122.852	50.926	0.000	32.021
686.000	122.997	51.751	0.000	32.403
688.000	122.874	51.036	0.000	37.637
690.000	122.763	50.831	0.000	27.769
692.000	123.003	52.198	0.000	33.120
694.000	122.925	50.985	0.000	36.498
696.000	122.767	50.912	0.000	29.482
698.000	122.920	51.556	0.000	31.300
700.000	122.960	51.495	0.000	33.409
702.000	122.833	50.960	0.000	32.635
704.000	122.812	51.239	0.000	29.152
706.000	122.986	51.840	0.000	31.346
708.000	122.893	51.393	0.000	34.012
710.000	122.772	50.897	0.000	29.407
712.000	122.925	52.190	0.000	28.507
714.000	122.993	51.906	0.000	35.499
716.000	122.735	50.992	0.000	28.370
718.000	122.918	52.236	0.000	28.704
720.000	122.941	51.815	0.000	32.468
722.000	122.858	51.544	0.000	29.679
724.000	122.789	51.558	0.000	28.723
726.000	122.962	52.245	0.000	27.847
728.000	122.924	52.195	0.000	32.722
730.000	122.750	51.297	0.000	27.561
732.000	122.915	52.809	0.000	25.928
734.000	122.975	52.424	0.000	33.670
736.000	122.762	51.593	0.000	26.542
738.000	122.867	52.595	0.000	27.077
740.000	122.962	52.463	0.000	29.201
742.000	122.845	52.211	0.000	29.190
744.000	122.788	52.105	0.000	25.741
746.000	122.941	53.042	0.000	26.630
748.000	122.926	52.635	0.000	30.310
750.000	122.751	52.117	0.000	26.048
752.000	122.894	53.135	0.000	23.975
754.000	122.978	53.369	0.000	30.304
756.000	122.757	52.259	0.000	26.033
758.000	122.860	53.653	0.000	23.375
760.000	122.961	53.354	0.000	29.101
762.000	122.829	53.053	0.000	24.889
764.000	122.798	53.145	0.000	25.224
766.000	122.920	53.883	0.000	22.720
768.000	122.940	53.965	0.000	28.928
770.000	122.721	53.033	0.000	22.324
772.000	122.924	54.569	0.000	22.035
774.000	122.939	54.067	0.000	28.175
776.000	122.767	53.501	0.000	22.024
778.000	122.844	54.483	0.000	21.687
780.000	122.964	54.552	0.000	24.759
782.000	122.809	54.185	0.000	23.328
784.000	122.798	54.422	0.000	20.698
786.000	122.927	55.266	0.000	21.155
788.000	122.903	55.029	0.000	24.782
790.000	122.730	54.660	0.000	18.765
792.000	122.924	56.027	0.000	18.879
794.000	122.928	55.733	0.000	24.117
796.000	122.739	55.248	0.000	17.298
798.000	122.881	56.648	0.000	17.235
800.000	122.931	56.374	0.000	20.765
802.000	122.797	56.382	0.000	16.110
804.000	122.801	56.757	0.000	15.086
806.000	122.941	57.762	0.000	13.252
808.000	122.863	57.611	0.000	17.445
810.000	122.731	57.657	0.000	6.053
812.000	122.961	59.333	0.000	8.735
814.000	122.866	58.353	0.000	8.318
816.000	122.748	58.787	0.000	-2.975
818.000	122.894	59.383	0.000	-5.486
820.000	122.912	59.039	0.000	-9.778
822.000	122.765	57.957	0.000	-16.648
824.000	122.830	57.507	0.000	-22.634
826.000	122.941	56.933	0.000	-18.849
828.000	122.801	55.507	0.000	-14.941
830.000	122.769	55.491	0.000	-15.406
832.000	122.968	56.590	0.000	-6.760
834.000	122.812	55.806	0.000	-2.478
836.000	122.759	57.004	0.000	-7.717
838.000	122.934	57.968	0.000	-1.556
840.000	122.845	57.955	0.000	-4.479
842.000	122.772	58.714	0.000	-7.174
844.000	122.851	59.733	0.000	-12.437
846.000	122.940	60.776	0.000	-11.749
848.000	122.723	60.186	0.000	-20.600
850.000	122.859	61.948	0.000	-32.879
852.000	122.931	61.822	0.000	-33.370
854.000	122.757	60.430	0.000	-49.765
856.000	122.804	60.397	0.000	-60.291
858.000	122.938	59.153	0.000	-63.937
860.000	122.788	57.131	0.000	-68.841
862.000	122.782	55.380	0.000	-72.414
864.000	122.898	54.457	0.000	-69.121
866.000	122.868	52.811	0.000	-59.924
868.000	122.710	51.493	0.000	-56.681
870.000	122.930	52.341	0.000	-46.619
872.000	122.860	51.869	0.000	-35.481
874.000	122.731	52.205	0.000	-36.593
876.000	122.878	53.876	0.000	-30.259
878.000	122.884	53.861	0.000	-28.006
880.000	122.751	54.698	0.000	-32.290
882.000	122.822	55.358	0.000	-36.333
884.000	122.918	56.414	0.000	-39.810
886.000	122.765	55.307	0.000	-42.909
888.000	122.783	55.490	0.000	-57.914
890.000	122.951	55.036	0.000	-52.503
892.000	122.753	52.514	0.000	-57.389
894.000	122.785	52.079	0.000	-56.899
896.000	122.907	51.404	0.000	-48.921
898.000	122.810	50.468	0.000	-42.042
900.000	122.751	50.378	0.000	-38.643
902.000	122.887	51.107	0.000	-31.082
904.000	122.855	51.142	0.000	-23.452
906.000	122.711	51.230	0.000	-23.668
908.000	122.898	53.145	0.000	-19.734
910.000	122.864	52.977	0.000	-12.421
912.000	122.716	53.503	0.000	-18.902
914.000	122.868	54.982	0.000	-14.813
916.000	122.865	55.116	0.000	-14.092
918.000	122.745	55.805	0.000	-17.584
920.000	122.811	56.808	0.000	-21.275
922.000	122.903	57.972	0.000	-22.329
924.000	122.744	57.528	0.000	-26.646
926.000	122.790	58.833	0.000	-40.208
928.000	122.924	59.072	0.000	-37.636
930.000	122.735	57.491	0.000	-50.059
932.000	122.791	57.662	0.000	-56.256
934.000	122.892	56.567	0.000	-56.736
936.000	122.777	55.257	0.000	-57.218
938.000	122.759	54.329	0.000	-57.946
940.000	122.882	54.371	0.000	-51.357
942.000	122.816	53.476	0.000	-44.507
944.000	122.713	53.520	0.000	-44.401
946.000	122.913	54.906	0.000	-37.963
948.000	122.799	54.396	0.000	-32.211
950.000	122.732	55.304	0.000	-38.363
952.000	122.876	56.355	0.000	-32.148
954.000	122.820	56.238	0.000	-34.703
956.000	122.734	56.844	0.000	-37.569
958.000	122.834	57.610	0.000	-43.151
960.000	122.871	58.090	0.000	-41.648
962.000	122.697	56.990	0.000	-50.462
964.000	122.858	58.084	0.000	-54.823
966.000	122.853	56.917	0.000	-50.843
968.000	122.720	55.985	0.000	-58.005
970.000	122.821	56.170	0.000	-55.110
972.000	122.868	55.647	0.000	-51.533
974.000	122.723	55.095	0.000	-50.853
976.000	122.806	55.525	0.000	-50.083
978.000	122.867	55.798	0.000	-44.564
980.000	122.743	55.164	0.000	-43.033
982.000	122.769	56.149	0.000	-44.820
984.000	122.909	56.662	0.000	-36.555
986.000	122.708	56.051	0.000	-38.862
988.000	122.798	57.505	0.000	-38.417
990.000	122.861	57.648	0.000	-33.664
992.000	122.752	57.940	0.000	-36.323
994.000	122.756	58.682	0.000	-37.358
996.000	122.876	59.866	0.000	-37.426
998.000	122.763	59.679	0.000	-35.489
1000.000	122.728	60.757	0.000	-45.887
1002.000	122.910	61.824	0.000	-40.042
1004.000	122.730	61.005	0.000	-46.979
1006.000	122.759	62.121	0.000	-51.648
1008.000	122.863	62.404	0.000	-53.102
1010.000	122.768	62.340	0.000	-56.289
1012.000	122.732	62.568	0.000	-64.842
1014.000	122.865	63.214	0.000	-66.339
1016.000	122.782	62.515	0.000	-69.359
1018.000	122.703	62.236	0.000	-78.702
1020.000	122.897	63.006	0.000	-79.422
1022.000	122.754	61.511	0.000	-79.275
1024.000	122.734	61.481	0.000	-87.880
1026.000	122.858	61.194	0.000	-82.493
1028.000	122.773	60.279	0.000	-83.874
1030.000	122.722	60.004	0.000	-82.685
1032.000	122.847	60.546	0.000	-81.194
1034.000	122.797	60.298	0.000	-74.618
1036.000	122.693	60.449	0.000	-79.602
1038.000	122.882	61.926	0.000	-74.127
1040.000	122.760	61.291	0.000	-73.909
1042.000	122.723	62.441	0.000	-80.555
1044.000	122.849	63.056	0.000	-79.584
1046.000	122.776	63.041	0.000	-83.807
1048.000	122.719	63.128	0.000	-90.731
1050.000	122.834	63.815	0.000	-94.224
1052.000	122.799	63.226	0.000	-94.195
1054.000	122.688	62.886	0.000	-103.142
1056.000	122.871	63.661	0.000	-103.774
1058.000	122.763	62.589	0.000	-103.050
1060.000	122.718	62.580	0.000	-112.206
1062.000	122.841	62.846	0.000	-108.682
1064.000	122.774	61.847	0.000	-112.224
1066.000	122.715	61.634	0.000	-114.339
1068.000	122.824	61.677	0.000	-116.420
1070.000	122.801	61.292	0.000	-111.259
1072.000	122.679	60.474	0.000	-117.310
1074.000	122.870	61.398	0.000	-111.393
1076.000	122.752	60.071	0.000	-108.738
1078.000	122.718	60.600	0.000	-110.090
1080.000	122.832	60.985	0.000	-105.411
1082.000	122.770	61.061	0.000	-103.384
1084.000	122.708	61.610	0.000	-105.773
1086.000	122.830	62.720	0.000	-104.829
1088.000	122.779	62.835	0.000	-104.617
1090.000	122.684	63.280	0.000	-112.672
1092.000	122.868	64.665	0.000	-113.085
1094.000	122.736	63.847	0.000	-115.746
1096.000	122.722	64.571	0.000	-125.846
1098.000	122.835	64.614	0.000	-124.734
1100.000	122.746	64.140	0.000	-131.148
1102.000	122.714	64.032	0.000	-136.100
1104.000	122.838	64.354	0.000	-139.732
1106.000	122.746	63.555	0.000	-139.144
1108.000	122.707	63.306	0.000	-148.943
1110.000	122.859	63.762	0.000	-144.721
1112.000	122.711	62.227	0.000	-148.695
1114.000	122.735	62.648	0.000	-152.372
1116.000	122.833	62.181	0.000	-150.809
1118.000	122.718	61.519	0.000	-152.210
1120.000	122.733	61.301	0.000	-156.003
1122.000	122.831	61.476	0.000	-152.812
1124.000	122.716	60.333	0.000	-152.730
1126.000	122.733	60.513	0.000	-156.011
1128.000	122.843	60.783	0.000	-149.951
1130.000	122.689	59.704	0.000	-150.880
1132.000	122.762	60.774	0.000	-151.016
1134.000	122.813	60.345	0.000	-146.104
1136.000	122.708	60.447	0.000	-147.951
1138.000	122.739	60.729	0.000	-148.876
1140.000	122.839	61.652	0.000	-146.055
1142.000	122.673	60.891	0.000	-148.163
1144.000	122.783	62.277	0.000	-152.314
1146.000	122.804	61.902	0.000	-148.498
1148.000	122.680	61.746	0.000	-156.717
1150.000	122.784	62.415	0.000	-156.980
1152.000	122.792	62.092	0.000	-158.017
1154.000	122.684	61.829	0.000	-162.467
1156.000	122.780	62.278	0.000	-165.180
1158.000	122.799	62.085	0.000	-163.369
1160.000	122.660	61.458	0.000	-169.373
1162.000	122.822	62.315	0.000	-169.994
1164.000	122.755	61.448	0.000	-167.848
1166.000	122.684	61.442	0.000	-175.176
1168.000	122.817	61.778	0.000	-171.498
1170.000	122.735	61.029	0.000	-174.164
1172.000	122.700	61.072	0.000	-175.708
1174.000	122.810	61.394	0.000	-176.846
1176.000	122.736	60.953	0.000	-173.647
1178.000	122.696	60.929	0.000	178.974
1180.000	122.828	61.501	0.000	-174.973
1182.000	122.700	60.343	0.000	-177.997
1184.000	122.727	61.050	0.000	-179.137
1186.000	122.805	60.967	0.000	-177.029
1188.000	122.705	60.744	0.000	-177.874
1190.000	122.720	61.224	0.000	178.616
1192.000	122.820	61.628	0.000	-178.604
1194.000	122.677	61.022	0.000	178.136
1196.000	122.748	61.830	0.000	173.579
1198.000	122.810	61.991	0.000	177.588
1200.000	122.654	61.354	0.000	169.859
1202.000	122.794	62.336	0.000	170.621
1204.000	122.760	61.550	0.000	169.288
1206.000	122.686	61.533	0.000	166.245
1208.000	122.774	61.869	0.000	162.858
1210.000	122.779	61.752	0.000	166.150
1212.000	122.658	61.167	0.000	158.561
1214.000	122.815	62.015	0.000	160.544
1216.000	122.725	60.959	0.000	160.117
1218.000	122.689	61.398	0.000	154.548
1220.000	122.812	61.357	0.000	157.054
1222.000	122.704	60.924	0.000	154.358
1224.000	122.706	60.959	0.000	151.623
1226.000	122.809	61.399	0.000	152.909
1228.000	122.687	60.617	0.000	151.491
1230.000	122.726	61.126	0.000	147.239
1232.000	122.804	61.249	0.000	150.119
1234.000	122.664	60.587	0.000	145.001
1236.000	122.769	61.451	0.000	143.932
1238.000	122.759	60.716	0.000	143.852
1240.000	122.689	60.750	0.000	140.542
1242.000	122.752	60.754	0.000	137.821
1244.000	122.777	60.913	0.000	140.097
1246.000	122.656	60.200	0.000	133.508
1248.000	122.800	61.067	0.000	134.501
1250.000	122.726	59.876	0.000	133.522
1252.000	122.686	60.056	0.000	127.859
1254.000	122.795	59.815	0.000	129.406
1256.000	122.708	59.098	0.000	128.221
1258.000	122.695	58.939	0.000	125.782
1260.000	122.806	59.079	0.000	129.151
1262.000	122.676	58.248	0.000	129.194
1264.000	122.725	58.817	0.000	126.882
1266.000	122.801	59.017	0.000	132.405
1268.000	122.647	58.509	0.000	126.626
1270.000	122.784	59.405	0.000	128.460
1272.000	122.738	58.693	0.000	127.246
1274.000	122.680	58.724	0.000	124.763
1276.000	122.774	58.956	0.000	122.829
1278.000	122.736	58.632	0.000	125.437
1280.000	122.673	58.238	0.000	120.086
1282.000	122.797	58.949	0.000	123.596
1284.000	122.697	58.013	0.000	123.319
1286.000	122.710	58.623	0.000	121.650
1288.000	122.776	58.471	0.000	123.667
1290.000	122.692	58.446	0.000	123.566
1292.000	122.713	58.874	0.000	120.511
1294.000	122.787	59.302	0.000	123.441
1296.000	122.657	58.916	0.000	119.615
1298.000	122.758	59.850	0.000	116.139
1300.000	122.758	59.875	0.000	118.421
1302.000	122.658	59.803	0.000	109.268
1304.000	122.783	60.386	0.000	110.855
1306.000	122.715	59.779	0.000	106.211
1308.000	122.680	59.743	0.000	102.846
1310.000	122.786	60.284	0.000	99.626
1312.000	122.691	59.572	0.000	99.384
1314.000	122.707	59.940	0.000	89.922
1316.000	122.784	59.795	0.000	92.056
1318.000	122.665	58.833	0.000	82.737
1320.000	122.739	58.845	0.000	80.053
1322.000	122.758	57.867	0.000	77.656
1324.000	122.665	56.820	0.000	73.661
1326.000	122.757	56.357	0.000	72.433
1328.000	122.742	55.244	0.000	75.516
1330.000	122.652	54.116	0.000	73.842
1332.000	122.808	54.160	0.000	79.474
1334.000	122.674	52.771	0.000	83.767
1336.000	122.713	53.037	0.000	86.356
1338.000	122.770	52.647	0.000	94.113
1340.000	122.670	52.534	0.000	96.578
1342.000	122.729	52.966	0.000	100.020
1344.000	122.765	53.460	0.000	105.525
1346.000	122.647	53.266	0.000	105.062
1348.000	122.783	54.688	0.000	108.808
1350.000	122.706	54.084	0.000	111.854
1352.000	122.684	55.045	0.000	110.001
1354.000	122.772	55.495	0.000	113.763
1356.000	122.690	55.761	0.000	113.499
1358.000	122.698	56.734	0.000	111.217
1360.000	122.779	57.440	0.000	113.625
1362.000	122.656	57.577	0.000	109.599
1364.000	122.744	58.954	0.000	105.886
1366.000	122.748	59.170	0.000	106.758
1368.000	122.652	59.718	0.000	96.230
1370.000	122.782	60.413	0.000	96.139
1372.000	122.696	60.074	0.000	87.838
1374.000	122.683	60.191	0.000	81.713
1376.000	122.787	60.412	0.000	76.612
1378.000	122.660	59.352	0.000	73.211
1380.000	122.736	59.381	0.000	65.706
1382.000	122.749	58.553	0.000	68.654
1384.000	122.661	57.622	0.000	63.546
1386.000	122.759	57.588	0.000	66.517
1388.000	122.716	56.912	0.000	68.223
1390.000	122.677	56.739	0.000	69.477
1392.000	122.765	57.331	0.000	72.535
1394.000	122.696	57.108	0.000	75.812
1396.000	122.691	57.920	0.000	73.848
1398.000	122.781	58.673	0.000	77.866
1400.000	122.645	58.864	0.000	73.533
1402.000	122.756	60.346	0.000	72.156
1404.000	122.727	60.496	0.000	68.938
1406.000	122.663	61.061	0.000	62.470
1408.000	122.774	61.942	0.000	55.218
1410.000	122.692	61.781	0.000	52.445
1412.000	122.691	61.984	0.000	38.893
1414.000	122.773	62.017	0.000	38.491
1416.000	122.658	61.028	0.000	27.864
1418.000	122.739	61.082	0.000	23.356
1420.000	122.735	60.331	0.000	19.447
1422.000	122.666	59.598	0.000	13.647
1424.000	122.756	59.485	0.000	10.266
1426.000	122.714	58.573	0.000	9.114
1428.000	122.665	57.979	0.000	2.831
1430.000	122.796	58.058	0.000	4.067
1432.000	122.649	56.776	0.000	0.407
1434.000	122.740	57.022	0.000	-1.831
1436.000	122.741	56.090	0.000	-1.873
1438.000	122.655	55.497	0.000	-4.525
1440.000	122.768	55.457	0.000	-6.423
1442.000	122.699	54.711	0.000	-4.369
1444.000	122.682	54.340	0.000	-10.004
1446.000	122.775	54.371	0.000	-6.045
1448.000	122.657	53.345	0.000	-10.523
1450.000	122.737	53.559	0.000	-9.727
1452.000	122.733	52.788	0.000	-10.338
1454.000	122.667	52.421	0.000	-11.992
1456.000	122.753	52.467	0.000	-12.207
1458.000	122.710	51.742	0.000	-11.613
1460.000	122.673	51.518	0.000	-14.580
1462.000	122.783	51.570	0.000	-12.668
1464.000	122.652	50.757	0.000	-14.807
1466.000	122.741	51.078	0.000	-14.736
1468.000	122.726	50.332	0.000	-14.895
1470.000	122.671	50.077	0.000	-15.566
1472.000	122.755	50.073	0.000	-16.975
1474.000	122.697	49.562	0.000	-14.535
1476.000	122.700	49.487	0.000	-19.148
1478.000	122.755	49.282	0.000	-14.881
1480.000	122.668	48.598	0.000	-19.116
1482.000	122.735	48.765	0.000	-17.691
1484.000	122.728	48.231	0.000	-17.582
1486.000	122.669	47.933	0.000	-19.611
1488.000	122.762	48.062	0.000	-18.725
1490.000	122.687	47.402	0.000	-18.233
1492.000	122.702	47.547	0.000	-21.375
1494.000	122.761	47.394	0.000	-17.843
1496.000	122.654	46.807	0.000	-21.644
1498.000	122.758	47.067	0.000	-19.534
1500.000	122.703	46.406	0.000	-20.836
1502.000	122.685	46.334	0.000	-21.790
1504.000	122.763	46.412	0.000	-21.221
1506.000	122.672	45.743	0.000	-20.958
1508.000	122.726	46.216	0.000	-23.449
1510.000	122.742	45.553	0.000	-19.549
1512.000	122.661	45.371	0.000	-24.214
1514.000	122.762	45.343	0.000	-21.702
1516.000	122.697	44.816	0.000	-22.528
1518.000	122.687	44.837	0.000	-24.615
1520.000	122.774	44.831	0.000	-22.205
1522.000	122.648	44.152	0.000	-24.415
1524.000	122.758	44.585	0.000	-24.434
1526.000	122.705	43.952	0.000	-22.378
1528.000	122.699	44.207	0.000	-26.318
1530.000	122.746	43.856	0.000	-22.530
1532.000	122.691	43.487	0.000	-25.425
1534.000	122.713	43.477	0.000	-25.446
1536.000	122.748	43.466	0.000	-23.962
1538.000	122.662	42.912	0.000	-27.071
1540.000	122.765	43.262	0.000	-24.621
1542.000	122.690	42.467	0.000	-25.281
1544.000	122.702	42.702	0.000	-26.740
1546.000	122.756	42.446	0.000	-25.165
1548.000	122.662	42.044	0.000	-26.326
1550.000	122.750	42.295	0.000	-27.607
1552.000	122.714	41.882	0.000	-25.089
1554.000	122.683	41.684	0.000	-29.006
1556.000	122.769	41.884	0.000	-25.516
1558.000	122.667	41.190	0.000	-27.922
1560.000	122.737	41.732	0.000	-27.676
1562.000	122.729	41.030	0.000	-26.816
1564.000	122.673	41.016	0.000	-28.696
1566.000	122.764	41.223	0.000	-28.259
1568.000	122.685	40.598	0.000	-26.930
1570.000	122.717	40.929	0.000	-30.307
1572.000	122.752	40.545	0.000	-26.332
1574.000	122.664	40.243	0.000	-30.393
1576.000	122.762	40.349	0.000	-28.222
1578.000	122.692	39.879	0.000	-28.066
1580.000	122.707	39.929	0.000	-30.755
1582.000	122.754	39.885	0.000	-28.117
1584.000	122.669	39.289	0.000	-29.895
1586.000	122.754	39.857	0.000	-29.944
1588.000	122.709	39.225	0.000	-28.646
1590.000	122.694	39.464	0.000	-31.465
1592.000	122.761	39.070	0.000	-28.555
1594.000	122.673	38.806	0.000	-30.902
1596.000	122.743	38.902	0.000	-30.804
1598.000	122.725	38.710	0.000	-29.080
1600.000	122.686	38.495	0.000	-31.720
1602.000	122.764	38.779	0.000	-29.021
1604.000	122.679	38.086	0.000	-31.299
1606.000	122.737	38.323	0.000	-31.055
1608.000	122.730	38.028	0.000	-30.651
1610.000	122.682	37.775	0.000	-31.627
1612.000	122.760	38.100	0.000	-31.029
1614.000	122.695	37.447	0.000	-30.631
1616.000	122.714	37.689	0.000	-32.995
1618.000	122.758	37.524	0.000	-29.447
1620.000	122.661	37.277	0.000	-33.469
1622.000	122.778	37.629	0.000	-30.484
1624.000	122.685	36.920	0.000	-31.902
1626.000	122.720	37.017	0.000	-32.583
1628.000	122.753	37.085	0.000	-30.428
1630.000	122.673	36.473	0.000	-33.055
1632.000	122.762	36.985	0.000	-31.678
1634.000	122.703	36.230	0.000	-31.666
1636.000	122.707	36.604	0.000	-32.392
1638.000	122.762	36.305	0.000	-31.407
1640.000	122.665	36.024	0.000	-32.881
1642.000	122.768	36.220	0.000	-32.351
1644.000	122.701	35.804	0.000	-31.087
1646.000	122.713	35.948	0.000	-33.540
1648.000	122.759	35.886	0.000	-30.208
1650.000	122.679	35.532	0.000	-33.846
1652.000	122.755	35.735	0.000	-31.979
1654.000	122.713	35.310	0.000	-32.424
1656.000	122.700	35.373	0.000	-33.496
1658.000	122.770	35.526	0.000	-31.909
1660.000	122.667	34.906	0.000	-32.746
1662.000	122.768	35.538	0.000	-32.776
1664.000	122.705	34.894	0.000	-32.195
1666.000	122.712	35.049	0.000	-33.693
1668.000	122.755	34.778	0.000	-32.076
1670.000	122.684	34.532	0.000	-32.520
1672.000	122.751	34.910	0.000	-32.789
1674.000	122.721	34.476	0.000	-31.668
1676.000	122.702	34.403	0.000	-34.374
1678.000	122.769	34.605	0.000	-31.469
1680.000	122.672	34.107	0.000	-34.805
1682.000	122.768	34.602	0.000	-32.126
1684.000	122.711	33.946	0.000	-32.613
1686.000	122.702	34.128	0.000	-34.102
1688.000	122.783	34.350	0.000	-31.527
1690.000	122.663	33.805	0.000	-34.394
1692.000	122.778	34.294	0.000	-32.355
1694.000	122.697	33.624	0.000	-33.403
1696.000	122.733	33.807	0.000	-33.552
1698.000	122.741	33.580	0.000	-33.224
1700.000	122.700	33.460	0.000	-33.495
1702.000	122.751	33.775	0.000	-34.223
1704.000	122.722	33.477	0.000	-33.173
1706.000	122.708	33.478	0.000	-35.475
1708.000	122.771	33.447	0.000	-31.990
1710.000	122.675	33.137	0.000	-35.992
1712.000	122.778	33.470	0.000	-33.355
1714.000	122.695	32.884	0.000	-34.257
1716.000	122.735	33.265	0.000	-35.198
1718.000	122.749	33.254	0.000	-33.738
1720.000	122.689	32.841	0.000	-36.142
1722.000	122.770	33.423	0.000	-34.159
1724.000	122.706	32.792	0.000	-35.438
1726.000	122.728	32.897	0.000	-36.136
1728.000	122.758	32.797	0.000	-34.837
1730.000	122.680	32.616	0.000	-37.750
1732.000	122.784	32.998	0.000	-35.234
1734.000	122.683	32.500	0.000	-35.870
1736.000	122.763	32.784	0.000	-37.180
1738.000	122.721	32.310	0.000	-35.691
1740.000	122.720	32.769	0.000	-38.430
1742.000	122.756	32.472	0.000	-36.344
1744.000	122.700	32.278	0.000	-38.876
1746.000	122.749	32.356	0.000	-39.309
1748.000	122.734	32.069	0.000	-37.761
1750.000	122.711	32.187	0.000	-40.176
1752.000	122.768	32.375	0.000	-36.709
1754.000	122.691	31.897	0.000	-40.785
1756.000	122.763	32.085	0.000	-39.378
1758.000	122.722	31.703	0.000	-39.226
1760.000	122.713	31.831	0.000	-40.581
1762.000	122.774	31.908	0.000	-39.450
1764.000	122.684	31.539	0.000	-40.911
1766.000	122.783	32.012	0.000	-40.116
1768.000	122.691	31.307	0.000	-40.413
1770.000	122.758	31.803	0.000	-42.191
1772.000	122.734	31.388	0.000	-40.546
1774.000	122.712	31.410	0.000	-43.641
1776.000	122.771	31.557	0.000	-41.444
1778.000	122.700	31.157	0.000	-42.728
1780.000	122.755	31.564	0.000	-42.965
1782.000	122.740	31.004	0.000	-42.906
1784.000	122.705	31.057	0.000	-44.063
1786.000	122.778	31.054	0.000	-44.201
1788.000	122.687	30.726	0.000	-44.989
1790.000	122.776	30.918	0.000	-45.694
1792.000	122.710	30.568	0.000	-43.753
1794.000	122.741	30.775	0.000	-47.602
1796.000	122.749	30.591	0.000	-45.495
1798.000	122.720	30.534	0.000	-47.695
1800.000	122.751	30.565	0.000	-45.055
1802.000	122.728	30.320	0.000	-48.028
1804.000	122.731	30.240	0.000	-46.946
1806.000	122.761	30.182	0.000	-46.254
1808.000	122.694	30.079	0.000	-48.979
1810.000	122.789	30.388	0.000	-45.439
1812.000	122.691	29.874	0.000	-48.411
1814.000	122.768	30.166	0.000	-48.123
1816.000	122.728	29.654	0.000	-47.809
1818.000	122.720	29.814	0.000	-50.584
1820.000	122.776	29.486	0.000	-47.887
1822.000	122.691	29.300	0.000	-50.968
1824.000	122.786	29.554	0.000	-49.716
1826.000	122.696	29.283	0.000	-51.322
1828.000	122.769	29.419	0.000	-51.138
1830.000	122.728	28.844	0.000	-51.892
1832.000	122.731	28.966	0.000	-51.847
1834.000	122.761	29.070	0.000	-51.239
1836.000	122.718	28.844	0.000	-53.019
1838.000	122.758	28.738	0.000	-52.870
1840.000	122.738	28.371	0.000	-51.841
1842.000	122.722	28.554	0.000	-51.941
1844.000	122.772	28.285	0.000	-51.145
1846.000	122.700	28.082	0.000	-53.943
1848.000	122.780	28.231	0.000	-54.442
1850.000	122.710	27.781	0.000	-54.148
1852.000	122.751	28.170	0.000	-53.898
1854.000	122.752	27.687	0.000	-51.863
1856.000	122.718	27.892	0.000	-55.584
1858.000	122.775	27.574	0.000	-54.039
1860.000	122.699	27.544	0.000	-55.098
1862.000	122.779	27.257	0.000	-54.229
1864.000	122.715	27.140	0.000	-55.856
1866.000	122.760	26.967	0.000	-55.363
1868.000	122.739	26.674	0.000	-51.922
1870.000	122.731	26.504	0.000	-54.390
1872.000	122.764	26.519	0.000	-53.316
1874.000	122.720	26.079	0.000	-54.488
1876.000	122.756	26.163	0.000	-53.588
1878.000	122.740	25.784	0.000	-51.120
1880.000	122.732	25.602	0.000	-50.762
1882.000	122.768	25.559	0.000	-50.644
1884.000	122.718	25.465	0.000	-51.115
1886.000	122.759	25.209	0.000	-47.542
1888.000	122.740	24.793	0.000	-45.334
1890.000	122.733	24.947	0.000	-43.203
1892.000	122.775	25.073	0.000	-40.531
1894.000	122.703	25.307	0.000	-42.297
1896.000	122.792	25.311	0.000	-38.036
1898.000	122.695	25.304	0.000	-37.750
1900.000	122.791	25.386	0.000	-34.687
1902.000	122.712	25.564	0.000	-35.846
1904.000	122.756	25.860	0.000	-34.328
1906.000	122.756	25.884	0.000	-33.015
1908.000	122.715	25.886	0.000	-34.208
1910.000	122.795	26.251	0.000	-34.818
1912.000	122.689	26.082	0.000	-35.443
1914.000	122.797	26.654	0.000	-34.076
1916.000	122.708	26.238	0.000	-34.537
1918.000	122.766	26.271	0.000	-36.430
1920.000	122.746	25.982	0.000	-33.172
1922.000	122.728	25.944	0.000	-33.440
1924.000	122.774	25.916	0.000	-25.763
1926.000	122.717	25.791	0.000	-25.576
1928.000	122.777	26.063	0.000	-23.036
1930.000	122.718	26.305	0.000	-20.449
1932.000	122.762	26.922	0.000	-18.042
1934.000	122.743	27.450	0.000	-14.839
1936.000	122.742	28.318	0.000	-16.466
1938.000	122.765	29.008	0.000	-13.738
1940.000	122.723	29.582	0.000	-17.764
1942.000	122.765	30.451	0.000	-16.552
1944.000	122.735	30.927	0.000	-19.683
1946.000	122.750	31.615	0.000	-22.550
1948.000	122.755	32.000	0.000	-24.237
1950.000	122.729	32.515	0.000	-31.000
1952.000	122.770	33.104	0.000	-30.982
1954.000	122.728	33.248	0.000	-37.968
1956.000	122.761	33.585	0.000	-40.107
1958.000	122.742	33.455	0.000	-45.009
1960.000	122.739	33.911	0.000	-49.524
1962.000	122.767	33.795	0.000	-52.226
1964.000	122.724	33.861	0.000	-58.973
1966.000	122.777	33.808	0.000	-61.203
1968.000	122.720	33.698	0.000	-67.960
1970.000	122.769	33.714	0.000	-68.414
1972.000	122.737	33.456	0.000	-75.777
1974.000	122.753	33.421	0.000	-78.091
1976.000	122.755	33.140	0.000	-81.807
1978.000	122.732	32.901	0.000	-87.179
1980.000	122.771	32.382	0.000	-89.539
1982.000	122.721	31.779	0.000	-94.144
1984.000	122.777	31.588	0.000	-97.013
1986.000	122.727	30.715	0.000	-100.094
1988.000	122.754	30.488	0.000	-102.554
1990.000	122.753	29.401	0.000	-104.279
1992.000	122.736	29.385	0.000	-107.292
1994.000	122.772	28.527	0.000	-107.690
1996.000	122.725	27.852	0.000	-110.208
1998.000	122.766	27.176	0.000	-109.916
2000.000	122.733	26.700	0.000	-109.692
