2000.000	122.837	12.150	0.000	56.668
2.000	122.889	11.662	0.000	43.495
4.000	123.107	12.442	0.000	17.135
6.000	123.128	12.505	0.000	36.278
8.000	122.972	11.760	0.000	42.206
10.000	122.828	11.131	0.000	13.791
12.000	122.928	11.516	0.000	10.677
14.000	123.198	11.800	0.000	-4.612
16.000	123.122	11.590	0.000	5.277
18.000	122.784	11.309	0.000	2.713
20.000	122.880	11.228	0.000	-28.059
22.000	123.159	11.145	0.000	-28.057
24.000	123.088	10.527	0.000	-21.216
26.000	122.947	10.755	0.000	-66.720
28.000	122.910	11.067	0.000	-115.021
30.000	122.908	10.643	0.000	-29.727
32.000	123.111	10.875	0.000	-39.982
34.000	123.178	9.669	0.000	-52.639
36.000	122.849	11.185	0.000	-53.117
38.000	122.800	11.880	0.000	-113.616
40.000	123.144	11.816	0.000	-159.611
42.000	123.163	11.526	0.000	-122.318
44.000	122.925	11.256	0.000	-105.261
46.000	122.855	9.471	0.000	-66.061
48.000	122.967	10.738	0.000	-102.957
50.000	123.134	11.786	0.000	-122.149
52.000	123.100	11.220	0.000	-147.184
54.000	122.857	11.371	0.000	-125.150
56.000	122.873	11.607	0.000	-119.813
58.000	123.091	11.202	0.000	-162.205
60.000	123.121	11.814	0.000	-126.794
62.000	122.994	11.641	0.000	-103.168
64.000	122.838	10.146	0.000	-157.247
66.000	122.917	10.831	0.000	-177.144
68.000	123.210	11.915	0.000	-157.230
70.000	123.106	11.946	0.000	-159.714
72.000	122.764	10.879	0.000	-175.115
74.000	122.932	10.759	0.000	175.255
76.000	123.163	11.807	0.000	-161.547
78.000	123.045	11.287	0.000	-165.952
80.000	122.957	11.514	0.000	-179.595
82.000	122.897	11.177	0.000	158.664
84.000	122.929	11.213	0.000	147.012
86.000	123.183	12.286	0.000	132.052
88.000	123.095	11.306	0.000	116.595
90.000	122.766	10.928	0.000	97.220
92.000	122.933	11.594	0.000	102.460
94.000	123.184	11.436	0.000	120.284
96.000	123.066	11.254	0.000	118.155
98.000	122.888	11.274	0.000	98.704
100.000	122.870	10.516	0.000	83.930
102.000	123.055	10.076	0.000	90.560
104.000	123.169	10.267	0.000	39.241
106.000	122.949	10.409	0.000	59.044
108.000	122.832	11.358	0.000	56.369
110.000	123.013	10.854	0.000	39.374
112.000	123.107	10.365	0.000	31.711
114.000	123.068	11.038	0.000	24.907
116.000	122.888	10.747	0.000	73.342
118.000	122.830	10.848	0.000	54.976
120.000	123.159	10.479	0.000	-23.452
122.000	123.176	10.073	0.000	-139.895
124.000	122.806	9.388	0.000	-41.311
126.000	122.886	9.920	0.000	-17.324
128.000	123.123	10.493	0.000	58.741
130.000	123.063	11.510	0.000	170.239
132.000	122.989	11.763	0.000	167.496
134.000	122.880	11.147	0.000	38.555
136.000	122.919	10.443	0.000	-60.867
138.000	123.182	11.876	0.000	-98.804
140.000	123.074	11.212	0.000	-100.816
142.000	122.790	10.724	0.000	-91.156
144.000	122.939	9.504	0.000	-162.554
146.000	123.149	10.111	0.000	-138.631
148.000	123.079	10.656	0.000	-110.724
150.000	122.874	11.396	0.000	-96.268
152.000	122.862	11.725	0.000	-129.053
154.000	123.112	11.593	0.000	-146.599
156.000	123.125	10.864	0.000	-144.378
158.000	122.896	11.600	0.000	-176.445
160.000	122.886	11.262	0.000	-146.292
162.000	123.011	11.248	0.000	-152.576
164.000	123.116	13.152	0.000	-151.570
166.000	123.048	13.592	0.000	-144.146
168.000	122.797	12.261	0.000	-165.840
170.000	122.944	12.930	0.000	-176.335
172.000	123.224	12.215	0.000	-174.448
174.000	123.005	11.722	0.000	-179.851
176.000	122.803	11.566	0.000	165.486
178.000	122.988	12.199	0.000	158.123
180.000	123.104	12.791	0.000	173.179
182.000	123.051	12.157	0.000	174.353
184.000	122.905	11.868	0.000	173.994
186.000	122.870	13.440	0.000	165.301
188.000	123.080	13.815	0.000	158.875
190.000	123.136	13.086	0.000	162.629
192.000	122.905	12.852	0.000	161.112
194.000	122.826	13.473	0.000	138.550
196.000	123.073	13.918	0.000	134.250
198.000	123.164	13.935	0.000	143.201
200.000	122.904	12.758	0.000	129.911
202.000	122.831	13.202	0.000	126.731
204.000	123.066	13.317	0.000	126.033
206.000	123.109	13.290	0.000	127.617
208.000	122.965	13.657	0.000	129.050
210.000	122.867	13.833	0.000	117.070
212.000	122.954	13.235	0.000	107.620
214.000	123.140	13.237	0.000	110.537
216.000	123.041	13.692	0.000	121.004
218.000	122.809	13.330	0.000	114.089
220.000	122.941	13.924	0.000	103.594
222.000	123.165	13.913	0.000	112.884
224.000	123.038	13.610	0.000	109.015
226.000	122.807	12.694	0.000	100.426
228.000	122.952	12.279	0.000	87.657
230.000	123.141	13.046	0.000	89.698
232.000	123.012	12.972	0.000	96.280
234.000	122.887	13.453	0.000	83.760
236.000	122.912	12.908	0.000	89.947
238.000	123.051	13.089	0.000	80.461
240.000	123.137	13.035	0.000	87.250
242.000	122.868	12.130	0.000	93.213
244.000	122.827	12.281	0.000	77.140
246.000	123.161	12.995	0.000	88.287
248.000	123.081	12.423	0.000	92.877
250.000	122.845	10.460	0.000	85.424
252.000	122.910	11.117	0.000	93.731
254.000	123.059	11.564	0.000	112.124
256.000	123.100	12.030	0.000	124.005
258.000	122.903	12.429	0.000	107.279
260.000	122.851	12.867	0.000	99.322
262.000	123.071	12.009	0.000	102.994
264.000	123.092	12.670	0.000	120.865
266.000	122.935	13.150	0.000	126.121
268.000	122.828	12.302	0.000	115.442
270.000	123.033	14.364	0.000	122.311
272.000	123.183	15.086	0.000	140.411
274.000	122.858	15.607	0.000	143.071
276.000	122.844	17.665	0.000	132.489
278.000	123.114	19.348	0.000	146.222
280.000	123.036	19.747	0.000	153.299
282.000	122.949	21.306	0.000	147.911
284.000	122.872	23.271	0.000	145.266
286.000	122.971	25.784	0.000	142.272
288.000	123.174	28.698	0.000	143.306
290.000	122.917	29.408	0.000	141.939
292.000	122.803	31.675	0.000	125.234
294.000	123.078	35.192	0.000	118.946
296.000	123.100	36.615	0.000	116.583
298.000	122.912	37.378	0.000	99.871
300.000	122.837	39.783	0.000	82.440
302.000	123.049	41.846	0.000	72.966
304.000	123.111	42.803	0.000	61.865
306.000	122.889	43.423	0.000	46.761
308.000	122.880	44.408	0.000	28.391
310.000	123.008	45.847	0.000	12.745
312.000	123.098	46.687	0.000	2.969
314.000	122.958	46.265	0.000	-8.611
316.000	122.784	46.302	0.000	-29.423
318.000	123.073	47.990	0.000	-41.937
320.000	123.136	48.315	0.000	-45.510
322.000	122.840	47.264	0.000	-60.008
324.000	122.881	48.456	0.000	-81.229
326.000	123.063	49.565	0.000	-87.517
328.000	123.057	49.107	0.000	-98.127
330.000	122.908	49.180	0.000	-115.334
332.000	122.860	49.331	0.000	-129.253
334.000	123.036	49.885	0.000	-146.501
336.000	123.099	50.472	0.000	-155.413
338.000	122.886	49.132	0.000	-166.032
340.000	122.825	49.103	0.000	166.832
342.000	123.108	50.447	0.000	157.701
344.000	123.078	49.293	0.000	150.301
346.000	122.814	47.924	0.000	126.116
348.000	122.922	48.318	0.000	108.167
350.000	123.072	47.966	0.000	94.869
352.000	123.027	47.049	0.000	78.701
354.000	122.871	45.676	0.000	58.516
356.000	122.880	45.019	0.000	31.853
358.000	123.094	44.904	0.000	10.965
360.000	123.034	43.818	0.000	-10.509
362.000	122.835	42.526	0.000	-43.220
364.000	122.897	43.249	0.000	-83.936
366.000	123.123	44.866	0.000	-108.625
368.000	123.015	44.659	0.000	-129.086
370.000	122.771	45.144	0.000	-168.349
372.000	123.009	47.425	0.000	171.133
374.000	123.085	47.647	0.000	157.737
376.000	122.931	47.736	0.000	134.271
378.000	122.888	48.275	0.000	117.494
380.000	122.912	48.660	0.000	97.551
382.000	123.128	49.920	0.000	84.296
384.000	122.963	49.221	0.000	76.439
386.000	122.771	48.624	0.000	50.820
388.000	123.060	50.320	0.000	37.773
390.000	123.076	49.955	0.000	33.319
392.000	122.883	48.773	0.000	15.280
394.000	122.849	49.323	0.000	-2.925
396.000	123.043	49.762	0.000	-12.912
398.000	123.068	49.306	0.000	-23.676
400.000	122.847	48.479	0.000	-38.595
402.000	122.897	48.341	0.000	-55.902
404.000	123.030	48.567	0.000	-68.650
406.000	123.055	48.014	0.000	-77.358
408.000	122.853	46.376	0.000	-91.129
410.000	122.850	46.046	0.000	-112.420
412.000	123.149	46.432	0.000	-119.567
414.000	122.971	44.602	0.000	-126.203
416.000	122.799	42.726	0.000	-148.719
418.000	122.988	42.724	0.000	-160.528
420.000	123.055	41.210	0.000	-165.170
422.000	122.951	39.050	0.000	-177.468
424.000	122.835	37.468	0.000	173.029
426.000	122.965	36.008	0.000	163.720
428.000	123.089	35.076	0.000	160.726
430.000	122.917	32.873	0.000	161.626
432.000	122.798	30.749	0.000	147.012
434.000	123.055	30.892	0.000	143.202
436.000	123.072	28.905	0.000	149.712
438.000	122.809	26.607	0.000	143.579
440.000	122.910	26.320	0.000	140.576
442.000	123.050	25.438	0.000	143.838
444.000	122.997	23.869	0.000	144.769
446.000	122.843	22.698	0.000	141.624
448.000	122.901	22.398	0.000	135.896
450.000	123.086	22.592	0.000	138.265
452.000	122.959	20.969	0.000	142.641
454.000	122.811	20.085	0.000	136.422
456.000	122.953	21.031	0.000	137.086
458.000	123.117	21.061	0.000	148.367
460.000	122.865	19.554	0.000	147.341
462.000	122.826	20.142	0.000	137.145
464.000	123.076	21.160	0.000	138.131
466.000	122.975	19.513	0.000	133.831
468.000	122.893	19.363	0.000	127.681
470.000	122.855	19.572	0.000	118.297
472.000	123.041	19.246	0.000	110.679
474.000	123.041	18.296	0.000	109.639
476.000	122.764	16.764	0.000	97.996
478.000	122.961	17.427	0.000	87.796
480.000	123.077	17.154	0.000	95.067
482.000	122.904	15.083	0.000	94.552
484.000	122.816	14.072	0.000	83.130
486.000	123.010	14.221	0.000	78.635
488.000	123.041	12.045	0.000	82.018
490.000	122.846	11.811	0.000	97.267
492.000	122.878	11.883	0.000	91.696
494.000	123.007	11.269	0.000	93.976
496.000	123.032	12.223	0.000	95.065
498.000	122.800	11.292	0.000	101.910
500.000	122.899	10.518	0.000	93.864
502.000	123.110	10.092	0.000	118.523
504.000	122.888	8.517	0.000	117.812
506.000	122.816	8.763	0.000	101.195
508.000	123.006	8.572	0.000	145.600
510.000	123.019	9.902	0.000	-165.461
512.000	122.860	10.358	0.000	175.004
514.000	122.861	9.901	0.000	158.278
516.000	123.006	9.867	0.000	-178.012
518.000	123.027	10.360	0.000	-178.835
520.000	122.785	10.829	0.000	-156.950
522.000	122.912	11.878	0.000	-153.012
524.000	123.101	11.748	0.000	-129.784
526.000	122.859	11.016	0.000	-152.068
528.000	122.840	11.985	0.000	178.295
530.000	122.986	12.152	0.000	-163.748
532.000	123.020	11.740	0.000	-168.949
534.000	122.839	10.608	0.000	-162.808
536.000	122.865	11.807	0.000	-169.194
538.000	123.034	12.774	0.000	-170.987
540.000	122.963	12.714	0.000	-175.472
542.000	122.805	11.684	0.000	-175.471
544.000	122.914	12.484	0.000	-173.626
546.000	123.102	12.690	0.000	-171.413
548.000	122.818	12.310	0.000	177.170
550.000	122.853	12.928	0.000	178.654
552.000	123.028	12.831	0.000	-170.239
554.000	122.951	12.104	0.000	-179.772
556.000	122.851	12.486	0.000	177.382
558.000	122.861	13.286	0.000	174.721
560.000	123.062	13.740	0.000	176.598
562.000	122.914	12.651	0.000	-175.236
564.000	122.781	12.434	0.000	165.355
566.000	122.996	13.165	0.000	169.181
568.000	123.025	12.874	0.000	165.333
570.000	122.795	12.545	0.000	160.796
572.000	122.888	13.011	0.000	160.680
574.000	123.028	12.583	0.000	157.817
576.000	122.917	13.781	0.000	153.800
578.000	122.816	13.328	0.000	159.222
580.000	122.928	13.820	0.000	151.778
582.000	123.040	14.946	0.000	151.764
584.000	122.841	13.781	0.000	151.572
586.000	122.821	12.774	0.000	137.141
588.000	123.037	13.618	0.000	145.457
590.000	122.957	12.897	0.000	154.483
592.000	122.760	13.275	0.000	141.477
594.000	122.976	14.791	0.000	141.157
596.000	122.989	14.204	0.000	151.399
598.000	122.863	13.583	0.000	139.407
600.000	122.835	14.308	0.000	133.915
602.000	122.973	14.427	0.000	130.073
604.000	123.009	14.118	0.000	138.937
606.000	122.750	13.613	0.000	134.864
608.000	122.939	14.800	0.000	135.654
610.000	123.026	14.308	0.000	135.928
612.000	122.840	14.086	0.000	131.508
614.000	122.821	14.507	0.000	129.582
616.000	123.010	14.975	0.000	122.612
618.000	122.939	15.614	0.000	122.627
620.000	122.806	14.387	0.000	117.391
622.000	122.898	15.035	0.000	120.082
624.000	123.011	16.148	0.000	119.432
626.000	122.879	15.585	0.000	116.568
628.000	122.776	15.839	0.000	110.222
630.000	123.030	16.627	0.000	108.692
632.000	122.944	15.861	0.000	104.612
634.000	122.770	14.336	0.000	98.618
636.000	122.933	15.148	0.000	106.708
638.000	122.994	15.086	0.000	104.089
640.000	122.843	15.240	0.000	97.220
642.000	122.832	16.802	0.000	101.718
644.000	122.961	16.956	0.000	99.716
646.000	122.983	16.978	0.000	110.953
648.000	122.745	15.051	0.000	98.409
650.000	122.936	16.810	0.000	88.724
652.000	123.017	17.380	0.000	104.087
654.000	122.802	16.923	0.000	96.662
656.000	122.843	17.385	0.000	94.522
658.000	122.989	17.580	0.000	96.800
660.000	122.919	17.498	0.000	96.326
662.000	122.781	17.240	0.000	91.732
664.000	122.929	17.170	0.000	83.650
666.000	122.980	17.553	0.000	86.408
668.000	122.835	17.812	0.000	87.412
670.000	122.797	18.151	0.000	84.095
672.000	123.052	19.453	0.000	83.383
674.000	122.859	18.736	0.000	82.647
676.000	122.791	19.132	0.000	73.354
678.000	122.960	20.109	0.000	72.497
680.000	122.942	19.977	0.000	73.972
682.000	122.810	20.159	0.000	65.966
684.000	122.851	20.043	0.000	65.484
686.000	122.996	20.967	0.000	60.581
688.000	122.873	20.055	0.000	64.110
690.000	122.760	19.939	0.000	56.214
692.000	123.002	21.563	0.000	56.631
694.000	122.925	20.966	0.000	55.795
696.000	122.765	20.864	0.000	45.865
698.000	122.918	21.027	0.000	45.102
700.000	122.960	20.884	0.000	51.171
702.000	122.832	21.302	0.000	53.281
704.000	122.809	21.916	0.000	47.788
706.000	122.986	21.743	0.000	43.836
708.000	122.891	21.782	0.000	44.016
710.000	122.771	22.097	0.000	37.820
712.000	122.923	23.719	0.000	34.607
714.000	122.993	23.396	0.000	38.260
716.000	122.734	22.387	0.000	29.437
718.000	122.915	23.694	0.000	28.735
720.000	122.942	23.617	0.000	31.466
722.000	122.857	23.733	0.000	25.735
724.000	122.786	23.772	0.000	22.647
726.000	122.961	24.516	0.000	19.589
728.000	122.924	24.669	0.000	22.162
730.000	122.748	23.810	0.000	14.617
732.000	122.913	25.152	0.000	9.683
734.000	122.975	25.201	0.000	14.969
736.000	122.761	24.564	0.000	6.570
738.000	122.864	25.259	0.000	5.302
740.000	122.961	25.216	0.000	6.096
742.000	122.844	25.319	0.000	3.595
744.000	122.785	25.020	0.000	-0.423
746.000	122.941	25.796	0.000	-1.423
748.000	122.925	25.719	0.000	-0.577
750.000	122.750	25.168	0.000	-7.917
752.000	122.892	26.185	0.000	-10.877
754.000	122.977	26.362	0.000	-5.612
756.000	122.756	25.015	0.000	-9.261
758.000	122.857	26.587	0.000	-11.351
760.000	122.962	26.280	0.000	-6.828
762.000	122.827	26.057	0.000	-10.916
764.000	122.796	25.970	0.000	-8.689
766.000	122.919	26.815	0.000	-10.082
768.000	122.940	27.111	0.000	-0.693
770.000	122.719	26.410	0.000	-4.755
772.000	122.922	28.435	0.000	-5.338
774.000	122.938	28.344	0.000	1.230
776.000	122.765	28.257	0.000	-7.219
778.000	122.842	29.421	0.000	-7.755
780.000	122.963	29.928	0.000	-4.134
782.000	122.808	29.974	0.000	-5.670
784.000	122.795	30.634	0.000	-6.494
786.000	122.927	31.962	0.000	-4.621
788.000	122.902	32.330	0.000	0.111
790.000	122.728	32.632	0.000	-5.955
792.000	122.923	34.402	0.000	-5.886
794.000	122.927	34.721	0.000	-1.232
796.000	122.737	35.109	0.000	-8.030
798.000	122.878	37.177	0.000	-8.297
800.000	122.931	37.580	0.000	-5.388
802.000	122.795	38.495	0.000	-10.598
804.000	122.799	39.726	0.000	-12.770
806.000	122.940	41.763	0.000	-16.099
808.000	122.863	42.462	0.000	-13.535
810.000	122.729	43.880	0.000	-28.534
812.000	122.960	46.473	0.000	-28.527
814.000	122.866	46.480	0.000	-34.387
816.000	122.747	47.994	0.000	-51.358
818.000	122.892	49.288	0.000	-59.605
820.000	122.913	49.589	0.000	-69.561
822.000	122.763	49.176	0.000	-81.746
824.000	122.828	49.596	0.000	-93.016
826.000	122.941	49.912	0.000	-95.496
828.000	122.799	49.320	0.000	-100.117
830.000	122.767	50.019	0.000	-111.573
832.000	122.966	51.437	0.000	-112.625
834.000	122.812	50.741	0.000	-117.856
836.000	122.756	51.793	0.000	-134.027
838.000	122.934	52.561	0.000	-135.793
840.000	122.845	52.165	0.000	-146.901
842.000	122.770	52.529	0.000	-157.384
844.000	122.850	52.956	0.000	-170.762
846.000	122.940	53.443	0.000	-177.052
848.000	122.721	51.911	0.000	168.595
850.000	122.857	52.351	0.000	149.090
852.000	122.931	51.160	0.000	145.954
854.000	122.757	47.984	0.000	130.104
856.000	122.802	46.126	0.000	121.542
858.000	122.938	43.171	0.000	126.265
860.000	122.787	39.626	0.000	141.771
862.000	122.780	39.614	0.000	170.255
864.000	122.898	42.858	0.000	-172.040
866.000	122.867	44.710	0.000	-167.559
868.000	122.709	46.574	0.000	-177.718
870.000	122.929	49.063	0.000	179.046
872.000	122.860	49.403	0.000	177.646
874.000	122.729	50.342	0.000	163.076
876.000	122.876	52.299	0.000	159.681
878.000	122.884	52.438	0.000	153.002
880.000	122.749	53.400	0.000	139.477
882.000	122.820	54.047	0.000	127.144
884.000	122.917	55.042	0.000	115.767
886.000	122.764	53.860	0.000	106.466
888.000	122.781	53.908	0.000	82.977
890.000	122.951	53.381	0.000	82.333
892.000	122.752	50.582	0.000	68.701
894.000	122.783	49.480	0.000	60.325
896.000	122.906	47.655	0.000	61.850
898.000	122.810	45.390	0.000	67.943
900.000	122.748	44.141	0.000	77.641
902.000	122.887	45.171	0.000	93.271
904.000	122.854	46.393	0.000	104.850
906.000	122.709	48.098	0.000	102.542
908.000	122.896	51.387	0.000	101.500
910.000	122.864	52.167	0.000	100.896
912.000	122.714	53.672	0.000	81.810
914.000	122.866	55.482	0.000	74.571
916.000	122.865	55.482	0.000	62.962
918.000	122.743	55.607	0.000	47.730
920.000	122.810	55.695	0.000	34.252
922.000	122.903	55.873	0.000	25.680
924.000	122.743	54.406	0.000	17.669
926.000	122.788	54.332	0.000	0.818
928.000	122.924	53.910	0.000	3.210
930.000	122.734	51.712	0.000	-6.350
932.000	122.789	51.766	0.000	-9.523
934.000	122.892	51.148	0.000	-7.902
936.000	122.777	50.694	0.000	-8.578
938.000	122.756	50.964	0.000	-13.768
940.000	122.882	51.893	0.000	-14.212
942.000	122.814	51.552	0.000	-17.300
944.000	122.712	51.813	0.000	-29.115
946.000	122.912	53.061	0.000	-34.027
948.000	122.799	52.183	0.000	-37.811
950.000	122.730	52.216	0.000	-56.008
952.000	122.875	52.484	0.000	-58.529
954.000	122.820	51.144	0.000	-68.835
956.000	122.732	50.580	0.000	-78.136
958.000	122.833	50.135	0.000	-88.973
960.000	122.871	49.716	0.000	-92.628
962.000	122.695	47.485	0.000	-107.685
964.000	122.857	47.263	0.000	-122.431
966.000	122.853	44.716	0.000	-129.222
968.000	122.719	40.473	0.000	-159.608
970.000	122.819	37.104	0.000	153.464
972.000	122.868	37.874	0.000	69.191
974.000	122.721	42.057	0.000	28.065
976.000	122.805	45.834	0.000	5.923
978.000	122.867	47.852	0.000	-5.046
980.000	122.741	48.359	0.000	-18.922
982.000	122.768	50.148	0.000	-34.417
984.000	122.909	51.028	0.000	-34.771
986.000	122.707	50.783	0.000	-46.783
988.000	122.796	52.698	0.000	-54.382
990.000	122.861	53.212	0.000	-57.207
992.000	122.751	53.954	0.000	-69.027
994.000	122.755	54.988	0.000	-79.361
996.000	122.875	56.365	0.000	-89.388
998.000	122.762	56.226	0.000	-96.347
1000.000	122.726	57.189	0.000	-118.566
1002.000	122.910	58.122	0.000	-120.755
1004.000	122.730	56.993	0.000	-138.178
1006.000	122.757	57.769	0.000	-152.832
1008.000	122.862	57.570	0.000	-163.936
1010.000	122.768	56.963	0.000	-176.363
1012.000	122.729	56.460	0.000	164.947
1014.000	122.866	56.474	0.000	154.822
1016.000	122.781	55.072	0.000	143.153
1018.000	122.702	54.032	0.000	124.331
1020.000	122.895	54.161	0.000	114.015
1022.000	122.754	52.115	0.000	104.729
1024.000	122.731	51.347	0.000	82.164
1026.000	122.858	50.462	0.000	74.931
1028.000	122.773	48.746	0.000	56.266
1030.000	122.721	47.575	0.000	38.856
1032.000	122.847	47.060	0.000	18.395
1034.000	122.797	45.949	0.000	4.759
1036.000	122.691	44.936	0.000	-25.511
1038.000	122.882	45.676	0.000	-41.669
1040.000	122.760	44.544	0.000	-59.302
1042.000	122.722	45.025	0.000	-83.377
1044.000	122.848	45.304	0.000	-93.954
1046.000	122.777	45.131	0.000	-106.557
1048.000	122.717	45.260	0.000	-119.399
1050.000	122.834	46.228	0.000	-127.869
1052.000	122.799	46.147	0.000	-131.951
1054.000	122.686	46.528	0.000	-144.740
1056.000	122.871	48.060	0.000	-149.554
1058.000	122.763	47.726	0.000	-154.011
1060.000	122.716	48.493	0.000	-169.282
1062.000	122.841	49.232	0.000	-170.915
1064.000	122.773	48.880	0.000	-179.900
1066.000	122.714	49.352	0.000	173.341
1068.000	122.824	50.270	0.000	165.314
1070.000	122.801	50.625	0.000	164.647
1072.000	122.678	50.847	0.000	149.474
1074.000	122.870	52.444	0.000	148.053
1076.000	122.752	51.794	0.000	140.253
1078.000	122.717	52.957	0.000	127.904
1080.000	122.832	53.692	0.000	121.865
1082.000	122.771	54.048	0.000	113.025
1084.000	122.706	54.746	0.000	98.276
1086.000	122.831	55.890	0.000	88.388
1088.000	122.778	55.942	0.000	77.858
1090.000	122.683	56.209	0.000	58.221
1092.000	122.868	57.471	0.000	47.699
1094.000	122.736	56.560	0.000	35.689
1096.000	122.720	57.190	0.000	13.573
1098.000	122.835	57.185	0.000	5.032
1100.000	122.746	56.577	0.000	-12.863
1102.000	122.712	56.316	0.000	-28.457
1104.000	122.838	56.540	0.000	-42.815
1106.000	122.746	55.729	0.000	-51.661
1108.000	122.705	55.478	0.000	-73.522
1110.000	122.858	55.994	0.000	-78.519
1112.000	122.711	54.618	0.000	-93.287
1114.000	122.734	55.271	0.000	-107.547
1116.000	122.834	55.112	0.000	-116.771
1118.000	122.718	54.811	0.000	-129.510
1120.000	122.731	54.970	0.000	-146.441
1122.000	122.832	55.387	0.000	-155.615
1124.000	122.715	54.343	0.000	-168.918
1126.000	122.733	54.404	0.000	173.482
1128.000	122.842	54.429	0.000	167.243
1130.000	122.688	52.865	0.000	154.040
1132.000	122.760	53.272	0.000	141.542
1134.000	122.814	52.205	0.000	137.507
1136.000	122.706	51.455	0.000	126.157
1138.000	122.738	50.886	0.000	117.882
1140.000	122.839	50.961	0.000	114.181
1142.000	122.672	49.332	0.000	108.117
1144.000	122.782	49.839	0.000	99.731
1146.000	122.804	48.938	0.000	101.948
1148.000	122.679	48.139	0.000	92.368
1150.000	122.783	48.452	0.000	90.867
1152.000	122.793	47.863	0.000	88.919
1154.000	122.683	47.328	0.000	83.939
1156.000	122.780	47.559	0.000	81.217
1158.000	122.799	47.327	0.000	83.717
1160.000	122.659	46.913	0.000	79.529
1162.000	122.821	48.221	0.000	80.494
1164.000	122.756	48.005	0.000	82.296
1166.000	122.683	49.043	0.000	73.352
1168.000	122.818	50.144	0.000	74.062
1170.000	122.736	50.305	0.000	65.976
1172.000	122.698	51.076	0.000	58.049
1174.000	122.810	51.969	0.000	49.047
1176.000	122.736	51.808	0.000	45.200
1178.000	122.695	51.986	0.000	28.680
1180.000	122.828	52.603	0.000	27.959
1182.000	122.700	51.376	0.000	17.420
1184.000	122.726	51.937	0.000	8.990
1186.000	122.806	51.664	0.000	4.336
1188.000	122.705	51.204	0.000	-3.072
1190.000	122.719	51.347	0.000	-13.655
1192.000	122.821	51.430	0.000	-17.026
1194.000	122.676	50.348	0.000	-26.901
1196.000	122.747	50.525	0.000	-38.314
1198.000	122.811	50.120	0.000	-40.057
1200.000	122.653	48.498	0.000	-53.002
1202.000	122.794	48.640	0.000	-57.102
1204.000	122.761	46.846	0.000	-61.174
1206.000	122.685	45.883	0.000	-66.126
1208.000	122.774	45.190	0.000	-69.950
1210.000	122.779	44.456	0.000	-66.551
1212.000	122.657	43.025	0.000	-73.579
1214.000	122.815	43.261	0.000	-71.635
1216.000	122.725	41.596	0.000	-69.906
1218.000	122.688	41.370	0.000	-73.173
1220.000	122.812	40.989	0.000	-67.441
1222.000	122.704	40.370	0.000	-65.834
1224.000	122.704	40.435	0.000	-64.843
1226.000	122.810	41.181	0.000	-60.753
1228.000	122.686	40.860	0.000	-59.937
1230.000	122.726	41.926	0.000	-62.845
1232.000	122.805	42.594	0.000	-59.843
1234.000	122.663	42.603	0.000	-65.915
1236.000	122.768	44.149	0.000	-68.430
1238.000	122.761	43.994	0.000	-72.127
1240.000	122.687	44.648	0.000	-79.844
1242.000	122.752	45.081	0.000	-88.463
1244.000	122.777	45.440	0.000	-91.577
1246.000	122.655	44.730	0.000	-104.495
1248.000	122.800	45.466	0.000	-108.737
1250.000	122.726	44.094	0.000	-113.828
1252.000	122.684	43.990	0.000	-124.108
1254.000	122.796	43.589	0.000	-126.155
1256.000	122.708	42.753	0.000	-130.980
1258.000	122.694	42.436	0.000	-137.743
1260.000	122.808	42.479	0.000	-138.315
1262.000	122.675	41.471	0.000	-142.874
1264.000	122.725	41.557	0.000	-150.843
1266.000	122.802	41.336	0.000	-149.648
1268.000	122.646	40.116	0.000	-158.752
1270.000	122.784	40.425	0.000	-159.982
1272.000	122.739	39.105	0.000	-162.778
1274.000	122.679	38.639	0.000	-166.297
1276.000	122.775	38.393	0.000	-169.246
1278.000	122.736	37.800	0.000	-167.439
1280.000	122.672	37.166	0.000	-173.436
1282.000	122.797	37.701	0.000	-171.400
1284.000	122.697	36.562	0.000	-172.841
1286.000	122.709	36.947	0.000	-175.980
1288.000	122.777	36.673	0.000	-174.944
1290.000	122.691	36.571	0.000	-176.811
1292.000	122.713	36.874	0.000	178.344
1294.000	122.788	37.272	0.000	179.518
1296.000	122.656	36.833	0.000	172.649
1298.000	122.758	37.726	0.000	165.636
1300.000	122.759	37.814	0.000	163.874
1302.000	122.657	37.578	0.000	148.470
1304.000	122.784	37.949	0.000	144.366
1306.000	122.715	36.798	0.000	132.566
1308.000	122.680	36.012	0.000	122.484
1310.000	122.788	35.442	0.000	112.566
1312.000	122.691	33.580	0.000	109.545
1314.000	122.706	32.039	0.000	96.293
1316.000	122.785	30.706	0.000	98.034
1318.000	122.665	28.189	0.000	92.735
1320.000	122.739	26.728	0.000	92.709
1322.000	122.759	24.631	0.000	94.347
1324.000	122.664	22.962	0.000	99.076
1326.000	122.758	22.300	0.000	108.493
1328.000	122.742	21.289	0.000	112.975
1330.000	122.652	20.397	0.000	120.342
1332.000	122.808	20.937	0.000	132.039
1334.000	122.675	20.383	0.000	134.018
1336.000	122.712	21.132	0.000	134.271
1338.000	122.772	20.963	0.000	143.570
1340.000	122.670	20.557	0.000	144.574
1342.000	122.729	20.866	0.000	146.469
1344.000	122.766	21.437	0.000	150.022
1346.000	122.647	21.272	0.000	148.192
1348.000	122.784	22.413	0.000	146.468
1350.000	122.707	21.653	0.000	148.581
1352.000	122.683	22.482	0.000	145.173
1354.000	122.774	22.728	0.000	148.658
1356.000	122.690	22.552	0.000	145.297
1358.000	122.698	22.767	0.000	141.992
1360.000	122.781	22.773	0.000	143.358
1362.000	122.656	22.082	0.000	139.865
1364.000	122.744	23.440	0.000	136.597
1366.000	122.750	23.626	0.000	138.173
1368.000	122.651	23.483	0.000	128.992
1370.000	122.784	23.619	0.000	129.702
1372.000	122.697	22.287	0.000	123.132
1374.000	122.683	22.148	0.000	119.921
1376.000	122.789	22.344	0.000	121.303
1378.000	122.660	21.422	0.000	124.025
1380.000	122.736	21.692	0.000	123.516
1382.000	122.751	21.686	0.000	127.520
1384.000	122.661	21.897	0.000	120.784
1386.000	122.760	22.014	0.000	120.151
1388.000	122.717	22.052	0.000	119.335
1390.000	122.676	22.180	0.000	117.001
1392.000	122.767	23.219	0.000	116.813
1394.000	122.696	23.221	0.000	117.430
1396.000	122.692	23.838	0.000	108.111
1398.000	122.783	24.090	0.000	106.927
1400.000	122.645	23.580	0.000	99.019
1402.000	122.756	24.540	0.000	95.860
1404.000	122.730	24.507	0.000	88.993
1406.000	122.662	24.671	0.000	80.178
1408.000	122.775	24.668	0.000	71.036
1410.000	122.693	23.924	0.000	64.895
1412.000	122.691	23.386	0.000	52.349
1414.000	122.774	23.247	0.000	53.756
1416.000	122.659	21.809	0.000	44.712
1418.000	122.740	21.582	0.000	43.407
1420.000	122.736	20.754	0.000	39.814
1422.000	122.666	20.463	0.000	34.715
1424.000	122.757	20.316	0.000	31.090
1426.000	122.714	18.730	0.000	25.929
1428.000	122.666	17.990	0.000	23.536
1430.000	122.797	17.853	0.000	26.969
1432.000	122.649	17.815	0.000	23.206
1434.000	122.740	17.713	0.000	22.063
1436.000	122.743	16.544	0.000	20.814
1438.000	122.654	16.316	0.000	20.775
1440.000	122.770	16.063	0.000	17.791
1442.000	122.700	15.488	0.000	18.639
1444.000	122.682	14.632	0.000	15.110
1446.000	122.777	15.932	0.000	18.442
1448.000	122.658	15.106	0.000	9.007
1450.000	122.737	15.801	0.000	6.877
1452.000	122.735	14.830	0.000	2.774
1454.000	122.667	14.265	0.000	-8.063
1456.000	122.754	15.320	0.000	-7.778
1458.000	122.711	14.737	0.000	-5.375
1460.000	122.674	14.081	0.000	-11.860
1462.000	122.783	14.126	0.000	-17.427
1464.000	122.653	13.626	0.000	-12.100
1466.000	122.742	13.955	0.000	-11.738
1468.000	122.727	13.883	0.000	-18.077
1470.000	122.671	14.127	0.000	-19.049
1472.000	122.757	13.817	0.000	-21.736
1474.000	122.698	12.808	0.000	-19.642
1476.000	122.701	13.144	0.000	-34.298
1478.000	122.758	13.173	0.000	-37.231
1480.000	122.668	12.495	0.000	-48.483
1482.000	122.735	12.856	0.000	-45.536
1484.000	122.731	13.125	0.000	-47.597
1486.000	122.669	13.488	0.000	-54.214
1488.000	122.764	13.563	0.000	-52.446
1490.000	122.688	13.771	0.000	-52.747
1492.000	122.703	13.128	0.000	-61.754
1494.000	122.762	12.537	0.000	-57.978
1496.000	122.654	13.715	0.000	-60.737
1498.000	122.760	13.992	0.000	-54.461
1500.000	122.704	12.726	0.000	-55.805
1502.000	122.685	13.249	0.000	-59.269
1504.000	122.766	14.025	0.000	-60.825
1506.000	122.673	13.865	0.000	-67.027
1508.000	122.727	14.303	0.000	-79.215
1510.000	122.744	14.447	0.000	-80.740
1512.000	122.661	14.358	0.000	-82.184
1514.000	122.763	13.540	0.000	-81.508
1516.000	122.698	13.781	0.000	-87.315
1518.000	122.687	13.821	0.000	-87.695
1520.000	122.776	14.542	0.000	-81.158
1522.000	122.649	15.161	0.000	-87.928
1524.000	122.759	14.820	0.000	-97.492
1526.000	122.706	15.016	0.000	-100.527
1528.000	122.699	15.136	0.000	-101.183
1530.000	122.748	14.598	0.000	-98.086
1532.000	122.691	14.102	0.000	-96.831
1534.000	122.714	15.592	0.000	-107.636
1536.000	122.750	14.460	0.000	-104.134
1538.000	122.663	14.879	0.000	-114.905
1540.000	122.766	16.121	0.000	-115.956
1542.000	122.692	15.483	0.000	-115.331
1544.000	122.703	16.317	0.000	-122.451
1546.000	122.758	16.671	0.000	-118.973
1548.000	122.662	15.836	0.000	-117.605
1550.000	122.752	15.922	0.000	-129.794
1552.000	122.715	15.900	0.000	-130.743
1554.000	122.684	16.466	0.000	-128.426
1556.000	122.771	17.033	0.000	-127.832
1558.000	122.668	16.400	0.000	-135.869
1560.000	122.738	17.253	0.000	-135.721
1562.000	122.731	16.872	0.000	-138.127
1564.000	122.673	17.418	0.000	-144.296
1566.000	122.765	17.663	0.000	-148.322
1568.000	122.686	17.297	0.000	-147.786
1570.000	122.717	18.314	0.000	-156.664
1572.000	122.754	17.630	0.000	-154.405
1574.000	122.664	17.424	0.000	-161.600
1576.000	122.764	17.252	0.000	-163.735
1578.000	122.694	16.674	0.000	-166.648
1580.000	122.706	16.734	0.000	-163.912
1582.000	122.756	17.753	0.000	-160.390
1584.000	122.670	17.792	0.000	-169.724
1586.000	122.755	17.761	0.000	-175.835
1588.000	122.710	16.712	0.000	-177.359
1590.000	122.694	16.572	0.000	177.755
1592.000	122.763	16.874	0.000	-174.146
1594.000	122.673	17.072	0.000	-172.447
1596.000	122.744	17.691	0.000	-177.317
1598.000	122.727	17.490	0.000	-179.310
1600.000	122.686	17.190	0.000	175.194
1602.000	122.765	18.116	0.000	174.411
1604.000	122.680	17.146	0.000	167.823
1606.000	122.737	16.928	0.000	169.888
1608.000	122.731	16.688	0.000	165.806
1610.000	122.682	16.627	0.000	160.232
1612.000	122.763	17.275	0.000	162.945
1614.000	122.695	16.587	0.000	165.444
1616.000	122.713	16.639	0.000	163.341
1618.000	122.761	16.554	0.000	156.682
1620.000	122.661	17.296	0.000	148.064
1622.000	122.779	17.322	0.000	146.519
1624.000	122.685	16.801	0.000	150.497
1626.000	122.721	17.718	0.000	147.818
1628.000	122.754	18.084	0.000	154.022
1630.000	122.672	17.566	0.000	151.641
1632.000	122.764	17.565	0.000	150.945
1634.000	122.705	16.844	0.000	143.369
1636.000	122.706	17.238	0.000	139.004
1638.000	122.764	16.513	0.000	141.004
1640.000	122.665	16.140	0.000	144.100
1642.000	122.769	16.562	0.000	142.579
1644.000	122.700	16.631	0.000	140.482
1646.000	122.713	16.209	0.000	133.301
1648.000	122.762	16.875	0.000	134.876
1650.000	122.678	16.459	0.000	128.522
1652.000	122.755	16.815	0.000	135.856
1654.000	122.715	15.960	0.000	136.258
1656.000	122.700	15.215	0.000	131.637
1658.000	122.769	15.013	0.000	131.545
1660.000	122.668	15.237	0.000	126.996
1662.000	122.770	15.890	0.000	124.422
1664.000	122.705	16.251	0.000	124.676
1666.000	122.711	16.554	0.000	124.486
1668.000	122.758	16.130	0.000	126.266
1670.000	122.683	16.015	0.000	114.285
1672.000	122.751	15.625	0.000	110.721
1674.000	122.721	14.953	0.000	120.434
1676.000	122.703	15.288	0.000	120.868
1678.000	122.769	16.100	0.000	120.817
1680.000	122.670	15.010	0.000	111.685
1682.000	122.769	14.538	0.000	112.200
1684.000	122.712	15.050	0.000	108.804
1686.000	122.701	16.072	0.000	107.034
1688.000	122.783	15.370	0.000	107.298
1690.000	122.663	15.128	0.000	105.960
1692.000	122.779	15.669	0.000	103.738
1694.000	122.696	15.366	0.000	97.258
1696.000	122.732	15.452	0.000	103.331
1698.000	122.743	15.362	0.000	103.650
1700.000	122.698	14.282	0.000	95.643
1702.000	122.751	13.993	0.000	95.625
1704.000	122.722	13.794	0.000	100.208
1706.000	122.708	13.820	0.000	103.201
1708.000	122.771	14.536	0.000	103.212
1710.000	122.673	14.855	0.000	99.907
1712.000	122.779	15.082	0.000	98.956
1714.000	122.695	14.841	0.000	97.966
1716.000	122.734	14.911	0.000	91.030
1718.000	122.750	13.847	0.000	94.455
1720.000	122.689	13.822	0.000	90.925
1722.000	122.771	14.460	0.000	92.307
1724.000	122.705	14.177	0.000	88.424
1726.000	122.727	14.937	0.000	82.971
1728.000	122.759	14.371	0.000	87.823
1730.000	122.678	13.801	0.000	82.800
1732.000	122.784	14.778	0.000	77.364
1734.000	122.682	13.932	0.000	80.040
1736.000	122.762	13.780	0.000	79.366
1738.000	122.722	13.928	0.000	81.082
1740.000	122.717	14.848	0.000	80.149
1742.000	122.757	13.770	0.000	75.559
1744.000	122.698	13.797	0.000	74.742
1746.000	122.749	14.318	0.000	80.953
1748.000	122.733	13.827	0.000	78.886
1750.000	122.710	13.953	0.000	74.735
1752.000	122.768	14.250	0.000	80.080
1754.000	122.690	13.991	0.000	64.687
1756.000	122.762	14.463	0.000	65.576
1758.000	122.722	14.378	0.000	69.159
1760.000	122.712	13.973	0.000	65.492
1762.000	122.774	14.236	0.000	65.543
1764.000	122.682	12.875	0.000	60.477
1766.000	122.782	13.051	0.000	63.958
1768.000	122.691	12.889	0.000	61.471
1770.000	122.757	13.740	0.000	62.546
1772.000	122.734	13.708	0.000	56.603
1774.000	122.709	12.766	0.000	44.630
1776.000	122.771	13.355	0.000	59.179
1778.000	122.699	13.466	0.000	49.579
1780.000	122.753	14.381	0.000	45.568
1782.000	122.739	14.044	0.000	50.603
1784.000	122.703	13.953	0.000	46.470
1786.000	122.779	14.131	0.000	41.018
1788.000	122.683	13.269	0.000	40.196
1790.000	122.775	13.430	0.000	45.958
1792.000	122.709	13.080	0.000	47.212
1794.000	122.740	12.938	0.000	44.036
1796.000	122.748	12.550	0.000	36.300
1798.000	122.717	11.472	0.000	27.995
1800.000	122.752	11.953	0.000	32.341
1802.000	122.727	12.620	0.000	31.968
1804.000	122.728	12.268	0.000	33.234
1806.000	122.759	12.156	0.000	31.399
1808.000	122.693	12.555	0.000	29.604
1810.000	122.789	13.238	0.000	27.529
1812.000	122.688	12.645	0.000	25.188
1814.000	122.765	12.005	0.000	16.558
1816.000	122.728	12.004	0.000	12.520
1818.000	122.719	12.624	0.000	19.617
1820.000	122.774	10.381	0.000	21.721
1822.000	122.687	10.726	0.000	4.671
1824.000	122.786	11.855	0.000	-0.395
1826.000	122.696	10.701	0.000	12.421
1828.000	122.767	10.176	0.000	23.879
1830.000	122.725	10.751	0.000	14.351
1832.000	122.729	12.145	0.000	14.284
1834.000	122.762	12.456	0.000	16.230
1836.000	122.715	12.023	0.000	13.669
1838.000	122.753	12.175	0.000	2.510
1840.000	122.737	11.425	0.000	-3.959
1842.000	122.721	10.305	0.000	-5.445
1844.000	122.771	10.539	0.000	6.562
1846.000	122.695	11.202	0.000	18.706
1848.000	122.779	11.148	0.000	22.160
1850.000	122.710	10.636	0.000	7.322
1852.000	122.750	9.530	0.000	3.403
1854.000	122.748	10.222	0.000	-9.910
1856.000	122.714	10.269	0.000	-13.379
1858.000	122.776	10.293	0.000	-16.776
1860.000	122.698	10.410	0.000	7.639
1862.000	122.776	10.530	0.000	18.665
1864.000	122.711	11.059	0.000	-9.722
1866.000	122.759	11.006	0.000	-2.061
1868.000	122.739	10.454	0.000	10.039
1870.000	122.727	10.925	0.000	-1.270
1872.000	122.760	10.587	0.000	5.484
1874.000	122.718	9.492	0.000	32.354
1876.000	122.757	9.012	0.000	23.626
1878.000	122.738	9.036	0.000	15.716
1880.000	122.727	9.397	0.000	38.443
1882.000	122.766	11.149	0.000	9.652
1884.000	122.716	10.814	0.000	1.123
1886.000	122.759	11.464	0.000	4.982
1888.000	122.736	11.645	0.000	12.369
1890.000	122.729	11.468	0.000	9.762
1892.000	122.774	11.170	0.000	12.567
1894.000	122.702	10.566	0.000	14.436
1896.000	122.789	10.897	0.000	-9.195
1898.000	122.690	12.292	0.000	-11.916
1900.000	122.789	11.919	0.000	-13.906
1902.000	122.711	11.139	0.000	-16.200
1904.000	122.754	11.793	0.000	-28.972
1906.000	122.752	13.651	0.000	-29.456
1908.000	122.711	13.671	0.000	-38.085
1910.000	122.793	13.051	0.000	-41.814
1912.000	122.687	12.642	0.000	-47.167
1914.000	122.793	13.815	0.000	-57.644
1916.000	122.704	15.403	0.000	-62.551
1918.000	122.763	15.227	0.000	-67.502
1920.000	122.745	15.624	0.000	-69.546
1922.000	122.725	15.813	0.000	-90.362
1924.000	122.771	16.400	0.000	-91.890
1926.000	122.712	16.585	0.000	-97.309
1928.000	122.775	17.425	0.000	-104.380
1930.000	122.717	17.510	0.000	-113.342
1932.000	122.759	18.674	0.000	-118.667
1934.000	122.740	19.247	0.000	-123.177
1936.000	122.738	19.640	0.000	-133.339
1938.000	122.764	20.336	0.000	-137.261
1940.000	122.720	20.988	0.000	-147.891
1942.000	122.763	21.409	0.000	-154.297
1944.000	122.731	21.928	0.000	-164.681
1946.000	122.748	22.400	0.000	-172.481
1948.000	122.752	22.760	0.000	-178.497
1950.000	122.726	23.279	0.000	168.739
1952.000	122.767	24.071	0.000	163.542
1954.000	122.724	24.157	0.000	150.899
1956.000	122.758	24.303	0.000	142.669
1958.000	122.739	24.243	0.000	131.475
1960.000	122.736	24.399	0.000	121.502
1962.000	122.764	24.141	0.000	113.979
1964.000	122.719	23.911	0.000	102.542
1966.000	122.774	23.591	0.000	95.036
1968.000	122.717	23.231	0.000	82.691
1970.000	122.768	22.608	0.000	76.025
1972.000	122.734	22.003	0.000	63.192
1974.000	122.748	20.762	0.000	54.606
1976.000	122.751	19.975	0.000	47.470
1978.000	122.729	18.257	0.000	36.986
1980.000	122.770	15.751	0.000	25.281
1982.000	122.716	12.847	0.000	1.254
1984.000	122.772	10.405	0.000	-23.445
1986.000	122.722	11.301	0.000	-139.697
1988.000	122.753	14.402	0.000	-176.524
1990.000	122.752	17.347	0.000	162.079
1992.000	122.731	19.974	0.000	153.582
1994.000	122.767	21.582	0.000	144.333
1996.000	122.720	23.865	0.000	131.452
1998.000	122.766	24.807	0.000	121.753
2000.000	122.730	25.775	0.000	113.345
