2000.000	122.819	11.596	0.000	176.338
2.000	122.870	11.839	0.000	169.131
4.000	123.087	11.802	0.000	171.076
6.000	123.108	11.091	0.000	-172.471
8.000	122.953	10.491	0.000	162.309
10.000	122.810	9.783	0.000	158.014
12.000	122.910	9.669	0.000	-176.777
14.000	123.177	9.504	0.000	177.392
16.000	123.103	10.980	0.000	-160.779
18.000	122.767	12.082	0.000	172.960
20.000	122.861	11.310	0.000	147.619
22.000	123.139	11.457	0.000	159.864
24.000	123.069	11.155	0.000	163.270
26.000	122.929	12.392	0.000	174.024
28.000	122.892	11.997	0.000	-179.283
30.000	122.890	11.110	0.000	167.018
32.000	123.093	10.499	0.000	148.851
34.000	123.159	11.274	0.000	140.823
36.000	122.832	11.947	0.000	150.509
38.000	122.784	12.040	0.000	127.689
40.000	123.125	11.940	0.000	122.985
42.000	123.144	12.199	0.000	132.564
44.000	122.907	12.455	0.000	130.931
46.000	122.839	12.464	0.000	112.477
48.000	122.949	12.325	0.000	114.067
50.000	123.115	12.554	0.000	116.233
52.000	123.082	12.895	0.000	121.327
54.000	122.841	12.852	0.000	104.022
56.000	122.856	11.857	0.000	110.881
58.000	123.073	12.599	0.000	111.319
60.000	123.103	12.980	0.000	99.478
62.000	122.976	12.229	0.000	101.635
64.000	122.822	12.442	0.000	107.551
66.000	122.900	13.728	0.000	90.420
68.000	123.191	13.213	0.000	83.247
70.000	123.088	12.419	0.000	94.524
72.000	122.749	11.996	0.000	85.741
74.000	122.915	12.970	0.000	73.610
76.000	123.144	13.234	0.000	72.318
78.000	123.028	12.184	0.000	61.483
80.000	122.941	12.472	0.000	53.953
82.000	122.880	13.533	0.000	49.342
84.000	122.913	13.204	0.000	57.595
86.000	123.165	12.075	0.000	66.601
88.000	123.077	13.064	0.000	59.823
90.000	122.751	12.689	0.000	60.820
92.000	122.917	11.809	0.000	56.297
94.000	123.167	13.171	0.000	39.118
96.000	123.049	13.013	0.000	48.555
98.000	122.873	12.494	0.000	48.531
100.000	122.855	12.927	0.000	46.680
102.000	123.038	13.464	0.000	36.907
104.000	123.152	12.509	0.000	38.001
106.000	122.933	12.807	0.000	21.150
108.000	122.817	12.540	0.000	27.795
110.000	122.997	12.524	0.000	37.801
112.000	123.091	13.092	0.000	24.638
114.000	123.052	14.436	0.000	23.885
116.000	122.873	13.373	0.000	19.292
118.000	122.816	12.530	0.000	-5.955
120.000	123.142	13.735	0.000	-2.690
122.000	123.160	14.094	0.000	0.155
124.000	122.792	12.270	0.000	-1.247
126.000	122.871	13.261	0.000	-24.916
128.000	123.107	12.711	0.000	-31.383
130.000	123.048	11.784	0.000	-6.521
132.000	122.974	12.171	0.000	-18.390
134.000	122.866	12.179	0.000	-24.296
136.000	122.905	12.576	0.000	-30.280
138.000	123.166	12.327	0.000	-32.606
140.000	123.058	12.193	0.000	-17.424
142.000	122.777	11.758	0.000	-12.696
144.000	122.925	11.119	0.000	-13.146
146.000	123.133	11.154	0.000	-16.880
148.000	123.064	12.044	0.000	-2.841
150.000	122.860	11.859	0.000	-11.434
152.000	122.848	9.967	0.000	-49.945
154.000	123.097	10.115	0.000	-5.420
156.000	123.110	11.865	0.000	-22.236
158.000	122.883	11.697	0.000	-15.878
160.000	122.872	9.590	0.000	-10.770
162.000	122.997	10.709	0.000	-6.389
164.000	123.101	10.468	0.000	-22.946
166.000	123.033	10.975	0.000	-11.668
168.000	122.784	11.437	0.000	-17.955
170.000	122.931	11.890	0.000	-23.178
172.000	123.208	13.139	0.000	-28.236
174.000	122.991	12.859	0.000	-29.086
176.000	122.791	12.189	0.000	-33.482
178.000	122.973	13.182	0.000	-13.453
180.000	123.090	12.439	0.000	-14.628
182.000	123.038	13.280	0.000	-31.937
184.000	122.892	13.092	0.000	-33.286
186.000	122.857	13.025	0.000	-33.663
188.000	123.066	12.972	0.000	-26.317
190.000	123.122	12.268	0.000	-33.160
192.000	122.893	13.307	0.000	-40.603
194.000	122.814	13.716	0.000	-50.895
196.000	123.059	13.838	0.000	-39.328
198.000	123.150	13.879	0.000	-29.710
200.000	122.892	11.663	0.000	-37.479
202.000	122.820	12.567	0.000	-48.259
204.000	123.052	13.412	0.000	-50.061
206.000	123.096	13.232	0.000	-39.606
208.000	122.953	12.860	0.000	-42.141
210.000	122.855	13.551	0.000	-63.099
212.000	122.942	13.902	0.000	-65.348
214.000	123.127	14.080	0.000	-49.424
216.000	123.028	14.496	0.000	-39.816
218.000	122.798	13.105	0.000	-54.771
220.000	122.929	14.390	0.000	-62.671
222.000	123.151	14.660	0.000	-47.196
224.000	123.025	13.537	0.000	-41.415
226.000	122.797	12.371	0.000	-60.823
228.000	122.940	14.140	0.000	-67.557
230.000	123.128	15.326	0.000	-63.635
232.000	123.000	15.008	0.000	-65.194
234.000	122.876	15.086	0.000	-63.580
236.000	122.901	15.383	0.000	-62.588
238.000	123.039	16.451	0.000	-75.029
240.000	123.124	17.356	0.000	-78.094
242.000	122.857	16.381	0.000	-81.968
244.000	122.817	16.842	0.000	-96.146
246.000	123.148	18.946	0.000	-87.963
248.000	123.069	18.007	0.000	-81.724
250.000	122.834	17.202	0.000	-94.735
252.000	122.899	18.422	0.000	-100.952
254.000	123.047	18.623	0.000	-99.279
256.000	123.088	18.947	0.000	-102.658
258.000	122.893	19.182	0.000	-108.604
260.000	122.841	19.677	0.000	-115.801
262.000	123.060	20.980	0.000	-120.813
264.000	123.080	21.334	0.000	-123.894
266.000	122.924	21.535	0.000	-127.321
268.000	122.818	22.760	0.000	-134.952
270.000	123.022	24.698	0.000	-141.461
272.000	123.171	25.813	0.000	-138.970
274.000	122.848	25.637	0.000	-146.814
276.000	122.834	27.705	0.000	-161.430
278.000	123.102	29.389	0.000	-161.395
280.000	123.026	30.044	0.000	-166.329
282.000	122.938	31.614	0.000	-175.715
284.000	122.862	33.201	0.000	177.833
286.000	122.961	35.563	0.000	166.168
288.000	123.163	37.941	0.000	161.877
290.000	122.907	38.497	0.000	156.720
292.000	122.794	40.422	0.000	134.833
294.000	123.067	43.794	0.000	124.830
296.000	123.090	44.948	0.000	119.919
298.000	122.903	45.391	0.000	100.495
300.000	122.828	47.416	0.000	79.194
302.000	123.039	49.060	0.000	67.072
304.000	123.100	49.648	0.000	53.915
306.000	122.880	49.718	0.000	37.595
308.000	122.870	50.148	0.000	18.790
310.000	122.999	51.063	0.000	3.339
312.000	123.088	51.452	0.000	-5.905
314.000	122.948	50.631	0.000	-16.087
316.000	122.776	50.233	0.000	-34.832
318.000	123.063	51.623	0.000	-45.764
320.000	123.125	51.698	0.000	-47.862
322.000	122.832	50.298	0.000	-60.261
324.000	122.872	51.013	0.000	-79.329
326.000	123.053	51.687	0.000	-83.570
328.000	123.048	50.693	0.000	-90.444
330.000	122.899	50.123	0.000	-102.527
332.000	122.851	49.805	0.000	-109.869
334.000	123.027	50.031	0.000	-118.666
336.000	123.090	50.553	0.000	-119.658
338.000	122.878	49.373	0.000	-122.555
340.000	122.817	49.719	0.000	-140.058
342.000	123.098	51.349	0.000	-141.507
344.000	123.069	50.560	0.000	-141.957
346.000	122.806	49.749	0.000	-157.084
348.000	122.913	50.664	0.000	-165.133
350.000	123.063	50.947	0.000	-168.087
352.000	123.019	50.824	0.000	-172.475
354.000	122.863	50.570	0.000	-179.707
356.000	122.872	51.399	0.000	169.802
358.000	123.085	52.649	0.000	164.357
360.000	123.025	52.787	0.000	158.995
362.000	122.827	52.399	0.000	146.377
364.000	122.890	53.339	0.000	128.696
366.000	123.114	54.576	0.000	122.020
368.000	123.007	53.646	0.000	116.284
370.000	122.764	52.865	0.000	92.636
372.000	123.000	54.119	0.000	80.183
374.000	123.077	53.389	0.000	73.295
376.000	122.924	52.149	0.000	55.288
378.000	122.880	51.440	0.000	41.761
380.000	122.905	50.282	0.000	25.166
382.000	123.120	49.977	0.000	13.676
384.000	122.956	47.920	0.000	9.140
386.000	122.764	45.024	0.000	-10.522
388.000	123.052	44.733	0.000	-20.301
390.000	123.068	42.748	0.000	-18.051
392.000	122.877	39.623	0.000	-25.824
394.000	122.842	38.443	0.000	-35.299
396.000	123.035	37.466	0.000	-37.787
398.000	123.061	35.570	0.000	-42.982
400.000	122.841	32.577	0.000	-54.837
402.000	122.889	28.509	0.000	-69.920
404.000	123.023	22.433	0.000	-82.176
406.000	123.048	22.572	0.000	82.726
408.000	122.846	27.573	0.000	68.051
410.000	122.844	31.722	0.000	48.998
412.000	123.142	34.341	0.000	42.609
414.000	122.964	34.141	0.000	35.975
416.000	122.793	34.247	0.000	14.662
418.000	122.980	35.713	0.000	5.627
420.000	123.048	35.330	0.000	0.941
422.000	122.945	34.374	0.000	-12.810
424.000	122.828	33.901	0.000	-23.082
426.000	122.959	33.148	0.000	-33.571
428.000	123.082	32.669	0.000	-38.452
430.000	122.911	30.428	0.000	-36.314
432.000	122.793	28.183	0.000	-44.792
434.000	123.049	28.692	0.000	-39.766
436.000	123.065	27.485	0.000	-25.783
438.000	122.803	27.001	0.000	-23.289
440.000	122.903	29.013	0.000	-18.363
442.000	123.044	30.232	0.000	-15.064
444.000	122.991	31.335	0.000	-17.064
446.000	122.837	32.297	0.000	-23.677
448.000	122.895	34.212	0.000	-33.710
450.000	123.080	36.004	0.000	-38.509
452.000	122.953	36.538	0.000	-46.582
454.000	122.805	37.094	0.000	-64.203
456.000	122.947	39.068	0.000	-82.217
458.000	123.110	40.069	0.000	-88.682
460.000	122.860	38.966	0.000	-105.279
462.000	122.820	39.738	0.000	-133.471
464.000	123.070	40.337	0.000	-142.241
466.000	122.970	39.089	0.000	-158.165
468.000	122.887	38.382	0.000	-178.201
470.000	122.849	37.332	0.000	166.512
472.000	123.036	36.940	0.000	149.111
474.000	123.035	35.913	0.000	143.251
476.000	122.759	33.234	0.000	128.108
478.000	122.956	33.194	0.000	111.608
480.000	123.072	32.612	0.000	111.204
482.000	122.899	30.127	0.000	102.322
484.000	122.811	29.207	0.000	89.158
486.000	123.005	28.871	0.000	85.155
488.000	123.036	27.778	0.000	81.443
490.000	122.841	26.450	0.000	73.999
492.000	122.873	25.820	0.000	68.019
494.000	123.003	25.574	0.000	62.304
496.000	123.027	25.070	0.000	64.923
498.000	122.796	23.577	0.000	58.180
500.000	122.894	23.228	0.000	50.089
502.000	123.105	23.548	0.000	52.804
504.000	122.884	21.986	0.000	52.997
506.000	122.811	21.377	0.000	42.548
508.000	123.001	22.081	0.000	41.848
510.000	123.015	21.164	0.000	43.722
512.000	122.856	20.573	0.000	33.668
514.000	122.856	20.070	0.000	28.493
516.000	123.002	19.674	0.000	28.071
518.000	123.022	19.836	0.000	29.641
520.000	122.781	18.465	0.000	27.284
522.000	122.908	19.456	0.000	16.807
524.000	123.097	19.448	0.000	24.876
526.000	122.855	17.634	0.000	21.988
528.000	122.836	17.615	0.000	7.978
530.000	122.982	17.591	0.000	14.163
532.000	123.017	17.691	0.000	9.556
534.000	122.834	16.252	0.000	14.133
536.000	122.861	15.995	0.000	7.716
538.000	123.031	17.476	0.000	3.482
540.000	122.959	16.969	0.000	11.784
542.000	122.801	15.736	0.000	12.798
544.000	122.910	15.481	0.000	-0.620
546.000	123.098	15.852	0.000	3.931
548.000	122.815	14.590	0.000	3.140
550.000	122.849	15.237	0.000	-6.280
552.000	123.025	15.781	0.000	-5.330
554.000	122.948	14.525	0.000	-8.972
556.000	122.848	13.651	0.000	-12.455
558.000	122.858	13.698	0.000	-14.123
560.000	123.059	14.470	0.000	-4.974
562.000	122.911	14.397	0.000	-5.683
564.000	122.778	13.818	0.000	-9.078
566.000	122.993	13.903	0.000	0.392
568.000	123.022	14.270	0.000	2.211
570.000	122.791	13.770	0.000	-6.327
572.000	122.885	12.854	0.000	-1.957
574.000	123.025	12.522	0.000	-13.407
576.000	122.915	13.383	0.000	-4.849
578.000	122.813	13.631	0.000	0.264
580.000	122.925	13.062	0.000	-12.783
582.000	123.037	13.476	0.000	-5.820
584.000	122.837	12.385	0.000	-7.419
586.000	122.819	12.613	0.000	-12.368
588.000	123.034	12.808	0.000	0.937
590.000	122.955	12.594	0.000	3.373
592.000	122.757	12.307	0.000	1.045
594.000	122.973	12.281	0.000	-3.012
596.000	122.987	13.003	0.000	6.016
598.000	122.860	14.087	0.000	5.265
600.000	122.832	12.912	0.000	19.846
602.000	122.971	13.244	0.000	3.950
604.000	123.006	13.614	0.000	12.703
606.000	122.747	13.160	0.000	5.237
608.000	122.936	12.792	0.000	6.893
610.000	123.024	13.155	0.000	26.679
612.000	122.838	12.352	0.000	22.003
614.000	122.818	12.827	0.000	14.184
616.000	123.008	12.953	0.000	12.391
618.000	122.938	12.947	0.000	21.352
620.000	122.803	13.345	0.000	17.643
622.000	122.896	13.260	0.000	16.995
624.000	123.009	13.477	0.000	12.468
626.000	122.877	12.702	0.000	29.414
628.000	122.774	12.957	0.000	21.427
630.000	123.028	13.783	0.000	21.802
632.000	122.942	13.621	0.000	32.901
634.000	122.768	13.133	0.000	16.844
636.000	122.930	13.799	0.000	8.076
638.000	122.993	13.082	0.000	11.412
640.000	122.840	12.114	0.000	21.993
642.000	122.830	12.947	0.000	24.359
644.000	122.960	13.430	0.000	14.284
646.000	122.981	14.151	0.000	26.301
648.000	122.743	14.099	0.000	27.174
650.000	122.934	15.868	0.000	17.677
652.000	123.015	14.730	0.000	25.485
654.000	122.800	13.509	0.000	27.504
656.000	122.841	14.661	0.000	22.471
658.000	122.987	14.263	0.000	17.012
660.000	122.917	14.931	0.000	19.234
662.000	122.778	15.381	0.000	21.038
664.000	122.928	15.605	0.000	15.445
666.000	122.978	14.990	0.000	19.730
668.000	122.833	14.859	0.000	23.683
670.000	122.796	15.115	0.000	16.181
672.000	123.051	15.472	0.000	19.465
674.000	122.857	14.888	0.000	26.928
676.000	122.789	15.355	0.000	15.337
678.000	122.959	17.216	0.000	16.608
680.000	122.941	17.017	0.000	14.811
682.000	122.808	17.413	0.000	10.047
684.000	122.849	16.662	0.000	11.973
686.000	122.995	16.786	0.000	7.533
688.000	122.871	16.781	0.000	14.305
690.000	122.759	17.551	0.000	3.170
692.000	123.000	18.469	0.000	6.072
694.000	122.924	17.495	0.000	5.885
696.000	122.763	17.702	0.000	1.217
698.000	122.917	17.752	0.000	2.983
700.000	122.959	17.760	0.000	5.563
702.000	122.831	17.350	0.000	11.629
704.000	122.808	17.876	0.000	6.565
706.000	122.986	18.541	0.000	8.513
708.000	122.890	17.971	0.000	9.349
710.000	122.770	16.661	0.000	3.971
712.000	122.922	18.355	0.000	5.534
714.000	122.992	18.237	0.000	13.900
716.000	122.733	17.311	0.000	7.933
718.000	122.913	18.753	0.000	9.522
720.000	122.941	18.930	0.000	14.968
722.000	122.856	18.229	0.000	14.265
724.000	122.785	18.816	0.000	14.725
726.000	122.961	19.867	0.000	12.987
728.000	122.923	19.942	0.000	18.678
730.000	122.747	19.464	0.000	15.236
732.000	122.912	21.361	0.000	15.091
734.000	122.974	21.886	0.000	24.183
736.000	122.760	20.904	0.000	15.842
738.000	122.863	21.655	0.000	14.809
740.000	122.961	21.703	0.000	16.256
742.000	122.844	22.422	0.000	19.520
744.000	122.784	22.921	0.000	15.570
746.000	122.941	24.454	0.000	16.596
748.000	122.924	24.619	0.000	21.508
750.000	122.749	24.226	0.000	17.321
752.000	122.891	25.561	0.000	14.096
754.000	122.976	26.254	0.000	20.357
756.000	122.756	25.674	0.000	15.430
758.000	122.856	27.560	0.000	14.613
760.000	122.962	27.786	0.000	18.648
762.000	122.827	27.659	0.000	13.596
764.000	122.795	28.055	0.000	12.406
766.000	122.918	29.550	0.000	9.856
768.000	122.939	30.208	0.000	15.779
770.000	122.719	29.795	0.000	8.324
772.000	122.921	31.795	0.000	7.853
774.000	122.938	31.820	0.000	12.423
776.000	122.765	31.911	0.000	5.543
778.000	122.841	33.385	0.000	4.985
780.000	122.963	33.838	0.000	6.854
782.000	122.808	33.910	0.000	4.109
784.000	122.794	34.700	0.000	0.270
786.000	122.927	36.111	0.000	-0.071
788.000	122.901	36.371	0.000	3.012
790.000	122.728	36.678	0.000	-4.212
792.000	122.922	38.714	0.000	-5.025
794.000	122.927	38.963	0.000	-0.596
796.000	122.737	39.259	0.000	-8.903
798.000	122.877	41.341	0.000	-9.937
800.000	122.931	41.806	0.000	-8.158
802.000	122.794	42.723	0.000	-14.285
804.000	122.799	43.945	0.000	-17.007
806.000	122.940	46.059	0.000	-21.290
808.000	122.862	46.783	0.000	-19.954
810.000	122.728	48.298	0.000	-36.210
812.000	122.960	50.925	0.000	-37.686
814.000	122.866	51.020	0.000	-45.482
816.000	122.747	52.619	0.000	-65.341
818.000	122.892	53.948	0.000	-76.865
820.000	122.913	54.205	0.000	-90.620
822.000	122.763	53.582	0.000	-107.544
824.000	122.828	53.502	0.000	-124.715
826.000	122.941	53.045	0.000	-132.334
828.000	122.799	51.345	0.000	-139.874
830.000	122.767	50.476	0.000	-151.778
832.000	122.966	50.807	0.000	-151.510
834.000	122.813	49.259	0.000	-152.996
836.000	122.756	49.349	0.000	-165.660
838.000	122.933	49.500	0.000	-164.579
840.000	122.845	48.295	0.000	-170.731
842.000	122.769	47.901	0.000	-175.513
844.000	122.850	47.734	0.000	179.014
846.000	122.940	47.915	0.000	179.635
848.000	122.721	46.256	0.000	173.118
850.000	122.857	46.714	0.000	162.979
852.000	122.931	45.732	0.000	167.761
854.000	122.757	43.215	0.000	163.034
856.000	122.801	42.757	0.000	167.182
858.000	122.938	42.236	0.000	-179.388
860.000	122.788	42.420	0.000	-168.742
862.000	122.779	44.115	0.000	-164.728
864.000	122.898	46.441	0.000	-162.431
866.000	122.867	47.292	0.000	-162.431
868.000	122.709	48.238	0.000	-174.257
870.000	122.928	50.235	0.000	-177.745
872.000	122.860	50.229	0.000	-178.704
874.000	122.729	50.796	0.000	167.393
876.000	122.876	52.532	0.000	164.373
878.000	122.885	52.533	0.000	158.581
880.000	122.749	53.306	0.000	146.444
882.000	122.821	53.889	0.000	135.506
884.000	122.917	54.895	0.000	125.505
886.000	122.764	53.798	0.000	117.224
888.000	122.781	54.024	0.000	95.623
890.000	122.951	53.720	0.000	96.035
892.000	122.752	51.496	0.000	83.889
894.000	122.782	51.372	0.000	75.996
896.000	122.907	50.921	0.000	73.409
898.000	122.810	49.984	0.000	68.530
900.000	122.748	49.387	0.000	57.775
902.000	122.888	49.308	0.000	52.039
904.000	122.854	48.221	0.000	47.547
906.000	122.710	46.545	0.000	35.047
908.000	122.896	46.376	0.000	24.086
910.000	122.864	44.231	0.000	21.287
912.000	122.715	40.149	0.000	-1.461
914.000	122.866	36.383	0.000	-22.037
916.000	122.866	32.998	0.000	-147.739
918.000	122.743	38.683	0.000	160.958
920.000	122.810	43.370	0.000	140.934
922.000	122.903	46.472	0.000	129.442
924.000	122.743	47.240	0.000	115.568
926.000	122.788	49.522	0.000	93.740
928.000	122.924	50.200	0.000	90.987
930.000	122.735	49.218	0.000	72.282
932.000	122.789	49.956	0.000	60.908
934.000	122.892	49.468	0.000	53.969
936.000	122.777	48.684	0.000	45.838
938.000	122.756	48.065	0.000	34.608
940.000	122.883	48.096	0.000	30.513
942.000	122.814	46.820	0.000	27.062
944.000	122.713	45.943	0.000	16.353
946.000	122.911	46.259	0.000	12.762
948.000	122.799	44.651	0.000	11.493
950.000	122.730	43.520	0.000	-3.739
952.000	122.875	43.017	0.000	-5.258
954.000	122.821	40.253	0.000	-15.162
956.000	122.732	37.277	0.000	-28.341
958.000	122.834	31.637	0.000	-49.212
960.000	122.871	30.965	0.000	152.150
962.000	122.696	38.053	0.000	114.505
964.000	122.856	43.009	0.000	101.378
966.000	122.854	43.981	0.000	92.794
968.000	122.719	44.975	0.000	69.661
970.000	122.819	45.703	0.000	59.766
972.000	122.868	45.010	0.000	51.824
974.000	122.721	43.447	0.000	44.226
976.000	122.805	42.270	0.000	42.005
978.000	122.867	41.278	0.000	53.329
980.000	122.742	40.434	0.000	68.331
982.000	122.768	42.865	0.000	79.688
984.000	122.908	44.876	0.000	91.471
986.000	122.708	46.307	0.000	87.447
988.000	122.795	49.222	0.000	84.720
990.000	122.862	50.479	0.000	83.762
992.000	122.751	51.776	0.000	74.214
994.000	122.755	53.119	0.000	65.574
996.000	122.876	54.608	0.000	58.076
998.000	122.762	54.440	0.000	53.942
1000.000	122.727	55.234	0.000	37.441
1002.000	122.909	56.089	0.000	40.004
1004.000	122.731	54.981	0.000	31.574
1006.000	122.757	55.919	0.000	26.210
1008.000	122.863	56.236	0.000	25.203
1010.000	122.769	56.371	0.000	22.690
1012.000	122.730	56.983	0.000	14.782
1014.000	122.866	58.054	0.000	13.425
1016.000	122.781	57.915	0.000	10.218
1018.000	122.703	58.359	0.000	0.506
1020.000	122.895	59.833	0.000	-0.729
1022.000	122.755	59.163	0.000	-2.833
1024.000	122.731	60.261	0.000	-13.851
1026.000	122.859	60.751	0.000	-12.379
1028.000	122.774	60.872	0.000	-19.511
1030.000	122.721	61.406	0.000	-24.742
1032.000	122.847	62.660	0.000	-30.863
1034.000	122.796	62.838	0.000	-31.571
1036.000	122.692	63.343	0.000	-45.893
1038.000	122.881	64.941	0.000	-47.919
1040.000	122.760	64.279	0.000	-54.876
1042.000	122.722	65.259	0.000	-69.044
1044.000	122.848	65.695	0.000	-73.789
1046.000	122.778	65.474	0.000	-83.179
1048.000	122.717	65.351	0.000	-94.800
1050.000	122.835	65.896	0.000	-102.964
1052.000	122.799	65.171	0.000	-106.976
1054.000	122.688	64.635	0.000	-119.905
1056.000	122.870	65.321	0.000	-124.240
1058.000	122.764	64.204	0.000	-126.772
1060.000	122.716	64.100	0.000	-139.648
1062.000	122.841	64.373	0.000	-139.076
1064.000	122.774	63.508	0.000	-145.776
1066.000	122.714	63.500	0.000	-151.429
1068.000	122.824	63.856	0.000	-158.082
1070.000	122.801	63.748	0.000	-157.802
1072.000	122.679	63.249	0.000	-171.556
1074.000	122.869	64.301	0.000	-172.899
1076.000	122.753	62.908	0.000	-178.951
1078.000	122.717	63.047	0.000	169.772
1080.000	122.832	62.836	0.000	165.878
1082.000	122.771	62.063	0.000	160.331
1084.000	122.706	61.355	0.000	151.360
1086.000	122.832	61.334	0.000	147.914
1088.000	122.778	60.310	0.000	146.295
1090.000	122.684	59.484	0.000	138.173
1092.000	122.867	60.030	0.000	138.319
1094.000	122.738	58.624	0.000	138.211
1096.000	122.720	58.808	0.000	130.560
1098.000	122.836	58.668	0.000	133.583
1100.000	122.746	58.136	0.000	129.225
1102.000	122.713	58.168	0.000	125.592
1104.000	122.838	58.741	0.000	121.996
1106.000	122.746	58.157	0.000	121.605
1108.000	122.706	58.126	0.000	109.784
1110.000	122.858	58.714	0.000	112.321
1112.000	122.712	57.326	0.000	106.335
1114.000	122.734	57.937	0.000	100.493
1116.000	122.834	57.712	0.000	99.499
1118.000	122.719	57.334	0.000	94.782
1120.000	122.732	57.351	0.000	86.381
1122.000	122.832	57.700	0.000	84.667
1124.000	122.716	56.626	0.000	79.165
1126.000	122.733	56.709	0.000	69.171
1128.000	122.842	56.776	0.000	69.049
1130.000	122.689	55.235	0.000	62.175
1132.000	122.760	55.667	0.000	55.373
1134.000	122.815	54.621	0.000	56.167
1136.000	122.706	53.820	0.000	49.995
1138.000	122.739	53.246	0.000	46.698
1140.000	122.839	53.401	0.000	47.510
1142.000	122.673	51.906	0.000	45.519
1144.000	122.782	52.559	0.000	40.512
1146.000	122.805	51.710	0.000	44.983
1148.000	122.680	50.936	0.000	38.244
1150.000	122.783	51.272	0.000	39.596
1152.000	122.794	50.785	0.000	40.532
1154.000	122.683	50.571	0.000	37.909
1156.000	122.780	51.215	0.000	35.866
1158.000	122.799	51.269	0.000	37.156
1160.000	122.659	50.928	0.000	29.380
1162.000	122.821	51.982	0.000	26.294
1164.000	122.756	51.252	0.000	25.664
1166.000	122.683	51.278	0.000	14.836
1168.000	122.818	51.625	0.000	15.526
1170.000	122.736	50.894	0.000	9.377
1172.000	122.699	50.952	0.000	3.872
1174.000	122.811	51.206	0.000	-1.953
1176.000	122.736	50.682	0.000	-3.154
1178.000	122.696	50.339	0.000	-16.551
1180.000	122.828	50.625	0.000	-15.578
1182.000	122.700	48.881	0.000	-23.893
1184.000	122.726	48.885	0.000	-31.366
1186.000	122.806	47.888	0.000	-33.967
1188.000	122.705	46.554	0.000	-38.066
1190.000	122.719	45.608	0.000	-43.158
1192.000	122.821	44.928	0.000	-39.331
1194.000	122.677	43.391	0.000	-38.437
1196.000	122.748	43.691	0.000	-39.163
1198.000	122.811	43.808	0.000	-33.440
1200.000	122.654	43.004	0.000	-41.292
1202.000	122.793	43.691	0.000	-42.723
1204.000	122.762	42.174	0.000	-45.635
1206.000	122.684	41.102	0.000	-49.008
1208.000	122.774	40.069	0.000	-47.861
1210.000	122.779	39.227	0.000	-37.600
1212.000	122.657	38.500	0.000	-33.436
1214.000	122.815	39.807	0.000	-23.081
1216.000	122.726	39.744	0.000	-18.308
1218.000	122.688	41.341	0.000	-20.467
1220.000	122.812	42.219	0.000	-17.970
1222.000	122.705	42.675	0.000	-21.585
1224.000	122.705	43.624	0.000	-26.911
1226.000	122.811	44.782	0.000	-28.270
1228.000	122.687	44.647	0.000	-33.546
1230.000	122.726	45.857	0.000	-42.186
1232.000	122.805	46.493	0.000	-43.547
1234.000	122.664	46.467	0.000	-54.524
1236.000	122.768	47.859	0.000	-61.618
1238.000	122.761	47.547	0.000	-69.205
1240.000	122.688	47.960	0.000	-81.610
1242.000	122.753	48.098	0.000	-94.900
1244.000	122.777	48.199	0.000	-102.194
1246.000	122.656	47.032	0.000	-120.701
1248.000	122.800	47.348	0.000	-130.645
1250.000	122.727	45.381	0.000	-141.326
1252.000	122.685	44.345	0.000	-159.204
1254.000	122.796	42.953	0.000	-168.540
1256.000	122.708	40.644	0.000	177.556
1258.000	122.694	37.951	0.000	159.945
1260.000	122.808	34.900	0.000	145.852
1262.000	122.675	29.331	0.000	125.482
1264.000	122.726	24.086	0.000	17.144
1266.000	122.802	28.080	0.000	-40.705
1268.000	122.647	32.050	0.000	-72.764
1270.000	122.784	34.973	0.000	-83.825
1272.000	122.740	35.476	0.000	-98.099
1274.000	122.679	36.177	0.000	-111.531
1276.000	122.775	36.844	0.000	-125.046
1278.000	122.736	36.703	0.000	-132.183
1280.000	122.673	36.420	0.000	-149.517
1282.000	122.797	37.003	0.000	-155.788
1284.000	122.698	35.764	0.000	-167.387
1286.000	122.709	35.872	0.000	178.102
1288.000	122.778	35.222	0.000	169.235
1290.000	122.692	34.630	0.000	156.200
1292.000	122.713	34.628	0.000	139.763
1294.000	122.789	34.612	0.000	129.320
1296.000	122.657	33.937	0.000	109.666
1298.000	122.758	34.846	0.000	91.867
1300.000	122.760	34.937	0.000	79.858
1302.000	122.658	35.238	0.000	54.464
1304.000	122.784	36.154	0.000	43.541
1306.000	122.717	35.980	0.000	24.123
1308.000	122.680	36.174	0.000	8.373
1310.000	122.788	36.899	0.000	-7.560
1312.000	122.692	36.219	0.000	-18.131
1314.000	122.706	36.286	0.000	-37.610
1316.000	122.786	35.770	0.000	-40.293
1318.000	122.666	34.319	0.000	-53.707
1320.000	122.740	33.970	0.000	-57.956
1322.000	122.760	32.928	0.000	-60.331
1324.000	122.664	32.136	0.000	-61.784
1326.000	122.759	32.167	0.000	-60.789
1328.000	122.743	31.747	0.000	-57.348
1330.000	122.652	31.812	0.000	-59.181
1332.000	122.809	32.802	0.000	-55.086
1334.000	122.676	32.478	0.000	-54.433
1336.000	122.712	33.838	0.000	-56.503
1338.000	122.773	33.983	0.000	-54.217
1340.000	122.671	34.441	0.000	-57.584
1342.000	122.730	35.350	0.000	-59.428
1344.000	122.767	36.268	0.000	-57.693
1346.000	122.647	36.388	0.000	-62.554
1348.000	122.784	38.126	0.000	-62.764
1350.000	122.708	37.898	0.000	-63.769
1352.000	122.684	39.267	0.000	-69.606
1354.000	122.774	40.078	0.000	-69.319
1356.000	122.691	40.729	0.000	-73.845
1358.000	122.698	42.084	0.000	-80.960
1360.000	122.782	43.123	0.000	-82.671
1362.000	122.657	43.569	0.000	-91.284
1364.000	122.745	45.251	0.000	-99.937
1366.000	122.750	45.701	0.000	-103.385
1368.000	122.652	46.497	0.000	-119.468
1370.000	122.784	47.354	0.000	-123.852
1372.000	122.698	47.195	0.000	-136.726
1374.000	122.684	47.501	0.000	-146.905
1376.000	122.790	47.957	0.000	-156.165
1378.000	122.661	47.175	0.000	-163.708
1380.000	122.737	47.644	0.000	-176.304
1382.000	122.751	47.183	0.000	-178.582
1384.000	122.662	46.733	0.000	168.889
1386.000	122.761	46.980	0.000	164.371
1388.000	122.718	46.480	0.000	157.453
1390.000	122.677	46.277	0.000	149.294
1392.000	122.768	46.659	0.000	143.282
1394.000	122.696	46.031	0.000	138.511
1396.000	122.693	46.252	0.000	127.513
1398.000	122.783	46.495	0.000	124.269
1400.000	122.646	45.869	0.000	112.744
1402.000	122.758	46.595	0.000	104.999
1404.000	122.730	45.821	0.000	96.536
1406.000	122.663	45.458	0.000	84.958
1408.000	122.777	45.323	0.000	74.091
1410.000	122.694	44.306	0.000	68.951
1412.000	122.692	43.447	0.000	53.382
1414.000	122.776	42.858	0.000	51.614
1416.000	122.660	41.023	0.000	39.900
1418.000	122.741	40.514	0.000	34.244
1420.000	122.738	39.262	0.000	29.834
1422.000	122.667	37.965	0.000	23.699
1424.000	122.759	37.446	0.000	19.051
1426.000	122.716	36.180	0.000	17.111
1428.000	122.667	35.127	0.000	10.242
1430.000	122.798	34.779	0.000	10.523
1432.000	122.651	33.076	0.000	5.584
1434.000	122.741	32.987	0.000	2.644
1436.000	122.744	31.756	0.000	1.765
1438.000	122.656	30.870	0.000	-2.037
1440.000	122.771	30.383	0.000	-4.971
1442.000	122.702	29.431	0.000	-4.087
1444.000	122.684	28.700	0.000	-11.495
1446.000	122.778	28.384	0.000	-8.463
1448.000	122.659	27.120	0.000	-13.042
1450.000	122.738	26.944	0.000	-14.316
1452.000	122.737	25.936	0.000	-15.868
1454.000	122.668	25.073	0.000	-17.854
1456.000	122.756	24.802	0.000	-18.890
1458.000	122.712	23.914	0.000	-18.315
1460.000	122.676	23.611	0.000	-22.807
1462.000	122.785	23.613	0.000	-22.949
1464.000	122.654	22.883	0.000	-24.202
1466.000	122.744	22.412	0.000	-22.863
1468.000	122.730	21.664	0.000	-24.817
1470.000	122.672	21.097	0.000	-26.262
1472.000	122.759	20.782	0.000	-25.127
1474.000	122.700	20.230	0.000	-24.223
1476.000	122.702	20.030	0.000	-33.719
1478.000	122.760	20.076	0.000	-28.441
1480.000	122.670	19.151	0.000	-33.349
1482.000	122.737	18.847	0.000	-30.837
1484.000	122.732	18.923	0.000	-33.057
1486.000	122.671	18.317	0.000	-36.630
1488.000	122.765	18.111	0.000	-40.752
1490.000	122.690	17.505	0.000	-38.681
1492.000	122.705	17.106	0.000	-36.816
1494.000	122.764	16.964	0.000	-39.716
1496.000	122.656	16.507	0.000	-45.319
1498.000	122.762	16.759	0.000	-37.676
1500.000	122.706	16.662	0.000	-42.018
1502.000	122.686	16.390	0.000	-44.394
1504.000	122.768	16.249	0.000	-48.522
1506.000	122.674	15.818	0.000	-50.742
1508.000	122.728	16.332	0.000	-55.810
1510.000	122.746	15.851	0.000	-58.924
1512.000	122.663	15.493	0.000	-64.836
1514.000	122.765	15.259	0.000	-66.129
1516.000	122.701	14.995	0.000	-63.067
1518.000	122.690	15.170	0.000	-68.587
1520.000	122.778	15.374	0.000	-70.706
1522.000	122.651	14.815	0.000	-70.393
1524.000	122.762	14.784	0.000	-76.134
1526.000	122.708	14.582	0.000	-71.972
1528.000	122.701	14.516	0.000	-71.918
1530.000	122.751	14.039	0.000	-75.836
1532.000	122.694	14.025	0.000	-87.340
1534.000	122.716	14.037	0.000	-86.370
1536.000	122.753	14.544	0.000	-91.928
1538.000	122.665	14.110	0.000	-96.493
1540.000	122.768	14.229	0.000	-102.189
1542.000	122.695	14.357	0.000	-100.209
1544.000	122.705	14.366	0.000	-105.053
1546.000	122.760	13.553	0.000	-105.514
1548.000	122.665	13.172	0.000	-104.474
1550.000	122.755	13.015	0.000	-108.434
1552.000	122.717	13.272	0.000	-112.106
1554.000	122.686	13.688	0.000	-116.153
1556.000	122.774	13.409	0.000	-122.729
1558.000	122.670	12.564	0.000	-116.207
1560.000	122.740	12.503	0.000	-110.406
1562.000	122.734	12.751	0.000	-122.353
1564.000	122.676	12.316	0.000	-129.833
1566.000	122.767	12.464	0.000	-130.942
1568.000	122.689	12.211	0.000	-134.788
1570.000	122.720	12.472	0.000	-143.010
1572.000	122.756	12.159	0.000	-134.895
1574.000	122.667	12.498	0.000	-144.963
1576.000	122.767	12.957	0.000	-134.551
1578.000	122.696	12.936	0.000	-139.421
1580.000	122.709	13.017	0.000	-150.368
1582.000	122.760	13.510	0.000	-145.882
1584.000	122.672	13.332	0.000	-147.175
1586.000	122.758	13.716	0.000	-149.928
1588.000	122.714	12.324	0.000	-156.445
1590.000	122.696	12.738	0.000	-166.622
1592.000	122.766	12.341	0.000	-158.652
1594.000	122.677	11.199	0.000	-154.775
1596.000	122.747	12.535	0.000	-165.632
1598.000	122.730	11.991	0.000	-171.661
1600.000	122.689	12.202	0.000	-165.931
1602.000	122.768	12.500	0.000	-158.596
1604.000	122.683	12.223	0.000	-171.230
1606.000	122.740	12.029	0.000	-167.777
1608.000	122.735	11.904	0.000	-166.563
1610.000	122.685	11.472	0.000	-163.245
1612.000	122.766	12.448	0.000	-178.063
1614.000	122.699	11.616	0.000	169.118
1616.000	122.717	11.212	0.000	-179.326
1618.000	122.764	11.723	0.000	169.276
1620.000	122.664	12.053	0.000	167.228
1622.000	122.782	11.497	0.000	171.549
1624.000	122.689	10.612	0.000	158.261
1626.000	122.724	11.352	0.000	158.051
1628.000	122.758	11.924	0.000	159.395
1630.000	122.676	11.671	0.000	169.904
1632.000	122.767	11.745	0.000	144.565
1634.000	122.708	11.092	0.000	145.134
1636.000	122.710	10.595	0.000	151.001
1638.000	122.767	11.619	0.000	147.368
1640.000	122.669	11.872	0.000	139.209
1642.000	122.773	11.822	0.000	151.332
1644.000	122.704	11.489	0.000	137.338
1646.000	122.716	10.102	0.000	116.710
1648.000	122.766	8.933	0.000	143.827
1650.000	122.682	9.394	0.000	154.924
1652.000	122.759	9.797	0.000	137.211
1654.000	122.719	10.136	0.000	130.123
1656.000	122.705	9.843	0.000	145.686
1658.000	122.773	9.647	0.000	154.230
1660.000	122.671	10.284	0.000	145.811
1662.000	122.774	10.667	0.000	169.535
1664.000	122.710	10.620	0.000	157.605
1666.000	122.715	10.390	0.000	111.135
1668.000	122.761	9.738	0.000	101.968
1670.000	122.688	9.555	0.000	134.530
1672.000	122.755	10.508	0.000	147.872
1674.000	122.725	9.403	0.000	108.212
1676.000	122.707	10.495	0.000	99.335
1678.000	122.774	10.453	0.000	100.412
1680.000	122.674	10.590	0.000	96.588
1682.000	122.774	9.778	0.000	140.189
1684.000	122.717	10.470	0.000	136.677
1686.000	122.706	9.847	0.000	101.970
1688.000	122.787	9.515	0.000	78.035
1690.000	122.668	9.288	0.000	104.887
1692.000	122.784	10.826	0.000	101.621
1694.000	122.701	11.015	0.000	106.307
1696.000	122.736	10.642	0.000	109.401
1698.000	122.748	9.213	0.000	92.411
1700.000	122.703	10.194	0.000	101.220
1702.000	122.755	10.418	0.000	97.759
1704.000	122.727	9.771	0.000	81.246
1706.000	122.713	10.830	0.000	92.568
1708.000	122.776	9.516	0.000	78.541
1710.000	122.677	9.001	0.000	89.778
1712.000	122.784	10.093	0.000	70.726
1714.000	122.701	10.301	0.000	73.085
1716.000	122.738	10.226	0.000	108.294
1718.000	122.754	9.817	0.000	107.301
1720.000	122.694	9.937	0.000	71.328
1722.000	122.776	10.837	0.000	64.207
1724.000	122.709	9.685	0.000	86.141
1726.000	122.732	9.253	0.000	73.753
1728.000	122.765	10.154	0.000	59.822
1730.000	122.683	10.135	0.000	65.751
1732.000	122.789	9.652	0.000	73.405
1734.000	122.688	9.291	0.000	61.296
1736.000	122.768	9.106	0.000	-28.728
1738.000	122.727	9.608	0.000	14.413
1740.000	122.723	7.746	0.000	70.012
1742.000	122.763	8.902	0.000	20.319
1744.000	122.705	9.653	0.000	-30.643
1746.000	122.754	9.104	0.000	75.542
1748.000	122.738	9.606	0.000	56.685
1750.000	122.716	9.150	0.000	46.499
1752.000	122.773	9.249	0.000	-84.289
1754.000	122.696	7.675	0.000	-28.127
1756.000	122.768	8.601	0.000	30.361
1758.000	122.728	8.889	0.000	4.550
1760.000	122.718	9.278	0.000	35.160
1762.000	122.780	9.112	0.000	175.550
1764.000	122.688	10.043	0.000	-169.709
1766.000	122.789	9.924	0.000	179.498
1768.000	122.696	9.584	0.000	55.550
1770.000	122.763	10.136	0.000	85.904
1772.000	122.740	9.865	0.000	80.334
1774.000	122.716	9.336	0.000	92.870
1776.000	122.777	9.132	0.000	79.279
1778.000	122.705	8.014	0.000	89.192
1780.000	122.759	8.767	0.000	91.077
1782.000	122.746	8.990	0.000	3.190
1784.000	122.710	9.325	0.000	9.757
1786.000	122.784	9.132	0.000	118.227
1788.000	122.690	9.445	0.000	142.341
1790.000	122.782	9.960	0.000	67.360
1792.000	122.716	9.911	0.000	61.456
1794.000	122.747	9.231	0.000	82.866
1796.000	122.754	8.915	0.000	127.856
1798.000	122.724	8.933	0.000	67.379
1800.000	122.758	8.566	0.000	35.864
1802.000	122.734	9.237	0.000	136.773
1804.000	122.735	9.729	0.000	63.649
1806.000	122.766	10.560	0.000	38.847
1808.000	122.700	9.373	0.000	-45.712
1810.000	122.796	10.106	0.000	-124.631
1812.000	122.695	9.059	0.000	-2.566
1814.000	122.772	9.713	0.000	42.047
1816.000	122.735	10.094	0.000	3.797
1818.000	122.727	9.611	0.000	-5.995
1820.000	122.782	9.446	0.000	-19.252
1822.000	122.694	9.717	0.000	-39.901
1824.000	122.793	9.278	0.000	-69.624
1826.000	122.703	10.247	0.000	-35.550
1828.000	122.775	8.785	0.000	27.687
1830.000	122.732	7.608	0.000	-23.082
1832.000	122.737	8.740	0.000	-38.784
1834.000	122.769	9.196	0.000	-8.134
1836.000	122.724	9.781	0.000	-9.350
1838.000	122.761	10.176	0.000	-28.456
1840.000	122.745	10.532	0.000	-18.696
1842.000	122.729	9.302	0.000	1.393
1844.000	122.779	9.382	0.000	-30.857
1846.000	122.703	11.378	0.000	-50.139
1848.000	122.787	11.363	0.000	-32.490
1850.000	122.718	11.233	0.000	-61.601
1852.000	122.758	11.449	0.000	-40.702
1854.000	122.756	10.118	0.000	-17.003
1856.000	122.722	10.439	0.000	-34.755
1858.000	122.784	10.681	0.000	-52.555
1860.000	122.706	11.178	0.000	-62.203
1862.000	122.784	11.708	0.000	-76.110
1864.000	122.719	12.583	0.000	-75.389
1866.000	122.767	12.631	0.000	-80.068
1868.000	122.747	12.118	0.000	-85.934
1870.000	122.736	12.372	0.000	-77.399
1872.000	122.768	13.727	0.000	-76.245
1874.000	122.727	13.719	0.000	-78.579
1876.000	122.765	14.338	0.000	-92.860
1878.000	122.746	14.928	0.000	-93.192
1880.000	122.736	14.645	0.000	-100.900
1882.000	122.775	15.811	0.000	-108.256
1884.000	122.726	15.427	0.000	-113.361
1886.000	122.767	15.950	0.000	-116.763
1888.000	122.745	16.880	0.000	-124.255
1890.000	122.738	17.455	0.000	-129.669
1892.000	122.783	17.900	0.000	-138.337
1894.000	122.710	18.785	0.000	-149.592
1896.000	122.798	18.643	0.000	-153.787
1898.000	122.699	18.698	0.000	-161.692
1900.000	122.799	19.792	0.000	-169.022
1902.000	122.721	19.901	0.000	-179.655
1904.000	122.763	19.870	0.000	176.003
1906.000	122.762	19.671	0.000	170.492
1908.000	122.721	20.259	0.000	161.802
1910.000	122.803	20.088	0.000	155.513
1912.000	122.696	19.635	0.000	144.664
1914.000	122.803	19.703	0.000	140.043
1916.000	122.715	19.090	0.000	131.649
1918.000	122.773	19.708	0.000	125.237
1920.000	122.754	20.127	0.000	124.101
1922.000	122.735	19.917	0.000	118.419
1924.000	122.781	19.583	0.000	118.817
1926.000	122.723	19.215	0.000	109.387
1928.000	122.785	19.430	0.000	103.631
1930.000	122.726	19.360	0.000	97.807
1932.000	122.769	19.813	0.000	90.866
1934.000	122.751	20.026	0.000	86.606
1936.000	122.748	20.139	0.000	73.801
1938.000	122.773	20.156	0.000	66.735
1940.000	122.730	19.859	0.000	53.889
1942.000	122.774	19.278	0.000	49.721
1944.000	122.742	18.930	0.000	38.123
1946.000	122.758	18.947	0.000	26.898
1948.000	122.762	17.927	0.000	18.362
1950.000	122.738	17.354	0.000	3.774
1952.000	122.778	16.522	0.000	-1.836
1954.000	122.736	15.171	0.000	-18.350
1956.000	122.767	14.620	0.000	-29.457
1958.000	122.750	13.976	0.000	-41.134
1960.000	122.748	12.453	0.000	-55.869
1962.000	122.776	10.496	0.000	-78.731
1964.000	122.730	8.569	0.000	-169.572
1966.000	122.784	10.642	0.000	112.363
1968.000	122.729	11.323	0.000	97.719
1970.000	122.779	11.395	0.000	85.783
1972.000	122.745	13.172	0.000	80.605
1974.000	122.759	13.575	0.000	56.961
1976.000	122.762	13.585	0.000	48.497
1978.000	122.741	13.416	0.000	44.361
1980.000	122.782	13.627	0.000	38.981
1982.000	122.728	13.385	0.000	24.746
1984.000	122.782	13.443	0.000	15.209
1986.000	122.735	13.576	0.000	13.806
1988.000	122.766	14.006	0.000	10.562
1990.000	122.764	14.125	0.000	10.958
1992.000	122.742	14.910	0.000	5.203
1994.000	122.778	15.215	0.000	-5.416
1996.000	122.733	15.929	0.000	-21.851
1998.000	122.779	15.780	0.000	-27.297
2000.000	122.743	16.479	0.000	-35.749
