2000.000	122.828	16.174	0.000	-108.544
2.000	122.880	16.170	0.000	-106.126
4.000	123.096	17.802	0.000	-104.787
6.000	123.117	17.647	0.000	-100.665
8.000	122.962	16.989	0.000	-92.837
10.000	122.819	16.657	0.000	-99.832
12.000	122.919	17.401	0.000	-105.843
14.000	123.187	18.654	0.000	-100.477
16.000	123.111	18.794	0.000	-99.698
18.000	122.774	17.980	0.000	-104.461
20.000	122.871	19.492	0.000	-111.616
22.000	123.149	19.955	0.000	-107.096
24.000	123.077	19.024	0.000	-103.500
26.000	122.937	18.564	0.000	-109.118
28.000	122.901	19.225	0.000	-112.977
30.000	122.899	19.727	0.000	-113.296
32.000	123.101	20.664	0.000	-114.350
34.000	123.167	20.864	0.000	-108.910
36.000	122.840	20.120	0.000	-111.272
38.000	122.792	20.291	0.000	-116.226
40.000	123.134	21.378	0.000	-117.644
42.000	123.153	21.453	0.000	-113.904
44.000	122.915	20.165	0.000	-111.181
46.000	122.847	20.117	0.000	-119.757
48.000	122.958	21.723	0.000	-119.474
50.000	123.124	22.218	0.000	-116.299
52.000	123.089	21.827	0.000	-111.969
54.000	122.849	20.974	0.000	-113.940
56.000	122.865	21.617	0.000	-120.424
58.000	123.081	22.481	0.000	-121.447
60.000	123.110	22.697	0.000	-119.665
62.000	122.985	22.440	0.000	-117.035
64.000	122.829	21.604	0.000	-121.363
66.000	122.908	22.454	0.000	-126.317
68.000	123.200	23.778	0.000	-120.911
70.000	123.096	23.249	0.000	-119.225
72.000	122.756	22.353	0.000	-125.916
74.000	122.925	23.325	0.000	-128.233
76.000	123.153	23.878	0.000	-123.228
78.000	123.035	23.360	0.000	-122.355
80.000	122.948	23.369	0.000	-124.381
82.000	122.889	23.615	0.000	-126.037
84.000	122.921	23.643	0.000	-128.812
86.000	123.173	24.730	0.000	-127.367
88.000	123.085	24.515	0.000	-120.544
90.000	122.758	22.949	0.000	-124.165
92.000	122.926	23.881	0.000	-133.062
94.000	123.175	25.342	0.000	-127.287
96.000	123.057	24.552	0.000	-122.446
98.000	122.879	23.762	0.000	-127.359
100.000	122.863	24.356	0.000	-131.882
102.000	123.047	25.280	0.000	-128.543
104.000	123.159	25.479	0.000	-125.562
106.000	122.940	24.909	0.000	-128.125
108.000	122.825	24.577	0.000	-132.486
110.000	123.005	25.250	0.000	-132.307
112.000	123.098	26.207	0.000	-128.328
114.000	123.060	26.216	0.000	-125.167
116.000	122.880	25.225	0.000	-128.468
118.000	122.823	25.693	0.000	-134.292
120.000	123.151	27.044	0.000	-132.572
122.000	123.167	26.795	0.000	-127.348
124.000	122.798	25.494	0.000	-129.855
126.000	122.879	26.559	0.000	-138.606
128.000	123.115	27.567	0.000	-133.133
130.000	123.054	27.014	0.000	-128.417
132.000	122.981	26.631	0.000	-131.685
134.000	122.873	26.872	0.000	-134.308
136.000	122.912	26.949	0.000	-133.883
138.000	123.173	27.739	0.000	-134.758
140.000	123.065	27.856	0.000	-129.300
142.000	122.783	26.446	0.000	-132.777
144.000	122.932	27.614	0.000	-140.130
146.000	123.140	28.786	0.000	-133.392
148.000	123.071	28.044	0.000	-128.409
150.000	122.867	27.348	0.000	-132.195
152.000	122.856	27.973	0.000	-134.205
154.000	123.105	28.690	0.000	-131.390
156.000	123.116	28.513	0.000	-130.220
158.000	122.888	28.024	0.000	-130.048
160.000	122.880	28.223	0.000	-133.283
162.000	123.004	29.265	0.000	-133.953
164.000	123.107	29.916	0.000	-129.948
166.000	123.041	29.472	0.000	-126.987
168.000	122.790	29.031	0.000	-130.160
170.000	122.937	29.863	0.000	-135.245
172.000	123.217	31.062	0.000	-129.384
174.000	122.997	30.342	0.000	-124.030
176.000	122.797	29.592	0.000	-131.927
178.000	122.982	31.091	0.000	-134.747
180.000	123.097	31.576	0.000	-128.297
182.000	123.043	31.063	0.000	-128.512
184.000	122.898	31.199	0.000	-130.408
186.000	122.864	31.252	0.000	-130.031
188.000	123.073	32.088	0.000	-132.664
190.000	123.128	32.956	0.000	-127.557
192.000	122.898	31.979	0.000	-124.448
194.000	122.820	32.042	0.000	-135.031
196.000	123.066	33.860	0.000	-133.433
198.000	123.157	33.775	0.000	-126.022
200.000	122.897	32.795	0.000	-129.291
202.000	122.826	33.522	0.000	-133.984
204.000	123.060	34.514	0.000	-131.355
206.000	123.102	34.580	0.000	-130.001
208.000	122.958	34.322	0.000	-129.174
210.000	122.862	34.339	0.000	-131.025
212.000	122.949	35.160	0.000	-133.368
214.000	123.132	35.978	0.000	-130.536
216.000	123.035	35.705	0.000	-128.166
218.000	122.804	35.158	0.000	-131.395
220.000	122.935	36.296	0.000	-136.192
222.000	123.158	37.618	0.000	-131.155
224.000	123.030	37.020	0.000	-125.705
226.000	122.802	36.415	0.000	-134.073
228.000	122.947	38.126	0.000	-135.987
230.000	123.134	38.492	0.000	-129.203
232.000	123.005	37.986	0.000	-130.536
234.000	122.882	38.387	0.000	-132.555
236.000	122.907	38.621	0.000	-133.485
238.000	123.045	39.728	0.000	-135.815
240.000	123.129	40.462	0.000	-129.558
242.000	122.863	39.396	0.000	-128.936
244.000	122.823	40.311	0.000	-139.397
246.000	123.155	42.055	0.000	-134.112
248.000	123.074	41.512	0.000	-128.645
250.000	122.839	41.023	0.000	-134.799
252.000	122.905	42.226	0.000	-137.876
254.000	123.053	43.113	0.000	-135.299
256.000	123.093	43.362	0.000	-133.107
258.000	122.897	43.196	0.000	-134.588
260.000	122.847	43.809	0.000	-138.949
262.000	123.065	45.086	0.000	-138.887
264.000	123.085	45.674	0.000	-136.041
266.000	122.929	45.388	0.000	-135.439
268.000	122.823	45.680	0.000	-142.291
270.000	123.028	47.636	0.000	-143.874
272.000	123.177	48.278	0.000	-137.042
274.000	122.852	47.313	0.000	-140.092
276.000	122.840	48.817	0.000	-149.512
278.000	123.109	50.310	0.000	-145.446
280.000	123.029	50.220	0.000	-145.084
282.000	122.944	50.826	0.000	-150.037
284.000	122.867	51.474	0.000	-152.550
286.000	122.966	52.715	0.000	-158.422
288.000	123.168	54.266	0.000	-157.785
290.000	122.912	53.896	0.000	-157.669
292.000	122.799	54.407	0.000	-172.535
294.000	123.073	56.716	0.000	-176.762
296.000	123.095	56.944	0.000	-175.002
298.000	122.907	56.186	0.000	174.548
300.000	122.833	57.040	0.000	162.045
302.000	123.045	57.854	0.000	159.088
304.000	123.105	57.707	0.000	156.137
306.000	122.884	57.202	0.000	150.692
308.000	122.876	57.329	0.000	143.049
310.000	123.003	58.221	0.000	137.552
312.000	123.092	58.714	0.000	136.512
314.000	122.953	58.020	0.000	132.787
316.000	122.780	57.711	0.000	120.097
318.000	123.068	59.040	0.000	114.356
320.000	123.131	58.970	0.000	116.856
322.000	122.836	57.388	0.000	110.308
324.000	122.878	57.995	0.000	98.061
326.000	123.058	58.692	0.000	99.385
328.000	123.051	57.833	0.000	97.636
330.000	122.904	57.471	0.000	90.348
332.000	122.856	57.365	0.000	86.537
334.000	123.032	57.705	0.000	80.382
336.000	123.094	58.189	0.000	81.165
338.000	122.882	56.842	0.000	80.301
340.000	122.821	56.878	0.000	65.763
342.000	123.103	58.286	0.000	66.859
344.000	123.073	57.285	0.000	69.339
346.000	122.810	56.271	0.000	57.572
348.000	122.918	57.021	0.000	51.489
350.000	123.068	57.021	0.000	49.589
352.000	123.022	56.424	0.000	45.838
354.000	122.868	55.383	0.000	39.331
356.000	122.877	54.968	0.000	30.211
358.000	123.089	54.866	0.000	28.022
360.000	123.029	53.550	0.000	28.732
362.000	122.831	51.481	0.000	26.158
364.000	122.894	50.652	0.000	23.020
366.000	123.119	50.820	0.000	33.011
368.000	123.010	49.531	0.000	46.141
370.000	122.768	49.384	0.000	46.307
372.000	123.006	51.789	0.000	52.771
374.000	123.080	52.447	0.000	58.378
376.000	122.927	53.153	0.000	52.480
378.000	122.885	54.121	0.000	48.140
380.000	122.909	54.871	0.000	38.631
382.000	123.124	56.292	0.000	33.752
384.000	122.959	55.625	0.000	32.256
386.000	122.768	54.810	0.000	13.887
388.000	123.057	56.136	0.000	5.928
390.000	123.072	55.302	0.000	6.316
392.000	122.880	53.227	0.000	-4.832
394.000	122.847	52.618	0.000	-15.915
396.000	123.040	51.875	0.000	-17.427
398.000	123.063	50.076	0.000	-17.624
400.000	122.844	47.680	0.000	-18.036
402.000	122.894	45.961	0.000	-15.059
404.000	123.026	45.266	0.000	-3.207
406.000	123.052	45.003	0.000	15.085
408.000	122.850	44.935	0.000	24.768
410.000	122.847	47.095	0.000	24.194
412.000	123.146	49.243	0.000	29.827
414.000	122.966	48.950	0.000	31.823
416.000	122.797	49.110	0.000	19.721
418.000	122.985	50.659	0.000	17.367
420.000	123.051	50.471	0.000	19.076
422.000	122.948	49.903	0.000	13.726
424.000	122.833	49.811	0.000	11.024
426.000	122.962	49.883	0.000	7.831
428.000	123.085	50.483	0.000	9.592
430.000	122.914	49.453	0.000	14.326
432.000	122.796	48.983	0.000	6.062
434.000	123.053	50.603	0.000	10.295
436.000	123.068	49.999	0.000	19.018
438.000	122.806	49.430	0.000	14.352
440.000	122.907	50.869	0.000	15.189
442.000	123.048	51.643	0.000	18.967
444.000	122.993	52.115	0.000	19.806
446.000	122.841	52.419	0.000	16.766
448.000	122.899	53.792	0.000	11.237
450.000	123.082	55.071	0.000	11.423
452.000	122.956	55.091	0.000	10.048
454.000	122.808	55.200	0.000	0.641
456.000	122.951	56.856	0.000	-7.457
458.000	123.114	57.746	0.000	-5.628
460.000	122.861	56.696	0.000	-12.095
462.000	122.825	57.828	0.000	-27.740
464.000	123.073	58.834	0.000	-27.885
466.000	122.972	58.098	0.000	-35.262
468.000	122.891	58.190	0.000	-46.012
470.000	122.853	57.824	0.000	-54.630
472.000	123.039	58.279	0.000	-64.853
474.000	123.038	57.845	0.000	-64.868
476.000	122.762	55.800	0.000	-76.040
478.000	122.959	56.458	0.000	-86.974
480.000	123.075	56.070	0.000	-83.174
482.000	122.901	54.018	0.000	-88.559
484.000	122.814	53.594	0.000	-98.079
486.000	123.009	53.610	0.000	-98.326
488.000	123.038	52.707	0.000	-98.550
490.000	122.844	51.475	0.000	-101.966
492.000	122.877	51.001	0.000	-107.033
494.000	123.005	51.071	0.000	-107.934
496.000	123.030	50.415	0.000	-105.216
498.000	122.798	48.861	0.000	-109.032
500.000	122.897	49.119	0.000	-115.584
502.000	123.108	49.390	0.000	-110.542
504.000	122.885	47.617	0.000	-109.527
506.000	122.814	47.213	0.000	-118.730
508.000	123.005	47.777	0.000	-115.537
510.000	123.016	46.665	0.000	-113.517
512.000	122.859	45.960	0.000	-117.217
514.000	122.859	45.607	0.000	-118.180
516.000	123.005	45.754	0.000	-120.398
518.000	123.024	45.602	0.000	-115.271
520.000	122.784	43.867	0.000	-118.364
522.000	122.911	44.757	0.000	-125.035
524.000	123.099	44.848	0.000	-116.446
526.000	122.857	42.969	0.000	-118.928
528.000	122.839	43.152	0.000	-124.251
530.000	122.985	43.241	0.000	-121.352
532.000	123.018	42.804	0.000	-119.949
534.000	122.837	41.887	0.000	-120.870
536.000	122.864	41.809	0.000	-124.579
538.000	123.032	42.216	0.000	-122.406
540.000	122.961	41.504	0.000	-119.861
542.000	122.803	40.494	0.000	-123.281
544.000	122.913	41.116	0.000	-126.923
546.000	123.101	41.389	0.000	-120.121
548.000	122.816	39.617	0.000	-121.040
550.000	122.853	40.203	0.000	-128.134
552.000	123.027	40.459	0.000	-121.510
554.000	122.949	39.337	0.000	-122.931
556.000	122.851	39.152	0.000	-124.313
558.000	122.860	38.833	0.000	-126.496
560.000	123.061	39.533	0.000	-124.875
562.000	122.913	38.633	0.000	-119.008
564.000	122.781	37.744	0.000	-127.705
566.000	122.995	39.031	0.000	-126.290
568.000	123.024	38.157	0.000	-119.481
570.000	122.793	37.057	0.000	-126.348
572.000	122.888	37.795	0.000	-127.428
574.000	123.027	37.690	0.000	-123.655
576.000	122.916	36.997	0.000	-123.216
578.000	122.816	36.549	0.000	-126.192
580.000	122.927	36.943	0.000	-127.993
582.000	123.038	36.984	0.000	-123.086
584.000	122.840	35.917	0.000	-123.142
586.000	122.821	36.037	0.000	-130.033
588.000	123.037	36.864	0.000	-125.772
590.000	122.956	35.767	0.000	-121.471
592.000	122.759	35.092	0.000	-129.384
594.000	122.976	36.238	0.000	-127.412
596.000	122.988	35.400	0.000	-123.693
598.000	122.862	34.894	0.000	-127.365
600.000	122.835	34.684	0.000	-127.504
602.000	122.973	35.045	0.000	-130.035
604.000	123.008	34.967	0.000	-123.548
606.000	122.750	33.580	0.000	-127.636
608.000	122.939	34.903	0.000	-131.129
610.000	123.025	34.620	0.000	-123.102
612.000	122.839	33.195	0.000	-127.939
614.000	122.821	33.730	0.000	-130.666
616.000	123.010	33.674	0.000	-128.230
618.000	122.938	33.174	0.000	-126.976
620.000	122.806	32.535	0.000	-129.592
622.000	122.898	32.877	0.000	-131.582
624.000	123.010	33.029	0.000	-127.347
626.000	122.879	32.035	0.000	-125.987
628.000	122.776	31.703	0.000	-134.073
630.000	123.030	32.841	0.000	-131.697
632.000	122.943	31.814	0.000	-125.300
634.000	122.770	30.916	0.000	-134.830
636.000	122.933	31.790	0.000	-132.637
638.000	122.993	30.965	0.000	-129.016
640.000	122.842	30.368	0.000	-131.944
642.000	122.832	30.060	0.000	-132.497
644.000	122.961	30.410	0.000	-134.216
646.000	122.982	30.146	0.000	-128.270
648.000	122.745	28.709	0.000	-132.421
650.000	122.936	30.034	0.000	-135.750
652.000	123.016	29.475	0.000	-127.795
654.000	122.801	27.937	0.000	-132.392
656.000	122.844	28.465	0.000	-134.197
658.000	122.989	28.393	0.000	-131.193
660.000	122.918	27.462	0.000	-131.840
662.000	122.781	26.805	0.000	-132.985
664.000	122.929	27.149	0.000	-133.729
666.000	122.979	26.957	0.000	-129.531
668.000	122.835	25.418	0.000	-130.826
670.000	122.797	25.237	0.000	-134.058
672.000	123.052	25.718	0.000	-130.038
674.000	122.858	23.798	0.000	-125.269
676.000	122.792	23.135	0.000	-133.994
678.000	122.961	23.671	0.000	-127.895
680.000	122.941	22.434	0.000	-126.689
682.000	122.810	21.508	0.000	-127.820
684.000	122.851	20.913	0.000	-128.929
686.000	122.996	21.158	0.000	-125.660
688.000	122.873	19.504	0.000	-119.454
690.000	122.761	18.505	0.000	-124.105
692.000	123.002	18.243	0.000	-111.373
694.000	122.924	16.439	0.000	-101.702
696.000	122.765	15.588	0.000	-101.961
698.000	122.919	15.042	0.000	-81.860
700.000	122.960	15.015	0.000	-63.305
702.000	122.832	13.690	0.000	-47.716
704.000	122.810	13.203	0.000	-31.419
706.000	122.985	15.051	0.000	-18.724
708.000	122.891	15.562	0.000	-10.181
710.000	122.771	16.699	0.000	-3.406
712.000	122.923	19.395	0.000	6.543
714.000	122.992	20.162	0.000	17.303
716.000	122.734	20.178	0.000	13.337
718.000	122.916	22.358	0.000	15.327
720.000	122.941	22.939	0.000	21.439
722.000	122.857	23.550	0.000	17.010
724.000	122.787	24.392	0.000	15.985
726.000	122.962	25.654	0.000	19.088
728.000	122.923	26.319	0.000	23.784
730.000	122.749	26.517	0.000	19.930
732.000	122.913	28.608	0.000	21.130
734.000	122.975	28.622	0.000	29.329
736.000	122.761	28.571	0.000	23.561
738.000	122.865	30.198	0.000	24.737
740.000	122.961	30.673	0.000	26.994
742.000	122.844	31.101	0.000	26.489
744.000	122.786	31.581	0.000	23.022
746.000	122.941	33.003	0.000	23.837
748.000	122.925	32.987	0.000	27.368
750.000	122.750	33.096	0.000	23.691
752.000	122.892	34.580	0.000	21.885
754.000	122.977	35.257	0.000	28.513
756.000	122.756	34.722	0.000	23.364
758.000	122.858	36.531	0.000	21.063
760.000	122.961	36.590	0.000	26.938
762.000	122.828	36.843	0.000	22.661
764.000	122.796	37.350	0.000	22.540
766.000	122.919	38.462	0.000	20.123
768.000	122.940	38.857	0.000	26.666
770.000	122.720	38.368	0.000	19.564
772.000	122.923	40.352	0.000	19.196
774.000	122.938	40.237	0.000	25.000
776.000	122.766	40.141	0.000	18.532
778.000	122.843	41.548	0.000	17.878
780.000	122.963	42.009	0.000	20.412
782.000	122.808	42.138	0.000	18.267
784.000	122.796	42.793	0.000	15.173
786.000	122.927	44.010	0.000	15.449
788.000	122.902	44.123	0.000	18.786
790.000	122.729	44.209	0.000	11.932
792.000	122.923	46.047	0.000	11.660
794.000	122.927	46.146	0.000	16.407
796.000	122.738	46.171	0.000	8.653
798.000	122.879	48.032	0.000	8.002
800.000	122.931	48.169	0.000	10.571
802.000	122.795	48.699	0.000	4.922
804.000	122.800	49.564	0.000	2.681
806.000	122.940	51.154	0.000	-0.645
808.000	122.863	51.433	0.000	1.938
810.000	122.730	52.149	0.000	-12.286
812.000	122.960	54.278	0.000	-11.751
814.000	122.866	53.775	0.000	-15.976
816.000	122.747	54.704	0.000	-31.868
818.000	122.893	55.519	0.000	-39.184
820.000	122.913	55.258	0.000	-48.636
822.000	122.764	54.024	0.000	-60.372
824.000	122.830	53.218	0.000	-71.192
826.000	122.941	52.153	0.000	-70.937
828.000	122.800	49.965	0.000	-68.258
830.000	122.768	49.078	0.000	-66.482
832.000	122.967	49.837	0.000	-54.102
834.000	122.812	49.077	0.000	-45.702
836.000	122.757	50.541	0.000	-46.548
838.000	122.934	51.826	0.000	-37.578
840.000	122.845	52.411	0.000	-37.967
842.000	122.771	53.831	0.000	-38.942
844.000	122.850	55.662	0.000	-43.930
846.000	122.940	57.338	0.000	-43.766
848.000	122.722	57.406	0.000	-54.933
850.000	122.858	59.711	0.000	-69.300
852.000	122.931	59.863	0.000	-71.615
854.000	122.757	58.856	0.000	-89.585
856.000	122.803	59.229	0.000	-100.687
858.000	122.938	58.505	0.000	-105.389
860.000	122.788	57.188	0.000	-112.158
862.000	122.781	56.259	0.000	-119.218
864.000	122.898	56.048	0.000	-121.011
866.000	122.868	54.833	0.000	-118.562
868.000	122.710	53.553	0.000	-124.107
870.000	122.929	53.980	0.000	-121.545
872.000	122.860	52.841	0.000	-114.307
874.000	122.730	52.161	0.000	-116.597
876.000	122.877	53.250	0.000	-108.946
878.000	122.884	53.031	0.000	-103.105
880.000	122.750	54.013	0.000	-103.534
882.000	122.821	55.151	0.000	-105.246
884.000	122.917	56.811	0.000	-107.222
886.000	122.765	56.335	0.000	-110.870
888.000	122.783	57.539	0.000	-126.715
890.000	122.951	57.735	0.000	-123.631
892.000	122.752	56.171	0.000	-134.280
894.000	122.784	56.408	0.000	-140.709
896.000	122.907	56.005	0.000	-141.472
898.000	122.810	54.961	0.000	-142.907
900.000	122.750	54.303	0.000	-147.565
902.000	122.888	54.326	0.000	-145.701
904.000	122.855	53.584	0.000	-141.290
906.000	122.710	52.776	0.000	-142.681
908.000	122.897	54.001	0.000	-139.084
910.000	122.864	53.527	0.000	-130.606
912.000	122.716	53.805	0.000	-136.143
914.000	122.867	55.214	0.000	-132.452
916.000	122.866	55.145	0.000	-132.908
918.000	122.745	55.410	0.000	-137.539
920.000	122.811	55.829	0.000	-140.803
922.000	122.903	56.483	0.000	-139.718
924.000	122.744	55.769	0.000	-139.716
926.000	122.789	57.084	0.000	-147.048
928.000	122.924	57.641	0.000	-140.371
930.000	122.735	56.926	0.000	-148.896
932.000	122.790	58.069	0.000	-152.301
934.000	122.892	58.095	0.000	-153.255
936.000	122.777	57.868	0.000	-156.456
938.000	122.758	57.994	0.000	-163.046
940.000	122.882	58.654	0.000	-162.973
942.000	122.815	58.024	0.000	-163.364
944.000	122.713	58.029	0.000	-170.610
946.000	122.912	59.189	0.000	-170.151
948.000	122.799	58.395	0.000	-168.510
950.000	122.731	58.802	0.000	-178.997
952.000	122.876	59.512	0.000	-175.466
954.000	122.820	58.969	0.000	-179.618
956.000	122.734	59.257	0.000	176.580
958.000	122.834	59.822	0.000	170.862
960.000	122.871	60.288	0.000	172.237
962.000	122.697	59.386	0.000	162.726
964.000	122.857	60.750	0.000	156.731
966.000	122.854	59.817	0.000	157.483
968.000	122.720	59.042	0.000	144.831
970.000	122.820	59.053	0.000	142.256
972.000	122.868	58.072	0.000	140.854
974.000	122.722	56.729	0.000	138.150
976.000	122.806	56.280	0.000	137.770
978.000	122.867	55.953	0.000	144.740
980.000	122.743	55.030	0.000	149.058
982.000	122.769	56.084	0.000	149.274
984.000	122.909	56.763	0.000	157.830
986.000	122.708	56.324	0.000	154.738
988.000	122.797	57.911	0.000	153.843
990.000	122.861	58.183	0.000	157.133
992.000	122.752	58.607	0.000	152.640
994.000	122.756	59.459	0.000	149.095
996.000	122.876	60.704	0.000	145.865
998.000	122.763	60.505	0.000	144.737
1000.000	122.728	61.392	0.000	130.268
1002.000	122.910	62.322	0.000	132.931
1004.000	122.730	61.104	0.000	122.628
1006.000	122.758	61.744	0.000	114.749
1008.000	122.863	61.521	0.000	111.784
1010.000	122.769	60.994	0.000	107.811
1012.000	122.731	60.759	0.000	99.102
1014.000	122.866	61.130	0.000	97.522
1016.000	122.782	60.208	0.000	94.891
1018.000	122.703	59.728	0.000	86.001
1020.000	122.896	60.416	0.000	85.552
1022.000	122.754	58.981	0.000	86.008
1024.000	122.733	59.071	0.000	77.072
1026.000	122.859	58.947	0.000	81.326
1028.000	122.773	58.226	0.000	78.021
1030.000	122.722	58.091	0.000	76.730
1032.000	122.847	58.711	0.000	75.087
1034.000	122.797	58.539	0.000	78.599
1036.000	122.693	58.702	0.000	69.812
1038.000	122.882	60.199	0.000	71.347
1040.000	122.760	59.605	0.000	67.395
1042.000	122.723	60.710	0.000	55.233
1044.000	122.849	61.264	0.000	50.380
1046.000	122.777	61.064	0.000	39.440
1048.000	122.718	60.816	0.000	24.875
1050.000	122.834	61.046	0.000	12.395
1052.000	122.799	59.803	0.000	4.122
1054.000	122.688	58.422	0.000	-14.508
1056.000	122.871	58.178	0.000	-25.937
1058.000	122.763	55.976	0.000	-34.906
1060.000	122.717	53.890	0.000	-58.133
1062.000	122.841	52.541	0.000	-67.224
1064.000	122.774	49.466	0.000	-85.986
1066.000	122.715	47.448	0.000	-108.549
1068.000	122.824	46.250	0.000	-136.597
1070.000	122.801	45.860	0.000	-154.868
1072.000	122.679	46.440	0.000	172.815
1074.000	122.870	48.575	0.000	164.324
1076.000	122.753	48.744	0.000	150.556
1078.000	122.718	50.584	0.000	136.434
1080.000	122.832	51.782	0.000	130.383
1082.000	122.771	52.461	0.000	122.771
1084.000	122.707	53.418	0.000	111.405
1086.000	122.831	54.701	0.000	105.632
1088.000	122.779	54.954	0.000	99.997
1090.000	122.684	55.466	0.000	86.391
1092.000	122.868	56.879	0.000	81.509
1094.000	122.737	56.105	0.000	74.442
1096.000	122.722	56.770	0.000	59.088
1098.000	122.835	56.661	0.000	55.714
1100.000	122.746	55.844	0.000	44.501
1102.000	122.714	55.189	0.000	35.608
1104.000	122.838	54.754	0.000	29.042
1106.000	122.746	53.272	0.000	29.196
1108.000	122.707	52.151	0.000	22.226
1110.000	122.859	52.254	0.000	29.690
1112.000	122.711	50.903	0.000	30.457
1114.000	122.735	51.850	0.000	30.888
1116.000	122.834	52.246	0.000	32.815
1118.000	122.718	52.574	0.000	29.262
1120.000	122.733	53.263	0.000	19.609
1122.000	122.832	53.957	0.000	15.387
1124.000	122.716	53.008	0.000	5.904
1126.000	122.734	52.923	0.000	-8.390
1128.000	122.843	52.649	0.000	-12.254
1130.000	122.689	50.483	0.000	-22.495
1132.000	122.761	50.003	0.000	-33.269
1134.000	122.814	48.006	0.000	-34.850
1136.000	122.707	45.653	0.000	-44.714
1138.000	122.739	43.138	0.000	-50.366
1140.000	122.839	40.282	0.000	-52.702
1142.000	122.673	34.748	0.000	-44.233
1144.000	122.783	29.699	0.000	21.964
1146.000	122.804	33.370	0.000	73.433
1148.000	122.680	38.438	0.000	74.211
1150.000	122.784	41.614	0.000	76.217
1152.000	122.793	43.255	0.000	73.303
1154.000	122.684	44.690	0.000	65.822
1156.000	122.780	46.392	0.000	59.917
1158.000	122.799	46.994	0.000	58.156
1160.000	122.660	47.112	0.000	48.285
1162.000	122.822	48.423	0.000	44.979
1164.000	122.756	47.855	0.000	44.292
1166.000	122.684	48.228	0.000	34.614
1168.000	122.818	48.813	0.000	37.053
1170.000	122.736	48.477	0.000	32.593
1172.000	122.699	48.973	0.000	29.009
1174.000	122.810	49.781	0.000	24.835
1176.000	122.736	49.666	0.000	24.450
1178.000	122.696	50.037	0.000	11.765
1180.000	122.828	50.747	0.000	13.397
1182.000	122.700	49.666	0.000	4.365
1184.000	122.727	50.285	0.000	-2.724
1186.000	122.806	49.952	0.000	-6.714
1188.000	122.705	49.307	0.000	-13.417
1190.000	122.720	49.138	0.000	-22.968
1192.000	122.821	48.900	0.000	-25.331
1194.000	122.677	47.430	0.000	-33.770
1196.000	122.748	47.104	0.000	-43.422
1198.000	122.811	46.189	0.000	-43.779
1200.000	122.654	43.827	0.000	-54.476
1202.000	122.794	43.139	0.000	-56.482
1204.000	122.761	40.310	0.000	-56.765
1206.000	122.685	38.112	0.000	-56.883
1208.000	122.774	35.467	0.000	-50.588
1210.000	122.779	33.181	0.000	-31.845
1212.000	122.658	32.118	0.000	-10.571
1214.000	122.816	34.038	0.000	12.435
1216.000	122.725	34.625	0.000	20.275
1218.000	122.689	36.819	0.000	20.050
1220.000	122.812	37.558	0.000	23.992
1222.000	122.704	37.889	0.000	21.646
1224.000	122.706	38.351	0.000	18.899
1226.000	122.810	38.900	0.000	20.297
1228.000	122.687	37.998	0.000	19.349
1230.000	122.726	38.277	0.000	17.353
1232.000	122.804	38.143	0.000	23.208
1234.000	122.664	37.119	0.000	23.453
1236.000	122.768	37.725	0.000	29.520
1238.000	122.760	37.042	0.000	38.840
1240.000	122.689	37.601	0.000	47.512
1242.000	122.753	39.066	0.000	55.973
1244.000	122.777	40.662	0.000	65.008
1246.000	122.656	42.337	0.000	60.487
1248.000	122.800	44.823	0.000	62.000
1250.000	122.726	45.105	0.000	56.256
1252.000	122.686	46.664	0.000	45.444
1254.000	122.796	47.301	0.000	40.769
1256.000	122.708	47.217	0.000	32.642
1258.000	122.695	47.374	0.000	22.923
1260.000	122.807	47.513	0.000	20.324
1262.000	122.675	46.444	0.000	15.420
1264.000	122.725	46.588	0.000	9.484
1266.000	122.802	46.437	0.000	13.407
1268.000	122.647	45.543	0.000	7.389
1270.000	122.784	46.260	0.000	9.419
1272.000	122.739	45.484	0.000	8.737
1274.000	122.680	45.512	0.000	6.596
1276.000	122.774	45.771	0.000	4.184
1278.000	122.736	45.448	0.000	6.392
1280.000	122.673	44.964	0.000	0.588
1282.000	122.797	45.562	0.000	3.807
1284.000	122.697	44.402	0.000	4.144
1286.000	122.710	44.778	0.000	3.679
1288.000	122.777	44.503	0.000	7.239
1290.000	122.692	44.416	0.000	9.823
1292.000	122.713	44.875	0.000	9.526
1294.000	122.788	45.397	0.000	14.478
1296.000	122.657	45.198	0.000	13.350
1298.000	122.758	46.372	0.000	12.450
1300.000	122.759	46.672	0.000	16.373
1302.000	122.658	47.019	0.000	8.731
1304.000	122.784	47.829	0.000	11.557
1306.000	122.716	47.549	0.000	8.242
1308.000	122.680	47.721	0.000	6.548
1310.000	122.788	48.533	0.000	5.301
1312.000	122.692	48.151	0.000	7.438
1314.000	122.707	49.112	0.000	1.167
1316.000	122.786	49.454	0.000	5.357
1318.000	122.665	49.349	0.000	-1.872
1320.000	122.740	50.174	0.000	-2.942
1322.000	122.759	50.118	0.000	-5.012
1324.000	122.665	50.157	0.000	-9.675
1326.000	122.758	50.742	0.000	-12.547
1328.000	122.743	50.573	0.000	-12.618
1330.000	122.652	50.525	0.000	-19.031
1332.000	122.808	51.320	0.000	-18.479
1334.000	122.675	50.554	0.000	-20.995
1336.000	122.713	51.264	0.000	-25.674
1338.000	122.771	51.041	0.000	-24.662
1340.000	122.671	50.910	0.000	-29.092
1342.000	122.729	51.125	0.000	-31.681
1344.000	122.766	51.372	0.000	-30.969
1346.000	122.647	50.814	0.000	-35.536
1348.000	122.784	51.906	0.000	-35.707
1350.000	122.707	51.008	0.000	-35.292
1352.000	122.684	51.607	0.000	-39.893
1354.000	122.773	51.732	0.000	-38.304
1356.000	122.691	51.698	0.000	-40.656
1358.000	122.698	52.279	0.000	-45.049
1360.000	122.780	52.680	0.000	-44.196
1362.000	122.657	52.427	0.000	-49.401
1364.000	122.745	53.362	0.000	-54.240
1366.000	122.749	53.236	0.000	-53.842
1368.000	122.652	53.266	0.000	-64.335
1370.000	122.783	53.587	0.000	-64.006
1372.000	122.697	52.816	0.000	-70.684
1374.000	122.684	52.585	0.000	-74.276
1376.000	122.788	52.588	0.000	-76.183
1378.000	122.660	51.559	0.000	-76.147
1380.000	122.737	51.864	0.000	-79.431
1382.000	122.750	51.440	0.000	-73.900
1384.000	122.661	51.266	0.000	-77.251
1386.000	122.761	51.900	0.000	-74.100
1388.000	122.717	51.933	0.000	-74.188
1390.000	122.677	52.380	0.000	-75.970
1392.000	122.767	53.372	0.000	-76.633
1394.000	122.696	53.389	0.000	-77.532
1396.000	122.692	54.311	0.000	-83.979
1398.000	122.783	55.060	0.000	-83.735
1400.000	122.645	55.114	0.000	-92.038
1402.000	122.757	56.407	0.000	-96.915
1404.000	122.729	56.269	0.000	-103.106
1406.000	122.662	56.497	0.000	-112.199
1408.000	122.775	56.966	0.000	-121.488
1410.000	122.693	56.466	0.000	-125.342
1412.000	122.691	56.224	0.000	-139.731
1414.000	122.774	56.010	0.000	-140.471
1416.000	122.660	54.721	0.000	-151.043
1418.000	122.740	54.567	0.000	-155.557
1420.000	122.736	53.651	0.000	-159.352
1422.000	122.667	52.753	0.000	-165.058
1424.000	122.757	52.509	0.000	-168.610
1426.000	122.715	51.509	0.000	-169.652
1428.000	122.666	50.782	0.000	-175.949
1430.000	122.797	50.775	0.000	-175.002
1432.000	122.649	49.394	0.000	-178.628
1434.000	122.741	49.553	0.000	178.995
1436.000	122.742	48.531	0.000	178.748
1438.000	122.655	47.831	0.000	175.854
1440.000	122.770	47.731	0.000	173.714
1442.000	122.700	46.916	0.000	175.585
1444.000	122.682	46.427	0.000	169.741
1446.000	122.777	46.388	0.000	173.560
1448.000	122.658	45.293	0.000	168.940
1450.000	122.737	45.445	0.000	169.502
1452.000	122.735	44.604	0.000	168.853
1454.000	122.668	44.173	0.000	167.235
1456.000	122.754	44.128	0.000	166.539
1458.000	122.711	43.349	0.000	167.206
1460.000	122.674	43.002	0.000	163.918
1462.000	122.783	42.984	0.000	165.688
1464.000	122.653	42.107	0.000	163.538
1466.000	122.743	42.368	0.000	163.207
1468.000	122.727	41.584	0.000	163.042
1470.000	122.672	41.245	0.000	162.248
1472.000	122.757	41.182	0.000	160.732
1474.000	122.698	40.654	0.000	163.075
1476.000	122.701	40.497	0.000	158.690
1478.000	122.758	40.189	0.000	162.633
1480.000	122.668	39.465	0.000	158.464
1482.000	122.736	39.598	0.000	159.589
1484.000	122.730	38.982	0.000	160.157
1486.000	122.670	38.600	0.000	158.299
1488.000	122.763	38.643	0.000	158.759
1490.000	122.689	37.952	0.000	158.872
1492.000	122.703	38.032	0.000	155.595
1494.000	122.762	37.849	0.000	159.268
1496.000	122.655	37.231	0.000	155.718
1498.000	122.760	37.383	0.000	157.716
1500.000	122.704	36.607	0.000	156.775
1502.000	122.686	36.432	0.000	155.755
1504.000	122.766	36.489	0.000	155.779
1506.000	122.673	35.835	0.000	156.849
1508.000	122.727	36.333	0.000	154.677
1510.000	122.744	35.590	0.000	158.255
1512.000	122.661	35.307	0.000	153.456
1514.000	122.763	35.221	0.000	156.728
1516.000	122.699	34.703	0.000	155.971
1518.000	122.688	34.748	0.000	153.663
1520.000	122.776	34.670	0.000	156.537
1522.000	122.650	34.001	0.000	154.392
1524.000	122.760	34.378	0.000	154.341
1526.000	122.706	33.697	0.000	155.898
1528.000	122.700	33.833	0.000	152.150
1530.000	122.748	33.536	0.000	156.252
1532.000	122.692	33.138	0.000	153.640
1534.000	122.715	33.035	0.000	153.395
1536.000	122.750	33.025	0.000	155.527
1538.000	122.663	32.519	0.000	153.135
1540.000	122.767	32.787	0.000	154.704
1542.000	122.693	32.077	0.000	153.972
1544.000	122.704	32.337	0.000	153.234
1546.000	122.757	31.897	0.000	154.953
1548.000	122.664	31.556	0.000	153.774
1550.000	122.752	32.022	0.000	153.209
1552.000	122.715	31.433	0.000	155.743
1554.000	122.685	31.162	0.000	151.444
1556.000	122.772	31.404	0.000	154.980
1558.000	122.668	30.654	0.000	152.950
1560.000	122.739	31.275	0.000	154.205
1562.000	122.731	30.439	0.000	154.202
1564.000	122.674	30.433	0.000	152.578
1566.000	122.765	30.690	0.000	153.992
1568.000	122.687	30.224	0.000	156.262
1570.000	122.718	30.596	0.000	153.368
1572.000	122.753	30.365	0.000	157.461
1574.000	122.666	30.086	0.000	151.833
1576.000	122.765	30.001	0.000	153.213
1578.000	122.694	29.559	0.000	154.465
1580.000	122.708	29.599	0.000	152.495
1582.000	122.757	29.687	0.000	154.190
1584.000	122.670	29.152	0.000	151.536
1586.000	122.756	29.787	0.000	150.919
1588.000	122.711	29.050	0.000	152.781
1590.000	122.695	29.220	0.000	150.163
1592.000	122.763	28.920	0.000	153.167
1594.000	122.675	28.779	0.000	150.394
1596.000	122.745	28.865	0.000	150.734
1598.000	122.727	28.723	0.000	152.279
1600.000	122.687	28.658	0.000	147.585
1602.000	122.767	28.827	0.000	150.403
1604.000	122.680	28.008	0.000	148.858
1606.000	122.738	28.386	0.000	149.783
1608.000	122.732	28.291	0.000	150.243
1610.000	122.684	28.039	0.000	148.293
1612.000	122.763	28.321	0.000	148.318
1614.000	122.697	27.659	0.000	148.888
1616.000	122.716	27.668	0.000	146.256
1618.000	122.761	27.589	0.000	149.181
1620.000	122.662	27.246	0.000	146.141
1622.000	122.780	27.725	0.000	149.099
1624.000	122.687	27.253	0.000	146.709
1626.000	122.722	27.141	0.000	144.695
1628.000	122.755	26.892	0.000	147.197
1630.000	122.675	26.376	0.000	143.206
1632.000	122.764	27.062	0.000	144.790
1634.000	122.705	26.438	0.000	145.670
1636.000	122.709	26.662	0.000	143.444
1638.000	122.765	26.155	0.000	145.147
1640.000	122.666	25.947	0.000	141.609
1642.000	122.770	26.232	0.000	141.009
1644.000	122.703	25.858	0.000	142.028
1646.000	122.714	25.893	0.000	140.350
1648.000	122.762	25.761	0.000	142.614
1650.000	122.681	24.989	0.000	137.548
1652.000	122.757	25.443	0.000	141.329
1654.000	122.715	25.016	0.000	141.739
1656.000	122.702	24.798	0.000	138.892
1658.000	122.772	24.846	0.000	139.643
1660.000	122.669	24.381	0.000	138.829
1662.000	122.771	25.283	0.000	137.660
1664.000	122.708	24.767	0.000	138.878
1666.000	122.714	24.867	0.000	139.208
1668.000	122.758	24.508	0.000	142.040
1670.000	122.686	24.032	0.000	138.226
1672.000	122.754	24.181	0.000	137.309
1674.000	122.723	23.711	0.000	141.708
1676.000	122.704	23.638	0.000	136.776
1678.000	122.772	23.957	0.000	140.328
1680.000	122.673	23.275	0.000	136.285
1682.000	122.770	23.677	0.000	135.988
1684.000	122.714	22.999	0.000	132.814
1686.000	122.705	22.860	0.000	133.998
1688.000	122.785	23.151	0.000	136.536
1690.000	122.664	22.806	0.000	132.864
1692.000	122.781	23.072	0.000	134.279
1694.000	122.699	22.441	0.000	134.558
1696.000	122.734	22.665	0.000	135.624
1698.000	122.743	22.444	0.000	133.791
1700.000	122.702	22.447	0.000	133.456
1702.000	122.753	22.147	0.000	135.215
1704.000	122.723	21.884	0.000	137.410
1706.000	122.710	22.010	0.000	132.297
1708.000	122.774	21.895	0.000	136.434
1710.000	122.676	21.527	0.000	132.686
1712.000	122.780	21.864	0.000	134.279
1714.000	122.698	21.610	0.000	134.309
1716.000	122.738	21.541	0.000	131.146
1718.000	122.751	21.709	0.000	132.315
1720.000	122.691	21.044	0.000	132.688
1722.000	122.774	21.176	0.000	134.293
1724.000	122.708	20.547	0.000	131.706
1726.000	122.729	21.282	0.000	132.975
1728.000	122.761	21.022	0.000	134.913
1730.000	122.683	20.352	0.000	132.688
1732.000	122.787	20.564	0.000	134.627
1734.000	122.684	19.746	0.000	133.246
1736.000	122.765	20.187	0.000	133.953
1738.000	122.725	19.783	0.000	136.476
1740.000	122.721	20.157	0.000	132.039
1742.000	122.758	20.163	0.000	134.536
1744.000	122.703	19.300	0.000	130.257
1746.000	122.753	20.024	0.000	128.322
1748.000	122.735	20.179	0.000	132.620
1750.000	122.712	19.962	0.000	127.941
1752.000	122.771	20.020	0.000	132.961
1754.000	122.695	18.869	0.000	134.035
1756.000	122.765	19.118	0.000	132.662
1758.000	122.724	19.242	0.000	129.121
1760.000	122.717	19.650	0.000	128.994
1762.000	122.778	19.472	0.000	129.694
1764.000	122.685	18.727	0.000	127.295
1766.000	122.785	18.425	0.000	129.588
1768.000	122.695	18.537	0.000	129.561
1770.000	122.762	19.132	0.000	128.066
1772.000	122.736	18.636	0.000	130.737
1774.000	122.713	18.471	0.000	125.240
1776.000	122.775	18.129	0.000	127.041
1778.000	122.703	17.654	0.000	123.981
1780.000	122.756	17.950	0.000	124.302
1782.000	122.742	17.080	0.000	126.525
1784.000	122.709	17.636	0.000	126.431
1786.000	122.782	17.529	0.000	129.685
1788.000	122.687	17.242	0.000	121.788
1790.000	122.779	17.479	0.000	122.654
1792.000	122.714	16.512	0.000	124.902
1794.000	122.745	16.102	0.000	122.940
1796.000	122.750	15.840	0.000	129.250
1798.000	122.721	16.108	0.000	120.226
1800.000	122.756	15.993	0.000	122.117
1802.000	122.732	15.768	0.000	122.619
1804.000	122.732	15.428	0.000	125.221
1806.000	122.763	15.271	0.000	127.301
1808.000	122.699	14.738	0.000	121.481
1810.000	122.793	14.744	0.000	120.813
1812.000	122.692	13.859	0.000	120.412
1814.000	122.769	15.057	0.000	124.651
1816.000	122.732	14.454	0.000	118.361
1818.000	122.724	14.346	0.000	124.015
1820.000	122.778	15.014	0.000	127.136
1822.000	122.692	13.555	0.000	131.695
1824.000	122.790	12.825	0.000	136.712
1826.000	122.701	13.168	0.000	133.889
1828.000	122.772	13.767	0.000	141.711
1830.000	122.729	13.363	0.000	137.760
1832.000	122.735	13.328	0.000	128.686
1834.000	122.766	12.846	0.000	129.904
1836.000	122.720	12.589	0.000	136.025
1838.000	122.758	13.379	0.000	151.454
1840.000	122.742	11.732	0.000	147.371
1842.000	122.727	11.412	0.000	141.877
1844.000	122.775	12.583	0.000	146.925
1846.000	122.700	12.170	0.000	145.405
1848.000	122.783	11.569	0.000	152.410
1850.000	122.716	11.007	0.000	159.225
1852.000	122.755	11.656	0.000	154.241
1854.000	122.753	11.853	0.000	159.068
1856.000	122.719	12.641	0.000	167.050
1858.000	122.780	12.195	0.000	157.403
1860.000	122.704	11.493	0.000	160.527
1862.000	122.781	11.918	0.000	173.417
1864.000	122.716	12.328	0.000	176.917
1866.000	122.764	12.072	0.000	160.853
1868.000	122.745	12.147	0.000	172.870
1870.000	122.733	12.932	0.000	-175.082
1872.000	122.765	13.148	0.000	-173.033
1874.000	122.723	12.738	0.000	-178.330
1876.000	122.762	12.992	0.000	-178.445
1878.000	122.744	12.707	0.000	-174.313
1880.000	122.733	11.180	0.000	-177.868
1882.000	122.770	11.293	0.000	-178.430
1884.000	122.723	11.374	0.000	-164.923
1886.000	122.765	12.361	0.000	-156.750
1888.000	122.742	12.591	0.000	-146.757
1890.000	122.734	11.275	0.000	-150.948
1892.000	122.779	11.929	0.000	-140.676
1894.000	122.709	12.378	0.000	-133.425
1896.000	122.795	12.583	0.000	-124.365
1898.000	122.695	14.177	0.000	-130.684
1900.000	122.794	15.404	0.000	-128.976
1902.000	122.718	16.311	0.000	-131.925
1904.000	122.761	16.994	0.000	-132.108
1906.000	122.758	17.042	0.000	-128.656
1908.000	122.716	17.467	0.000	-135.181
1910.000	122.800	17.459	0.000	-139.191
1912.000	122.695	17.769	0.000	-138.665
1914.000	122.800	18.184	0.000	-135.035
1916.000	122.709	17.919	0.000	-136.934
1918.000	122.769	18.448	0.000	-138.844
1920.000	122.752	18.492	0.000	-133.090
1922.000	122.733	18.704	0.000	-137.422
1924.000	122.776	19.425	0.000	-128.275
1926.000	122.718	20.341	0.000	-127.116
1928.000	122.782	21.399	0.000	-127.364
1930.000	122.725	21.862	0.000	-127.326
1932.000	122.766	23.095	0.000	-128.175
1934.000	122.744	24.174	0.000	-127.303
1936.000	122.744	24.871	0.000	-131.461
1938.000	122.771	26.126	0.000	-135.268
1940.000	122.729	26.727	0.000	-142.092
1942.000	122.768	27.542	0.000	-144.626
1944.000	122.736	27.942	0.000	-150.475
1946.000	122.755	28.794	0.000	-158.935
1948.000	122.761	29.372	0.000	-162.506
1950.000	122.734	29.647	0.000	-171.582
1952.000	122.772	29.903	0.000	-174.673
1954.000	122.731	29.640	0.000	174.645
1956.000	122.766	30.041	0.000	170.225
1958.000	122.748	29.831	0.000	163.474
1960.000	122.743	29.998	0.000	158.444
1962.000	122.769	29.557	0.000	154.230
1964.000	122.727	29.422	0.000	146.388
1966.000	122.783	29.398	0.000	145.349
1968.000	122.726	28.890	0.000	136.546
1970.000	122.773	28.539	0.000	135.798
1972.000	122.739	28.090	0.000	130.912
1974.000	122.757	27.837	0.000	129.103
1976.000	122.761	27.240	0.000	126.474
1978.000	122.738	26.925	0.000	123.419
1980.000	122.775	26.666	0.000	121.233
1982.000	122.723	26.214	0.000	118.339
1984.000	122.781	26.648	0.000	119.537
1986.000	122.734	26.010	0.000	118.107
1988.000	122.760	26.248	0.000	113.851
1990.000	122.757	25.619	0.000	112.157
1992.000	122.738	25.681	0.000	108.234
1994.000	122.777	25.476	0.000	107.244
1996.000	122.731	25.696	0.000	102.529
1998.000	122.772	25.031	0.000	100.823
2000.000	122.736	24.687	0.000	94.960
