2000.000	122.845	12.328	0.000	179.825
2.000	122.898	13.221	0.000	166.962
4.000	123.112	14.471	0.000	167.907
6.000	123.133	14.016	0.000	176.520
8.000	122.978	13.143	0.000	175.809
10.000	122.834	13.435	0.000	164.776
12.000	122.936	13.502	0.000	159.782
14.000	123.205	13.826	0.000	161.068
16.000	123.126	12.692	0.000	149.167
18.000	122.788	12.778	0.000	141.245
20.000	122.889	12.065	0.000	131.045
22.000	123.167	12.875	0.000	137.736
24.000	123.091	12.824	0.000	138.981
26.000	122.952	13.321	0.000	134.223
28.000	122.918	13.789	0.000	136.407
30.000	122.915	13.239	0.000	125.908
32.000	123.117	11.722	0.000	109.256
34.000	123.182	11.578	0.000	120.517
36.000	122.854	10.140	0.000	128.180
38.000	122.808	10.488	0.000	117.964
40.000	123.151	11.850	0.000	96.898
42.000	123.168	12.558	0.000	103.273
44.000	122.928	11.310	0.000	136.431
46.000	122.861	10.775	0.000	116.934
48.000	122.976	11.230	0.000	115.059
50.000	123.140	11.563	0.000	80.357
52.000	123.102	10.435	0.000	-148.801
54.000	122.863	10.123	0.000	-122.607
56.000	122.882	10.816	0.000	-172.008
58.000	123.096	10.935	0.000	151.446
60.000	123.124	11.086	0.000	134.404
62.000	122.999	9.885	0.000	99.586
64.000	122.843	10.727	0.000	158.267
66.000	122.923	11.693	0.000	99.939
68.000	123.217	11.513	0.000	15.869
70.000	123.109	10.935	0.000	-157.334
72.000	122.768	10.160	0.000	155.518
74.000	122.942	9.432	0.000	-90.570
76.000	123.169	9.974	0.000	-90.285
78.000	123.047	11.735	0.000	-120.054
80.000	122.962	12.159	0.000	-123.246
82.000	122.904	10.815	0.000	-165.488
84.000	122.935	10.080	0.000	-148.983
86.000	123.188	11.304	0.000	-148.066
88.000	123.098	11.096	0.000	-113.735
90.000	122.771	10.688	0.000	-107.245
92.000	122.941	10.456	0.000	-151.017
94.000	123.190	10.495	0.000	-129.574
96.000	123.069	10.863	0.000	-125.219
98.000	122.892	11.035	0.000	-128.857
100.000	122.877	10.602	0.000	-157.922
102.000	123.062	10.204	0.000	-168.305
104.000	123.172	10.955	0.000	-146.434
106.000	122.951	11.382	0.000	-116.973
108.000	122.840	11.524	0.000	-125.823
110.000	123.020	10.787	0.000	-169.061
112.000	123.110	12.182	0.000	178.750
114.000	123.073	12.271	0.000	-155.952
116.000	122.893	10.970	0.000	-156.802
118.000	122.835	10.828	0.000	-157.164
120.000	123.166	11.856	0.000	-127.241
122.000	123.180	12.588	0.000	-127.025
124.000	122.807	11.620	0.000	-157.165
126.000	122.894	11.493	0.000	-154.910
128.000	123.131	13.631	0.000	-128.950
130.000	123.064	13.859	0.000	-127.837
132.000	122.993	12.849	0.000	-137.890
134.000	122.887	12.825	0.000	-157.982
136.000	122.924	13.176	0.000	-152.046
138.000	123.187	12.587	0.000	-146.387
140.000	123.077	12.454	0.000	-137.765
142.000	122.794	12.300	0.000	-133.722
144.000	122.946	12.628	0.000	-150.058
146.000	123.154	13.638	0.000	-140.761
148.000	123.082	13.734	0.000	-136.193
150.000	122.878	13.107	0.000	-146.895
152.000	122.868	13.702	0.000	-148.798
154.000	123.119	14.868	0.000	-152.137
156.000	123.127	14.760	0.000	-149.520
158.000	122.898	14.469	0.000	-154.611
160.000	122.894	15.220	0.000	-161.937
162.000	123.016	15.645	0.000	-165.366
164.000	123.118	16.571	0.000	-160.189
166.000	123.053	16.987	0.000	-154.710
168.000	122.801	16.490	0.000	-165.959
170.000	122.950	17.092	0.000	-174.587
172.000	123.231	17.019	0.000	-166.689
174.000	123.006	16.311	0.000	-164.664
176.000	122.807	15.989	0.000	-179.033
178.000	122.997	17.406	0.000	173.750
180.000	123.108	18.127	0.000	175.742
182.000	123.053	18.156	0.000	177.099
184.000	122.910	18.387	0.000	171.849
186.000	122.875	17.833	0.000	166.420
188.000	123.084	18.245	0.000	158.669
190.000	123.139	19.226	0.000	166.771
192.000	122.908	18.169	0.000	174.459
194.000	122.832	17.150	0.000	166.543
196.000	123.078	18.835	0.000	159.976
198.000	123.167	19.112	0.000	164.540
200.000	122.906	18.636	0.000	161.858
202.000	122.837	18.496	0.000	160.134
204.000	123.073	19.497	0.000	160.813
206.000	123.112	19.717	0.000	160.315
208.000	122.966	19.866	0.000	153.412
210.000	122.874	19.993	0.000	147.675
212.000	122.960	20.578	0.000	145.998
214.000	123.141	21.156	0.000	147.283
216.000	123.045	20.724	0.000	146.441
218.000	122.813	19.971	0.000	138.221
220.000	122.946	20.857	0.000	130.945
222.000	123.171	21.847	0.000	136.597
224.000	123.038	21.170	0.000	138.043
226.000	122.811	20.285	0.000	125.954
228.000	122.960	21.080	0.000	120.620
230.000	123.144	21.210	0.000	129.426
232.000	123.013	21.165	0.000	126.751
234.000	122.892	21.336	0.000	120.900
236.000	122.917	21.180	0.000	121.937
238.000	123.055	21.917	0.000	117.905
240.000	123.139	22.410	0.000	120.370
242.000	122.871	21.622	0.000	119.712
244.000	122.833	21.812	0.000	106.339
246.000	123.165	23.428	0.000	110.594
248.000	123.083	22.673	0.000	113.774
250.000	122.847	22.285	0.000	105.487
252.000	122.916	22.929	0.000	99.453
254.000	123.064	23.430	0.000	101.560
256.000	123.100	23.519	0.000	105.883
258.000	122.906	22.630	0.000	102.439
260.000	122.859	23.048	0.000	93.883
262.000	123.074	23.840	0.000	95.753
264.000	123.094	23.657	0.000	97.292
266.000	122.939	23.223	0.000	95.359
268.000	122.831	23.476	0.000	88.113
270.000	123.039	24.678	0.000	86.906
272.000	123.186	24.914	0.000	92.408
274.000	122.858	23.274	0.000	88.684
276.000	122.851	24.082	0.000	80.535
278.000	123.119	25.114	0.000	84.532
280.000	123.036	24.661	0.000	86.701
282.000	122.952	24.688	0.000	82.778
284.000	122.877	24.848	0.000	85.480
286.000	122.975	25.747	0.000	84.226
288.000	123.177	26.760	0.000	86.545
290.000	122.919	26.211	0.000	93.633
292.000	122.808	27.073	0.000	87.177
294.000	123.083	29.559	0.000	90.212
296.000	123.102	30.392	0.000	98.662
298.000	122.914	31.064	0.000	93.898
300.000	122.842	33.765	0.000	84.991
302.000	123.055	36.405	0.000	82.040
304.000	123.111	37.897	0.000	74.821
306.000	122.891	39.032	0.000	62.661
308.000	122.887	40.612	0.000	46.262
310.000	123.011	42.611	0.000	31.503
312.000	123.099	43.915	0.000	21.361
314.000	122.962	43.930	0.000	7.395
316.000	122.788	44.470	0.000	-17.680
318.000	123.078	46.384	0.000	-34.229
320.000	123.138	46.669	0.000	-41.855
322.000	122.841	45.460	0.000	-60.850
324.000	122.888	46.442	0.000	-86.035
326.000	123.067	47.436	0.000	-94.969
328.000	123.057	46.933	0.000	-108.211
330.000	122.912	47.009	0.000	-127.906
332.000	122.865	47.291	0.000	-143.916
334.000	123.039	48.046	0.000	-163.171
336.000	123.101	48.842	0.000	-173.500
338.000	122.889	47.785	0.000	174.311
340.000	122.830	48.257	0.000	146.004
342.000	123.111	49.969	0.000	137.356
344.000	123.079	49.249	0.000	130.573
346.000	122.816	48.725	0.000	107.815
348.000	122.927	49.963	0.000	92.845
350.000	123.076	50.517	0.000	82.641
352.000	123.026	50.571	0.000	70.579
354.000	122.875	50.324	0.000	55.037
356.000	122.886	50.954	0.000	36.559
358.000	123.094	51.853	0.000	25.324
360.000	123.036	51.596	0.000	15.585
362.000	122.838	50.754	0.000	-0.646
364.000	122.901	51.266	0.000	-20.872
366.000	123.127	52.200	0.000	-28.716
368.000	123.014	50.978	0.000	-34.680
370.000	122.775	49.906	0.000	-57.763
372.000	123.015	51.057	0.000	-68.292
374.000	123.085	50.385	0.000	-72.747
376.000	122.933	49.492	0.000	-87.421
378.000	122.893	49.370	0.000	-98.057
380.000	122.916	49.149	0.000	-112.613
382.000	123.130	49.934	0.000	-122.262
384.000	122.965	48.878	0.000	-127.537
386.000	122.775	47.710	0.000	-151.702
388.000	123.064	48.823	0.000	-165.342
390.000	123.077	47.852	0.000	-170.383
392.000	122.885	45.631	0.000	170.846
394.000	122.854	44.986	0.000	150.582
396.000	123.047	44.255	0.000	139.262
398.000	123.067	42.366	0.000	126.686
400.000	122.850	39.651	0.000	109.122
402.000	122.903	36.931	0.000	88.020
404.000	123.031	33.896	0.000	69.282
406.000	123.057	29.079	0.000	48.994
408.000	122.856	22.678	0.000	-19.068
410.000	122.853	25.959	0.000	-127.948
412.000	123.153	29.826	0.000	-141.772
414.000	122.970	30.655	0.000	-152.259
416.000	122.803	31.884	0.000	-175.027
418.000	122.994	34.169	0.000	176.662
420.000	123.054	34.581	0.000	171.943
422.000	122.953	34.716	0.000	157.847
424.000	122.840	35.079	0.000	144.178
426.000	122.968	35.457	0.000	128.037
428.000	123.090	36.176	0.000	117.769
430.000	122.919	34.858	0.000	110.023
432.000	122.803	33.550	0.000	85.232
434.000	123.059	34.383	0.000	74.227
436.000	123.072	32.864	0.000	70.908
438.000	122.811	30.289	0.000	52.093
440.000	122.915	29.617	0.000	38.988
442.000	123.053	28.159	0.000	33.727
444.000	122.996	25.734	0.000	30.071
446.000	122.847	22.737	0.000	31.480
448.000	122.905	22.249	0.000	39.608
450.000	123.086	23.959	0.000	53.344
452.000	122.962	25.503	0.000	54.019
454.000	122.813	27.197	0.000	40.295
456.000	122.957	29.806	0.000	23.207
458.000	123.119	31.607	0.000	14.666
460.000	122.864	31.264	0.000	-4.727
462.000	122.832	32.900	0.000	-35.405
464.000	123.079	34.022	0.000	-47.164
466.000	122.974	33.499	0.000	-68.178
468.000	122.897	33.556	0.000	-91.601
470.000	122.858	33.001	0.000	-111.492
472.000	123.043	33.301	0.000	-134.632
474.000	123.042	32.723	0.000	-144.880
476.000	122.767	30.220	0.000	-166.969
478.000	122.965	30.375	0.000	170.581
480.000	123.079	29.591	0.000	166.779
482.000	122.905	27.169	0.000	154.289
484.000	122.820	25.815	0.000	136.463
486.000	123.015	25.228	0.000	130.763
488.000	123.040	23.626	0.000	129.601
490.000	122.848	21.808	0.000	123.253
492.000	122.884	20.789	0.000	109.888
494.000	123.008	20.356	0.000	106.499
496.000	123.034	20.088	0.000	109.902
498.000	122.803	18.327	0.000	108.859
500.000	122.902	17.916	0.000	100.549
502.000	123.113	18.331	0.000	102.090
504.000	122.887	16.186	0.000	96.259
506.000	122.821	15.580	0.000	84.730
508.000	123.010	16.079	0.000	86.296
510.000	123.018	15.024	0.000	92.338
512.000	122.864	15.060	0.000	98.480
514.000	122.865	15.157	0.000	91.855
516.000	123.008	14.162	0.000	82.840
518.000	123.028	14.775	0.000	94.704
520.000	122.788	13.635	0.000	94.723
522.000	122.916	14.084	0.000	85.155
524.000	123.102	14.158	0.000	88.429
526.000	122.860	12.727	0.000	91.827
528.000	122.844	11.748	0.000	94.932
530.000	122.990	12.327	0.000	86.651
532.000	123.019	12.377	0.000	65.087
534.000	122.841	10.649	0.000	63.594
536.000	122.870	11.725	0.000	82.418
538.000	123.034	11.863	0.000	81.173
540.000	122.965	12.635	0.000	74.450
542.000	122.808	12.330	0.000	71.561
544.000	122.918	12.464	0.000	70.869
546.000	123.104	11.407	0.000	69.056
548.000	122.818	11.062	0.000	79.002
550.000	122.859	11.422	0.000	68.610
552.000	123.031	11.307	0.000	69.560
554.000	122.950	11.685	0.000	66.050
556.000	122.856	11.413	0.000	75.206
558.000	122.864	10.465	0.000	69.803
560.000	123.064	10.376	0.000	66.781
562.000	122.915	12.421	0.000	76.906
564.000	122.785	12.081	0.000	54.518
566.000	122.999	12.147	0.000	46.774
568.000	123.026	11.101	0.000	62.674
570.000	122.796	10.909	0.000	41.744
572.000	122.893	11.391	0.000	38.512
574.000	123.030	11.168	0.000	41.945
576.000	122.917	11.545	0.000	17.381
578.000	122.822	11.330	0.000	1.747
580.000	122.930	10.330	0.000	52.333
582.000	123.040	10.801	0.000	62.894
584.000	122.844	11.381	0.000	47.816
586.000	122.824	11.169	0.000	32.666
588.000	123.041	11.718	0.000	27.855
590.000	122.957	10.648	0.000	43.209
592.000	122.763	10.458	0.000	65.631
594.000	122.981	10.039	0.000	64.958
596.000	122.988	11.238	0.000	39.049
598.000	122.866	11.510	0.000	29.955
600.000	122.840	11.592	0.000	21.756
602.000	122.975	11.281	0.000	40.114
604.000	123.010	10.844	0.000	35.100
606.000	122.753	10.213	0.000	15.266
608.000	122.943	10.644	0.000	16.608
610.000	123.027	11.604	0.000	35.160
612.000	122.842	11.250	0.000	32.126
614.000	122.825	11.306	0.000	22.181
616.000	123.013	11.555	0.000	26.105
618.000	122.939	10.035	0.000	11.002
620.000	122.810	9.472	0.000	-1.326
622.000	122.902	9.678	0.000	-28.151
624.000	123.011	10.395	0.000	-4.070
626.000	122.882	11.672	0.000	25.752
628.000	122.779	11.841	0.000	21.259
630.000	123.034	11.056	0.000	16.013
632.000	122.944	12.031	0.000	9.249
634.000	122.773	12.178	0.000	-3.589
636.000	122.938	11.050	0.000	2.855
638.000	122.993	11.152	0.000	6.415
640.000	122.846	10.715	0.000	1.852
642.000	122.836	10.577	0.000	6.021
644.000	122.963	10.040	0.000	-6.081
646.000	122.984	10.576	0.000	16.972
648.000	122.748	10.225	0.000	15.621
650.000	122.939	12.026	0.000	4.839
652.000	123.018	12.635	0.000	-17.148
654.000	122.803	11.843	0.000	-18.733
656.000	122.848	12.122	0.000	-5.877
658.000	122.991	11.773	0.000	-15.088
660.000	122.918	11.002	0.000	-15.318
662.000	122.786	11.662	0.000	-1.243
664.000	122.931	11.778	0.000	-18.326
666.000	122.980	12.691	0.000	-8.758
668.000	122.838	13.230	0.000	-0.989
670.000	122.800	12.941	0.000	-1.202
672.000	123.055	13.632	0.000	7.230
674.000	122.858	13.114	0.000	16.276
676.000	122.796	12.725	0.000	-0.588
678.000	122.964	12.987	0.000	0.104
680.000	122.941	12.230	0.000	-1.760
682.000	122.814	12.531	0.000	2.077
684.000	122.853	13.594	0.000	-9.749
686.000	122.997	14.798	0.000	-7.477
688.000	122.875	15.159	0.000	-0.828
690.000	122.764	15.594	0.000	-13.214
692.000	123.004	15.907	0.000	-17.303
694.000	122.925	14.941	0.000	-14.347
696.000	122.768	14.873	0.000	-20.424
698.000	122.922	15.802	0.000	-19.890
700.000	122.960	15.886	0.000	-13.808
702.000	122.834	15.635	0.000	-18.836
704.000	122.814	15.860	0.000	-28.393
706.000	122.985	16.653	0.000	-30.450
708.000	122.894	16.764	0.000	-34.373
710.000	122.773	16.858	0.000	-43.319
712.000	122.926	18.582	0.000	-45.648
714.000	122.993	18.788	0.000	-43.332
716.000	122.736	18.281	0.000	-49.548
718.000	122.920	19.063	0.000	-47.242
720.000	122.941	18.603	0.000	-44.934
722.000	122.859	18.223	0.000	-47.180
724.000	122.790	18.467	0.000	-51.769
726.000	122.963	18.365	0.000	-52.098
728.000	122.925	18.360	0.000	-48.342
730.000	122.751	17.859	0.000	-53.110
732.000	122.916	19.647	0.000	-56.115
734.000	122.975	19.843	0.000	-48.013
736.000	122.763	19.151	0.000	-55.943
738.000	122.869	19.349	0.000	-59.352
740.000	122.962	19.825	0.000	-59.331
742.000	122.845	20.033	0.000	-58.563
744.000	122.790	20.562	0.000	-63.178
746.000	122.941	21.147	0.000	-63.071
748.000	122.926	20.562	0.000	-62.482
750.000	122.753	20.317	0.000	-70.428
752.000	122.895	21.573	0.000	-69.832
754.000	122.978	22.125	0.000	-60.386
756.000	122.757	21.318	0.000	-67.552
758.000	122.863	22.446	0.000	-74.783
760.000	122.961	22.046	0.000	-68.993
762.000	122.829	21.916	0.000	-72.851
764.000	122.799	22.454	0.000	-74.005
766.000	122.920	23.229	0.000	-78.489
768.000	122.941	23.331	0.000	-71.474
770.000	122.722	22.089	0.000	-75.131
772.000	122.925	23.163	0.000	-78.984
774.000	122.939	22.875	0.000	-74.369
776.000	122.767	22.882	0.000	-79.473
778.000	122.846	23.496	0.000	-79.165
780.000	122.964	23.657	0.000	-75.363
782.000	122.809	23.280	0.000	-73.950
784.000	122.800	23.459	0.000	-75.266
786.000	122.927	23.871	0.000	-72.959
788.000	122.904	23.804	0.000	-64.670
790.000	122.730	23.514	0.000	-64.743
792.000	122.926	24.712	0.000	-62.479
794.000	122.928	24.711	0.000	-52.141
796.000	122.739	24.649	0.000	-52.544
798.000	122.883	26.722	0.000	-47.261
800.000	122.930	27.158	0.000	-37.795
802.000	122.798	28.106	0.000	-36.022
804.000	122.802	29.728	0.000	-33.009
806.000	122.941	32.122	0.000	-31.242
808.000	122.864	32.953	0.000	-24.458
810.000	122.732	34.958	0.000	-33.873
812.000	122.962	37.870	0.000	-28.955
814.000	122.866	38.347	0.000	-29.463
816.000	122.749	40.733	0.000	-38.517
818.000	122.896	43.086	0.000	-40.385
820.000	122.912	44.865	0.000	-45.375
822.000	122.766	46.373	0.000	-56.345
824.000	122.832	48.732	0.000	-69.795
826.000	122.940	50.281	0.000	-77.947
828.000	122.802	50.465	0.000	-90.231
830.000	122.769	51.438	0.000	-109.012
832.000	122.969	52.805	0.000	-113.850
834.000	122.811	52.042	0.000	-121.257
836.000	122.760	53.211	0.000	-138.794
838.000	122.935	54.067	0.000	-141.230
840.000	122.844	53.776	0.000	-152.871
842.000	122.774	54.217	0.000	-163.237
844.000	122.851	54.780	0.000	-175.232
846.000	122.941	55.433	0.000	-179.189
848.000	122.723	54.342	0.000	169.707
850.000	122.860	55.755	0.000	156.833
852.000	122.931	55.751	0.000	157.758
854.000	122.758	55.224	0.000	142.760
856.000	122.806	56.442	0.000	132.028
858.000	122.938	56.564	0.000	123.760
860.000	122.788	55.952	0.000	110.404
862.000	122.784	55.409	0.000	94.861
864.000	122.898	55.227	0.000	85.075
866.000	122.869	53.812	0.000	80.637
868.000	122.711	52.161	0.000	67.437
870.000	122.931	52.185	0.000	63.130
872.000	122.860	50.563	0.000	64.650
874.000	122.732	48.992	0.000	55.447
876.000	122.879	49.220	0.000	57.234
878.000	122.883	47.808	0.000	59.768
880.000	122.752	47.245	0.000	57.292
882.000	122.822	46.912	0.000	58.423
884.000	122.918	47.392	0.000	61.673
886.000	122.765	46.342	0.000	66.548
888.000	122.784	47.453	0.000	62.796
890.000	122.951	48.284	0.000	74.375
892.000	122.753	48.375	0.000	70.066
894.000	122.786	50.350	0.000	65.481
896.000	122.908	51.537	0.000	61.587
898.000	122.809	51.691	0.000	54.336
900.000	122.753	52.121	0.000	41.729
902.000	122.887	52.821	0.000	35.853
904.000	122.856	52.520	0.000	32.012
906.000	122.711	51.919	0.000	20.795
908.000	122.899	53.121	0.000	15.089
910.000	122.864	52.376	0.000	16.621
912.000	122.717	52.085	0.000	2.863
914.000	122.869	53.056	0.000	1.200
916.000	122.864	52.575	0.000	-3.685
918.000	122.747	52.555	0.000	-13.595
920.000	122.812	52.667	0.000	-23.581
922.000	122.903	52.812	0.000	-30.123
924.000	122.744	51.157	0.000	-36.601
926.000	122.791	50.716	0.000	-51.458
928.000	122.924	50.070	0.000	-46.478
930.000	122.735	47.599	0.000	-53.021
932.000	122.793	47.485	0.000	-54.608
934.000	122.892	46.336	0.000	-52.102
936.000	122.777	44.898	0.000	-50.447
938.000	122.760	43.618	0.000	-46.791
940.000	122.882	43.840	0.000	-32.244
942.000	122.816	44.061	0.000	-18.475
944.000	122.714	45.844	0.000	-17.323
946.000	122.914	48.491	0.000	-13.692
948.000	122.799	48.824	0.000	-12.806
950.000	122.733	50.519	0.000	-25.434
952.000	122.876	51.996	0.000	-24.305
954.000	122.819	52.224	0.000	-32.411
956.000	122.736	53.028	0.000	-40.221
958.000	122.834	53.882	0.000	-50.327
960.000	122.871	54.437	0.000	-51.958
962.000	122.697	53.503	0.000	-63.451
964.000	122.859	54.878	0.000	-70.069
966.000	122.853	54.092	0.000	-68.156
968.000	122.720	53.833	0.000	-78.429
970.000	122.822	54.704	0.000	-78.921
972.000	122.867	54.939	0.000	-80.400
974.000	122.723	55.158	0.000	-87.199
976.000	122.807	56.142	0.000	-95.310
978.000	122.867	56.640	0.000	-98.576
980.000	122.744	55.975	0.000	-106.122
982.000	122.770	56.688	0.000	-117.562
984.000	122.910	56.912	0.000	-115.964
986.000	122.708	55.746	0.000	-125.056
988.000	122.799	56.729	0.000	-131.082
990.000	122.860	56.449	0.000	-130.862
992.000	122.753	56.171	0.000	-138.382
994.000	122.757	56.370	0.000	-143.668
996.000	122.875	56.951	0.000	-147.506
998.000	122.763	56.230	0.000	-147.551
1000.000	122.729	56.544	0.000	-159.022
1002.000	122.910	57.323	0.000	-152.956
1004.000	122.730	56.425	0.000	-158.257
1006.000	122.761	57.790	0.000	-162.384
1008.000	122.863	58.466	0.000	-164.921
1010.000	122.768	58.820	0.000	-170.587
1012.000	122.733	59.506	0.000	177.047
1014.000	122.865	60.454	0.000	171.653
1016.000	122.783	60.023	0.000	163.845
1018.000	122.703	59.976	0.000	148.798
1020.000	122.898	60.901	0.000	142.632
1022.000	122.753	59.455	0.000	137.023
1024.000	122.736	59.372	0.000	120.448
1026.000	122.858	58.884	0.000	119.711
1028.000	122.773	57.460	0.000	111.058
1030.000	122.724	56.540	0.000	106.173
1032.000	122.847	56.232	0.000	102.468
1034.000	122.797	55.241	0.000	106.375
1036.000	122.693	54.296	0.000	99.791
1038.000	122.883	55.107	0.000	104.766
1040.000	122.759	53.865	0.000	106.875
1042.000	122.724	54.513	0.000	102.444
1044.000	122.849	54.981	0.000	106.192
1046.000	122.776	55.087	0.000	104.609
1048.000	122.720	55.547	0.000	99.201
1050.000	122.833	56.623	0.000	95.972
1052.000	122.800	56.374	0.000	95.376
1054.000	122.688	56.457	0.000	85.217
1056.000	122.873	57.592	0.000	83.547
1058.000	122.762	56.812	0.000	82.891
1060.000	122.719	57.274	0.000	72.335
1062.000	122.841	57.946	0.000	75.143
1064.000	122.773	57.626	0.000	69.863
1066.000	122.717	58.173	0.000	65.622
1068.000	122.824	59.119	0.000	59.768
1070.000	122.802	59.446	0.000	60.622
1072.000	122.680	59.607	0.000	46.698
1074.000	122.872	61.125	0.000	46.227
1076.000	122.752	60.264	0.000	39.484
1078.000	122.719	61.128	0.000	27.878
1080.000	122.833	61.514	0.000	22.950
1082.000	122.770	61.357	0.000	15.541
1084.000	122.709	61.361	0.000	3.356
1086.000	122.830	61.863	0.000	-3.272
1088.000	122.780	61.233	0.000	-9.174
1090.000	122.684	60.723	0.000	-22.806
1092.000	122.870	61.357	0.000	-27.242
1094.000	122.735	59.775	0.000	-31.307
1096.000	122.724	59.697	0.000	-43.038
1098.000	122.835	59.341	0.000	-41.701
1100.000	122.746	58.523	0.000	-47.843
1102.000	122.715	58.337	0.000	-52.595
1104.000	122.838	58.734	0.000	-56.529
1106.000	122.747	58.060	0.000	-56.784
1108.000	122.707	58.067	0.000	-68.918
1110.000	122.859	58.723	0.000	-66.479
1112.000	122.711	57.348	0.000	-73.372
1114.000	122.737	57.992	0.000	-79.864
1116.000	122.834	57.696	0.000	-81.089
1118.000	122.718	57.261	0.000	-85.425
1120.000	122.734	57.386	0.000	-92.502
1122.000	122.831	57.965	0.000	-92.453
1124.000	122.717	57.301	0.000	-96.958
1126.000	122.734	58.072	0.000	-106.411
1128.000	122.843	58.772	0.000	-106.903
1130.000	122.688	57.963	0.000	-116.588
1132.000	122.763	59.158	0.000	-126.188
1134.000	122.812	58.593	0.000	-129.502
1136.000	122.709	58.332	0.000	-141.116
1138.000	122.740	58.088	0.000	-150.317
1140.000	122.839	58.411	0.000	-155.265
1142.000	122.673	56.853	0.000	-163.295
1144.000	122.784	57.381	0.000	-174.209
1146.000	122.804	56.329	0.000	-173.746
1148.000	122.681	55.208	0.000	174.069
1150.000	122.785	55.215	0.000	171.118
1152.000	122.792	54.280	0.000	168.449
1154.000	122.685	53.473	0.000	162.724
1156.000	122.780	53.553	0.000	158.812
1158.000	122.800	53.176	0.000	159.535
1160.000	122.660	52.427	0.000	151.834
1162.000	122.823	53.288	0.000	148.888
1164.000	122.755	52.441	0.000	148.527
1166.000	122.685	52.454	0.000	137.331
1168.000	122.818	52.837	0.000	137.771
1170.000	122.735	52.140	0.000	131.052
1172.000	122.701	52.288	0.000	124.801
1174.000	122.810	52.741	0.000	118.079
1176.000	122.736	52.381	0.000	115.741
1178.000	122.697	52.410	0.000	99.747
1180.000	122.828	52.906	0.000	98.714
1182.000	122.700	51.415	0.000	86.465
1184.000	122.729	51.627	0.000	75.726
1186.000	122.805	50.809	0.000	69.488
1188.000	122.705	49.642	0.000	60.559
1190.000	122.722	48.900	0.000	49.277
1192.000	122.819	48.179	0.000	46.705
1194.000	122.678	46.191	0.000	39.169
1196.000	122.749	45.499	0.000	31.232
1198.000	122.810	44.483	0.000	34.424
1200.000	122.655	42.507	0.000	28.957
1202.000	122.795	42.734	0.000	31.722
1204.000	122.759	41.573	0.000	33.173
1206.000	122.687	41.397	0.000	30.908
1208.000	122.773	41.595	0.000	26.361
1210.000	122.779	41.265	0.000	28.017
1212.000	122.659	40.244	0.000	18.633
1214.000	122.815	40.785	0.000	19.139
1216.000	122.725	39.475	0.000	17.618
1218.000	122.690	39.524	0.000	11.048
1220.000	122.812	39.304	0.000	12.833
1222.000	122.704	38.713	0.000	9.217
1224.000	122.707	38.650	0.000	5.737
1226.000	122.809	39.024	0.000	6.090
1228.000	122.688	38.275	0.000	3.912
1230.000	122.726	38.810	0.000	-0.829
1232.000	122.804	39.169	0.000	1.706
1234.000	122.664	38.997	0.000	-4.703
1236.000	122.769	40.310	0.000	-7.513
1238.000	122.759	40.097	0.000	-10.602
1240.000	122.690	40.764	0.000	-17.408
1242.000	122.752	41.515	0.000	-25.670
1244.000	122.777	42.235	0.000	-28.531
1246.000	122.656	42.287	0.000	-43.506
1248.000	122.800	43.572	0.000	-49.868
1250.000	122.726	42.763	0.000	-59.948
1252.000	122.686	43.277	0.000	-75.361
1254.000	122.795	43.179	0.000	-83.738
1256.000	122.708	42.336	0.000	-95.609
1258.000	122.696	41.854	0.000	-109.396
1260.000	122.806	41.461	0.000	-116.036
1262.000	122.676	39.748	0.000	-124.893
1264.000	122.725	38.957	0.000	-135.479
1266.000	122.802	38.053	0.000	-134.613
1268.000	122.647	36.150	0.000	-140.550
1270.000	122.784	36.020	0.000	-136.075
1272.000	122.738	35.165	0.000	-130.659
1274.000	122.681	35.688	0.000	-128.873
1276.000	122.773	37.056	0.000	-129.104
1278.000	122.736	37.750	0.000	-128.972
1280.000	122.673	38.601	0.000	-140.027
1282.000	122.797	39.976	0.000	-142.307
1284.000	122.697	39.643	0.000	-150.484
1286.000	122.711	40.683	0.000	-160.296
1288.000	122.776	40.726	0.000	-165.323
1290.000	122.692	40.781	0.000	-172.506
1292.000	122.714	41.230	0.000	177.491
1294.000	122.787	41.649	0.000	175.223
1296.000	122.657	41.138	0.000	166.167
1298.000	122.758	42.038	0.000	158.501
1300.000	122.757	42.135	0.000	157.523
1302.000	122.659	42.173	0.000	144.517
1304.000	122.783	42.930	0.000	143.148
1306.000	122.715	42.593	0.000	134.778
1308.000	122.681	42.802	0.000	127.595
1310.000	122.786	43.658	0.000	120.676
1312.000	122.691	43.263	0.000	117.279
1314.000	122.707	44.097	0.000	104.706
1316.000	122.784	44.340	0.000	103.808
1318.000	122.665	44.161	0.000	90.297
1320.000	122.740	44.897	0.000	83.522
1322.000	122.757	44.725	0.000	75.612
1324.000	122.666	44.603	0.000	64.542
1326.000	122.757	44.949	0.000	55.309
1328.000	122.742	44.430	0.000	49.396
1330.000	122.652	43.903	0.000	36.894
1332.000	122.808	44.269	0.000	32.798
1334.000	122.673	42.975	0.000	26.462
1336.000	122.714	43.165	0.000	17.526
1338.000	122.769	42.561	0.000	16.011
1340.000	122.670	42.014	0.000	9.453
1342.000	122.729	41.988	0.000	5.142
1344.000	122.765	42.053	0.000	4.070
1346.000	122.647	41.394	0.000	-2.669
1348.000	122.784	42.470	0.000	-4.745
1350.000	122.705	41.562	0.000	-6.255
1352.000	122.684	42.227	0.000	-14.089
1354.000	122.772	42.429	0.000	-15.264
1356.000	122.690	42.370	0.000	-20.227
1358.000	122.698	42.994	0.000	-27.361
1360.000	122.779	43.398	0.000	-28.789
1362.000	122.657	43.206	0.000	-36.599
1364.000	122.743	44.286	0.000	-43.613
1366.000	122.748	44.365	0.000	-44.868
1368.000	122.653	44.840	0.000	-57.877
1370.000	122.781	45.612	0.000	-59.808
1372.000	122.696	45.548	0.000	-70.378
1374.000	122.684	46.081	0.000	-79.288
1376.000	122.786	46.890	0.000	-88.201
1378.000	122.660	46.380	0.000	-97.003
1380.000	122.736	47.142	0.000	-111.903
1382.000	122.748	46.724	0.000	-116.668
1384.000	122.661	46.122	0.000	-132.220
1386.000	122.760	46.186	0.000	-139.291
1388.000	122.714	45.388	0.000	-148.104
1390.000	122.678	44.802	0.000	-157.756
1392.000	122.764	44.829	0.000	-164.639
1394.000	122.695	43.902	0.000	-169.420
1396.000	122.692	43.777	0.000	179.998
1398.000	122.780	43.709	0.000	177.825
1400.000	122.644	42.889	0.000	167.950
1402.000	122.756	43.574	0.000	161.907
1404.000	122.727	42.874	0.000	155.767
1406.000	122.662	42.718	0.000	146.067
1408.000	122.773	42.971	0.000	136.372
1410.000	122.692	42.356	0.000	131.121
1412.000	122.691	42.223	0.000	114.361
1414.000	122.773	42.012	0.000	111.188
1416.000	122.659	40.629	0.000	96.139
1418.000	122.739	40.303	0.000	87.121
1420.000	122.733	39.012	0.000	78.693
1422.000	122.667	37.678	0.000	67.946
1424.000	122.754	36.964	0.000	60.389
1426.000	122.713	35.354	0.000	55.501
1428.000	122.666	33.917	0.000	46.233
1430.000	122.795	33.369	0.000	45.012
1432.000	122.647	31.300	0.000	39.547
1434.000	122.741	30.933	0.000	35.265
1436.000	122.739	29.420	0.000	33.977
1438.000	122.655	28.069	0.000	27.829
1440.000	122.768	27.427	0.000	24.297
1442.000	122.699	26.281	0.000	24.545
1444.000	122.682	25.216	0.000	18.559
1446.000	122.774	24.737	0.000	22.396
1448.000	122.657	23.432	0.000	18.161
1450.000	122.736	23.134	0.000	16.582
1452.000	122.732	21.715	0.000	15.135
1454.000	122.668	20.727	0.000	15.489
1456.000	122.751	20.137	0.000	16.060
1458.000	122.709	19.367	0.000	15.571
1460.000	122.673	19.236	0.000	7.798
1462.000	122.781	18.982	0.000	13.417
1464.000	122.651	17.949	0.000	16.390
1466.000	122.742	17.658	0.000	12.981
1468.000	122.724	16.026	0.000	12.546
1470.000	122.670	15.625	0.000	14.934
1472.000	122.755	16.141	0.000	6.598
1474.000	122.696	15.812	0.000	10.032
1476.000	122.699	15.513	0.000	7.743
1478.000	122.755	15.146	0.000	10.676
1480.000	122.668	13.451	0.000	9.121
1482.000	122.733	12.956	0.000	11.204
1484.000	122.727	13.162	0.000	0.227
1486.000	122.670	11.786	0.000	7.245
1488.000	122.760	12.791	0.000	20.080
1490.000	122.687	11.908	0.000	16.034
1492.000	122.702	12.192	0.000	12.333
1494.000	122.759	12.772	0.000	12.747
1496.000	122.653	11.871	0.000	-5.789
1498.000	122.758	11.734	0.000	12.996
1500.000	122.702	10.224	0.000	15.952
1502.000	122.684	10.674	0.000	3.523
1504.000	122.762	11.226	0.000	-5.190
1506.000	122.672	10.247	0.000	-11.021
1508.000	122.725	11.326	0.000	-5.208
1510.000	122.740	11.202	0.000	13.581
1512.000	122.661	11.340	0.000	8.138
1514.000	122.760	11.361	0.000	23.736
1516.000	122.695	10.968	0.000	23.472
1518.000	122.687	11.129	0.000	22.361
1520.000	122.772	10.750	0.000	18.726
1522.000	122.647	10.836	0.000	19.670
1524.000	122.758	10.407	0.000	22.101
1526.000	122.703	8.590	0.000	-3.221
1528.000	122.698	9.324	0.000	-3.825
1530.000	122.744	9.940	0.000	-4.671
1532.000	122.691	10.782	0.000	-15.579
1534.000	122.712	10.428	0.000	-28.056
1536.000	122.746	11.218	0.000	-7.151
1538.000	122.662	10.847	0.000	-11.567
1540.000	122.764	9.676	0.000	0.217
1542.000	122.689	10.429	0.000	-23.025
1544.000	122.702	10.269	0.000	-20.371
1546.000	122.754	9.986	0.000	-3.357
1548.000	122.662	10.535	0.000	-23.229
1550.000	122.748	10.796	0.000	-69.758
1552.000	122.713	10.652	0.000	50.402
1554.000	122.682	9.577	0.000	35.746
1556.000	122.767	9.196	0.000	-2.356
1558.000	122.667	8.905	0.000	-7.907
1560.000	122.736	10.264	0.000	-26.469
1562.000	122.727	9.296	0.000	-40.240
1564.000	122.672	8.964	0.000	-52.808
1566.000	122.762	8.689	0.000	-34.767
1568.000	122.683	8.934	0.000	-3.226
1570.000	122.715	9.494	0.000	-106.471
1572.000	122.750	10.470	0.000	-91.363
1574.000	122.664	11.321	0.000	-100.679
1576.000	122.761	10.801	0.000	-88.440
1578.000	122.690	9.934	0.000	-132.965
1580.000	122.706	9.515	0.000	178.469
1582.000	122.752	8.975	0.000	-162.012
1584.000	122.668	9.469	0.000	-161.923
1586.000	122.753	9.235	0.000	-154.512
1588.000	122.708	8.131	0.000	-169.211
1590.000	122.693	8.968	0.000	148.823
1592.000	122.758	9.348	0.000	-167.729
1594.000	122.672	10.034	0.000	-130.200
1596.000	122.742	9.281	0.000	-137.027
1598.000	122.723	9.632	0.000	-145.716
1600.000	122.684	10.442	0.000	167.590
1602.000	122.763	10.989	0.000	170.376
1604.000	122.677	10.307	0.000	-160.214
1606.000	122.735	9.258	0.000	162.084
1608.000	122.728	8.823	0.000	125.534
1610.000	122.682	9.209	0.000	135.813
1612.000	122.758	9.202	0.000	153.416
1614.000	122.693	9.911	0.000	133.154
1616.000	122.713	10.555	0.000	109.458
1618.000	122.757	10.607	0.000	92.075
1620.000	122.659	9.940	0.000	98.589
1622.000	122.776	9.885	0.000	123.871
1624.000	122.684	8.086	0.000	118.679
1626.000	122.719	8.679	0.000	110.964
1628.000	122.749	10.484	0.000	127.650
1630.000	122.672	9.945	0.000	115.834
1632.000	122.761	10.173	0.000	116.318
1634.000	122.701	9.643	0.000	109.838
1636.000	122.705	10.094	0.000	95.731
1638.000	122.761	10.503	0.000	94.709
1640.000	122.664	9.899	0.000	85.247
1642.000	122.764	9.325	0.000	67.356
1644.000	122.698	9.350	0.000	75.942
1646.000	122.713	10.089	0.000	74.861
1648.000	122.757	10.411	0.000	99.738
1650.000	122.677	9.575	0.000	100.816
1652.000	122.753	10.909	0.000	76.911
1654.000	122.712	11.154	0.000	79.076
1656.000	122.698	9.587	0.000	73.311
1658.000	122.766	9.488	0.000	56.730
1660.000	122.666	10.105	0.000	54.288
1662.000	122.767	10.406	0.000	40.339
1664.000	122.702	11.045	0.000	40.649
1666.000	122.710	10.405	0.000	40.068
1668.000	122.754	9.358	0.000	46.821
1670.000	122.682	10.065	0.000	31.689
1672.000	122.748	9.763	0.000	23.036
1674.000	122.718	9.486	0.000	33.873
1676.000	122.702	9.464	0.000	25.056
1678.000	122.765	10.806	0.000	-2.242
1680.000	122.668	10.697	0.000	14.449
1682.000	122.767	10.577	0.000	5.430
1684.000	122.710	10.014	0.000	1.992
1686.000	122.699	8.895	0.000	5.342
1688.000	122.779	9.626	0.000	6.656
1690.000	122.662	10.796	0.000	2.642
1692.000	122.777	10.796	0.000	-12.586
1694.000	122.693	10.202	0.000	-20.611
1696.000	122.730	10.137	0.000	-13.452
1698.000	122.739	9.801	0.000	-39.423
1700.000	122.699	9.352	0.000	-40.073
1702.000	122.746	8.899	0.000	-31.145
1704.000	122.719	8.305	0.000	-18.516
1706.000	122.708	8.002	0.000	-24.206
1708.000	122.768	9.156	0.000	-28.380
1710.000	122.671	8.940	0.000	-22.662
1712.000	122.776	8.733	0.000	-60.767
1714.000	122.694	10.315	0.000	-46.581
1716.000	122.732	9.947	0.000	-69.242
1718.000	122.745	9.305	0.000	-66.452
1720.000	122.688	9.586	0.000	-96.069
1722.000	122.769	9.602	0.000	-116.273
1724.000	122.702	10.484	0.000	-109.527
1726.000	122.724	9.501	0.000	-93.404
1728.000	122.756	8.528	0.000	-102.243
1730.000	122.680	9.408	0.000	-107.417
1732.000	122.780	10.386	0.000	-105.154
1734.000	122.679	10.829	0.000	-129.312
1736.000	122.762	10.335	0.000	-124.719
1738.000	122.719	9.293	0.000	-110.576
1740.000	122.717	10.543	0.000	-115.712
1742.000	122.752	9.646	0.000	-121.890
1744.000	122.699	10.017	0.000	-134.093
1746.000	122.748	9.948	0.000	-123.415
1748.000	122.730	9.565	0.000	-150.389
1750.000	122.707	9.675	0.000	-149.267
1752.000	122.766	10.692	0.000	-136.174
1754.000	122.689	10.514	0.000	-150.151
1756.000	122.760	9.764	0.000	-146.691
1758.000	122.718	10.309	0.000	-166.537
1760.000	122.713	10.577	0.000	-149.420
1762.000	122.771	10.823	0.000	-166.612
1764.000	122.681	10.027	0.000	175.975
1766.000	122.779	9.656	0.000	-168.477
1768.000	122.689	9.112	0.000	-155.979
1770.000	122.757	9.923	0.000	172.368
1772.000	122.730	10.147	0.000	167.319
1774.000	122.708	9.336	0.000	159.179
1776.000	122.769	9.376	0.000	166.218
1778.000	122.698	9.412	0.000	144.178
1780.000	122.751	9.806	0.000	109.940
1782.000	122.735	10.387	0.000	142.430
1784.000	122.703	10.401	0.000	155.344
1786.000	122.775	9.921	0.000	162.302
1788.000	122.684	9.580	0.000	153.321
1790.000	122.771	10.291	0.000	145.443
1792.000	122.708	10.903	0.000	145.048
1794.000	122.739	10.136	0.000	130.901
1796.000	122.746	11.186	0.000	145.789
1798.000	122.716	10.283	0.000	131.685
1800.000	122.748	10.561	0.000	122.555
1802.000	122.725	10.558	0.000	139.586
1804.000	122.728	10.900	0.000	130.950
1806.000	122.757	8.865	0.000	118.135
1808.000	122.692	9.740	0.000	122.046
1810.000	122.786	10.300	0.000	126.666
1812.000	122.688	8.869	0.000	112.935
1814.000	122.765	11.047	0.000	100.267
1816.000	122.724	11.792	0.000	92.710
1818.000	122.718	11.876	0.000	100.317
1820.000	122.772	10.833	0.000	107.689
1822.000	122.688	9.203	0.000	90.145
1824.000	122.782	9.320	0.000	81.815
1826.000	122.693	10.756	0.000	91.936
1828.000	122.766	10.537	0.000	101.398
1830.000	122.725	9.567	0.000	93.796
1832.000	122.728	9.945	0.000	95.627
1834.000	122.757	10.196	0.000	71.862
1836.000	122.714	10.788	0.000	72.080
1838.000	122.755	10.860	0.000	94.570
1840.000	122.734	10.792	0.000	80.752
1842.000	122.719	10.444	0.000	74.965
1844.000	122.767	10.734	0.000	77.984
1846.000	122.697	11.507	0.000	85.085
1848.000	122.777	10.527	0.000	93.860
1850.000	122.707	10.498	0.000	74.309
1852.000	122.747	11.945	0.000	64.627
1854.000	122.748	11.133	0.000	65.359
1856.000	122.715	10.219	0.000	68.575
1858.000	122.771	10.076	0.000	58.907
1860.000	122.696	10.752	0.000	67.016
1862.000	122.774	11.142	0.000	72.944
1864.000	122.711	10.649	0.000	43.806
1866.000	122.758	12.153	0.000	52.450
1868.000	122.735	12.115	0.000	60.049
1870.000	122.726	11.090	0.000	60.274
1872.000	122.760	11.213	0.000	63.005
1874.000	122.717	11.188	0.000	51.023
1876.000	122.754	11.027	0.000	31.471
1878.000	122.735	10.584	0.000	37.248
1880.000	122.727	11.612	0.000	36.660
1882.000	122.765	12.156	0.000	29.753
1884.000	122.716	12.327	0.000	34.052
1886.000	122.755	12.636	0.000	31.735
1888.000	122.735	12.849	0.000	31.667
1890.000	122.729	12.928	0.000	20.257
1892.000	122.772	12.924	0.000	22.052
1894.000	122.701	12.292	0.000	33.145
1896.000	122.786	12.969	0.000	17.061
1898.000	122.690	13.764	0.000	15.032
1900.000	122.788	13.205	0.000	21.752
1902.000	122.710	13.768	0.000	13.895
1904.000	122.753	13.374	0.000	15.495
1906.000	122.749	13.396	0.000	8.228
1908.000	122.710	13.977	0.000	0.231
1910.000	122.792	13.738	0.000	1.174
1912.000	122.687	14.452	0.000	-0.960
1914.000	122.792	15.353	0.000	-8.461
1916.000	122.702	14.734	0.000	-8.185
1918.000	122.762	15.454	0.000	-19.356
1920.000	122.744	16.416	0.000	-24.940
1922.000	122.726	16.707	0.000	-34.812
1924.000	122.767	17.395	0.000	-39.496
1926.000	122.710	17.298	0.000	-46.455
1928.000	122.773	17.332	0.000	-51.606
1930.000	122.717	17.517	0.000	-58.877
1932.000	122.759	18.157	0.000	-66.230
1934.000	122.735	18.498	0.000	-73.908
1936.000	122.736	18.461	0.000	-85.684
1938.000	122.763	18.851	0.000	-82.739
1940.000	122.723	19.191	0.000	-89.957
1942.000	122.760	19.510	0.000	-99.923
1944.000	122.727	19.140	0.000	-110.037
1946.000	122.745	18.783	0.000	-115.841
1948.000	122.754	18.930	0.000	-122.424
1950.000	122.728	18.895	0.000	-134.421
1952.000	122.764	17.942	0.000	-138.167
1954.000	122.720	18.003	0.000	-150.608
1956.000	122.757	18.142	0.000	-154.730
1958.000	122.741	18.475	0.000	-160.814
1960.000	122.737	19.002	0.000	-170.767
1962.000	122.760	18.642	0.000	178.484
1964.000	122.716	18.743	0.000	171.797
1966.000	122.773	18.861	0.000	167.913
1968.000	122.720	19.110	0.000	155.889
1970.000	122.766	19.300	0.000	152.874
1972.000	122.730	19.113	0.000	144.038
1974.000	122.745	19.890	0.000	139.299
1976.000	122.750	19.487	0.000	135.080
1978.000	122.732	19.552	0.000	127.599
1980.000	122.768	19.825	0.000	123.871
1982.000	122.713	20.394	0.000	112.718
1984.000	122.768	21.174	0.000	106.983
1986.000	122.723	20.987	0.000	99.759
1988.000	122.753	22.232	0.000	93.223
1990.000	122.750	22.404	0.000	88.967
1992.000	122.729	23.454	0.000	79.034
1994.000	122.763	23.816	0.000	70.527
1996.000	122.721	24.826	0.000	62.477
1998.000	122.765	25.138	0.000	54.828
2000.000	122.731	25.531	0.000	43.994
