2000.000	122.840	12.117	0.000	-141.612
2.000	122.894	12.554	0.000	-144.833
4.000	123.107	12.027	0.000	-138.304
6.000	123.127	10.872	0.000	-114.314
8.000	122.973	11.299	0.000	-137.309
10.000	122.829	12.277	0.000	-153.935
12.000	122.932	12.148	0.000	-165.185
14.000	123.200	11.492	0.000	-144.226
16.000	123.119	11.383	0.000	-133.548
18.000	122.784	11.260	0.000	-138.115
20.000	122.885	12.083	0.000	-159.841
22.000	123.161	12.558	0.000	-151.720
24.000	123.085	13.115	0.000	-160.217
26.000	122.947	12.684	0.000	-162.492
28.000	122.913	12.167	0.000	176.717
30.000	122.911	11.459	0.000	-177.224
32.000	123.112	12.856	0.000	-163.112
34.000	123.176	13.194	0.000	-168.939
36.000	122.849	12.575	0.000	-175.570
38.000	122.804	12.143	0.000	171.654
40.000	123.146	13.130	0.000	176.252
42.000	123.162	13.193	0.000	178.079
44.000	122.923	13.265	0.000	173.873
46.000	122.857	12.301	0.000	163.003
48.000	122.971	12.613	0.000	153.856
50.000	123.135	11.560	0.000	166.947
52.000	123.096	12.669	0.000	172.936
54.000	122.858	11.525	0.000	171.234
56.000	122.878	10.808	0.000	170.182
58.000	123.092	12.398	0.000	134.345
60.000	123.119	13.365	0.000	135.441
62.000	122.994	12.396	0.000	146.587
64.000	122.839	11.220	0.000	-163.026
66.000	122.920	10.803	0.000	-165.022
68.000	123.212	9.837	0.000	-145.514
70.000	123.103	9.765	0.000	-162.027
72.000	122.764	10.711	0.000	-171.967
74.000	122.938	11.204	0.000	173.220
76.000	123.164	11.569	0.000	161.416
78.000	123.042	11.935	0.000	-177.491
80.000	122.958	10.676	0.000	158.086
82.000	122.900	10.420	0.000	175.204
84.000	122.931	11.030	0.000	-173.604
86.000	123.183	10.600	0.000	-165.894
88.000	123.093	10.564	0.000	-167.980
90.000	122.767	10.303	0.000	-151.906
92.000	122.938	10.907	0.000	-138.952
94.000	123.186	11.076	0.000	-158.896
96.000	123.064	10.288	0.000	-146.632
98.000	122.888	11.281	0.000	-162.605
100.000	122.874	10.671	0.000	-166.240
102.000	123.058	10.336	0.000	178.535
104.000	123.167	10.249	0.000	169.220
106.000	122.947	9.725	0.000	176.324
108.000	122.837	11.197	0.000	165.222
110.000	123.016	11.313	0.000	168.915
112.000	123.106	11.678	0.000	-167.504
114.000	123.068	11.421	0.000	-165.873
116.000	122.889	11.832	0.000	-166.013
118.000	122.832	12.669	0.000	-160.256
120.000	123.162	11.037	0.000	-160.439
122.000	123.175	11.474	0.000	-173.726
124.000	122.804	11.067	0.000	-172.482
126.000	122.891	11.690	0.000	164.286
128.000	123.127	11.674	0.000	-172.588
130.000	123.060	11.365	0.000	138.376
132.000	122.989	11.509	0.000	-177.502
134.000	122.884	11.369	0.000	-179.488
136.000	122.921	10.556	0.000	-174.019
138.000	123.183	12.044	0.000	169.388
140.000	123.073	11.380	0.000	-176.152
142.000	122.791	9.532	0.000	172.488
144.000	122.944	10.619	0.000	163.955
146.000	123.150	10.756	0.000	166.995
148.000	123.078	10.943	0.000	174.828
150.000	122.874	11.460	0.000	-141.234
152.000	122.866	10.200	0.000	-146.998
154.000	123.115	9.179	0.000	-148.861
156.000	123.123	10.639	0.000	-101.634
158.000	122.895	10.905	0.000	-95.979
160.000	122.891	10.479	0.000	-109.367
162.000	123.013	10.343	0.000	-73.592
164.000	123.114	10.102	0.000	-126.111
166.000	123.049	10.892	0.000	-141.974
168.000	122.798	11.558	0.000	-83.780
170.000	122.947	10.999	0.000	-94.748
172.000	123.227	11.760	0.000	-102.853
174.000	123.002	12.771	0.000	-121.110
176.000	122.804	12.649	0.000	-129.115
178.000	122.994	12.194	0.000	-94.485
180.000	123.104	13.374	0.000	-87.913
182.000	123.049	13.451	0.000	-91.328
184.000	122.907	13.396	0.000	-103.395
186.000	122.873	14.653	0.000	-109.123
188.000	123.082	15.021	0.000	-103.652
190.000	123.136	14.813	0.000	-99.928
192.000	122.905	13.960	0.000	-99.941
194.000	122.830	14.180	0.000	-117.419
196.000	123.076	16.182	0.000	-119.674
198.000	123.163	16.434	0.000	-118.795
200.000	122.903	15.339	0.000	-119.963
202.000	122.834	16.333	0.000	-129.478
204.000	123.071	16.161	0.000	-123.693
206.000	123.109	17.101	0.000	-122.792
208.000	122.963	17.227	0.000	-122.359
210.000	122.872	17.025	0.000	-131.718
212.000	122.958	17.948	0.000	-134.813
214.000	123.138	18.425	0.000	-135.034
216.000	123.042	17.969	0.000	-135.505
218.000	122.811	18.151	0.000	-139.913
220.000	122.944	18.700	0.000	-145.278
222.000	123.168	19.790	0.000	-141.722
224.000	123.035	19.090	0.000	-138.983
226.000	122.809	18.726	0.000	-147.611
228.000	122.959	20.491	0.000	-152.811
230.000	123.141	20.730	0.000	-146.517
232.000	123.010	19.927	0.000	-149.620
234.000	122.890	20.041	0.000	-150.151
236.000	122.916	20.162	0.000	-153.219
238.000	123.053	21.479	0.000	-158.117
240.000	123.136	22.326	0.000	-151.435
242.000	122.869	20.783	0.000	-152.583
244.000	122.832	21.784	0.000	-165.584
246.000	123.163	23.243	0.000	-158.376
248.000	123.080	22.531	0.000	-151.593
250.000	122.845	22.105	0.000	-159.106
252.000	122.914	23.224	0.000	-166.271
254.000	123.062	24.247	0.000	-161.764
256.000	123.097	24.174	0.000	-159.940
258.000	122.904	23.883	0.000	-162.067
260.000	122.858	23.940	0.000	-165.730
262.000	123.072	25.188	0.000	-164.941
264.000	123.091	25.826	0.000	-162.455
266.000	122.936	25.280	0.000	-163.386
268.000	122.830	25.761	0.000	-170.614
270.000	123.038	27.794	0.000	-170.565
272.000	123.184	28.272	0.000	-164.070
274.000	122.856	27.262	0.000	-167.049
276.000	122.850	28.597	0.000	-174.577
278.000	123.118	30.297	0.000	-170.308
280.000	123.034	30.289	0.000	-169.669
282.000	122.951	30.793	0.000	-172.721
284.000	122.876	31.478	0.000	-175.330
286.000	122.974	32.803	0.000	-178.983
288.000	123.175	34.438	0.000	-174.990
290.000	122.917	34.282	0.000	-173.316
292.000	122.807	35.077	0.000	174.905
294.000	123.082	37.723	0.000	173.900
296.000	123.100	38.443	0.000	178.185
298.000	122.912	38.525	0.000	170.556
300.000	122.841	40.579	0.000	161.075
302.000	123.054	42.599	0.000	159.345
304.000	123.110	43.764	0.000	155.383
306.000	122.889	44.646	0.000	146.529
308.000	122.886	46.098	0.000	133.873
310.000	123.010	48.054	0.000	122.676
312.000	123.098	49.363	0.000	115.667
314.000	122.960	49.360	0.000	105.287
316.000	122.787	49.830	0.000	84.717
318.000	123.077	51.733	0.000	72.293
320.000	123.136	51.998	0.000	68.305
322.000	122.839	50.738	0.000	53.706
324.000	122.888	51.600	0.000	33.428
326.000	123.066	52.389	0.000	28.847
328.000	123.055	51.595	0.000	21.202
330.000	122.911	51.356	0.000	7.789
332.000	122.864	51.361	0.000	-1.998
334.000	123.039	51.822	0.000	-14.577
336.000	123.100	52.320	0.000	-19.736
338.000	122.887	50.858	0.000	-26.726
340.000	122.830	50.588	0.000	-48.766
342.000	123.111	51.633	0.000	-52.721
344.000	123.078	50.125	0.000	-53.723
346.000	122.816	48.278	0.000	-67.855
348.000	122.927	48.328	0.000	-73.129
350.000	123.076	47.999	0.000	-70.413
352.000	123.025	47.594	0.000	-67.221
354.000	122.875	47.637	0.000	-67.166
356.000	122.886	49.214	0.000	-71.717
358.000	123.093	51.178	0.000	-73.006
360.000	123.035	52.012	0.000	-76.221
362.000	122.837	52.431	0.000	-88.115
364.000	122.901	54.233	0.000	-105.112
366.000	123.127	56.051	0.000	-111.489
368.000	123.013	55.554	0.000	-118.070
370.000	122.774	55.333	0.000	-142.693
372.000	123.015	56.955	0.000	-154.348
374.000	123.084	56.519	0.000	-160.309
376.000	122.932	55.766	0.000	-176.164
378.000	122.892	55.630	0.000	172.979
380.000	122.916	55.393	0.000	159.443
382.000	123.129	56.164	0.000	151.519
384.000	122.963	55.116	0.000	148.209
386.000	122.775	54.060	0.000	127.657
388.000	123.064	55.372	0.000	118.110
390.000	123.076	54.620	0.000	117.104
392.000	122.884	52.904	0.000	103.682
394.000	122.854	52.949	0.000	90.278
396.000	123.047	53.021	0.000	85.556
398.000	123.066	52.252	0.000	80.338
400.000	122.849	51.154	0.000	71.218
402.000	122.903	50.849	0.000	60.303
404.000	123.030	50.973	0.000	53.777
406.000	123.056	50.395	0.000	51.063
408.000	122.856	48.826	0.000	43.277
410.000	122.853	48.627	0.000	29.673
412.000	123.153	49.198	0.000	29.050
414.000	122.969	47.626	0.000	28.769
416.000	122.803	46.427	0.000	14.706
418.000	122.994	47.245	0.000	10.646
420.000	123.054	46.571	0.000	11.187
422.000	122.953	45.682	0.000	3.602
424.000	122.840	45.423	0.000	-2.949
426.000	122.968	45.370	0.000	-11.198
428.000	123.090	45.789	0.000	-15.360
430.000	122.918	44.480	0.000	-17.767
432.000	122.804	43.365	0.000	-36.140
434.000	123.059	44.216	0.000	-40.884
436.000	123.072	42.717	0.000	-39.268
438.000	122.811	40.495	0.000	-51.818
440.000	122.915	40.271	0.000	-57.985
442.000	123.054	39.470	0.000	-57.700
444.000	122.995	38.177	0.000	-58.786
446.000	122.847	36.623	0.000	-62.965
448.000	122.906	36.164	0.000	-68.244
450.000	123.086	36.008	0.000	-65.807
452.000	122.962	34.582	0.000	-64.048
454.000	122.814	33.067	0.000	-68.273
456.000	122.958	33.333	0.000	-71.942
458.000	123.119	33.072	0.000	-64.949
460.000	122.864	30.981	0.000	-64.556
462.000	122.833	30.847	0.000	-71.465
464.000	123.079	31.078	0.000	-64.138
466.000	122.974	29.807	0.000	-58.421
468.000	122.898	29.804	0.000	-57.700
470.000	122.859	29.654	0.000	-55.501
472.000	123.044	30.948	0.000	-52.493
474.000	123.042	31.420	0.000	-45.771
476.000	122.767	30.914	0.000	-51.623
478.000	122.966	33.115	0.000	-59.420
480.000	123.079	33.656	0.000	-55.606
482.000	122.905	32.576	0.000	-63.890
484.000	122.821	33.290	0.000	-77.348
486.000	123.016	33.728	0.000	-80.170
488.000	123.041	33.121	0.000	-84.091
490.000	122.849	32.190	0.000	-91.149
492.000	122.885	31.732	0.000	-99.477
494.000	123.009	31.787	0.000	-102.671
496.000	123.034	31.033	0.000	-101.342
498.000	122.804	29.545	0.000	-108.566
500.000	122.903	29.686	0.000	-115.884
502.000	123.114	29.661	0.000	-110.913
504.000	122.888	27.752	0.000	-112.578
506.000	122.822	27.399	0.000	-122.299
508.000	123.011	28.008	0.000	-119.690
510.000	123.018	26.822	0.000	-117.067
512.000	122.865	25.614	0.000	-119.637
514.000	122.866	25.347	0.000	-122.440
516.000	123.010	25.172	0.000	-126.364
518.000	123.028	24.950	0.000	-121.284
520.000	122.789	23.358	0.000	-124.149
522.000	122.918	23.794	0.000	-130.974
524.000	123.103	24.010	0.000	-120.695
526.000	122.861	22.401	0.000	-121.764
528.000	122.845	22.251	0.000	-126.360
530.000	122.992	22.408	0.000	-124.049
532.000	123.020	21.461	0.000	-123.985
534.000	122.842	20.235	0.000	-123.837
536.000	122.872	20.831	0.000	-129.424
538.000	123.035	20.721	0.000	-122.773
540.000	122.966	19.876	0.000	-119.556
542.000	122.809	19.473	0.000	-123.932
544.000	122.920	20.376	0.000	-126.992
546.000	123.105	20.803	0.000	-114.540
548.000	122.818	19.437	0.000	-115.324
550.000	122.861	19.811	0.000	-124.106
552.000	123.032	20.107	0.000	-116.850
554.000	122.952	19.400	0.000	-117.620
556.000	122.857	19.472	0.000	-119.805
558.000	122.866	19.688	0.000	-123.205
560.000	123.065	19.884	0.000	-120.501
562.000	122.916	19.268	0.000	-115.011
564.000	122.787	18.449	0.000	-129.493
566.000	123.001	19.628	0.000	-125.252
568.000	123.027	19.044	0.000	-111.959
570.000	122.798	18.202	0.000	-119.075
572.000	122.895	18.968	0.000	-121.153
574.000	123.032	18.930	0.000	-117.998
576.000	122.918	18.568	0.000	-115.854
578.000	122.823	18.113	0.000	-114.791
580.000	122.932	18.772	0.000	-116.828
582.000	123.041	19.223	0.000	-118.348
584.000	122.845	18.636	0.000	-120.737
586.000	122.826	18.512	0.000	-126.749
588.000	123.043	19.651	0.000	-116.667
590.000	122.958	18.642	0.000	-114.122
592.000	122.765	18.233	0.000	-125.982
594.000	122.983	20.055	0.000	-119.304
596.000	122.990	19.526	0.000	-116.514
598.000	122.868	18.896	0.000	-120.549
600.000	122.841	18.800	0.000	-125.809
602.000	122.977	19.082	0.000	-131.354
604.000	123.011	18.945	0.000	-123.602
606.000	122.755	18.327	0.000	-128.987
608.000	122.945	19.503	0.000	-133.190
610.000	123.029	19.259	0.000	-122.166
612.000	122.843	17.845	0.000	-125.746
614.000	122.827	18.162	0.000	-127.357
616.000	123.015	18.941	0.000	-131.612
618.000	122.940	18.889	0.000	-131.317
620.000	122.812	18.643	0.000	-136.377
622.000	122.904	18.771	0.000	-134.046
624.000	123.013	18.632	0.000	-128.541
626.000	122.884	18.188	0.000	-131.192
628.000	122.781	18.126	0.000	-138.944
630.000	123.036	18.852	0.000	-141.792
632.000	122.945	17.788	0.000	-133.833
634.000	122.775	17.471	0.000	-141.302
636.000	122.940	18.518	0.000	-140.611
638.000	122.994	18.288	0.000	-131.976
640.000	122.847	17.894	0.000	-137.978
642.000	122.838	17.472	0.000	-141.699
644.000	122.966	18.635	0.000	-136.085
646.000	122.985	19.017	0.000	-133.057
648.000	122.750	18.421	0.000	-141.708
650.000	122.941	19.649	0.000	-140.600
652.000	123.020	18.978	0.000	-132.925
654.000	122.805	17.262	0.000	-137.682
656.000	122.850	18.051	0.000	-140.103
658.000	122.993	17.924	0.000	-139.686
660.000	122.919	17.821	0.000	-134.310
662.000	122.788	18.460	0.000	-134.598
664.000	122.933	19.310	0.000	-140.935
666.000	122.982	19.126	0.000	-139.405
668.000	122.839	18.181	0.000	-139.161
670.000	122.802	17.979	0.000	-145.523
672.000	123.057	19.077	0.000	-142.539
674.000	122.860	18.520	0.000	-139.903
676.000	122.798	18.613	0.000	-148.374
678.000	122.966	19.272	0.000	-143.598
680.000	122.942	18.820	0.000	-140.492
682.000	122.816	18.593	0.000	-142.036
684.000	122.855	18.787	0.000	-143.815
686.000	122.999	19.928	0.000	-142.254
688.000	122.876	19.323	0.000	-134.406
690.000	122.767	19.169	0.000	-142.225
692.000	123.006	20.521	0.000	-139.914
694.000	122.927	19.740	0.000	-139.209
696.000	122.770	19.733	0.000	-147.397
698.000	122.924	20.454	0.000	-144.675
700.000	122.962	20.583	0.000	-141.711
702.000	122.836	20.062	0.000	-141.396
704.000	122.816	20.877	0.000	-145.475
706.000	122.987	21.597	0.000	-143.760
708.000	122.895	21.109	0.000	-142.997
710.000	122.775	20.444	0.000	-147.796
712.000	122.929	21.783	0.000	-150.489
714.000	122.995	22.063	0.000	-140.261
716.000	122.738	21.329	0.000	-147.497
718.000	122.922	22.754	0.000	-148.300
720.000	122.943	22.540	0.000	-144.929
722.000	122.861	22.505	0.000	-149.595
724.000	122.792	22.820	0.000	-151.877
726.000	122.965	23.487	0.000	-150.776
728.000	122.926	23.421	0.000	-145.553
730.000	122.753	22.740	0.000	-154.172
732.000	122.919	24.152	0.000	-157.062
734.000	122.977	23.970	0.000	-148.819
736.000	122.765	23.939	0.000	-157.802
738.000	122.871	24.877	0.000	-156.485
740.000	122.964	24.503	0.000	-155.848
742.000	122.847	24.450	0.000	-156.696
744.000	122.793	24.467	0.000	-160.315
746.000	122.943	25.582	0.000	-160.192
748.000	122.928	25.420	0.000	-155.126
750.000	122.754	24.716	0.000	-159.486
752.000	122.897	25.990	0.000	-162.587
754.000	122.980	26.490	0.000	-157.469
756.000	122.758	25.670	0.000	-163.114
758.000	122.865	27.002	0.000	-165.172
760.000	122.963	26.862	0.000	-158.244
762.000	122.831	26.676	0.000	-163.294
764.000	122.801	26.798	0.000	-165.211
766.000	122.923	27.790	0.000	-165.424
768.000	122.942	28.026	0.000	-157.521
770.000	122.725	27.517	0.000	-164.807
772.000	122.927	29.309	0.000	-164.748
774.000	122.940	28.780	0.000	-159.097
776.000	122.769	28.626	0.000	-164.286
778.000	122.848	29.984	0.000	-165.621
780.000	122.966	30.299	0.000	-161.609
782.000	122.811	30.236	0.000	-162.975
784.000	122.802	30.666	0.000	-166.099
786.000	122.929	31.684	0.000	-164.867
788.000	122.906	31.672	0.000	-160.640
790.000	122.732	31.684	0.000	-167.370
792.000	122.928	33.457	0.000	-167.205
794.000	122.929	33.598	0.000	-162.042
796.000	122.741	33.601	0.000	-168.816
798.000	122.885	35.466	0.000	-168.456
800.000	122.932	35.470	0.000	-164.559
802.000	122.800	35.884	0.000	-169.423
804.000	122.804	36.726	0.000	-170.524
806.000	122.943	38.290	0.000	-172.552
808.000	122.865	38.435	0.000	-168.229
810.000	122.734	39.094	0.000	-179.420
812.000	122.964	41.143	0.000	-175.218
814.000	122.868	40.632	0.000	-174.600
816.000	122.751	41.839	0.000	176.909
818.000	122.898	43.290	0.000	177.398
820.000	122.914	44.159	0.000	175.714
822.000	122.768	44.804	0.000	169.881
824.000	122.834	46.639	0.000	162.908
826.000	122.942	48.088	0.000	160.911
828.000	122.804	48.565	0.000	153.764
830.000	122.771	50.199	0.000	137.634
832.000	122.971	51.991	0.000	132.100
834.000	122.813	51.303	0.000	121.191
836.000	122.763	51.955	0.000	98.365
838.000	122.937	52.037	0.000	93.480
840.000	122.846	50.446	0.000	82.165
842.000	122.775	49.590	0.000	74.635
844.000	122.853	49.010	0.000	69.938
846.000	122.942	49.137	0.000	73.629
848.000	122.725	48.088	0.000	69.622
850.000	122.862	49.701	0.000	62.320
852.000	122.933	49.666	0.000	65.709
854.000	122.759	48.811	0.000	53.915
856.000	122.808	49.623	0.000	47.621
858.000	122.940	49.401	0.000	45.528
860.000	122.790	48.671	0.000	39.694
862.000	122.786	48.362	0.000	32.466
864.000	122.900	48.670	0.000	30.264
866.000	122.870	47.880	0.000	31.450
868.000	122.713	47.250	0.000	23.709
870.000	122.933	48.210	0.000	24.162
872.000	122.861	47.465	0.000	27.601
874.000	122.734	47.259	0.000	19.422
876.000	122.882	48.448	0.000	21.755
878.000	122.885	47.993	0.000	22.040
880.000	122.755	48.493	0.000	16.546
882.000	122.824	48.997	0.000	12.787
884.000	122.920	50.127	0.000	10.768
886.000	122.767	49.424	0.000	8.688
888.000	122.787	50.834	0.000	-4.324
890.000	122.953	51.385	0.000	-0.115
892.000	122.755	50.652	0.000	-12.423
894.000	122.788	51.720	0.000	-21.745
896.000	122.910	52.044	0.000	-28.645
898.000	122.811	51.413	0.000	-38.595
900.000	122.755	50.789	0.000	-54.548
902.000	122.889	50.288	0.000	-62.963
904.000	122.858	48.584	0.000	-67.347
906.000	122.713	46.294	0.000	-75.498
908.000	122.901	45.812	0.000	-77.464
910.000	122.865	43.890	0.000	-69.413
912.000	122.719	41.979	0.000	-71.269
914.000	122.871	42.161	0.000	-61.314
916.000	122.866	41.589	0.000	-52.017
918.000	122.749	41.947	0.000	-48.446
920.000	122.814	43.035	0.000	-46.822
922.000	122.905	44.387	0.000	-44.583
924.000	122.746	44.171	0.000	-47.484
926.000	122.793	45.877	0.000	-60.354
928.000	122.926	46.374	0.000	-59.062
930.000	122.736	45.057	0.000	-75.805
932.000	122.795	45.208	0.000	-87.818
934.000	122.893	43.611	0.000	-96.442
936.000	122.779	41.166	0.000	-108.278
938.000	122.762	37.152	0.000	-126.127
940.000	122.883	32.158	0.000	-154.540
942.000	122.818	32.177	0.000	70.491
944.000	122.716	38.610	0.000	37.699
946.000	122.916	43.210	0.000	30.019
948.000	122.800	44.465	0.000	22.849
950.000	122.736	47.087	0.000	4.829
952.000	122.878	48.793	0.000	4.036
954.000	122.821	49.280	0.000	-5.494
956.000	122.738	50.328	0.000	-12.499
958.000	122.836	51.616	0.000	-20.674
960.000	122.873	52.583	0.000	-19.975
962.000	122.699	52.512	0.000	-30.511
964.000	122.860	54.768	0.000	-35.036
966.000	122.855	54.684	0.000	-34.656
968.000	122.722	55.494	0.000	-48.100
970.000	122.824	56.899	0.000	-52.471
972.000	122.868	57.400	0.000	-58.484
974.000	122.725	57.643	0.000	-69.272
976.000	122.808	58.556	0.000	-80.136
978.000	122.868	58.938	0.000	-84.869
980.000	122.745	58.169	0.000	-93.594
982.000	122.772	58.847	0.000	-105.800
984.000	122.911	59.038	0.000	-104.568
986.000	122.709	57.860	0.000	-114.272
988.000	122.801	58.809	0.000	-120.562
990.000	122.862	58.469	0.000	-120.450
992.000	122.754	58.182	0.000	-127.708
994.000	122.759	58.404	0.000	-132.528
996.000	122.877	59.073	0.000	-135.648
998.000	122.765	58.474	0.000	-135.514
1000.000	122.731	59.100	0.000	-147.235
1002.000	122.912	59.995	0.000	-141.573
1004.000	122.732	59.180	0.000	-148.664
1006.000	122.762	60.499	0.000	-153.743
1008.000	122.864	61.083	0.000	-156.349
1010.000	122.770	61.394	0.000	-161.512
1012.000	122.735	62.130	0.000	-172.921
1014.000	122.867	63.186	0.000	-177.225
1016.000	122.784	62.966	0.000	175.903
1018.000	122.705	63.309	0.000	161.784
1020.000	122.899	64.646	0.000	156.531
1022.000	122.754	63.689	0.000	150.122
1024.000	122.738	64.416	0.000	132.837
1026.000	122.860	64.476	0.000	130.073
1028.000	122.775	63.857	0.000	117.371
1030.000	122.725	63.578	0.000	107.138
1032.000	122.849	63.811	0.000	96.374
1034.000	122.799	63.019	0.000	93.025
1036.000	122.695	62.015	0.000	76.383
1038.000	122.884	62.512	0.000	73.282
1040.000	122.761	60.631	0.000	68.260
1042.000	122.726	60.297	0.000	56.088
1044.000	122.851	59.814	0.000	55.167
1046.000	122.777	58.741	0.000	50.369
1048.000	122.722	58.011	0.000	44.273
1050.000	122.834	58.238	0.000	41.920
1052.000	122.801	57.475	0.000	42.844
1054.000	122.690	57.189	0.000	34.489
1056.000	122.874	58.312	0.000	33.628
1058.000	122.764	57.711	0.000	31.667
1060.000	122.721	58.424	0.000	17.296
1062.000	122.842	59.108	0.000	15.042
1064.000	122.775	58.534	0.000	2.564
1066.000	122.718	58.558	0.000	-9.154
1068.000	122.826	58.619	0.000	-22.691
1070.000	122.802	58.036	0.000	-27.869
1072.000	122.682	56.605	0.000	-48.048
1074.000	122.873	56.873	0.000	-54.056
1076.000	122.753	54.355	0.000	-62.671
1078.000	122.721	53.173	0.000	-76.642
1080.000	122.834	51.896	0.000	-80.425
1082.000	122.771	50.026	0.000	-84.309
1084.000	122.711	48.418	0.000	-90.014
1086.000	122.831	47.980	0.000	-90.064
1088.000	122.781	46.874	0.000	-89.462
1090.000	122.685	46.235	0.000	-97.530
1092.000	122.871	46.901	0.000	-99.012
1094.000	122.737	45.503	0.000	-102.772
1096.000	122.725	45.729	0.000	-115.404
1098.000	122.836	45.456	0.000	-117.885
1100.000	122.747	44.634	0.000	-129.036
1102.000	122.716	44.346	0.000	-140.185
1104.000	122.839	44.643	0.000	-151.024
1106.000	122.748	43.856	0.000	-158.946
1108.000	122.709	43.838	0.000	179.204
1110.000	122.861	44.480	0.000	172.029
1112.000	122.712	43.425	0.000	153.166
1114.000	122.739	44.304	0.000	133.691
1116.000	122.835	44.423	0.000	118.841
1118.000	122.720	44.351	0.000	100.044
1120.000	122.736	44.767	0.000	76.711
1122.000	122.832	45.467	0.000	62.523
1124.000	122.718	44.715	0.000	43.898
1126.000	122.736	45.163	0.000	20.000
1128.000	122.844	45.475	0.000	8.518
1130.000	122.690	44.048	0.000	-12.384
1132.000	122.765	44.547	0.000	-35.342
1134.000	122.813	43.187	0.000	-49.519
1136.000	122.710	41.518	0.000	-78.637
1138.000	122.741	39.674	0.000	-108.588
1140.000	122.840	38.171	0.000	-144.278
1142.000	122.675	36.437	0.000	162.576
1144.000	122.785	38.597	0.000	112.646
1146.000	122.805	39.702	0.000	87.909
1148.000	122.682	41.375	0.000	57.837
1150.000	122.786	43.184	0.000	43.667
1152.000	122.793	43.933	0.000	31.201
1154.000	122.687	44.688	0.000	16.300
1156.000	122.782	46.007	0.000	4.426
1158.000	122.801	46.503	0.000	-1.743
1160.000	122.661	46.627	0.000	-16.601
1162.000	122.824	48.059	0.000	-24.692
1164.000	122.755	47.666	0.000	-29.499
1166.000	122.687	48.248	0.000	-45.041
1168.000	122.819	49.007	0.000	-47.970
1170.000	122.736	48.712	0.000	-58.255
1172.000	122.702	49.165	0.000	-67.682
1174.000	122.811	49.818	0.000	-76.962
1176.000	122.737	49.519	0.000	-80.737
1178.000	122.699	49.561	0.000	-97.011
1180.000	122.829	50.101	0.000	-97.124
1182.000	122.701	48.888	0.000	-106.865
1184.000	122.730	49.563	0.000	-114.103
1186.000	122.806	49.400	0.000	-117.557
1188.000	122.707	49.085	0.000	-123.825
1190.000	122.723	49.480	0.000	-132.683
1192.000	122.820	49.828	0.000	-134.519
1194.000	122.679	49.173	0.000	-142.610
1196.000	122.750	49.928	0.000	-151.856
1198.000	122.811	50.078	0.000	-151.629
1200.000	122.656	49.541	0.000	-164.159
1202.000	122.796	50.659	0.000	-167.509
1204.000	122.761	50.061	0.000	-174.364
1206.000	122.688	50.244	0.000	176.704
1208.000	122.775	50.778	0.000	165.723
1210.000	122.780	50.625	0.000	161.832
1212.000	122.660	49.794	0.000	144.285
1214.000	122.817	50.246	0.000	137.937
1216.000	122.726	48.461	0.000	129.880
1218.000	122.691	47.780	0.000	116.164
1220.000	122.813	46.702	0.000	113.580
1222.000	122.705	45.007	0.000	107.393
1224.000	122.708	43.768	0.000	103.176
1226.000	122.810	43.134	0.000	103.811
1228.000	122.688	41.386	0.000	103.445
1230.000	122.728	40.823	0.000	100.409
1232.000	122.805	40.150	0.000	106.259
1234.000	122.664	38.641	0.000	106.410
1236.000	122.771	38.939	0.000	111.182
1238.000	122.760	38.090	0.000	118.084
1240.000	122.690	38.377	0.000	122.024
1242.000	122.753	39.158	0.000	125.920
1244.000	122.778	40.065	0.000	132.247
1246.000	122.657	40.675	0.000	128.296
1248.000	122.801	42.582	0.000	130.850
1250.000	122.726	42.654	0.000	127.560
1252.000	122.688	44.228	0.000	119.482
1254.000	122.796	45.115	0.000	116.270
1256.000	122.708	45.447	0.000	108.300
1258.000	122.697	46.235	0.000	96.784
1260.000	122.807	46.965	0.000	91.210
1262.000	122.677	46.408	0.000	80.891
1264.000	122.727	46.915	0.000	67.595
1266.000	122.802	46.834	0.000	64.458
1268.000	122.648	45.750	0.000	49.825
1270.000	122.786	46.066	0.000	44.111
1272.000	122.739	44.684	0.000	37.135
1274.000	122.681	43.977	0.000	29.001
1276.000	122.775	43.391	0.000	21.631
1278.000	122.737	42.394	0.000	19.879
1280.000	122.674	40.944	0.000	10.476
1282.000	122.798	40.818	0.000	11.237
1284.000	122.697	39.051	0.000	9.174
1286.000	122.712	38.798	0.000	5.147
1288.000	122.777	37.851	0.000	6.320
1290.000	122.692	36.867	0.000	5.670
1292.000	122.715	36.300	0.000	2.325
1294.000	122.788	35.788	0.000	5.759
1296.000	122.658	34.176	0.000	4.440
1298.000	122.760	34.130	0.000	5.947
1300.000	122.758	33.368	0.000	14.516
1302.000	122.660	32.986	0.000	16.090
1304.000	122.784	33.591	0.000	25.297
1306.000	122.716	33.873	0.000	28.010
1308.000	122.682	34.786	0.000	30.402
1310.000	122.787	36.355	0.000	31.004
1312.000	122.692	36.618	0.000	30.420
1314.000	122.708	38.411	0.000	20.345
1316.000	122.785	39.135	0.000	19.592
1318.000	122.666	39.362	0.000	4.476
1320.000	122.741	40.131	0.000	-3.780
1322.000	122.758	39.734	0.000	-13.565
1324.000	122.667	39.011	0.000	-26.594
1326.000	122.757	38.541	0.000	-37.222
1328.000	122.744	37.073	0.000	-43.220
1330.000	122.653	35.142	0.000	-53.925
1332.000	122.809	34.172	0.000	-54.456
1334.000	122.675	31.706	0.000	-52.750
1336.000	122.715	30.810	0.000	-52.570
1338.000	122.770	29.763	0.000	-43.182
1340.000	122.672	29.288	0.000	-38.957
1342.000	122.730	29.337	0.000	-34.547
1344.000	122.765	29.502	0.000	-29.071
1346.000	122.649	29.037	0.000	-30.698
1348.000	122.784	30.311	0.000	-29.302
1350.000	122.706	29.383	0.000	-27.826
1352.000	122.686	30.060	0.000	-30.309
1354.000	122.773	30.002	0.000	-27.990
1356.000	122.690	29.569	0.000	-29.950
1358.000	122.700	29.738	0.000	-32.437
1360.000	122.779	29.792	0.000	-30.238
1362.000	122.658	29.238	0.000	-33.812
1364.000	122.745	29.842	0.000	-35.160
1366.000	122.748	29.644	0.000	-31.751
1368.000	122.654	29.544	0.000	-37.575
1370.000	122.783	29.896	0.000	-32.189
1372.000	122.697	29.306	0.000	-33.798
1374.000	122.685	29.480	0.000	-33.736
1376.000	122.788	30.191	0.000	-34.690
1378.000	122.660	29.706	0.000	-34.348
1380.000	122.737	30.476	0.000	-38.406
1382.000	122.750	30.328	0.000	-35.540
1384.000	122.662	30.235	0.000	-41.140
1386.000	122.760	30.811	0.000	-39.535
1388.000	122.716	30.657	0.000	-39.978
1390.000	122.679	30.747	0.000	-42.956
1392.000	122.765	31.454	0.000	-43.297
1394.000	122.697	31.152	0.000	-44.164
1396.000	122.693	31.772	0.000	-48.683
1398.000	122.781	32.304	0.000	-44.863
1400.000	122.646	32.131	0.000	-49.617
1402.000	122.757	33.296	0.000	-50.808
1404.000	122.727	33.079	0.000	-52.891
1406.000	122.664	33.464	0.000	-57.313
1408.000	122.774	34.437	0.000	-61.875
1410.000	122.692	34.536	0.000	-62.142
1412.000	122.692	35.234	0.000	-72.244
1414.000	122.774	35.772	0.000	-70.287
1416.000	122.659	35.726	0.000	-79.856
1418.000	122.741	36.594	0.000	-84.837
1420.000	122.735	36.813	0.000	-91.236
1422.000	122.668	36.940	0.000	-100.628
1424.000	122.755	37.569	0.000	-108.512
1426.000	122.715	37.163	0.000	-115.363
1428.000	122.666	36.946	0.000	-128.448
1430.000	122.796	37.126	0.000	-132.764
1432.000	122.649	35.736	0.000	-142.788
1434.000	122.742	35.783	0.000	-151.115
1436.000	122.740	34.549	0.000	-155.549
1438.000	122.657	33.739	0.000	-162.118
1440.000	122.769	33.398	0.000	-167.774
1442.000	122.699	32.329	0.000	-169.066
1444.000	122.684	31.599	0.000	-177.736
1446.000	122.775	31.389	0.000	-174.874
1448.000	122.657	30.033	0.000	178.386
1450.000	122.738	29.872	0.000	176.006
1452.000	122.733	28.969	0.000	174.520
1454.000	122.668	28.354	0.000	171.505
1456.000	122.752	28.103	0.000	169.209
1458.000	122.711	27.219	0.000	170.473
1460.000	122.674	26.812	0.000	165.124
1462.000	122.783	26.693	0.000	166.138
1464.000	122.653	25.689	0.000	164.709
1466.000	122.742	25.848	0.000	163.349
1468.000	122.725	24.930	0.000	160.752
1470.000	122.673	24.724	0.000	158.596
1472.000	122.756	24.693	0.000	157.506
1474.000	122.697	24.032	0.000	158.854
1476.000	122.702	23.626	0.000	152.426
1478.000	122.756	23.391	0.000	153.839
1480.000	122.668	22.802	0.000	148.271
1482.000	122.735	22.911	0.000	151.776
1484.000	122.728	22.142	0.000	152.186
1486.000	122.670	21.674	0.000	146.713
1488.000	122.761	22.258	0.000	144.730
1490.000	122.689	21.406	0.000	142.994
1492.000	122.703	21.072	0.000	139.102
1494.000	122.760	20.414	0.000	142.384
1496.000	122.655	20.736	0.000	134.347
1498.000	122.759	20.488	0.000	135.534
1500.000	122.702	19.744	0.000	137.414
1502.000	122.686	19.905	0.000	135.192
1504.000	122.764	19.451	0.000	131.228
1506.000	122.672	18.200	0.000	125.353
1508.000	122.727	19.366	0.000	124.277
1510.000	122.742	19.540	0.000	133.763
1512.000	122.662	18.448	0.000	128.765
1514.000	122.761	17.947	0.000	124.966
1516.000	122.698	17.822	0.000	118.996
1518.000	122.689	18.061	0.000	116.903
1520.000	122.773	17.532	0.000	117.904
1522.000	122.650	17.137	0.000	115.776
1524.000	122.760	17.333	0.000	114.368
1526.000	122.703	16.690	0.000	116.529
1528.000	122.700	17.052	0.000	110.057
1530.000	122.746	16.687	0.000	109.133
1532.000	122.692	16.071	0.000	108.507
1534.000	122.713	16.021	0.000	110.761
1536.000	122.749	15.761	0.000	105.363
1538.000	122.663	15.264	0.000	104.774
1540.000	122.764	15.570	0.000	108.266
1542.000	122.691	14.105	0.000	103.085
1544.000	122.705	15.241	0.000	102.551
1546.000	122.754	14.747	0.000	109.587
1548.000	122.663	14.537	0.000	105.433
1550.000	122.751	14.615	0.000	95.049
1552.000	122.713	14.772	0.000	96.093
1554.000	122.683	15.139	0.000	92.735
1556.000	122.770	14.491	0.000	90.687
1558.000	122.669	14.076	0.000	90.379
1560.000	122.737	13.785	0.000	95.190
1562.000	122.728	12.312	0.000	92.663
1564.000	122.675	12.617	0.000	79.230
1566.000	122.763	13.488	0.000	79.821
1568.000	122.684	12.592	0.000	81.067
1570.000	122.719	12.762	0.000	86.532
1572.000	122.751	13.153	0.000	99.383
1574.000	122.664	12.568	0.000	93.599
1576.000	122.763	13.076	0.000	89.351
1578.000	122.693	13.357	0.000	80.143
1580.000	122.707	13.195	0.000	75.031
1582.000	122.753	12.911	0.000	84.386
1584.000	122.671	12.247	0.000	86.114
1586.000	122.755	12.148	0.000	88.399
1588.000	122.708	12.378	0.000	94.121
1590.000	122.696	11.814	0.000	88.969
1592.000	122.761	12.006	0.000	71.680
1594.000	122.673	11.078	0.000	62.945
1596.000	122.743	10.301	0.000	92.863
1598.000	122.726	10.630	0.000	97.394
1600.000	122.687	11.487	0.000	85.333
1602.000	122.763	10.801	0.000	94.187
1604.000	122.679	10.578	0.000	94.208
1606.000	122.738	10.384	0.000	95.934
1608.000	122.729	9.921	0.000	89.013
1610.000	122.683	11.813	0.000	77.091
1612.000	122.761	12.629	0.000	81.315
1614.000	122.695	11.309	0.000	89.772
1616.000	122.714	10.596	0.000	105.555
1618.000	122.758	10.846	0.000	110.540
1620.000	122.663	11.279	0.000	98.317
1622.000	122.777	11.507	0.000	92.358
1624.000	122.685	12.235	0.000	95.217
1626.000	122.721	11.150	0.000	89.476
1628.000	122.753	8.898	0.000	74.895
1630.000	122.673	10.089	0.000	76.255
1632.000	122.762	12.195	0.000	96.148
1634.000	122.704	11.370	0.000	99.381
1636.000	122.708	10.196	0.000	102.693
1638.000	122.761	9.978	0.000	107.226
1640.000	122.666	11.570	0.000	99.565
1642.000	122.768	11.905	0.000	89.589
1644.000	122.700	11.554	0.000	91.090
1646.000	122.714	11.326	0.000	82.391
1648.000	122.759	9.772	0.000	81.282
1650.000	122.681	9.991	0.000	50.453
1652.000	122.754	11.091	0.000	66.391
1654.000	122.713	10.783	0.000	67.105
1656.000	122.701	10.906	0.000	63.919
1658.000	122.770	10.443	0.000	77.255
1660.000	122.667	11.387	0.000	68.502
1662.000	122.769	10.734	0.000	62.802
1664.000	122.705	11.005	0.000	60.657
1666.000	122.713	11.586	0.000	41.118
1668.000	122.754	11.124	0.000	33.951
1670.000	122.685	9.400	0.000	43.169
1672.000	122.752	9.091	0.000	49.788
1674.000	122.720	11.023	0.000	24.190
1676.000	122.703	10.749	0.000	7.929
1678.000	122.769	10.511	0.000	27.036
1680.000	122.673	8.822	0.000	3.820
1682.000	122.768	10.037	0.000	17.850
1684.000	122.711	9.753	0.000	14.705
1686.000	122.704	9.525	0.000	62.539
1688.000	122.783	8.874	0.000	65.548
1690.000	122.663	9.538	0.000	-50.785
1692.000	122.779	9.917	0.000	-57.635
1694.000	122.697	8.971	0.000	29.299
1696.000	122.734	9.793	0.000	-92.241
1698.000	122.740	10.364	0.000	-75.493
1700.000	122.701	9.926	0.000	-69.313
1702.000	122.751	9.326	0.000	130.616
1704.000	122.722	9.402	0.000	-123.781
1706.000	122.709	9.873	0.000	167.380
1708.000	122.770	9.253	0.000	-161.931
1710.000	122.676	9.869	0.000	-144.849
1712.000	122.779	9.299	0.000	-170.018
1714.000	122.695	9.455	0.000	-162.655
1716.000	122.735	10.125	0.000	163.937
1718.000	122.750	10.000	0.000	172.487
1720.000	122.690	8.964	0.000	-152.177
1722.000	122.770	9.979	0.000	-155.789
1724.000	122.705	10.722	0.000	179.100
1726.000	122.730	11.095	0.000	176.934
1728.000	122.758	10.560	0.000	168.799
1730.000	122.681	10.849	0.000	177.434
1732.000	122.783	10.737	0.000	-175.966
1734.000	122.685	10.208	0.000	167.116
1736.000	122.764	10.153	0.000	177.803
1738.000	122.720	10.665	0.000	-177.115
1740.000	122.721	11.559	0.000	166.547
1742.000	122.757	10.964	0.000	164.110
1744.000	122.701	11.422	0.000	161.787
1746.000	122.749	11.409	0.000	166.882
1748.000	122.733	11.429	0.000	161.005
1750.000	122.712	12.202	0.000	154.479
1752.000	122.769	12.631	0.000	158.464
1754.000	122.690	11.256	0.000	159.220
1756.000	122.763	11.067	0.000	164.775
1758.000	122.723	11.327	0.000	162.336
1760.000	122.716	12.532	0.000	160.197
1762.000	122.772	11.520	0.000	157.087
1764.000	122.684	11.303	0.000	145.355
1766.000	122.785	11.854	0.000	151.343
1768.000	122.692	11.175	0.000	149.822
1770.000	122.758	11.643	0.000	148.721
1772.000	122.733	12.543	0.000	149.579
1774.000	122.714	12.403	0.000	154.872
1776.000	122.772	12.587	0.000	147.468
1778.000	122.699	12.437	0.000	137.084
1780.000	122.754	12.967	0.000	141.492
1782.000	122.741	12.673	0.000	143.957
1784.000	122.708	13.334	0.000	143.463
1786.000	122.776	13.127	0.000	141.495
1788.000	122.686	13.316	0.000	141.390
1790.000	122.777	14.476	0.000	145.020
1792.000	122.712	13.753	0.000	140.180
1794.000	122.741	13.219	0.000	133.682
1796.000	122.747	12.710	0.000	134.434
1798.000	122.722	12.862	0.000	121.501
1800.000	122.754	12.602	0.000	126.960
1802.000	122.728	13.276	0.000	131.488
1804.000	122.729	13.970	0.000	139.045
1806.000	122.762	14.061	0.000	136.664
1808.000	122.698	13.700	0.000	133.580
1810.000	122.789	13.980	0.000	130.859
1812.000	122.689	13.100	0.000	121.490
1814.000	122.769	14.846	0.000	121.004
1816.000	122.730	13.599	0.000	119.240
1818.000	122.722	13.951	0.000	120.918
1820.000	122.773	13.628	0.000	126.991
1822.000	122.691	13.704	0.000	131.482
1824.000	122.788	14.393	0.000	128.907
1826.000	122.698	14.815	0.000	120.191
1828.000	122.768	15.436	0.000	121.243
1830.000	122.727	14.387	0.000	123.234
1832.000	122.733	13.852	0.000	122.729
1834.000	122.763	15.152	0.000	118.965
1836.000	122.717	14.878	0.000	117.295
1838.000	122.756	15.349	0.000	122.802
1840.000	122.739	15.263	0.000	119.608
1842.000	122.726	15.297	0.000	115.814
1844.000	122.772	14.681	0.000	122.117
1846.000	122.699	14.896	0.000	117.131
1848.000	122.780	15.648	0.000	113.995
1850.000	122.714	15.319	0.000	110.599
1852.000	122.754	15.674	0.000	111.212
1854.000	122.750	15.195	0.000	115.146
1856.000	122.717	16.061	0.000	115.415
1858.000	122.777	16.228	0.000	113.034
1860.000	122.703	15.839	0.000	114.175
1862.000	122.779	15.469	0.000	116.185
1864.000	122.713	15.158	0.000	110.000
1866.000	122.762	16.010	0.000	112.228
1868.000	122.742	16.048	0.000	110.900
1870.000	122.733	16.554	0.000	110.016
1872.000	122.762	16.889	0.000	113.472
1874.000	122.720	15.619	0.000	110.035
1876.000	122.759	15.650	0.000	111.686
1878.000	122.743	16.459	0.000	108.517
1880.000	122.732	16.907	0.000	111.109
1882.000	122.766	16.349	0.000	114.675
1884.000	122.720	15.766	0.000	110.720
1886.000	122.762	15.813	0.000	119.316
1888.000	122.742	16.912	0.000	119.748
1890.000	122.732	17.034	0.000	117.288
1892.000	122.774	16.687	0.000	118.876
1894.000	122.707	16.496	0.000	121.958
1896.000	122.794	16.279	0.000	124.453
1898.000	122.695	16.434	0.000	121.265
1900.000	122.790	16.007	0.000	124.358
1902.000	122.713	16.545	0.000	126.651
1904.000	122.760	17.089	0.000	130.123
1906.000	122.757	18.082	0.000	131.067
1908.000	122.714	18.417	0.000	133.626
1910.000	122.794	18.622	0.000	137.239
1912.000	122.691	18.906	0.000	135.944
1914.000	122.800	20.012	0.000	135.790
1916.000	122.709	20.308	0.000	138.823
1918.000	122.765	21.140	0.000	138.885
1920.000	122.745	21.345	0.000	142.298
1922.000	122.732	22.098	0.000	138.885
1924.000	122.776	22.565	0.000	140.827
1926.000	122.717	23.650	0.000	135.729
1928.000	122.776	24.514	0.000	137.861
1930.000	122.720	24.876	0.000	136.225
1932.000	122.766	25.567	0.000	134.562
1934.000	122.744	26.300	0.000	132.389
1936.000	122.742	27.018	0.000	127.579
1938.000	122.764	27.553	0.000	127.806
1940.000	122.726	28.161	0.000	121.698
1942.000	122.768	28.854	0.000	121.285
1944.000	122.736	28.867	0.000	116.480
1946.000	122.750	29.496	0.000	111.709
1948.000	122.755	30.063	0.000	110.418
1950.000	122.732	30.567	0.000	102.698
1952.000	122.772	30.988	0.000	103.419
1954.000	122.729	30.819	0.000	97.029
1956.000	122.761	31.417	0.000	93.588
1958.000	122.743	31.397	0.000	89.008
1960.000	122.741	31.733	0.000	86.081
1962.000	122.769	31.808	0.000	83.464
1964.000	122.725	32.037	0.000	78.189
1966.000	122.777	32.105	0.000	77.412
1968.000	122.722	32.184	0.000	69.971
1970.000	122.770	32.378	0.000	70.563
1972.000	122.739	32.303	0.000	63.712
1974.000	122.754	32.400	0.000	62.247
1976.000	122.755	32.145	0.000	58.730
1978.000	122.734	32.274	0.000	56.069
1980.000	122.772	32.076	0.000	55.645
1982.000	122.723	31.872	0.000	51.034
1984.000	122.777	32.020	0.000	49.816
1986.000	122.728	31.619	0.000	47.504
1988.000	122.755	32.076	0.000	45.750
1990.000	122.755	31.517	0.000	45.217
1992.000	122.738	31.873	0.000	41.169
1994.000	122.773	31.550	0.000	40.572
1996.000	122.726	31.765	0.000	38.093
1998.000	122.767	31.624	0.000	36.281
2000.000	122.734	31.628	0.000	33.669
