2000.000	122.859	12.173	0.000	41.781
2.000	122.913	11.943	0.000	17.412
4.000	123.129	11.834	0.000	49.957
6.000	123.149	10.858	0.000	48.913
8.000	122.993	10.572	0.000	63.729
10.000	122.848	9.826	0.000	75.936
12.000	122.951	10.539	0.000	15.987
14.000	123.221	11.903	0.000	30.007
16.000	123.141	11.584	0.000	35.179
18.000	122.802	11.115	0.000	10.918
20.000	122.903	11.773	0.000	10.120
22.000	123.182	10.411	0.000	5.473
24.000	123.106	10.721	0.000	-23.137
26.000	122.966	11.429	0.000	-14.072
28.000	122.932	12.760	0.000	-17.815
30.000	122.929	12.218	0.000	-30.601
32.000	123.132	12.714	0.000	-37.108
34.000	123.198	13.261	0.000	-27.776
36.000	122.867	12.587	0.000	-24.151
38.000	122.821	13.214	0.000	-48.062
40.000	123.166	14.617	0.000	-51.508
42.000	123.183	14.050	0.000	-44.610
44.000	122.942	13.248	0.000	-61.499
46.000	122.875	12.957	0.000	-61.352
48.000	122.989	12.753	0.000	-59.326
50.000	123.154	12.769	0.000	-65.482
52.000	123.117	13.676	0.000	-62.758
54.000	122.876	13.487	0.000	-55.000
56.000	122.895	13.762	0.000	-77.746
58.000	123.111	14.435	0.000	-72.743
60.000	123.139	14.570	0.000	-70.418
62.000	123.013	13.940	0.000	-69.030
64.000	122.856	13.453	0.000	-89.064
66.000	122.936	14.872	0.000	-90.599
68.000	123.231	15.797	0.000	-85.021
70.000	123.123	15.756	0.000	-83.286
72.000	122.780	15.560	0.000	-90.584
74.000	122.955	15.660	0.000	-98.530
76.000	123.183	15.363	0.000	-92.825
78.000	123.060	14.501	0.000	-92.197
80.000	122.975	14.714	0.000	-99.057
82.000	122.917	15.987	0.000	-103.625
84.000	122.947	15.658	0.000	-100.530
86.000	123.202	16.602	0.000	-103.901
88.000	123.112	15.820	0.000	-100.886
90.000	122.782	15.845	0.000	-111.593
92.000	122.953	16.800	0.000	-121.296
94.000	123.204	16.853	0.000	-120.275
96.000	123.082	16.340	0.000	-113.225
98.000	122.904	15.765	0.000	-127.359
100.000	122.889	16.596	0.000	-135.267
102.000	123.074	16.460	0.000	-128.623
104.000	123.185	16.865	0.000	-125.004
106.000	122.963	16.776	0.000	-127.910
108.000	122.851	16.843	0.000	-138.120
110.000	123.032	17.570	0.000	-142.573
112.000	123.123	17.461	0.000	-141.404
114.000	123.085	17.160	0.000	-137.844
116.000	122.905	16.586	0.000	-141.055
118.000	122.846	17.108	0.000	-154.190
120.000	123.179	17.840	0.000	-153.190
122.000	123.193	17.085	0.000	-149.491
124.000	122.818	16.904	0.000	-139.766
126.000	122.906	17.364	0.000	-153.574
128.000	123.143	18.279	0.000	-161.236
130.000	123.076	17.709	0.000	-158.345
132.000	123.005	16.704	0.000	-167.654
134.000	122.898	16.813	0.000	-162.179
136.000	122.935	17.068	0.000	-159.643
138.000	123.199	18.298	0.000	-161.608
140.000	123.089	18.457	0.000	-162.272
142.000	122.804	16.720	0.000	-161.496
144.000	122.958	17.649	0.000	-176.128
146.000	123.165	18.000	0.000	-175.482
148.000	123.093	17.304	0.000	-170.756
150.000	122.889	16.512	0.000	177.256
152.000	122.879	17.491	0.000	174.589
154.000	123.130	18.940	0.000	178.631
156.000	123.139	18.502	0.000	-174.875
158.000	122.909	17.458	0.000	-179.971
160.000	122.905	17.846	0.000	171.602
162.000	123.027	18.600	0.000	171.083
164.000	123.129	18.697	0.000	176.906
166.000	123.064	18.969	0.000	176.143
168.000	122.811	18.185	0.000	167.771
170.000	122.960	18.977	0.000	164.952
172.000	123.242	20.156	0.000	167.631
174.000	123.016	19.081	0.000	167.718
176.000	122.817	17.632	0.000	161.539
178.000	123.007	18.808	0.000	159.390
180.000	123.118	19.411	0.000	162.430
182.000	123.063	19.161	0.000	161.074
184.000	122.920	18.684	0.000	153.383
186.000	122.885	18.336	0.000	145.518
188.000	123.095	19.682	0.000	151.562
190.000	123.150	19.653	0.000	149.582
192.000	122.917	18.423	0.000	150.532
194.000	122.841	18.435	0.000	141.136
196.000	123.088	20.546	0.000	142.451
198.000	123.177	20.218	0.000	150.421
200.000	122.916	19.255	0.000	140.499
202.000	122.846	20.178	0.000	135.666
204.000	123.083	20.496	0.000	141.186
206.000	123.122	19.881	0.000	142.339
208.000	122.976	19.259	0.000	142.741
210.000	122.883	18.756	0.000	138.103
212.000	122.969	19.981	0.000	129.106
214.000	123.151	20.946	0.000	131.047
216.000	123.055	20.488	0.000	134.717
218.000	122.822	19.950	0.000	131.387
220.000	122.956	20.511	0.000	119.779
222.000	123.180	21.296	0.000	123.602
224.000	123.048	20.635	0.000	135.767
226.000	122.819	19.656	0.000	122.137
228.000	122.969	20.853	0.000	118.821
230.000	123.153	21.517	0.000	124.272
232.000	123.022	20.712	0.000	123.132
234.000	122.901	21.027	0.000	113.723
236.000	122.926	21.051	0.000	115.420
238.000	123.064	21.543	0.000	115.118
240.000	123.148	21.626	0.000	114.859
242.000	122.880	20.100	0.000	114.574
244.000	122.842	20.470	0.000	104.458
246.000	123.174	22.328	0.000	106.020
248.000	123.091	21.518	0.000	112.335
250.000	122.855	21.065	0.000	105.140
252.000	122.925	21.978	0.000	100.825
254.000	123.072	22.376	0.000	103.726
256.000	123.109	22.585	0.000	101.740
258.000	122.914	21.984	0.000	101.247
260.000	122.866	21.943	0.000	96.190
262.000	123.083	22.173	0.000	97.038
264.000	123.102	22.553	0.000	98.592
266.000	122.947	21.996	0.000	94.093
268.000	122.839	21.867	0.000	89.593
270.000	123.047	23.323	0.000	91.703
272.000	123.194	23.521	0.000	96.704
274.000	122.866	21.844	0.000	93.416
276.000	122.859	22.794	0.000	86.785
278.000	123.127	23.677	0.000	93.803
280.000	123.043	23.006	0.000	96.942
282.000	122.960	23.261	0.000	95.662
284.000	122.885	23.720	0.000	94.017
286.000	122.983	25.064	0.000	96.674
288.000	123.185	26.490	0.000	104.511
290.000	122.926	26.104	0.000	111.597
292.000	122.815	27.493	0.000	104.243
294.000	123.091	30.644	0.000	105.906
296.000	123.110	31.974	0.000	111.332
298.000	122.922	33.016	0.000	103.627
300.000	122.849	35.727	0.000	92.090
302.000	123.062	38.144	0.000	86.473
304.000	123.119	39.477	0.000	78.025
306.000	122.898	40.414	0.000	64.692
308.000	122.894	41.719	0.000	47.918
310.000	123.018	43.413	0.000	33.700
312.000	123.106	44.526	0.000	24.149
314.000	122.969	44.331	0.000	11.803
316.000	122.794	44.602	0.000	-10.910
318.000	123.085	46.393	0.000	-24.448
320.000	123.145	46.674	0.000	-28.999
322.000	122.847	45.558	0.000	-44.137
324.000	122.895	46.829	0.000	-65.324
326.000	123.073	48.077	0.000	-71.890
328.000	123.063	47.825	0.000	-83.485
330.000	122.919	48.056	0.000	-101.798
332.000	122.871	48.405	0.000	-116.673
334.000	123.046	49.142	0.000	-134.523
336.000	123.108	49.886	0.000	-143.515
338.000	122.895	48.726	0.000	-154.211
340.000	122.836	49.109	0.000	179.456
342.000	123.118	50.781	0.000	172.413
344.000	123.085	50.067	0.000	166.780
346.000	122.823	49.631	0.000	144.717
348.000	122.934	50.975	0.000	129.677
350.000	123.082	51.572	0.000	118.838
352.000	123.033	51.633	0.000	105.762
354.000	122.881	51.335	0.000	88.977
356.000	122.892	51.879	0.000	68.627
358.000	123.100	52.686	0.000	55.465
360.000	123.042	52.300	0.000	43.569
362.000	122.844	51.252	0.000	24.590
364.000	122.907	51.387	0.000	0.812
366.000	123.133	51.901	0.000	-10.292
368.000	123.020	50.180	0.000	-18.630
370.000	122.780	48.110	0.000	-44.680
372.000	123.021	48.293	0.000	-58.072
374.000	123.091	46.583	0.000	-62.704
376.000	122.939	44.090	0.000	-76.032
378.000	122.898	42.443	0.000	-82.946
380.000	122.921	40.419	0.000	-88.027
382.000	123.136	39.729	0.000	-84.243
384.000	122.970	38.389	0.000	-73.063
386.000	122.781	38.217	0.000	-77.534
388.000	123.070	40.864	0.000	-77.547
390.000	123.082	41.317	0.000	-75.194
392.000	122.890	41.073	0.000	-89.164
394.000	122.860	42.364	0.000	-105.198
396.000	123.053	43.246	0.000	-114.657
398.000	123.072	42.950	0.000	-126.335
400.000	122.855	42.006	0.000	-143.729
402.000	122.908	41.402	0.000	-163.558
404.000	123.036	40.885	0.000	-179.012
406.000	123.062	39.235	0.000	169.958
408.000	122.861	35.933	0.000	154.878
410.000	122.858	32.729	0.000	133.458
412.000	123.158	30.148	0.000	128.207
414.000	122.975	24.672	0.000	134.976
416.000	122.808	18.895	0.000	-172.487
418.000	122.998	22.172	0.000	-121.119
420.000	123.059	25.187	0.000	-118.630
422.000	122.958	27.619	0.000	-125.508
424.000	122.845	29.420	0.000	-132.540
426.000	122.972	31.129	0.000	-144.437
428.000	123.095	32.503	0.000	-151.368
430.000	122.923	31.860	0.000	-155.219
432.000	122.808	31.552	0.000	-176.219
434.000	123.063	33.014	0.000	178.722
436.000	123.077	32.019	0.000	177.714
438.000	122.816	30.559	0.000	161.531
440.000	122.919	30.874	0.000	153.932
442.000	123.058	30.369	0.000	152.498
444.000	123.000	29.218	0.000	148.884
446.000	122.851	27.732	0.000	144.889
448.000	122.909	27.418	0.000	142.284
450.000	123.090	27.715	0.000	148.618
452.000	122.966	27.229	0.000	151.001
454.000	122.818	27.808	0.000	145.192
456.000	122.961	29.988	0.000	138.981
458.000	123.123	31.100	0.000	140.216
460.000	122.868	30.424	0.000	129.325
462.000	122.836	31.889	0.000	105.807
464.000	123.082	33.037	0.000	99.305
466.000	122.978	32.011	0.000	84.421
468.000	122.902	31.593	0.000	65.124
470.000	122.862	30.743	0.000	47.843
472.000	123.047	30.349	0.000	29.254
474.000	123.046	29.272	0.000	21.048
476.000	122.771	26.264	0.000	-1.572
478.000	122.969	25.428	0.000	-24.119
480.000	123.082	24.001	0.000	-28.764
482.000	122.908	20.880	0.000	-44.309
484.000	122.824	19.207	0.000	-64.544
486.000	123.018	18.868	0.000	-79.951
488.000	123.044	17.221	0.000	-90.877
490.000	122.852	15.516	0.000	-109.545
492.000	122.887	14.723	0.000	-130.371
494.000	123.011	14.232	0.000	-145.210
496.000	123.038	14.421	0.000	-156.651
498.000	122.807	13.415	0.000	-165.904
500.000	122.906	13.644	0.000	174.207
502.000	123.117	14.370	0.000	178.589
504.000	122.891	14.061	0.000	176.734
506.000	122.824	14.172	0.000	168.292
508.000	123.013	13.614	0.000	162.236
510.000	123.021	13.042	0.000	161.740
512.000	122.867	13.239	0.000	157.167
514.000	122.868	13.282	0.000	141.339
516.000	123.012	13.317	0.000	140.514
518.000	123.031	14.021	0.000	155.180
520.000	122.791	12.635	0.000	146.472
522.000	122.920	13.556	0.000	134.987
524.000	123.105	13.260	0.000	137.554
526.000	122.863	10.675	0.000	125.078
528.000	122.847	11.933	0.000	122.140
530.000	122.993	12.499	0.000	134.896
532.000	123.022	11.830	0.000	149.406
534.000	122.845	11.585	0.000	140.202
536.000	122.873	11.978	0.000	130.062
538.000	123.037	12.588	0.000	127.263
540.000	122.968	12.043	0.000	128.763
542.000	122.811	12.415	0.000	134.145
544.000	122.921	12.483	0.000	125.523
546.000	123.107	11.798	0.000	130.607
548.000	122.821	11.708	0.000	130.448
550.000	122.862	12.694	0.000	123.162
552.000	123.033	12.185	0.000	136.235
554.000	122.953	11.458	0.000	136.677
556.000	122.859	12.260	0.000	136.102
558.000	122.867	12.356	0.000	129.841
560.000	123.067	12.005	0.000	130.452
562.000	122.918	11.523	0.000	130.034
564.000	122.788	11.712	0.000	126.935
566.000	123.002	12.895	0.000	126.250
568.000	123.029	13.102	0.000	122.967
570.000	122.799	11.801	0.000	107.425
572.000	122.895	12.396	0.000	109.980
574.000	123.033	12.469	0.000	124.645
576.000	122.920	11.753	0.000	121.702
578.000	122.824	11.557	0.000	118.405
580.000	122.932	12.209	0.000	121.508
582.000	123.043	12.765	0.000	136.401
584.000	122.846	11.560	0.000	130.149
586.000	122.826	11.843	0.000	113.522
588.000	123.043	12.523	0.000	110.853
590.000	122.960	12.445	0.000	124.566
592.000	122.766	12.002	0.000	122.629
594.000	122.983	11.624	0.000	124.812
596.000	122.991	11.444	0.000	130.653
598.000	122.869	11.535	0.000	132.354
600.000	122.842	12.413	0.000	115.749
602.000	122.977	12.217	0.000	127.427
604.000	123.012	11.650	0.000	137.112
606.000	122.755	10.664	0.000	107.427
608.000	122.945	12.675	0.000	106.239
610.000	123.029	12.983	0.000	106.020
612.000	122.844	12.244	0.000	102.646
614.000	122.828	12.417	0.000	109.369
616.000	123.015	12.956	0.000	108.330
618.000	122.941	13.020	0.000	109.555
620.000	122.812	12.212	0.000	113.029
622.000	122.904	11.522	0.000	101.720
624.000	123.013	12.385	0.000	101.644
626.000	122.884	12.717	0.000	102.341
628.000	122.781	12.723	0.000	104.611
630.000	123.036	12.695	0.000	119.137
632.000	122.946	10.793	0.000	127.889
634.000	122.775	12.089	0.000	98.801
636.000	122.940	13.365	0.000	112.669
638.000	122.995	13.397	0.000	113.162
640.000	122.847	13.156	0.000	103.497
642.000	122.837	13.158	0.000	113.471
644.000	122.965	13.195	0.000	106.979
646.000	122.986	13.806	0.000	114.579
648.000	122.750	12.939	0.000	102.878
650.000	122.941	14.983	0.000	101.640
652.000	123.020	14.876	0.000	115.113
654.000	122.805	14.341	0.000	103.992
656.000	122.849	14.710	0.000	99.270
658.000	122.993	14.470	0.000	98.264
660.000	122.920	14.220	0.000	91.324
662.000	122.787	14.721	0.000	83.422
664.000	122.932	14.970	0.000	87.416
666.000	122.982	15.192	0.000	85.480
668.000	122.839	15.887	0.000	82.730
670.000	122.802	15.893	0.000	75.176
672.000	123.057	16.483	0.000	79.956
674.000	122.860	15.273	0.000	84.620
676.000	122.797	15.458	0.000	72.524
678.000	122.965	16.790	0.000	77.831
680.000	122.943	16.405	0.000	80.367
682.000	122.816	17.089	0.000	70.910
684.000	122.854	16.720	0.000	68.829
686.000	122.999	17.190	0.000	69.943
688.000	122.876	17.200	0.000	70.880
690.000	122.766	17.398	0.000	60.229
692.000	123.005	18.184	0.000	60.143
694.000	122.927	16.841	0.000	52.624
696.000	122.769	17.174	0.000	45.832
698.000	122.923	18.785	0.000	51.244
700.000	122.962	18.528	0.000	53.219
702.000	122.836	17.893	0.000	51.558
704.000	122.815	18.010	0.000	43.565
706.000	122.987	18.870	0.000	42.189
708.000	122.895	18.303	0.000	44.740
710.000	122.775	18.351	0.000	41.168
712.000	122.928	19.333	0.000	35.159
714.000	122.995	18.955	0.000	41.434
716.000	122.737	18.361	0.000	30.053
718.000	122.921	20.684	0.000	30.235
720.000	122.942	19.950	0.000	33.890
722.000	122.861	19.656	0.000	29.139
724.000	122.791	19.852	0.000	25.895
726.000	122.964	20.064	0.000	23.970
728.000	122.926	19.653	0.000	26.261
730.000	122.752	18.937	0.000	15.848
732.000	122.918	20.345	0.000	15.409
734.000	122.976	19.805	0.000	22.094
736.000	122.764	19.292	0.000	14.462
738.000	122.870	19.949	0.000	15.984
740.000	122.963	19.575	0.000	15.770
742.000	122.846	19.539	0.000	15.650
744.000	122.791	19.728	0.000	15.425
746.000	122.943	20.945	0.000	15.452
748.000	122.928	20.643	0.000	21.625
750.000	122.753	20.180	0.000	16.043
752.000	122.896	21.651	0.000	11.471
754.000	122.979	22.522	0.000	17.682
756.000	122.758	21.860	0.000	11.830
758.000	122.863	22.923	0.000	7.215
760.000	122.962	23.066	0.000	9.769
762.000	122.830	22.976	0.000	8.138
764.000	122.800	23.027	0.000	8.771
766.000	122.921	23.862	0.000	8.374
768.000	122.942	24.060	0.000	15.735
770.000	122.723	23.981	0.000	8.357
772.000	122.926	25.971	0.000	9.506
774.000	122.940	25.877	0.000	15.639
776.000	122.768	25.555	0.000	8.460
778.000	122.847	26.809	0.000	6.088
780.000	122.965	27.287	0.000	9.006
782.000	122.810	27.796	0.000	8.536
784.000	122.800	28.382	0.000	3.865
786.000	122.928	29.615	0.000	4.562
788.000	122.905	29.951	0.000	8.388
790.000	122.731	30.183	0.000	0.011
792.000	122.927	32.077	0.000	-0.235
794.000	122.929	32.242	0.000	4.224
796.000	122.739	32.541	0.000	-3.530
798.000	122.883	34.621	0.000	-3.604
800.000	122.931	34.885	0.000	-1.252
802.000	122.799	35.613	0.000	-6.548
804.000	122.803	36.705	0.000	-8.291
806.000	122.942	38.552	0.000	-11.314
808.000	122.865	39.006	0.000	-8.365
810.000	122.732	40.145	0.000	-20.436
812.000	122.963	42.577	0.000	-17.559
814.000	122.867	42.563	0.000	-19.554
816.000	122.750	44.430	0.000	-31.599
818.000	122.896	46.339	0.000	-35.470
820.000	122.913	47.594	0.000	-42.348
822.000	122.766	48.498	0.000	-55.135
824.000	122.832	50.150	0.000	-70.027
826.000	122.941	51.056	0.000	-78.462
828.000	122.803	50.587	0.000	-89.695
830.000	122.770	51.025	0.000	-106.818
832.000	122.970	52.131	0.000	-110.509
834.000	122.812	51.116	0.000	-116.784
836.000	122.761	51.955	0.000	-134.058
838.000	122.936	52.585	0.000	-136.022
840.000	122.845	52.043	0.000	-147.012
842.000	122.774	52.240	0.000	-157.020
844.000	122.851	52.503	0.000	-168.848
846.000	122.942	52.900	0.000	-172.437
848.000	122.724	51.603	0.000	177.217
850.000	122.860	52.862	0.000	164.362
852.000	122.932	52.702	0.000	164.493
854.000	122.758	51.728	0.000	147.437
856.000	122.806	52.305	0.000	134.586
858.000	122.939	51.590	0.000	125.432
860.000	122.789	49.868	0.000	112.380
862.000	122.784	47.925	0.000	98.264
864.000	122.899	46.098	0.000	90.385
866.000	122.870	42.573	0.000	91.848
868.000	122.711	37.162	0.000	104.914
870.000	122.932	37.717	0.000	162.049
872.000	122.860	41.104	0.000	-178.267
874.000	122.732	44.880	0.000	172.468
876.000	122.880	47.941	0.000	171.846
878.000	122.884	48.767	0.000	166.889
880.000	122.753	50.412	0.000	157.426
882.000	122.822	51.895	0.000	149.838
884.000	122.919	53.922	0.000	144.674
886.000	122.766	53.945	0.000	137.846
888.000	122.784	56.238	0.000	118.472
890.000	122.952	57.104	0.000	117.549
892.000	122.753	56.476	0.000	98.791
894.000	122.787	57.356	0.000	85.088
896.000	122.908	57.372	0.000	76.534
898.000	122.810	56.603	0.000	67.900
900.000	122.752	56.286	0.000	55.192
902.000	122.888	56.601	0.000	49.676
904.000	122.857	56.096	0.000	45.930
906.000	122.711	55.373	0.000	34.517
908.000	122.899	56.490	0.000	27.805
910.000	122.865	55.627	0.000	28.128
912.000	122.717	55.074	0.000	12.896
914.000	122.870	55.769	0.000	10.140
916.000	122.865	54.932	0.000	5.054
918.000	122.747	54.532	0.000	-4.031
920.000	122.812	54.349	0.000	-11.539
922.000	122.904	54.438	0.000	-14.289
924.000	122.744	53.130	0.000	-17.396
926.000	122.791	53.810	0.000	-28.893
928.000	122.925	53.995	0.000	-25.060
930.000	122.735	52.645	0.000	-38.121
932.000	122.792	53.113	0.000	-46.877
934.000	122.893	52.130	0.000	-52.512
936.000	122.778	50.612	0.000	-59.347
938.000	122.760	48.909	0.000	-66.891
940.000	122.883	47.924	0.000	-64.832
942.000	122.817	45.771	0.000	-58.235
944.000	122.713	44.411	0.000	-54.163
946.000	122.915	44.916	0.000	-40.561
948.000	122.799	44.268	0.000	-26.032
950.000	122.733	45.999	0.000	-20.659
952.000	122.877	48.078	0.000	-7.958
954.000	122.820	49.789	0.000	-8.176
956.000	122.736	52.094	0.000	-10.766
958.000	122.835	54.675	0.000	-20.098
960.000	122.872	56.402	0.000	-22.989
962.000	122.697	56.885	0.000	-41.404
964.000	122.860	59.229	0.000	-53.536
966.000	122.854	58.817	0.000	-59.678
968.000	122.720	58.785	0.000	-80.847
970.000	122.822	59.302	0.000	-90.115
972.000	122.868	58.809	0.000	-98.998
974.000	122.723	57.907	0.000	-111.192
976.000	122.808	57.741	0.000	-122.616
978.000	122.867	57.232	0.000	-126.854
980.000	122.744	55.519	0.000	-133.775
982.000	122.770	55.064	0.000	-143.674
984.000	122.911	54.469	0.000	-139.052
986.000	122.707	52.276	0.000	-141.418
988.000	122.800	52.693	0.000	-138.693
990.000	122.861	52.520	0.000	-129.075
992.000	122.753	53.141	0.000	-127.884
994.000	122.757	54.530	0.000	-128.268
996.000	122.876	56.417	0.000	-130.409
998.000	122.764	56.752	0.000	-132.205
1000.000	122.729	58.409	0.000	-148.507
1002.000	122.911	59.728	0.000	-146.756
1004.000	122.729	59.246	0.000	-160.196
1006.000	122.761	60.631	0.000	-170.514
1008.000	122.863	61.095	0.000	-178.051
1010.000	122.769	61.195	0.000	172.701
1012.000	122.733	61.628	0.000	156.957
1014.000	122.866	62.424	0.000	149.304
1016.000	122.784	61.880	0.000	139.008
1018.000	122.703	61.768	0.000	121.272
1020.000	122.899	62.644	0.000	112.573
1022.000	122.753	61.151	0.000	104.320
1024.000	122.736	61.098	0.000	84.426
1026.000	122.859	60.642	0.000	81.065
1028.000	122.774	59.358	0.000	68.475
1030.000	122.723	58.623	0.000	59.060
1032.000	122.848	58.549	0.000	49.406
1034.000	122.798	57.644	0.000	46.974
1036.000	122.692	56.721	0.000	30.674
1038.000	122.884	57.378	0.000	27.112
1040.000	122.760	55.728	0.000	19.900
1042.000	122.724	55.699	0.000	4.104
1044.000	122.850	55.401	0.000	-1.586
1046.000	122.777	54.442	0.000	-12.734
1048.000	122.720	53.550	0.000	-27.308
1050.000	122.834	53.240	0.000	-38.781
1052.000	122.801	51.733	0.000	-45.394
1054.000	122.687	50.108	0.000	-62.328
1056.000	122.874	49.640	0.000	-69.888
1058.000	122.763	47.389	0.000	-72.664
1060.000	122.719	45.940	0.000	-83.763
1062.000	122.841	45.687	0.000	-81.000
1064.000	122.774	44.715	0.000	-85.966
1066.000	122.717	44.856	0.000	-92.163
1068.000	122.825	45.442	0.000	-101.935
1070.000	122.802	45.382	0.000	-105.624
1072.000	122.679	44.728	0.000	-126.421
1074.000	122.873	45.453	0.000	-133.373
1076.000	122.752	43.387	0.000	-143.289
1078.000	122.719	42.456	0.000	-158.998
1080.000	122.834	41.217	0.000	-162.437
1082.000	122.770	39.519	0.000	-163.868
1084.000	122.709	38.281	0.000	-163.351
1086.000	122.831	38.695	0.000	-157.421
1088.000	122.780	38.758	0.000	-152.786
1090.000	122.684	39.288	0.000	-156.573
1092.000	122.870	40.771	0.000	-154.687
1094.000	122.735	40.295	0.000	-154.356
1096.000	122.724	41.636	0.000	-157.608
1098.000	122.836	42.726	0.000	-152.913
1100.000	122.747	44.057	0.000	-156.744
1102.000	122.715	45.647	0.000	-163.229
1104.000	122.838	47.388	0.000	-169.830
1106.000	122.747	47.675	0.000	-173.879
1108.000	122.707	48.926	0.000	171.226
1110.000	122.860	50.257	0.000	171.201
1112.000	122.711	49.928	0.000	160.251
1114.000	122.736	51.388	0.000	150.786
1116.000	122.834	51.829	0.000	145.238
1118.000	122.718	52.044	0.000	136.558
1120.000	122.734	52.733	0.000	124.599
1122.000	122.832	53.564	0.000	119.960
1124.000	122.717	53.039	0.000	110.638
1126.000	122.734	53.648	0.000	97.438
1128.000	122.843	54.073	0.000	94.664
1130.000	122.689	52.986	0.000	84.851
1132.000	122.763	53.924	0.000	76.426
1134.000	122.812	53.378	0.000	74.965
1136.000	122.709	53.321	0.000	66.621
1138.000	122.740	53.473	0.000	59.992
1140.000	122.839	54.243	0.000	57.469
1142.000	122.673	53.363	0.000	50.305
1144.000	122.784	54.594	0.000	41.216
1146.000	122.804	54.163	0.000	41.032
1148.000	122.681	53.941	0.000	28.179
1150.000	122.784	54.599	0.000	23.656
1152.000	122.793	54.270	0.000	18.300
1154.000	122.685	53.985	0.000	9.128
1156.000	122.780	54.390	0.000	1.828
1158.000	122.800	54.141	0.000	-0.606
1160.000	122.659	53.452	0.000	-11.049
1162.000	122.823	54.264	0.000	-15.603
1164.000	122.755	53.416	0.000	-17.115
1166.000	122.685	53.472	0.000	-28.994
1168.000	122.818	53.923	0.000	-29.480
1170.000	122.735	53.323	0.000	-37.271
1172.000	122.700	53.473	0.000	-44.658
1174.000	122.810	53.830	0.000	-52.749
1176.000	122.736	53.318	0.000	-55.834
1178.000	122.697	52.991	0.000	-71.482
1180.000	122.828	53.262	0.000	-71.984
1182.000	122.700	51.497	0.000	-81.701
1184.000	122.728	51.461	0.000	-89.416
1186.000	122.805	50.577	0.000	-91.852
1188.000	122.705	49.426	0.000	-95.915
1190.000	122.721	48.950	0.000	-101.256
1192.000	122.820	48.683	0.000	-98.442
1194.000	122.678	47.510	0.000	-100.165
1196.000	122.748	48.062	0.000	-102.514
1198.000	122.810	48.316	0.000	-97.101
1200.000	122.654	48.125	0.000	-104.770
1202.000	122.795	49.491	0.000	-105.077
1204.000	122.760	49.223	0.000	-110.139
1206.000	122.687	49.553	0.000	-117.515
1208.000	122.773	50.137	0.000	-126.797
1210.000	122.779	50.093	0.000	-128.937
1212.000	122.659	49.447	0.000	-143.171
1214.000	122.815	50.121	0.000	-146.763
1216.000	122.725	48.803	0.000	-152.347
1218.000	122.689	48.818	0.000	-163.559
1220.000	122.812	48.455	0.000	-165.371
1222.000	122.704	47.561	0.000	-171.791
1224.000	122.706	47.140	0.000	-177.997
1226.000	122.809	47.266	0.000	-179.444
1228.000	122.687	46.202	0.000	177.318
1230.000	122.726	46.541	0.000	171.113
1232.000	122.805	46.676	0.000	172.379
1234.000	122.664	46.212	0.000	164.560
1236.000	122.769	47.338	0.000	160.062
1238.000	122.759	46.873	0.000	155.801
1240.000	122.689	47.208	0.000	147.156
1242.000	122.752	47.561	0.000	137.788
1244.000	122.777	47.924	0.000	133.699
1246.000	122.656	47.451	0.000	117.669
1248.000	122.800	48.356	0.000	110.102
1250.000	122.726	47.150	0.000	99.731
1252.000	122.686	47.193	0.000	83.022
1254.000	122.795	46.729	0.000	74.323
1256.000	122.708	45.578	0.000	61.664
1258.000	122.695	44.813	0.000	46.471
1260.000	122.806	44.220	0.000	37.777
1262.000	122.676	42.422	0.000	25.764
1264.000	122.725	41.637	0.000	10.248
1266.000	122.802	40.680	0.000	4.936
1268.000	122.646	38.536	0.000	-12.529
1270.000	122.784	38.033	0.000	-21.721
1272.000	122.738	35.842	0.000	-31.793
1274.000	122.680	34.369	0.000	-44.283
1276.000	122.774	33.144	0.000	-58.100
1278.000	122.735	31.875	0.000	-66.037
1280.000	122.672	30.075	0.000	-86.234
1282.000	122.796	29.860	0.000	-96.429
1284.000	122.697	27.960	0.000	-110.648
1286.000	122.709	27.442	0.000	-129.275
1288.000	122.776	26.318	0.000	-140.683
1290.000	122.691	25.344	0.000	-156.548
1292.000	122.713	25.337	0.000	-174.544
1294.000	122.787	25.257	0.000	177.594
1296.000	122.657	24.342	0.000	159.912
1298.000	122.758	24.705	0.000	146.285
1300.000	122.757	24.330	0.000	139.520
1302.000	122.658	23.581	0.000	115.641
1304.000	122.782	23.150	0.000	104.499
1306.000	122.715	20.800	0.000	85.248
1308.000	122.680	19.192	0.000	61.716
1310.000	122.786	17.644	0.000	27.239
1312.000	122.691	14.896	0.000	-14.640
1314.000	122.706	15.814	0.000	-79.355
1316.000	122.783	17.677	0.000	-105.568
1318.000	122.665	19.718	0.000	-133.131
1320.000	122.739	21.744	0.000	-145.060
1322.000	122.757	22.634	0.000	-154.071
1324.000	122.665	22.890	0.000	-166.360
1326.000	122.756	23.398	0.000	-173.599
1328.000	122.742	23.839	0.000	-177.343
1330.000	122.651	24.477	0.000	171.196
1332.000	122.807	25.454	0.000	173.400
1334.000	122.674	24.903	0.000	170.184
1336.000	122.713	25.921	0.000	165.058
1338.000	122.769	26.134	0.000	165.725
1340.000	122.670	26.317	0.000	160.667
1342.000	122.728	26.977	0.000	158.029
1344.000	122.763	27.688	0.000	158.733
1346.000	122.647	27.764	0.000	153.662
1348.000	122.782	29.620	0.000	153.168
1350.000	122.705	29.246	0.000	151.747
1352.000	122.683	30.654	0.000	144.352
1354.000	122.771	31.317	0.000	143.418
1356.000	122.689	31.696	0.000	138.270
1358.000	122.698	32.826	0.000	132.098
1360.000	122.778	33.712	0.000	130.358
1362.000	122.656	33.972	0.000	122.918
1364.000	122.743	35.509	0.000	116.682
1366.000	122.747	35.821	0.000	115.226
1368.000	122.651	36.735	0.000	101.717
1370.000	122.781	37.855	0.000	99.218
1372.000	122.695	38.078	0.000	88.447
1374.000	122.682	38.828	0.000	79.099
1376.000	122.786	39.777	0.000	69.776
1378.000	122.659	39.336	0.000	61.020
1380.000	122.734	40.160	0.000	46.711
1382.000	122.748	39.837	0.000	42.355
1384.000	122.660	39.382	0.000	27.608
1386.000	122.758	39.566	0.000	21.344
1388.000	122.714	38.983	0.000	14.109
1390.000	122.677	38.647	0.000	5.400
1392.000	122.763	38.974	0.000	-0.427
1394.000	122.694	38.288	0.000	-4.697
1396.000	122.691	38.446	0.000	-15.029
1398.000	122.779	38.576	0.000	-17.221
1400.000	122.644	37.960	0.000	-27.794
1402.000	122.755	38.841	0.000	-33.787
1404.000	122.725	38.348	0.000	-40.096
1406.000	122.661	38.294	0.000	-49.793
1408.000	122.773	38.691	0.000	-59.935
1410.000	122.690	38.198	0.000	-65.649
1412.000	122.690	37.905	0.000	-82.400
1414.000	122.771	37.640	0.000	-85.714
1416.000	122.657	36.312	0.000	-100.512
1418.000	122.737	35.840	0.000	-108.068
1420.000	122.733	34.528	0.000	-115.008
1422.000	122.665	33.311	0.000	-124.044
1424.000	122.753	32.719	0.000	-130.336
1426.000	122.712	31.363	0.000	-132.813
1428.000	122.664	30.099	0.000	-141.051
1430.000	122.793	29.650	0.000	-141.216
1432.000	122.647	27.934	0.000	-146.595
1434.000	122.738	27.539	0.000	-150.461
1436.000	122.738	26.198	0.000	-149.845
1438.000	122.653	24.920	0.000	-152.381
1440.000	122.766	24.319	0.000	-157.119
1442.000	122.696	23.367	0.000	-154.091
1444.000	122.681	23.008	0.000	-158.172
1446.000	122.772	22.800	0.000	-152.615
1448.000	122.655	21.434	0.000	-157.310
1450.000	122.734	21.958	0.000	-157.477
1452.000	122.731	21.113	0.000	-156.884
1454.000	122.665	20.304	0.000	-156.957
1456.000	122.750	20.004	0.000	-159.685
1458.000	122.708	18.915	0.000	-160.145
1460.000	122.671	18.495	0.000	-161.431
1462.000	122.779	18.869	0.000	-159.050
1464.000	122.650	17.896	0.000	-158.093
1466.000	122.739	18.023	0.000	-159.053
1468.000	122.723	17.763	0.000	-157.444
1470.000	122.669	18.195	0.000	-158.738
1472.000	122.753	18.093	0.000	-160.276
1474.000	122.693	16.440	0.000	-154.634
1476.000	122.698	16.712	0.000	-162.934
1478.000	122.753	16.636	0.000	-158.607
1480.000	122.665	15.949	0.000	-164.009
1482.000	122.732	15.844	0.000	-163.338
1484.000	122.726	15.551	0.000	-158.231
1486.000	122.666	15.990	0.000	-160.067
1488.000	122.758	16.235	0.000	-162.984
1490.000	122.685	16.050	0.000	-161.889
1492.000	122.699	16.716	0.000	-167.641
1494.000	122.757	17.177	0.000	-168.235
1496.000	122.652	17.177	0.000	-171.558
1498.000	122.755	16.948	0.000	-165.552
1500.000	122.699	16.463	0.000	-169.878
1502.000	122.682	15.883	0.000	-168.799
1504.000	122.760	16.106	0.000	-168.939
1506.000	122.668	16.012	0.000	-172.688
1508.000	122.723	16.462	0.000	-177.761
1510.000	122.739	15.769	0.000	-170.593
1512.000	122.657	16.319	0.000	-176.961
1514.000	122.758	16.211	0.000	177.154
1516.000	122.694	16.557	0.000	-178.445
1518.000	122.684	16.481	0.000	-179.698
1520.000	122.769	15.883	0.000	178.728
1522.000	122.646	15.886	0.000	176.202
1524.000	122.755	16.156	0.000	179.224
1526.000	122.700	15.810	0.000	-178.311
1528.000	122.696	16.052	0.000	170.252
1530.000	122.743	16.554	0.000	168.470
1532.000	122.686	16.105	0.000	164.509
1534.000	122.709	15.793	0.000	158.055
1536.000	122.745	16.164	0.000	162.555
1538.000	122.659	15.543	0.000	154.226
1540.000	122.760	15.222	0.000	152.660
1542.000	122.687	15.566	0.000	154.284
1544.000	122.699	16.160	0.000	149.609
1546.000	122.751	15.609	0.000	149.994
1548.000	122.658	14.723	0.000	141.971
1550.000	122.747	15.581	0.000	138.300
1552.000	122.708	15.291	0.000	135.221
1554.000	122.679	15.282	0.000	121.951
1556.000	122.765	15.176	0.000	126.437
1558.000	122.664	14.921	0.000	133.887
1560.000	122.732	15.221	0.000	136.117
1562.000	122.724	15.109	0.000	134.156
1564.000	122.670	14.587	0.000	120.240
1566.000	122.758	14.253	0.000	115.611
1568.000	122.679	13.758	0.000	120.737
1570.000	122.713	14.123	0.000	116.836
1572.000	122.746	13.869	0.000	109.832
1574.000	122.658	12.763	0.000	100.482
1576.000	122.758	12.965	0.000	107.661
1578.000	122.688	13.173	0.000	105.555
1580.000	122.701	12.086	0.000	95.835
1582.000	122.748	12.346	0.000	94.617
1584.000	122.666	12.990	0.000	95.372
1586.000	122.749	12.783	0.000	97.125
1588.000	122.703	12.408	0.000	98.920
1590.000	122.690	11.798	0.000	94.488
1592.000	122.756	12.156	0.000	91.641
1594.000	122.666	11.846	0.000	93.148
1596.000	122.738	12.264	0.000	86.470
1598.000	122.721	12.167	0.000	79.991
1600.000	122.680	11.463	0.000	69.821
1602.000	122.757	11.340	0.000	83.257
1604.000	122.674	12.089	0.000	79.282
1606.000	122.731	11.255	0.000	74.838
1608.000	122.723	11.207	0.000	58.933
1610.000	122.677	11.690	0.000	67.044
1612.000	122.755	11.562	0.000	63.140
1614.000	122.689	11.897	0.000	68.404
1616.000	122.707	11.325	0.000	70.502
1618.000	122.753	10.751	0.000	78.556
1620.000	122.657	11.041	0.000	61.729
1622.000	122.771	10.355	0.000	51.458
1624.000	122.678	9.120	0.000	48.203
1626.000	122.715	9.913	0.000	64.775
1628.000	122.746	9.370	0.000	60.963
1630.000	122.666	10.142	0.000	45.034
1632.000	122.756	11.019	0.000	47.796
1634.000	122.698	11.014	0.000	54.721
1636.000	122.700	11.367	0.000	29.746
1638.000	122.755	9.726	0.000	49.264
1640.000	122.660	9.451	0.000	41.695
1642.000	122.761	9.560	0.000	45.278
1644.000	122.693	9.699	0.000	47.709
1646.000	122.707	9.706	0.000	21.720
1648.000	122.753	10.368	0.000	55.259
1650.000	122.673	10.023	0.000	61.307
1652.000	122.747	9.892	0.000	43.163
1654.000	122.706	10.180	0.000	20.733
1656.000	122.694	10.210	0.000	79.820
1658.000	122.762	9.213	0.000	67.786
1660.000	122.660	7.915	0.000	41.079
1662.000	122.762	9.097	0.000	40.437
1664.000	122.699	9.820	0.000	51.220
1666.000	122.704	9.753	0.000	39.031
1668.000	122.748	10.252	0.000	41.103
1670.000	122.678	10.393	0.000	45.657
1672.000	122.744	10.621	0.000	37.818
1674.000	122.711	9.593	0.000	76.955
1676.000	122.696	9.771	0.000	121.506
1678.000	122.762	10.150	0.000	79.294
1680.000	122.664	10.475	0.000	61.566
1682.000	122.760	10.986	0.000	42.467
1684.000	122.704	10.075	0.000	-41.433
1686.000	122.695	8.439	0.000	-96.522
1688.000	122.774	9.339	0.000	-32.798
1690.000	122.655	10.866	0.000	-10.137
1692.000	122.771	10.081	0.000	28.545
1694.000	122.689	8.986	0.000	55.782
1696.000	122.723	8.969	0.000	99.972
1698.000	122.733	10.308	0.000	63.280
1700.000	122.693	9.712	0.000	67.588
1702.000	122.742	9.069	0.000	109.441
1704.000	122.712	9.369	0.000	-46.444
1706.000	122.700	9.152	0.000	-47.153
1708.000	122.763	9.845	0.000	-162.569
1710.000	122.666	9.382	0.000	-151.484
1712.000	122.769	8.653	0.000	-96.192
1714.000	122.686	9.525	0.000	-115.211
1716.000	122.727	8.915	0.000	-126.690
1718.000	122.740	8.259	0.000	-2.039
1720.000	122.680	8.719	0.000	43.583
1722.000	122.762	8.242	0.000	116.548
1724.000	122.697	9.093	0.000	156.851
1726.000	122.719	9.338	0.000	139.412
1728.000	122.748	8.421	0.000	103.395
1730.000	122.672	9.502	0.000	103.072
1732.000	122.775	10.659	0.000	107.444
1734.000	122.674	9.117	0.000	88.682
1736.000	122.753	8.400	0.000	99.573
1738.000	122.712	10.379	0.000	87.867
1740.000	122.711	9.513	0.000	79.314
1742.000	122.747	9.647	0.000	69.535
1744.000	122.690	9.101	0.000	110.754
1746.000	122.740	10.187	0.000	113.727
1748.000	122.724	10.366	0.000	107.870
1750.000	122.701	9.415	0.000	110.042
1752.000	122.758	9.316	0.000	71.156
1754.000	122.680	9.471	0.000	31.309
1756.000	122.754	9.195	0.000	59.454
1758.000	122.712	9.175	0.000	48.469
1760.000	122.704	9.787	0.000	54.711
1762.000	122.762	10.352	0.000	59.942
1764.000	122.674	10.178	0.000	64.006
1766.000	122.773	10.194	0.000	78.918
1768.000	122.681	9.468	0.000	56.206
1770.000	122.748	10.107	0.000	16.847
1772.000	122.724	10.310	0.000	7.224
1774.000	122.702	10.147	0.000	5.105
1776.000	122.761	9.493	0.000	-2.078
1778.000	122.689	8.936	0.000	5.111
1780.000	122.744	9.893	0.000	13.673
1782.000	122.729	10.379	0.000	15.209
1784.000	122.694	9.634	0.000	-13.166
1786.000	122.766	9.254	0.000	-17.209
1788.000	122.676	10.289	0.000	-21.001
1790.000	122.765	10.810	0.000	-21.585
1792.000	122.699	10.526	0.000	2.679
1794.000	122.729	10.021	0.000	3.251
1796.000	122.738	10.178	0.000	-25.742
1798.000	122.709	10.801	0.000	-34.897
1800.000	122.740	10.531	0.000	-27.809
1802.000	122.714	10.110	0.000	-27.310
1804.000	122.720	10.236	0.000	-29.360
1806.000	122.750	10.481	0.000	-48.764
1808.000	122.684	9.957	0.000	-56.923
1810.000	122.776	9.744	0.000	-33.129
1812.000	122.678	9.893	0.000	-34.513
1814.000	122.757	10.145	0.000	-38.772
1816.000	122.717	9.397	0.000	-21.435
1818.000	122.707	9.108	0.000	-65.539
1820.000	122.762	9.882	0.000	-35.382
1822.000	122.680	8.398	0.000	-107.048
1824.000	122.775	10.025	0.000	-76.095
1826.000	122.684	10.464	0.000	-86.232
1828.000	122.755	10.676	0.000	-95.407
1830.000	122.716	10.267	0.000	-83.481
1832.000	122.720	9.175	0.000	-89.978
1834.000	122.750	10.091	0.000	-78.789
1836.000	122.702	9.259	0.000	-73.656
1838.000	122.745	8.909	0.000	-74.471
1840.000	122.726	9.034	0.000	-86.881
1842.000	122.711	9.347	0.000	-70.730
1844.000	122.757	10.062	0.000	-92.568
1846.000	122.686	10.336	0.000	-87.123
1848.000	122.768	9.645	0.000	-76.996
1850.000	122.699	8.939	0.000	-75.246
1852.000	122.738	9.315	0.000	-90.140
1854.000	122.736	10.470	0.000	-94.223
1856.000	122.705	10.164	0.000	-108.576
1858.000	122.763	10.441	0.000	-127.801
1860.000	122.686	10.525	0.000	-107.896
1862.000	122.763	10.003	0.000	-98.838
1864.000	122.700	8.044	0.000	-104.740
1866.000	122.748	9.925	0.000	-113.932
1868.000	122.727	10.902	0.000	-118.565
1870.000	122.715	10.700	0.000	-117.686
1872.000	122.749	10.850	0.000	-120.040
1874.000	122.706	9.883	0.000	-107.302
1876.000	122.745	9.927	0.000	-106.300
1878.000	122.725	9.985	0.000	-117.089
1880.000	122.715	11.332	0.000	-126.214
1882.000	122.753	10.677	0.000	-116.054
1884.000	122.705	10.436	0.000	-98.386
1886.000	122.747	10.815	0.000	-92.156
1888.000	122.723	10.177	0.000	-106.834
1890.000	122.717	11.381	0.000	-120.209
1892.000	122.760	11.785	0.000	-125.561
1894.000	122.692	11.240	0.000	-130.222
1896.000	122.776	12.231	0.000	-120.638
1898.000	122.677	12.058	0.000	-128.290
1900.000	122.775	11.368	0.000	-137.020
1902.000	122.700	12.152	0.000	-139.257
1904.000	122.743	13.477	0.000	-143.010
1906.000	122.738	13.813	0.000	-136.387
1908.000	122.697	14.040	0.000	-139.359
1910.000	122.780	13.736	0.000	-154.284
1912.000	122.676	13.319	0.000	-165.129
1914.000	122.781	15.133	0.000	-168.105
1916.000	122.690	15.678	0.000	-170.446
1918.000	122.748	16.630	0.000	-178.353
1920.000	122.732	17.106	0.000	176.791
1922.000	122.715	17.325	0.000	166.154
1924.000	122.757	17.249	0.000	164.963
1926.000	122.697	17.066	0.000	149.037
1928.000	122.760	16.747	0.000	138.845
1930.000	122.705	17.311	0.000	129.071
1932.000	122.748	18.202	0.000	124.782
1934.000	122.724	17.438	0.000	122.720
1936.000	122.722	17.534	0.000	110.251
1938.000	122.751	18.382	0.000	101.591
1940.000	122.710	18.282	0.000	88.930
1942.000	122.749	18.392	0.000	85.198
1944.000	122.714	18.770	0.000	75.815
1946.000	122.731	18.565	0.000	68.352
1948.000	122.741	19.231	0.000	58.540
1950.000	122.715	19.687	0.000	45.971
1952.000	122.752	19.510	0.000	45.314
1954.000	122.707	19.631	0.000	33.549
1956.000	122.744	20.414	0.000	25.244
1958.000	122.727	21.213	0.000	18.267
1960.000	122.725	21.517	0.000	9.341
1962.000	122.747	22.286	0.000	-2.825
1964.000	122.703	23.035	0.000	-12.058
1966.000	122.759	23.197	0.000	-18.230
1968.000	122.705	23.725	0.000	-31.826
1970.000	122.753	24.035	0.000	-35.824
1972.000	122.718	24.455	0.000	-47.043
1974.000	122.732	25.016	0.000	-52.038
1976.000	122.736	25.268	0.000	-59.034
1978.000	122.718	25.808	0.000	-68.354
1980.000	122.755	25.979	0.000	-75.024
1982.000	122.700	26.565	0.000	-84.234
1984.000	122.755	27.228	0.000	-90.214
1986.000	122.708	26.968	0.000	-98.794
1988.000	122.739	27.730	0.000	-106.945
1990.000	122.737	27.704	0.000	-112.890
1992.000	122.716	28.403	0.000	-121.595
1994.000	122.749	28.553	0.000	-127.189
1996.000	122.706	28.903	0.000	-137.617
1998.000	122.751	28.597	0.000	-144.682
2000.000	122.716	28.826	0.000	-151.238
