2000.000	122.825	9.882	0.000	-146.701
2.000	122.878	10.721	0.000	59.453
4.000	123.096	11.703	0.000	87.073
6.000	123.116	10.838	0.000	66.412
8.000	122.957	9.995	0.000	91.041
10.000	122.816	10.379	0.000	125.378
12.000	122.920	10.545	0.000	133.737
14.000	123.185	10.174	0.000	81.817
16.000	123.107	10.406	0.000	78.252
18.000	122.773	11.820	0.000	124.473
20.000	122.871	11.725	0.000	126.299
22.000	123.147	10.601	0.000	154.166
24.000	123.076	10.106	0.000	96.974
26.000	122.935	10.582	0.000	50.961
28.000	122.897	10.838	0.000	124.699
30.000	122.898	11.379	0.000	80.016
32.000	123.102	12.349	0.000	-126.251
34.000	123.164	12.186	0.000	-159.420
36.000	122.836	11.131	0.000	39.576
38.000	122.792	11.288	0.000	130.913
40.000	123.134	11.298	0.000	67.316
42.000	123.150	11.424	0.000	-8.051
44.000	122.912	11.112	0.000	167.800
46.000	122.846	11.922	0.000	160.945
48.000	122.957	11.079	0.000	-137.902
50.000	123.123	10.106	0.000	-106.018
52.000	123.087	10.813	0.000	-140.460
54.000	122.846	11.095	0.000	134.437
56.000	122.863	11.228	0.000	-145.549
58.000	123.082	10.749	0.000	-107.372
60.000	123.110	11.271	0.000	-37.712
62.000	122.980	10.721	0.000	65.508
64.000	122.827	10.476	0.000	79.116
66.000	122.910	11.406	0.000	-176.342
68.000	123.198	11.642	0.000	153.517
70.000	123.092	11.241	0.000	159.740
72.000	122.755	11.908	0.000	148.237
74.000	122.924	11.593	0.000	156.335
76.000	123.151	11.515	0.000	175.401
78.000	123.034	11.381	0.000	145.366
80.000	122.946	11.216	0.000	110.371
82.000	122.886	10.818	0.000	-96.368
84.000	122.921	11.109	0.000	-145.233
86.000	123.173	12.219	0.000	55.177
88.000	123.081	12.319	0.000	-147.741
90.000	122.755	11.548	0.000	-157.443
92.000	122.927	11.168	0.000	177.556
94.000	123.174	12.178	0.000	152.116
96.000	123.053	10.549	0.000	147.423
98.000	122.878	11.064	0.000	138.090
100.000	122.862	10.624	0.000	143.160
102.000	123.045	10.047	0.000	175.623
104.000	123.158	8.972	0.000	-176.154
106.000	122.938	9.956	0.000	128.779
108.000	122.823	9.828	0.000	160.962
110.000	123.004	10.847	0.000	173.033
112.000	123.099	10.228	0.000	126.976
114.000	123.057	12.002	0.000	115.817
116.000	122.877	10.761	0.000	96.164
118.000	122.824	9.980	0.000	116.865
120.000	123.151	10.409	0.000	131.916
122.000	123.163	10.738	0.000	117.895
124.000	122.796	10.762	0.000	113.536
126.000	122.879	11.753	0.000	75.436
128.000	123.114	12.943	0.000	75.851
130.000	123.053	13.032	0.000	98.725
132.000	122.979	12.869	0.000	84.561
134.000	122.870	12.420	0.000	65.738
136.000	122.912	12.146	0.000	57.240
138.000	123.174	12.635	0.000	34.001
140.000	123.062	11.260	0.000	-7.943
142.000	122.781	10.227	0.000	-73.772
144.000	122.934	10.262	0.000	-148.895
146.000	123.140	11.254	0.000	-24.935
148.000	123.068	11.066	0.000	19.752
150.000	122.865	10.773	0.000	-118.752
152.000	122.855	10.983	0.000	-79.910
154.000	123.104	11.157	0.000	-82.048
156.000	123.115	10.769	0.000	-39.604
158.000	122.887	10.881	0.000	38.088
160.000	122.878	9.915	0.000	-65.165
162.000	123.004	9.581	0.000	-112.396
164.000	123.107	9.556	0.000	50.599
166.000	123.037	9.632	0.000	45.567
168.000	122.788	9.866	0.000	-16.939
170.000	122.939	11.161	0.000	-15.334
172.000	123.215	10.826	0.000	-33.254
174.000	122.994	11.058	0.000	-50.461
176.000	122.796	11.514	0.000	-91.858
178.000	122.981	11.405	0.000	179.171
180.000	123.095	11.153	0.000	-124.579
182.000	123.043	10.479	0.000	-102.940
184.000	122.896	10.900	0.000	-98.923
186.000	122.862	10.165	0.000	173.888
188.000	123.074	10.125	0.000	-129.779
190.000	123.127	11.310	0.000	-89.325
192.000	122.895	11.573	0.000	-94.042
194.000	122.821	10.887	0.000	-88.026
196.000	123.067	10.347	0.000	-92.478
198.000	123.154	10.436	0.000	-70.921
200.000	122.895	11.113	0.000	-62.752
202.000	122.825	10.563	0.000	-148.489
204.000	123.059	10.609	0.000	-133.418
206.000	123.101	10.981	0.000	-123.738
208.000	122.956	9.745	0.000	-138.221
210.000	122.859	10.776	0.000	-158.024
212.000	122.949	11.536	0.000	-139.575
214.000	123.133	10.617	0.000	-113.106
216.000	123.032	11.311	0.000	-115.759
218.000	122.801	11.129	0.000	-132.416
220.000	122.937	11.391	0.000	-135.811
222.000	123.158	11.880	0.000	-141.698
224.000	123.027	11.192	0.000	-138.563
226.000	122.801	10.584	0.000	-162.931
228.000	122.947	11.752	0.000	-164.341
230.000	123.133	11.376	0.000	-151.783
232.000	123.005	11.310	0.000	-120.666
234.000	122.880	11.593	0.000	-162.790
236.000	122.906	12.000	0.000	-160.531
238.000	123.047	11.768	0.000	-158.913
240.000	123.128	12.374	0.000	-157.417
242.000	122.859	12.946	0.000	-145.738
244.000	122.824	13.635	0.000	-153.287
246.000	123.155	12.821	0.000	-150.006
248.000	123.072	12.593	0.000	-150.130
250.000	122.838	12.724	0.000	-157.202
252.000	122.905	12.513	0.000	-166.932
254.000	123.053	13.719	0.000	-172.758
256.000	123.092	14.337	0.000	-170.388
258.000	122.896	14.238	0.000	-154.638
260.000	122.846	14.836	0.000	-169.400
262.000	123.066	15.444	0.000	-174.327
264.000	123.085	16.250	0.000	-163.537
266.000	122.926	16.307	0.000	-158.663
268.000	122.823	17.560	0.000	-168.980
270.000	123.030	18.716	0.000	-178.320
272.000	123.175	19.038	0.000	-170.933
274.000	122.850	18.327	0.000	-171.654
276.000	122.840	20.454	0.000	179.140
278.000	123.108	22.112	0.000	-179.329
280.000	123.030	22.673	0.000	-176.687
282.000	122.943	23.821	0.000	-178.643
284.000	122.865	24.752	0.000	178.508
286.000	122.968	27.222	0.000	170.784
288.000	123.168	29.500	0.000	169.434
290.000	122.909	29.848	0.000	169.453
292.000	122.799	31.722	0.000	154.393
294.000	123.075	35.132	0.000	149.770
296.000	123.093	36.536	0.000	149.845
298.000	122.906	37.460	0.000	134.650
300.000	122.833	40.126	0.000	117.016
302.000	123.045	42.467	0.000	107.311
304.000	123.105	43.761	0.000	94.899
306.000	122.883	44.537	0.000	77.802
308.000	122.875	45.738	0.000	57.194
310.000	123.005	47.314	0.000	39.142
312.000	123.093	48.201	0.000	26.512
314.000	122.950	47.802	0.000	11.511
316.000	122.780	47.719	0.000	-14.628
318.000	123.070	49.130	0.000	-32.551
320.000	123.129	48.859	0.000	-40.357
322.000	122.834	46.742	0.000	-58.453
324.000	122.878	46.443	0.000	-82.981
326.000	123.058	46.186	0.000	-89.698
328.000	123.052	44.127	0.000	-96.226
330.000	122.903	42.312	0.000	-105.456
332.000	122.855	41.195	0.000	-105.388
334.000	123.034	41.811	0.000	-104.721
336.000	123.094	42.912	0.000	-101.267
338.000	122.879	42.414	0.000	-103.813
340.000	122.823	43.771	0.000	-121.685
342.000	123.104	46.012	0.000	-123.871
344.000	123.071	45.627	0.000	-127.845
346.000	122.809	45.156	0.000	-147.534
348.000	122.918	46.280	0.000	-159.821
350.000	123.068	46.475	0.000	-167.147
352.000	123.022	46.090	0.000	-176.275
354.000	122.866	45.441	0.000	173.490
356.000	122.877	45.540	0.000	160.405
358.000	123.090	46.053	0.000	155.079
360.000	123.028	45.470	0.000	151.931
362.000	122.829	44.502	0.000	143.430
364.000	122.895	45.180	0.000	132.223
366.000	123.119	46.393	0.000	131.112
368.000	123.008	45.634	0.000	130.676
370.000	122.768	45.529	0.000	113.455
372.000	123.005	47.474	0.000	107.069
374.000	123.080	47.567	0.000	104.227
376.000	122.927	47.540	0.000	90.507
378.000	122.882	47.970	0.000	80.326
380.000	122.910	48.292	0.000	66.083
382.000	123.125	49.498	0.000	57.270
384.000	122.956	48.741	0.000	52.440
386.000	122.768	48.037	0.000	30.116
388.000	123.058	49.606	0.000	19.269
390.000	123.071	49.049	0.000	16.845
392.000	122.879	47.488	0.000	1.417
394.000	122.847	47.715	0.000	-13.752
396.000	123.040	47.917	0.000	-19.554
398.000	123.064	47.281	0.000	-25.570
400.000	122.843	46.410	0.000	-35.067
402.000	122.893	46.444	0.000	-46.660
404.000	123.028	46.955	0.000	-54.103
406.000	123.051	46.759	0.000	-57.846
408.000	122.848	45.696	0.000	-66.866
410.000	122.849	46.372	0.000	-82.396
412.000	123.147	47.588	0.000	-85.426
414.000	122.965	46.652	0.000	-89.835
416.000	122.797	46.316	0.000	-111.269
418.000	122.986	47.552	0.000	-122.120
420.000	123.051	47.063	0.000	-128.194
422.000	122.948	46.107	0.000	-143.477
424.000	122.831	45.573	0.000	-156.226
426.000	122.964	45.033	0.000	-169.483
428.000	123.087	44.961	0.000	-176.991
430.000	122.911	43.239	0.000	-179.824
432.000	122.797	41.776	0.000	162.833
434.000	123.054	42.715	0.000	159.404
436.000	123.067	41.491	0.000	162.124
438.000	122.806	39.944	0.000	149.583
440.000	122.908	40.601	0.000	143.241
442.000	123.048	40.454	0.000	141.378
444.000	122.993	39.908	0.000	137.256
446.000	122.839	39.202	0.000	129.834
448.000	122.899	39.513	0.000	120.529
450.000	123.084	39.975	0.000	118.984
452.000	122.955	39.248	0.000	116.295
454.000	122.807	38.694	0.000	106.505
456.000	122.953	39.971	0.000	98.424
458.000	123.113	40.697	0.000	100.203
460.000	122.860	39.621	0.000	92.865
462.000	122.826	40.842	0.000	74.459
464.000	123.073	41.977	0.000	71.776
466.000	122.973	41.346	0.000	60.419
468.000	122.890	41.498	0.000	44.603
470.000	122.852	41.164	0.000	30.530
472.000	123.041	41.566	0.000	14.329
474.000	123.037	40.953	0.000	8.727
476.000	122.761	38.519	0.000	-9.811
478.000	122.961	38.717	0.000	-28.231
480.000	123.074	37.807	0.000	-29.746
482.000	122.901	35.002	0.000	-40.034
484.000	122.814	33.821	0.000	-55.102
486.000	123.009	33.045	0.000	-59.654
488.000	123.039	31.489	0.000	-63.595
490.000	122.843	29.500	0.000	-70.459
492.000	122.876	28.230	0.000	-78.508
494.000	123.007	27.690	0.000	-82.151
496.000	123.029	26.554	0.000	-82.331
498.000	122.797	24.353	0.000	-87.174
500.000	122.899	23.547	0.000	-98.483
502.000	123.108	23.203	0.000	-96.369
504.000	122.884	20.991	0.000	-96.020
506.000	122.815	19.987	0.000	-105.638
508.000	123.005	20.030	0.000	-105.720
510.000	123.017	18.405	0.000	-107.310
512.000	122.858	16.799	0.000	-112.301
514.000	122.859	15.242	0.000	-115.370
516.000	123.007	15.917	0.000	-127.786
518.000	123.024	16.189	0.000	-126.647
520.000	122.782	13.385	0.000	-116.324
522.000	122.913	13.974	0.000	-125.485
524.000	123.099	14.287	0.000	-134.308
526.000	122.857	13.161	0.000	-140.911
528.000	122.839	11.566	0.000	-139.707
530.000	122.986	11.373	0.000	-127.462
532.000	123.019	12.181	0.000	-138.044
534.000	122.836	12.032	0.000	-167.190
536.000	122.864	10.181	0.000	-173.165
538.000	123.034	10.426	0.000	-171.331
540.000	122.960	10.460	0.000	-167.082
542.000	122.802	10.616	0.000	-175.472
544.000	122.915	10.631	0.000	133.506
546.000	123.101	10.709	0.000	106.866
548.000	122.815	9.898	0.000	104.835
550.000	122.854	11.376	0.000	110.340
552.000	123.027	12.328	0.000	76.494
554.000	122.950	11.340	0.000	57.965
556.000	122.849	10.813	0.000	71.091
558.000	122.861	9.602	0.000	51.597
560.000	123.063	10.583	0.000	69.761
562.000	122.911	10.706	0.000	67.845
564.000	122.781	10.734	0.000	71.064
566.000	122.997	12.214	0.000	67.412
568.000	123.023	11.267	0.000	70.903
570.000	122.793	10.242	0.000	51.364
572.000	122.888	11.708	0.000	32.314
574.000	123.028	10.908	0.000	35.912
576.000	122.916	11.499	0.000	44.067
578.000	122.815	12.212	0.000	39.847
580.000	122.928	12.268	0.000	36.272
582.000	123.039	11.923	0.000	35.850
584.000	122.838	11.505	0.000	36.026
586.000	122.822	12.131	0.000	21.626
588.000	123.038	13.211	0.000	30.315
590.000	122.955	13.332	0.000	37.793
592.000	122.760	12.760	0.000	17.092
594.000	122.976	12.854	0.000	10.334
596.000	122.989	12.901	0.000	26.838
598.000	122.862	13.578	0.000	20.414
600.000	122.834	13.096	0.000	15.341
602.000	122.975	13.248	0.000	25.729
604.000	123.007	13.786	0.000	32.896
606.000	122.749	13.796	0.000	23.697
608.000	122.941	15.201	0.000	14.948
610.000	123.025	14.694	0.000	24.408
612.000	122.839	14.250	0.000	28.210
614.000	122.821	15.092	0.000	12.368
616.000	123.011	14.369	0.000	11.208
618.000	122.939	13.019	0.000	12.756
620.000	122.805	13.672	0.000	11.099
622.000	122.899	14.649	0.000	1.361
624.000	123.012	14.783	0.000	8.885
626.000	122.877	14.731	0.000	13.460
628.000	122.777	14.024	0.000	-1.473
630.000	123.032	14.647	0.000	-8.548
632.000	122.942	15.046	0.000	2.160
634.000	122.770	14.095	0.000	-5.431
636.000	122.934	15.259	0.000	-4.095
638.000	122.994	14.648	0.000	-2.333
640.000	122.842	14.872	0.000	-13.057
642.000	122.831	14.778	0.000	-18.715
644.000	122.964	14.951	0.000	-18.961
646.000	122.981	15.475	0.000	-7.685
648.000	122.745	14.795	0.000	-16.605
650.000	122.938	16.359	0.000	-24.656
652.000	123.016	16.019	0.000	-11.257
654.000	122.801	15.902	0.000	-21.196
656.000	122.844	17.374	0.000	-31.728
658.000	122.990	16.611	0.000	-28.803
660.000	122.918	16.259	0.000	-27.771
662.000	122.780	15.988	0.000	-35.229
664.000	122.931	15.863	0.000	-42.352
666.000	122.980	16.069	0.000	-31.583
668.000	122.833	15.760	0.000	-37.054
670.000	122.799	16.967	0.000	-44.913
672.000	123.054	17.196	0.000	-36.840
674.000	122.857	15.916	0.000	-33.005
676.000	122.792	16.662	0.000	-40.846
678.000	122.961	17.269	0.000	-34.397
680.000	122.942	16.565	0.000	-41.366
682.000	122.810	16.827	0.000	-47.706
684.000	122.852	16.822	0.000	-47.666
686.000	122.998	17.402	0.000	-51.154
688.000	122.871	17.603	0.000	-42.739
690.000	122.762	18.097	0.000	-57.960
692.000	123.003	19.501	0.000	-56.086
694.000	122.924	17.739	0.000	-55.696
696.000	122.766	17.437	0.000	-64.222
698.000	122.919	18.237	0.000	-62.962
700.000	122.961	18.245	0.000	-62.301
702.000	122.832	18.144	0.000	-68.140
704.000	122.810	18.410	0.000	-72.680
706.000	122.988	18.967	0.000	-67.606
708.000	122.891	18.507	0.000	-69.702
710.000	122.771	18.030	0.000	-81.587
712.000	122.926	19.369	0.000	-81.760
714.000	122.992	19.275	0.000	-75.234
716.000	122.735	18.220	0.000	-87.689
718.000	122.916	19.535	0.000	-87.933
720.000	122.943	19.659	0.000	-85.918
722.000	122.857	19.503	0.000	-90.669
724.000	122.787	19.868	0.000	-93.151
726.000	122.964	20.421	0.000	-95.194
728.000	122.923	20.424	0.000	-95.066
730.000	122.749	19.971	0.000	-97.349
732.000	122.916	21.557	0.000	-101.768
734.000	122.975	20.446	0.000	-96.558
736.000	122.762	19.447	0.000	-103.218
738.000	122.866	20.985	0.000	-110.031
740.000	122.963	20.951	0.000	-106.842
742.000	122.845	20.561	0.000	-108.698
744.000	122.786	20.864	0.000	-113.824
746.000	122.944	22.227	0.000	-114.273
748.000	122.925	21.920	0.000	-112.967
750.000	122.750	20.906	0.000	-118.156
752.000	122.895	22.397	0.000	-122.555
754.000	122.978	23.154	0.000	-115.565
756.000	122.757	22.651	0.000	-122.412
758.000	122.860	24.159	0.000	-127.566
760.000	122.962	23.888	0.000	-123.868
762.000	122.829	23.906	0.000	-131.429
764.000	122.796	24.367	0.000	-134.857
766.000	122.922	25.228	0.000	-140.435
768.000	122.940	25.470	0.000	-134.175
770.000	122.720	24.661	0.000	-140.322
772.000	122.925	26.623	0.000	-141.332
774.000	122.939	26.384	0.000	-138.070
776.000	122.766	26.564	0.000	-145.063
778.000	122.844	27.877	0.000	-147.840
780.000	122.965	28.239	0.000	-145.451
782.000	122.809	28.237	0.000	-148.607
784.000	122.796	28.881	0.000	-154.115
786.000	122.930	30.088	0.000	-153.953
788.000	122.902	30.315	0.000	-151.195
790.000	122.729	30.460	0.000	-160.709
792.000	122.925	32.563	0.000	-161.420
794.000	122.928	32.703	0.000	-158.193
796.000	122.738	32.808	0.000	-167.442
798.000	122.880	34.875	0.000	-167.728
800.000	122.932	35.248	0.000	-166.868
802.000	122.796	36.035	0.000	-173.004
804.000	122.800	37.108	0.000	-175.792
806.000	122.943	39.002	0.000	-179.268
808.000	122.862	39.422	0.000	-176.943
810.000	122.731	40.595	0.000	169.147
812.000	122.962	43.051	0.000	170.876
814.000	122.866	43.037	0.000	167.610
816.000	122.748	44.825	0.000	154.558
818.000	122.894	46.711	0.000	149.892
820.000	122.914	47.913	0.000	142.319
822.000	122.763	48.777	0.000	129.007
824.000	122.831	50.437	0.000	113.671
826.000	122.943	51.378	0.000	104.737
828.000	122.800	50.951	0.000	92.781
830.000	122.770	51.468	0.000	74.652
832.000	122.968	52.611	0.000	69.993
834.000	122.812	51.620	0.000	61.999
836.000	122.759	52.365	0.000	42.650
838.000	122.935	52.828	0.000	39.244
840.000	122.846	51.965	0.000	27.494
842.000	122.770	51.849	0.000	17.249
844.000	122.852	51.870	0.000	6.372
846.000	122.941	52.079	0.000	3.814
848.000	122.721	50.701	0.000	-5.111
850.000	122.860	51.909	0.000	-16.148
852.000	122.932	51.776	0.000	-14.453
854.000	122.758	50.924	0.000	-28.973
856.000	122.804	51.713	0.000	-39.016
858.000	122.939	51.368	0.000	-44.864
860.000	122.788	50.354	0.000	-54.171
862.000	122.781	49.725	0.000	-64.320
864.000	122.901	49.858	0.000	-68.720
866.000	122.867	49.031	0.000	-69.726
868.000	122.710	48.448	0.000	-82.079
870.000	122.932	49.364	0.000	-87.833
872.000	122.860	48.298	0.000	-90.586
874.000	122.731	47.125	0.000	-106.933
876.000	122.878	47.323	0.000	-111.599
878.000	122.886	45.650	0.000	-114.769
880.000	122.750	44.563	0.000	-123.956
882.000	122.822	43.743	0.000	-129.383
884.000	122.919	43.591	0.000	-133.960
886.000	122.764	41.745	0.000	-138.103
888.000	122.785	41.263	0.000	-160.916
890.000	122.952	40.449	0.000	-167.359
892.000	122.753	36.738	0.000	155.889
894.000	122.785	35.728	0.000	100.389
896.000	122.909	37.407	0.000	49.414
898.000	122.810	39.531	0.000	18.616
900.000	122.750	42.056	0.000	-6.278
902.000	122.890	44.203	0.000	-18.651
904.000	122.855	44.957	0.000	-27.210
906.000	122.711	45.304	0.000	-41.548
908.000	122.900	47.211	0.000	-47.595
910.000	122.864	47.058	0.000	-46.313
912.000	122.717	47.776	0.000	-58.516
914.000	122.868	49.521	0.000	-58.692
916.000	122.867	49.995	0.000	-63.296
918.000	122.744	50.945	0.000	-72.872
920.000	122.812	52.044	0.000	-82.482
922.000	122.905	53.081	0.000	-88.013
924.000	122.743	52.440	0.000	-95.096
926.000	122.791	53.601	0.000	-109.464
928.000	122.925	53.989	0.000	-106.178
930.000	122.735	53.149	0.000	-117.697
932.000	122.791	54.340	0.000	-123.695
934.000	122.894	54.472	0.000	-127.308
936.000	122.778	54.343	0.000	-133.449
938.000	122.758	54.602	0.000	-143.521
940.000	122.885	55.370	0.000	-146.107
942.000	122.815	54.828	0.000	-149.038
944.000	122.714	55.007	0.000	-159.546
946.000	122.914	56.367	0.000	-161.695
948.000	122.799	55.733	0.000	-162.849
950.000	122.732	56.411	0.000	-177.307
952.000	122.877	57.297	0.000	-177.107
954.000	122.822	56.891	0.000	174.447
956.000	122.733	57.235	0.000	166.214
958.000	122.836	57.786	0.000	156.359
960.000	122.872	58.155	0.000	154.660
962.000	122.696	57.202	0.000	142.362
964.000	122.859	58.649	0.000	134.408
966.000	122.854	57.928	0.000	133.587
968.000	122.720	57.680	0.000	118.209
970.000	122.821	58.348	0.000	112.132
972.000	122.870	58.071	0.000	104.925
974.000	122.722	57.437	0.000	93.041
976.000	122.807	57.460	0.000	80.666
978.000	122.869	57.106	0.000	74.792
980.000	122.742	55.466	0.000	65.510
982.000	122.771	55.029	0.000	51.712
984.000	122.910	54.402	0.000	52.309
986.000	122.709	52.027	0.000	43.920
988.000	122.798	51.895	0.000	37.871
990.000	122.863	50.765	0.000	39.538
992.000	122.752	49.460	0.000	33.232
994.000	122.757	48.709	0.000	29.049
996.000	122.878	48.237	0.000	26.111
998.000	122.762	46.505	0.000	27.967
1000.000	122.730	45.125	0.000	18.999
1002.000	122.911	44.908	0.000	28.012
1004.000	122.731	42.127	0.000	29.950
1006.000	122.759	41.407	0.000	32.950
1008.000	122.864	40.688	0.000	49.221
1010.000	122.769	40.856	0.000	61.922
1012.000	122.731	42.330	0.000	67.434
1014.000	122.868	44.215	0.000	73.561
1016.000	122.782	45.152	0.000	74.539
1018.000	122.704	46.632	0.000	66.286
1020.000	122.898	48.675	0.000	65.071
1022.000	122.754	48.421	0.000	60.602
1024.000	122.734	49.834	0.000	46.791
1026.000	122.860	50.263	0.000	45.433
1028.000	122.775	50.097	0.000	35.356
1030.000	122.722	50.183	0.000	27.586
1032.000	122.850	50.792	0.000	20.141
1034.000	122.797	50.374	0.000	19.304
1036.000	122.693	50.076	0.000	6.401
1038.000	122.883	51.148	0.000	6.050
1040.000	122.760	50.070	0.000	2.329
1042.000	122.723	50.783	0.000	-8.434
1044.000	122.850	51.227	0.000	-10.390
1046.000	122.778	51.157	0.000	-18.127
1048.000	122.718	51.322	0.000	-30.047
1050.000	122.836	52.150	0.000	-40.041
1052.000	122.799	51.484	0.000	-47.813
1054.000	122.689	50.675	0.000	-66.907
1056.000	122.873	50.847	0.000	-77.281
1058.000	122.764	48.936	0.000	-84.771
1060.000	122.718	47.236	0.000	-104.673
1062.000	122.842	46.140	0.000	-108.923
1064.000	122.775	43.031	0.000	-118.690
1066.000	122.715	40.329	0.000	-127.666
1068.000	122.827	36.437	0.000	-133.924
1070.000	122.801	31.633	0.000	-125.346
1072.000	122.680	29.376	0.000	-46.965
1074.000	122.871	33.435	0.000	-14.273
1076.000	122.753	36.191	0.000	-20.045
1078.000	122.718	39.057	0.000	-27.306
1080.000	122.834	40.592	0.000	-31.468
1082.000	122.772	41.220	0.000	-37.693
1084.000	122.707	41.800	0.000	-47.000
1086.000	122.833	42.691	0.000	-50.354
1088.000	122.779	42.518	0.000	-51.808
1090.000	122.685	42.749	0.000	-58.703
1092.000	122.869	44.224	0.000	-55.672
1094.000	122.737	44.074	0.000	-56.043
1096.000	122.722	46.108	0.000	-63.489
1098.000	122.837	47.225	0.000	-63.735
1100.000	122.747	48.140	0.000	-73.131
1102.000	122.714	49.327	0.000	-82.773
1104.000	122.840	50.904	0.000	-91.885
1106.000	122.746	51.083	0.000	-98.386
1108.000	122.708	52.197	0.000	-117.402
1110.000	122.860	53.417	0.000	-120.634
1112.000	122.712	52.877	0.000	-135.576
1114.000	122.736	54.165	0.000	-149.234
1116.000	122.836	54.401	0.000	-158.645
1118.000	122.719	54.383	0.000	-171.730
1120.000	122.733	54.777	0.000	171.142
1122.000	122.834	55.332	0.000	162.100
1124.000	122.716	54.414	0.000	148.303
1126.000	122.735	54.616	0.000	130.046
1128.000	122.844	54.701	0.000	123.349
1130.000	122.689	53.195	0.000	108.943
1132.000	122.762	53.666	0.000	95.294
1134.000	122.815	52.630	0.000	89.851
1136.000	122.707	51.865	0.000	76.545
1138.000	122.740	51.262	0.000	66.036
1140.000	122.841	51.236	0.000	60.488
1142.000	122.673	49.528	0.000	52.611
1144.000	122.785	49.989	0.000	42.428
1146.000	122.805	49.076	0.000	42.816
1148.000	122.681	48.293	0.000	31.000
1150.000	122.785	48.710	0.000	27.144
1152.000	122.794	48.273	0.000	22.417
1154.000	122.684	48.007	0.000	13.319
1156.000	122.782	48.488	0.000	4.934
1158.000	122.800	48.316	0.000	0.726
1160.000	122.660	47.675	0.000	-12.847
1162.000	122.823	48.451	0.000	-21.019
1164.000	122.756	47.426	0.000	-25.965
1166.000	122.684	47.046	0.000	-42.421
1168.000	122.819	47.069	0.000	-46.036
1170.000	122.737	45.878	0.000	-56.136
1172.000	122.699	45.541	0.000	-65.320
1174.000	122.812	45.495	0.000	-74.042
1176.000	122.736	44.819	0.000	-77.507
1178.000	122.698	44.579	0.000	-94.283
1180.000	122.829	45.068	0.000	-96.190
1182.000	122.701	43.732	0.000	-109.820
1184.000	122.727	44.285	0.000	-122.033
1186.000	122.807	44.054	0.000	-130.517
1188.000	122.705	43.776	0.000	-142.960
1190.000	122.721	44.379	0.000	-159.043
1192.000	122.822	45.039	0.000	-167.016
1194.000	122.677	44.967	0.000	176.814
1196.000	122.750	46.538	0.000	158.599
1198.000	122.811	47.378	0.000	150.719
1200.000	122.655	47.713	0.000	126.889
1202.000	122.795	49.397	0.000	115.035
1204.000	122.762	49.318	0.000	98.711
1206.000	122.685	49.836	0.000	82.391
1208.000	122.776	50.646	0.000	65.178
1210.000	122.779	50.756	0.000	57.559
1212.000	122.658	50.375	0.000	36.860
1214.000	122.817	51.286	0.000	29.238
1216.000	122.726	50.193	0.000	19.733
1218.000	122.689	50.576	0.000	4.784
1220.000	122.813	50.431	0.000	0.401
1222.000	122.705	49.846	0.000	-8.670
1224.000	122.705	49.765	0.000	-17.175
1226.000	122.812	50.127	0.000	-20.156
1228.000	122.687	49.334	0.000	-25.399
1230.000	122.727	49.957	0.000	-33.377
1232.000	122.805	50.232	0.000	-33.105
1234.000	122.664	49.858	0.000	-41.818
1236.000	122.769	51.079	0.000	-45.996
1238.000	122.762	50.670	0.000	-49.648
1240.000	122.688	51.154	0.000	-56.840
1242.000	122.754	51.717	0.000	-63.898
1244.000	122.778	52.289	0.000	-65.644
1246.000	122.656	52.185	0.000	-78.534
1248.000	122.801	53.489	0.000	-82.619
1250.000	122.726	52.729	0.000	-90.401
1252.000	122.686	53.341	0.000	-103.733
1254.000	122.797	53.372	0.000	-109.745
1256.000	122.708	52.772	0.000	-119.613
1258.000	122.695	52.544	0.000	-131.603
1260.000	122.809	52.409	0.000	-136.641
1262.000	122.675	51.016	0.000	-144.744
1264.000	122.727	50.712	0.000	-155.019
1266.000	122.802	50.113	0.000	-154.538
1268.000	122.647	48.454	0.000	-163.162
1270.000	122.785	48.402	0.000	-162.532
1272.000	122.740	47.024	0.000	-161.825
1274.000	122.679	46.717	0.000	-161.844
1276.000	122.776	47.064	0.000	-161.569
1278.000	122.736	47.027	0.000	-158.580
1280.000	122.673	47.218	0.000	-165.371
1282.000	122.798	48.270	0.000	-164.004
1284.000	122.697	47.665	0.000	-168.362
1286.000	122.710	48.560	0.000	-174.489
1288.000	122.779	48.494	0.000	-176.943
1290.000	122.692	48.454	0.000	178.170
1292.000	122.714	48.758	0.000	170.391
1294.000	122.789	49.062	0.000	169.858
1296.000	122.656	48.468	0.000	162.187
1298.000	122.759	49.251	0.000	155.373
1300.000	122.759	49.124	0.000	155.016
1302.000	122.659	48.914	0.000	142.475
1304.000	122.785	49.423	0.000	141.708
1306.000	122.717	48.706	0.000	133.748
1308.000	122.680	48.571	0.000	127.188
1310.000	122.789	49.000	0.000	120.871
1312.000	122.691	48.106	0.000	117.926
1314.000	122.708	48.310	0.000	105.620
1316.000	122.786	48.089	0.000	105.964
1318.000	122.666	47.099	0.000	94.018
1320.000	122.740	47.201	0.000	88.707
1322.000	122.760	46.347	0.000	83.196
1324.000	122.664	45.430	0.000	74.662
1326.000	122.759	45.012	0.000	68.181
1328.000	122.743	43.834	0.000	65.623
1330.000	122.652	42.479	0.000	56.736
1332.000	122.809	42.186	0.000	56.110
1334.000	122.675	40.123	0.000	54.519
1336.000	122.713	39.461	0.000	50.717
1338.000	122.773	38.136	0.000	54.918
1340.000	122.671	36.695	0.000	55.004
1342.000	122.730	35.823	0.000	57.508
1344.000	122.767	35.314	0.000	64.836
1346.000	122.647	34.187	0.000	68.734
1348.000	122.785	34.987	0.000	77.904
1350.000	122.707	34.109	0.000	86.489
1352.000	122.684	35.293	0.000	89.941
1354.000	122.774	35.937	0.000	97.188
1356.000	122.691	36.528	0.000	98.716
1358.000	122.699	37.871	0.000	98.614
1360.000	122.781	38.954	0.000	102.326
1362.000	122.657	39.477	0.000	98.673
1364.000	122.746	41.385	0.000	95.512
1366.000	122.749	41.954	0.000	96.797
1368.000	122.653	43.155	0.000	86.557
1370.000	122.784	44.389	0.000	86.492
1372.000	122.698	44.836	0.000	77.531
1374.000	122.684	45.812	0.000	70.020
1376.000	122.790	47.026	0.000	62.743
1378.000	122.660	46.800	0.000	54.682
1380.000	122.738	47.928	0.000	41.491
1382.000	122.751	47.732	0.000	38.034
1384.000	122.662	47.507	0.000	23.739
1386.000	122.761	47.836	0.000	18.491
1388.000	122.717	47.310	0.000	11.171
1390.000	122.677	47.073	0.000	3.029
1392.000	122.769	47.436	0.000	-2.404
1394.000	122.695	46.832	0.000	-6.808
1396.000	122.693	47.136	0.000	-16.434
1398.000	122.783	47.386	0.000	-17.767
1400.000	122.645	46.904	0.000	-27.755
1402.000	122.758	47.851	0.000	-33.345
1404.000	122.730	47.426	0.000	-39.783
1406.000	122.662	47.560	0.000	-49.499
1408.000	122.777	48.079	0.000	-59.700
1410.000	122.692	47.658	0.000	-65.103
1412.000	122.693	47.663	0.000	-82.157
1414.000	122.775	47.517	0.000	-85.680
1416.000	122.659	46.256	0.000	-101.089
1418.000	122.740	46.041	0.000	-109.920
1420.000	122.737	44.912	0.000	-118.101
1422.000	122.666	43.679	0.000	-128.385
1424.000	122.758	43.090	0.000	-135.555
1426.000	122.715	41.643	0.000	-139.784
1428.000	122.666	40.483	0.000	-149.286
1430.000	122.797	40.056	0.000	-150.133
1432.000	122.650	38.188	0.000	-156.202
1434.000	122.741	37.990	0.000	-160.931
1436.000	122.743	36.594	0.000	-162.780
1438.000	122.655	35.466	0.000	-167.088
1440.000	122.771	34.934	0.000	-170.206
1442.000	122.700	33.829	0.000	-169.739
1444.000	122.684	33.077	0.000	-177.549
1446.000	122.777	32.628	0.000	-174.692
1448.000	122.658	31.312	0.000	-178.884
1450.000	122.738	31.330	0.000	-178.348
1452.000	122.736	30.251	0.000	178.676
1454.000	122.667	29.559	0.000	176.122
1456.000	122.756	29.293	0.000	174.458
1458.000	122.710	28.221	0.000	175.109
1460.000	122.675	27.697	0.000	170.752
1462.000	122.785	27.696	0.000	171.273
1464.000	122.653	26.742	0.000	167.623
1466.000	122.743	26.557	0.000	166.457
1468.000	122.729	25.579	0.000	167.487
1470.000	122.671	25.372	0.000	167.646
1472.000	122.759	25.179	0.000	163.960
1474.000	122.698	24.350	0.000	165.487
1476.000	122.702	24.101	0.000	162.035
1478.000	122.758	23.828	0.000	163.133
1480.000	122.669	23.075	0.000	157.305
1482.000	122.736	22.802	0.000	154.803
1484.000	122.731	22.456	0.000	156.770
1486.000	122.670	21.660	0.000	154.509
1488.000	122.765	21.226	0.000	157.123
1490.000	122.688	20.897	0.000	155.258
1492.000	122.705	20.519	0.000	150.097
1494.000	122.763	20.313	0.000	154.210
1496.000	122.655	20.056	0.000	148.547
1498.000	122.761	19.728	0.000	149.357
1500.000	122.705	18.899	0.000	150.838
1502.000	122.685	18.179	0.000	147.260
1504.000	122.768	18.391	0.000	150.097
1506.000	122.673	17.758	0.000	148.785
1508.000	122.728	18.253	0.000	142.471
1510.000	122.744	17.163	0.000	142.050
1512.000	122.662	16.939	0.000	144.214
1514.000	122.764	16.840	0.000	143.931
1516.000	122.699	15.773	0.000	153.302
1518.000	122.689	15.586	0.000	147.775
1520.000	122.777	15.169	0.000	147.495
1522.000	122.650	15.082	0.000	151.899
1524.000	122.762	15.381	0.000	151.547
1526.000	122.706	14.755	0.000	148.886
1528.000	122.700	15.823	0.000	147.149
1530.000	122.750	15.272	0.000	150.345
1532.000	122.692	13.987	0.000	145.599
1534.000	122.715	14.111	0.000	150.704
1536.000	122.751	14.179	0.000	155.322
1538.000	122.664	14.239	0.000	150.999
1540.000	122.767	14.236	0.000	153.390
1542.000	122.693	13.984	0.000	159.947
1544.000	122.704	13.476	0.000	150.677
1546.000	122.759	13.776	0.000	152.477
1548.000	122.663	13.848	0.000	155.912
1550.000	122.754	14.964	0.000	160.818
1552.000	122.715	14.852	0.000	149.710
1554.000	122.685	14.435	0.000	152.872
1556.000	122.773	14.003	0.000	159.667
1558.000	122.669	13.605	0.000	163.122
1560.000	122.739	14.765	0.000	165.274
1562.000	122.732	14.616	0.000	163.158
1564.000	122.674	15.178	0.000	155.199
1566.000	122.767	14.474	0.000	152.590
1568.000	122.687	14.075	0.000	155.842
1570.000	122.720	14.788	0.000	152.512
1572.000	122.754	14.524	0.000	158.926
1574.000	122.666	13.578	0.000	158.252
1576.000	122.766	14.752	0.000	153.055
1578.000	122.694	15.286	0.000	148.499
1580.000	122.708	15.317	0.000	148.035
1582.000	122.758	15.141	0.000	147.371
1584.000	122.670	14.415	0.000	144.837
1586.000	122.757	15.071	0.000	151.254
1588.000	122.712	14.266	0.000	156.224
1590.000	122.696	14.723	0.000	149.250
1592.000	122.764	14.737	0.000	146.869
1594.000	122.675	13.801	0.000	139.202
1596.000	122.746	14.542	0.000	135.872
1598.000	122.728	15.066	0.000	142.367
1600.000	122.688	14.953	0.000	135.103
1602.000	122.767	14.438	0.000	135.946
1604.000	122.681	14.076	0.000	139.228
1606.000	122.739	14.432	0.000	140.381
1608.000	122.734	14.608	0.000	132.327
1610.000	122.683	15.238	0.000	131.478
1612.000	122.765	15.593	0.000	137.003
1614.000	122.697	14.626	0.000	130.853
1616.000	122.716	14.163	0.000	127.133
1618.000	122.762	14.407	0.000	134.420
1620.000	122.663	14.690	0.000	122.661
1622.000	122.781	15.404	0.000	131.234
1624.000	122.687	14.607	0.000	129.944
1626.000	122.723	14.286	0.000	127.880
1628.000	122.756	14.492	0.000	131.001
1630.000	122.674	14.210	0.000	118.234
1632.000	122.765	14.026	0.000	121.609
1634.000	122.706	13.370	0.000	123.591
1636.000	122.709	13.477	0.000	117.531
1638.000	122.765	13.223	0.000	118.581
1640.000	122.667	13.735	0.000	118.719
1642.000	122.772	14.732	0.000	115.848
1644.000	122.702	13.808	0.000	120.718
1646.000	122.716	13.970	0.000	112.330
1648.000	122.764	14.858	0.000	110.862
1650.000	122.680	14.602	0.000	110.542
1652.000	122.757	15.071	0.000	121.622
1654.000	122.717	14.675	0.000	113.962
1656.000	122.703	13.171	0.000	114.394
1658.000	122.772	13.857	0.000	110.185
1660.000	122.669	14.536	0.000	111.121
1662.000	122.773	15.121	0.000	97.594
1664.000	122.707	13.863	0.000	102.967
1666.000	122.714	13.894	0.000	102.276
1668.000	122.760	14.002	0.000	103.674
1670.000	122.686	13.797	0.000	99.448
1672.000	122.754	13.727	0.000	96.540
1674.000	122.723	12.778	0.000	99.112
1676.000	122.706	13.165	0.000	91.198
1678.000	122.772	13.684	0.000	93.783
1680.000	122.672	12.764	0.000	104.635
1682.000	122.772	13.341	0.000	110.304
1684.000	122.715	13.164	0.000	95.585
1686.000	122.704	13.013	0.000	99.993
1688.000	122.786	12.983	0.000	109.585
1690.000	122.666	12.570	0.000	113.513
1692.000	122.782	12.055	0.000	92.736
1694.000	122.698	12.360	0.000	102.043
1696.000	122.735	12.356	0.000	104.416
1698.000	122.746	12.412	0.000	90.678
1700.000	122.701	13.316	0.000	97.708
1702.000	122.754	12.664	0.000	102.505
1704.000	122.724	12.575	0.000	96.581
1706.000	122.712	13.170	0.000	97.557
1708.000	122.773	12.365	0.000	100.531
1710.000	122.676	11.870	0.000	93.030
1712.000	122.782	13.045	0.000	96.434
1714.000	122.698	13.458	0.000	94.849
1716.000	122.737	12.426	0.000	101.568
1718.000	122.752	12.398	0.000	102.066
1720.000	122.692	13.153	0.000	98.821
1722.000	122.774	13.106	0.000	95.535
1724.000	122.707	13.047	0.000	80.178
1726.000	122.731	13.551	0.000	85.321
1728.000	122.762	13.755	0.000	102.821
1730.000	122.681	13.401	0.000	91.788
1732.000	122.788	13.629	0.000	83.471
1734.000	122.685	13.560	0.000	80.398
1736.000	122.766	13.380	0.000	84.440
1738.000	122.724	11.910	0.000	89.035
1740.000	122.722	12.042	0.000	84.001
1742.000	122.761	11.954	0.000	81.438
1744.000	122.702	12.104	0.000	88.453
1746.000	122.753	12.965	0.000	79.602
1748.000	122.736	12.992	0.000	74.618
1750.000	122.714	13.656	0.000	70.253
1752.000	122.771	12.946	0.000	66.566
1754.000	122.694	12.202	0.000	74.637
1756.000	122.766	11.904	0.000	89.086
1758.000	122.725	12.515	0.000	80.633
1760.000	122.716	12.315	0.000	75.337
1762.000	122.778	12.457	0.000	70.454
1764.000	122.685	11.820	0.000	62.441
1766.000	122.787	12.515	0.000	56.743
1768.000	122.694	12.101	0.000	59.023
1770.000	122.762	10.882	0.000	64.918
1772.000	122.737	11.071	0.000	65.577
1774.000	122.714	12.304	0.000	57.238
1776.000	122.775	11.633	0.000	54.075
1778.000	122.703	11.179	0.000	47.556
1780.000	122.757	11.721	0.000	62.412
1782.000	122.743	11.614	0.000	59.237
1784.000	122.708	11.925	0.000	65.862
1786.000	122.783	11.089	0.000	63.465
1788.000	122.687	10.164	0.000	63.922
1790.000	122.780	10.446	0.000	48.732
1792.000	122.713	10.570	0.000	49.330
1794.000	122.745	10.269	0.000	48.437
1796.000	122.751	9.543	0.000	59.803
1798.000	122.722	10.409	0.000	68.824
1800.000	122.756	9.987	0.000	78.806
1802.000	122.732	10.274	0.000	75.991
1804.000	122.732	10.465	0.000	58.911
1806.000	122.764	10.438	0.000	32.393
1808.000	122.699	10.207	0.000	70.276
1810.000	122.793	10.499	0.000	90.255
1812.000	122.692	9.787	0.000	74.650
1814.000	122.770	10.157	0.000	65.038
1816.000	122.733	9.432	0.000	64.316
1818.000	122.725	10.253	0.000	89.945
1820.000	122.778	10.683	0.000	106.960
1822.000	122.692	9.968	0.000	88.162
1824.000	122.791	10.384	0.000	85.394
1826.000	122.700	10.316	0.000	77.122
1828.000	122.771	9.732	0.000	70.508
1830.000	122.730	10.149	0.000	96.125
1832.000	122.735	10.981	0.000	85.100
1834.000	122.766	11.080	0.000	93.304
1836.000	122.720	10.541	0.000	103.935
1838.000	122.759	10.226	0.000	103.097
1840.000	122.743	10.057	0.000	86.325
1842.000	122.726	10.431	0.000	92.208
1844.000	122.775	9.696	0.000	90.820
1846.000	122.701	9.746	0.000	93.002
1848.000	122.786	10.571	0.000	96.765
1850.000	122.715	9.788	0.000	103.515
1852.000	122.755	11.029	0.000	100.549
1854.000	122.753	11.027	0.000	106.824
1856.000	122.721	10.787	0.000	106.459
1858.000	122.781	10.961	0.000	116.151
1860.000	122.702	9.969	0.000	113.937
1862.000	122.782	9.745	0.000	126.132
1864.000	122.717	10.824	0.000	116.058
1866.000	122.765	11.487	0.000	106.840
1868.000	122.743	11.347	0.000	112.779
1870.000	122.733	11.765	0.000	110.891
1872.000	122.767	12.148	0.000	111.673
1874.000	122.724	12.327	0.000	116.448
1876.000	122.761	12.347	0.000	117.735
1878.000	122.743	13.013	0.000	115.517
1880.000	122.735	13.303	0.000	111.485
1882.000	122.773	12.936	0.000	117.551
1884.000	122.721	14.262	0.000	112.894
1886.000	122.764	14.687	0.000	114.523
1888.000	122.742	14.115	0.000	117.620
1890.000	122.737	14.890	0.000	117.228
1892.000	122.779	14.895	0.000	117.969
1894.000	122.707	14.804	0.000	107.755
1896.000	122.796	15.179	0.000	104.108
1898.000	122.698	15.702	0.000	101.038
1900.000	122.795	16.156	0.000	105.954
1902.000	122.716	16.846	0.000	107.273
1904.000	122.760	16.815	0.000	100.371
1906.000	122.760	16.892	0.000	101.502
1908.000	122.718	16.883	0.000	98.205
1910.000	122.799	17.635	0.000	93.985
1912.000	122.692	17.460	0.000	91.529
1914.000	122.802	17.741	0.000	93.518
1916.000	122.712	17.759	0.000	93.786
1918.000	122.769	18.811	0.000	89.289
1920.000	122.749	18.995	0.000	91.473
1922.000	122.733	18.805	0.000	86.921
1924.000	122.779	18.946	0.000	87.701
1926.000	122.719	19.101	0.000	87.446
1928.000	122.780	18.921	0.000	83.245
1930.000	122.723	19.023	0.000	85.291
1932.000	122.768	19.499	0.000	83.876
1934.000	122.747	20.053	0.000	84.979
1936.000	122.744	20.497	0.000	81.922
1938.000	122.769	21.079	0.000	84.004
1940.000	122.729	21.469	0.000	80.417
1942.000	122.772	21.848	0.000	81.872
1944.000	122.737	21.943	0.000	76.348
1946.000	122.753	23.041	0.000	74.258
1948.000	122.759	23.311	0.000	73.105
1950.000	122.736	23.486	0.000	66.020
1952.000	122.774	24.153	0.000	65.975
1954.000	122.730	24.074	0.000	60.713
1956.000	122.764	24.690	0.000	60.827
1958.000	122.748	24.986	0.000	56.433
1960.000	122.746	25.236	0.000	52.115
1962.000	122.771	25.224	0.000	50.553
1964.000	122.725	25.579	0.000	46.916
1966.000	122.781	25.752	0.000	46.676
1968.000	122.728	26.072	0.000	38.897
1970.000	122.775	26.190	0.000	40.810
1972.000	122.740	26.047	0.000	33.841
1974.000	122.754	26.310	0.000	32.119
1976.000	122.761	26.247	0.000	28.850
1978.000	122.739	26.569	0.000	25.457
1980.000	122.777	26.716	0.000	23.554
1982.000	122.721	26.787	0.000	19.032
1984.000	122.780	26.765	0.000	15.963
1986.000	122.733	26.482	0.000	11.223
1988.000	122.763	26.930	0.000	8.441
1990.000	122.757	26.287	0.000	5.299
1992.000	122.737	26.694	0.000	1.183
1994.000	122.776	26.065	0.000	-0.186
1996.000	122.731	26.108	0.000	-3.013
1998.000	122.774	25.912	0.000	-4.901
2000.000	122.736	25.410	0.000	-7.236
