2000.000	122.811	10.729	0.000	-2.705
2.000	122.864	10.620	0.000	-4.889
4.000	123.076	10.908	0.000	51.826
6.000	123.096	11.343	0.000	61.509
8.000	122.943	10.622	0.000	62.168
10.000	122.801	10.236	0.000	20.431
12.000	122.902	11.944	0.000	13.439
14.000	123.168	12.532	0.000	17.970
16.000	123.089	12.523	0.000	28.422
18.000	122.756	11.793	0.000	24.569
20.000	122.856	12.273	0.000	-13.362
22.000	123.131	12.273	0.000	8.616
24.000	123.055	12.379	0.000	5.834
26.000	122.918	12.363	0.000	6.267
28.000	122.885	11.912	0.000	2.901
30.000	122.882	13.148	0.000	11.616
32.000	123.082	13.330	0.000	-4.017
34.000	123.147	13.480	0.000	-0.375
36.000	122.822	12.938	0.000	-0.159
38.000	122.777	13.298	0.000	-12.784
40.000	123.117	15.435	0.000	-21.339
42.000	123.133	14.550	0.000	-21.395
44.000	122.896	13.402	0.000	-28.592
46.000	122.830	13.858	0.000	-35.253
48.000	122.943	13.428	0.000	-44.512
50.000	123.106	14.495	0.000	-38.348
52.000	123.068	14.455	0.000	-42.396
54.000	122.832	13.622	0.000	-42.100
56.000	122.851	13.531	0.000	-48.195
58.000	123.063	13.926	0.000	-57.264
60.000	123.090	12.980	0.000	-53.243
62.000	122.967	12.687	0.000	-36.351
64.000	122.814	12.278	0.000	-51.565
66.000	122.893	13.705	0.000	-64.957
68.000	123.183	14.694	0.000	-65.866
70.000	123.076	14.532	0.000	-63.544
72.000	122.739	14.021	0.000	-63.958
74.000	122.911	14.682	0.000	-70.036
76.000	123.136	14.747	0.000	-66.415
78.000	123.015	14.936	0.000	-75.078
80.000	122.932	15.159	0.000	-83.550
82.000	122.875	14.844	0.000	-90.861
84.000	122.905	15.065	0.000	-95.232
86.000	123.155	15.231	0.000	-92.077
88.000	123.067	15.194	0.000	-89.303
90.000	122.743	14.076	0.000	-97.398
92.000	122.912	14.220	0.000	-112.282
94.000	123.158	14.003	0.000	-115.773
96.000	123.038	13.872	0.000	-96.062
98.000	122.863	13.876	0.000	-92.181
100.000	122.849	13.499	0.000	-105.758
102.000	123.032	14.937	0.000	-105.767
104.000	123.140	15.147	0.000	-109.230
106.000	122.922	14.135	0.000	-123.944
108.000	122.813	13.804	0.000	-127.644
110.000	122.991	14.436	0.000	-125.044
112.000	123.080	14.555	0.000	-129.512
114.000	123.042	14.404	0.000	-131.547
116.000	122.866	14.616	0.000	-127.699
118.000	122.809	13.981	0.000	-133.818
120.000	123.135	14.526	0.000	-135.606
122.000	123.149	14.653	0.000	-131.813
124.000	122.781	13.236	0.000	-136.116
126.000	122.867	13.329	0.000	-144.448
128.000	123.101	13.863	0.000	-144.532
130.000	123.035	13.613	0.000	-128.012
132.000	122.965	13.271	0.000	-128.969
134.000	122.860	13.829	0.000	-135.157
136.000	122.898	14.330	0.000	-159.791
138.000	123.157	13.880	0.000	-155.079
140.000	123.048	13.140	0.000	-138.711
142.000	122.770	13.313	0.000	-149.517
144.000	122.920	13.447	0.000	-148.397
146.000	123.124	13.205	0.000	-145.441
148.000	123.054	12.899	0.000	-150.742
150.000	122.852	13.347	0.000	-148.837
152.000	122.843	12.762	0.000	-151.975
154.000	123.091	12.864	0.000	-145.591
156.000	123.099	13.594	0.000	-138.896
158.000	122.873	13.797	0.000	-145.911
160.000	122.869	13.716	0.000	-148.590
162.000	122.990	13.729	0.000	-143.530
164.000	123.090	13.152	0.000	-149.968
166.000	123.026	13.671	0.000	-143.795
168.000	122.778	13.486	0.000	-141.635
170.000	122.925	13.939	0.000	-148.638
172.000	123.202	14.086	0.000	-156.841
174.000	122.980	12.893	0.000	-141.034
176.000	122.784	12.753	0.000	-151.482
178.000	122.971	13.714	0.000	-170.988
180.000	123.081	13.357	0.000	-164.654
182.000	123.027	12.686	0.000	-162.666
184.000	122.886	12.303	0.000	-156.839
186.000	122.852	12.283	0.000	-159.589
188.000	123.059	13.412	0.000	-160.276
190.000	123.113	13.724	0.000	-160.117
192.000	122.884	13.838	0.000	-160.169
194.000	122.810	13.558	0.000	-167.645
196.000	123.053	13.139	0.000	-178.866
198.000	123.140	13.622	0.000	-169.414
200.000	122.883	13.181	0.000	-168.102
202.000	122.815	12.103	0.000	-167.966
204.000	123.048	12.238	0.000	-152.500
206.000	123.087	12.034	0.000	-160.700
208.000	122.942	12.945	0.000	-167.097
210.000	122.852	12.825	0.000	-171.004
212.000	122.937	12.323	0.000	-173.924
214.000	123.116	13.034	0.000	-167.253
216.000	123.021	13.489	0.000	-160.944
218.000	122.792	13.572	0.000	-166.056
220.000	122.924	13.583	0.000	-169.312
222.000	123.145	13.734	0.000	-158.412
224.000	123.015	12.941	0.000	-144.816
226.000	122.790	13.375	0.000	-158.044
228.000	122.938	13.737	0.000	-162.123
230.000	123.119	13.825	0.000	-156.261
232.000	122.990	13.741	0.000	-154.656
234.000	122.871	12.825	0.000	-155.651
236.000	122.896	13.507	0.000	-151.583
238.000	123.033	14.019	0.000	-161.519
240.000	123.114	13.905	0.000	-156.070
242.000	122.851	14.147	0.000	-144.036
244.000	122.814	15.419	0.000	-160.961
246.000	123.141	15.086	0.000	-158.251
248.000	123.060	14.453	0.000	-152.840
250.000	122.828	15.375	0.000	-159.842
252.000	122.895	15.077	0.000	-158.225
254.000	123.042	15.427	0.000	-165.306
256.000	123.078	16.634	0.000	-159.250
258.000	122.885	16.434	0.000	-163.581
260.000	122.840	16.526	0.000	-163.003
262.000	123.052	17.439	0.000	-169.764
264.000	123.072	17.608	0.000	-166.766
266.000	122.918	17.667	0.000	-164.167
268.000	122.813	17.803	0.000	-173.108
270.000	123.018	19.174	0.000	-174.934
272.000	123.163	19.814	0.000	-166.248
274.000	122.839	19.059	0.000	-172.080
276.000	122.832	20.186	0.000	177.834
278.000	123.098	21.831	0.000	-177.745
280.000	123.016	22.019	0.000	-177.433
282.000	122.933	22.722	0.000	176.131
284.000	122.859	23.370	0.000	173.965
286.000	122.956	25.304	0.000	167.595
288.000	123.155	27.285	0.000	168.210
290.000	122.900	27.553	0.000	166.907
292.000	122.791	29.020	0.000	151.493
294.000	123.063	32.221	0.000	147.353
296.000	123.082	33.436	0.000	148.845
298.000	122.896	34.147	0.000	134.544
300.000	122.824	36.930	0.000	118.443
302.000	123.036	39.391	0.000	109.505
304.000	123.092	40.859	0.000	97.050
306.000	122.873	41.828	0.000	79.650
308.000	122.869	43.159	0.000	58.327
310.000	122.993	44.857	0.000	39.487
312.000	123.080	45.824	0.000	26.611
314.000	122.944	45.534	0.000	11.581
316.000	122.772	45.729	0.000	-13.573
318.000	123.059	47.410	0.000	-30.415
320.000	123.119	47.515	0.000	-37.733
322.000	122.825	45.928	0.000	-55.589
324.000	122.872	46.331	0.000	-79.362
326.000	123.049	46.732	0.000	-85.764
328.000	123.039	45.466	0.000	-93.854
330.000	122.895	44.624	0.000	-106.374
332.000	122.848	44.189	0.000	-112.968
334.000	123.022	44.448	0.000	-119.194
336.000	123.083	45.229	0.000	-116.617
338.000	122.872	44.728	0.000	-117.122
340.000	122.815	46.612	0.000	-133.676
342.000	123.094	49.317	0.000	-136.233
344.000	123.062	49.469	0.000	-141.107
346.000	122.801	49.832	0.000	-163.621
348.000	122.911	51.516	0.000	-179.553
350.000	123.060	52.130	0.000	168.546
352.000	123.010	51.949	0.000	154.907
354.000	122.860	51.198	0.000	138.986
356.000	122.871	51.008	0.000	121.124
358.000	123.078	51.141	0.000	112.389
360.000	123.020	50.202	0.000	107.280
362.000	122.823	48.922	0.000	97.695
364.000	122.886	49.401	0.000	85.070
366.000	123.111	50.587	0.000	82.882
368.000	122.998	49.785	0.000	80.121
370.000	122.761	49.364	0.000	59.535
372.000	122.999	50.897	0.000	50.132
374.000	123.069	50.443	0.000	45.574
376.000	122.918	49.692	0.000	30.553
378.000	122.878	49.527	0.000	19.863
380.000	122.902	49.149	0.000	6.250
382.000	123.114	49.687	0.000	-2.005
384.000	122.950	48.413	0.000	-5.117
386.000	122.762	47.023	0.000	-24.609
388.000	123.049	48.071	0.000	-33.380
390.000	123.062	47.188	0.000	-33.240
392.000	122.871	45.361	0.000	-44.957
394.000	122.840	45.289	0.000	-56.807
396.000	123.033	45.291	0.000	-60.379
398.000	123.053	44.513	0.000	-64.170
400.000	122.837	43.474	0.000	-71.202
402.000	122.889	43.380	0.000	-79.630
404.000	123.017	43.946	0.000	-83.513
406.000	123.043	43.967	0.000	-85.104
408.000	122.843	43.166	0.000	-93.416
410.000	122.841	43.987	0.000	-108.661
412.000	123.139	45.242	0.000	-112.067
414.000	122.957	44.227	0.000	-117.037
416.000	122.791	43.699	0.000	-137.730
418.000	122.981	44.914	0.000	-147.363
420.000	123.041	44.545	0.000	-153.050
422.000	122.940	43.869	0.000	-168.508
424.000	122.827	43.642	0.000	177.468
426.000	122.956	43.382	0.000	161.096
428.000	123.077	43.462	0.000	149.753
430.000	122.906	41.716	0.000	142.174
432.000	122.792	39.939	0.000	118.452
434.000	123.046	40.321	0.000	109.091
436.000	123.060	38.506	0.000	107.882
438.000	122.800	35.807	0.000	92.391
440.000	122.903	35.294	0.000	83.832
442.000	123.041	34.263	0.000	81.266
444.000	122.984	32.995	0.000	77.013
446.000	122.836	31.571	0.000	71.715
448.000	122.894	31.139	0.000	65.042
450.000	123.074	31.259	0.000	64.635
452.000	122.950	30.103	0.000	62.381
454.000	122.803	29.207	0.000	53.991
456.000	122.946	29.962	0.000	47.119
458.000	123.107	30.409	0.000	48.486
460.000	122.853	28.570	0.000	42.438
462.000	122.822	28.797	0.000	26.161
464.000	123.067	29.678	0.000	26.295
466.000	122.963	28.775	0.000	20.164
468.000	122.886	28.467	0.000	10.642
470.000	122.848	28.053	0.000	1.324
472.000	123.033	28.731	0.000	-11.022
474.000	123.031	28.367	0.000	-11.052
476.000	122.757	26.561	0.000	-28.100
478.000	122.955	26.898	0.000	-45.664
480.000	123.068	26.396	0.000	-44.945
482.000	122.895	24.411	0.000	-55.149
484.000	122.810	23.735	0.000	-72.611
486.000	123.004	23.157	0.000	-78.110
488.000	123.031	21.856	0.000	-82.315
490.000	122.839	20.552	0.000	-84.683
492.000	122.874	19.378	0.000	-93.396
494.000	122.998	18.602	0.000	-97.240
496.000	123.024	17.702	0.000	-98.147
498.000	122.794	16.290	0.000	-100.486
500.000	122.893	16.448	0.000	-116.406
502.000	123.103	15.641	0.000	-116.291
504.000	122.878	14.165	0.000	-109.925
506.000	122.812	13.038	0.000	-118.782
508.000	123.001	13.552	0.000	-119.238
510.000	123.009	13.462	0.000	-131.097
512.000	122.855	13.854	0.000	-138.019
514.000	122.856	12.868	0.000	-132.796
516.000	123.000	12.388	0.000	-143.607
518.000	123.018	12.111	0.000	-127.566
520.000	122.780	10.707	0.000	-136.657
522.000	122.908	10.958	0.000	-139.953
524.000	123.094	11.501	0.000	-128.669
526.000	122.852	11.129	0.000	-144.743
528.000	122.836	10.876	0.000	-150.057
530.000	122.982	11.674	0.000	-146.883
532.000	123.011	11.063	0.000	-138.549
534.000	122.833	10.054	0.000	-115.915
536.000	122.862	10.242	0.000	-152.144
538.000	123.027	10.724	0.000	-157.187
540.000	122.957	10.384	0.000	-143.080
542.000	122.800	10.311	0.000	-149.044
544.000	122.910	10.118	0.000	176.888
546.000	123.096	10.352	0.000	-104.715
548.000	122.811	11.179	0.000	-93.083
550.000	122.852	10.380	0.000	-79.929
552.000	123.023	10.876	0.000	-64.716
554.000	122.944	10.621	0.000	77.958
556.000	122.849	9.891	0.000	54.062
558.000	122.857	9.686	0.000	101.024
560.000	123.056	9.239	0.000	-164.394
562.000	122.908	9.612	0.000	-150.710
564.000	122.779	9.509	0.000	150.267
566.000	122.992	10.778	0.000	43.240
568.000	123.019	10.844	0.000	-44.748
570.000	122.790	11.613	0.000	-106.704
572.000	122.886	10.001	0.000	0.556
574.000	123.024	8.067	0.000	-15.884
576.000	122.910	9.189	0.000	7.497
578.000	122.815	10.434	0.000	42.100
580.000	122.924	12.133	0.000	29.268
582.000	123.034	12.184	0.000	-16.229
584.000	122.837	11.235	0.000	86.339
586.000	122.819	10.386	0.000	16.171
588.000	123.035	9.288	0.000	-32.026
590.000	122.950	9.557	0.000	-23.724
592.000	122.757	11.302	0.000	-93.658
594.000	122.975	11.307	0.000	-85.858
596.000	122.983	10.341	0.000	-50.339
598.000	122.860	11.268	0.000	-52.070
600.000	122.833	10.803	0.000	9.222
602.000	122.970	10.872	0.000	-89.482
604.000	123.004	11.024	0.000	-80.869
606.000	122.747	11.125	0.000	-64.778
608.000	122.937	11.205	0.000	-67.790
610.000	123.022	11.000	0.000	-113.008
612.000	122.836	11.215	0.000	-141.702
614.000	122.819	9.245	0.000	-131.947
616.000	123.008	9.772	0.000	102.362
618.000	122.934	9.594	0.000	-124.142
620.000	122.805	10.395	0.000	-91.314
622.000	122.897	11.024	0.000	-94.803
624.000	123.006	10.491	0.000	-102.563
626.000	122.877	10.756	0.000	-92.969
628.000	122.774	10.697	0.000	-134.662
630.000	123.029	10.616	0.000	-139.339
632.000	122.939	10.762	0.000	-137.401
634.000	122.769	10.395	0.000	-144.818
636.000	122.933	9.802	0.000	-171.607
638.000	122.989	11.079	0.000	-165.486
640.000	122.841	10.973	0.000	-175.521
642.000	122.831	10.563	0.000	-160.596
644.000	122.959	11.261	0.000	-140.798
646.000	122.979	12.104	0.000	100.532
648.000	122.744	11.114	0.000	130.804
650.000	122.935	10.472	0.000	156.254
652.000	123.014	11.442	0.000	155.277
654.000	122.799	10.237	0.000	139.498
656.000	122.844	9.799	0.000	106.249
658.000	122.987	10.492	0.000	112.955
660.000	122.914	9.873	0.000	83.968
662.000	122.781	9.788	0.000	75.140
664.000	122.928	10.132	0.000	88.043
666.000	122.976	10.965	0.000	130.549
668.000	122.834	10.222	0.000	72.319
670.000	122.797	10.765	0.000	79.095
672.000	123.052	10.218	0.000	85.555
674.000	122.854	9.795	0.000	46.104
676.000	122.792	9.686	0.000	-7.621
678.000	122.960	10.964	0.000	13.176
680.000	122.938	11.844	0.000	33.606
682.000	122.810	12.478	0.000	33.817
684.000	122.850	11.553	0.000	52.281
686.000	122.994	10.575	0.000	62.959
688.000	122.871	9.928	0.000	53.488
690.000	122.761	9.400	0.000	25.174
692.000	123.001	11.337	0.000	-0.686
694.000	122.922	10.793	0.000	-15.342
696.000	122.764	9.777	0.000	-16.515
698.000	122.919	11.938	0.000	-5.867
700.000	122.957	12.514	0.000	-6.103
702.000	122.830	11.554	0.000	-17.765
704.000	122.811	10.936	0.000	-27.460
706.000	122.983	11.983	0.000	-12.390
708.000	122.890	11.384	0.000	-15.776
710.000	122.770	10.625	0.000	-34.194
712.000	122.924	11.986	0.000	-41.789
714.000	122.991	11.927	0.000	-39.188
716.000	122.733	11.293	0.000	-41.410
718.000	122.917	11.172	0.000	-40.169
720.000	122.939	11.286	0.000	-63.609
722.000	122.856	12.077	0.000	-79.601
724.000	122.787	11.308	0.000	-79.669
726.000	122.961	12.037	0.000	-71.507
728.000	122.922	12.232	0.000	-74.108
730.000	122.749	12.453	0.000	-103.851
732.000	122.914	12.299	0.000	-119.257
734.000	122.973	11.685	0.000	-107.625
736.000	122.760	11.377	0.000	-129.234
738.000	122.866	11.706	0.000	-139.744
740.000	122.960	12.176	0.000	-150.707
742.000	122.843	12.325	0.000	-151.943
744.000	122.788	12.448	0.000	-169.319
746.000	122.939	12.303	0.000	178.309
748.000	122.924	11.848	0.000	169.704
750.000	122.750	10.585	0.000	168.335
752.000	122.893	12.420	0.000	158.213
754.000	122.976	12.781	0.000	146.268
756.000	122.755	12.643	0.000	123.867
758.000	122.860	14.369	0.000	127.605
760.000	122.959	14.671	0.000	128.928
762.000	122.827	15.093	0.000	113.102
764.000	122.797	15.690	0.000	109.498
766.000	122.919	16.663	0.000	99.427
768.000	122.939	17.531	0.000	96.925
770.000	122.721	17.931	0.000	81.023
772.000	122.923	19.792	0.000	77.296
774.000	122.937	19.770	0.000	81.079
776.000	122.766	20.345	0.000	68.070
778.000	122.844	21.676	0.000	64.823
780.000	122.962	22.292	0.000	64.372
782.000	122.807	22.333	0.000	56.892
784.000	122.798	23.476	0.000	51.513
786.000	122.925	25.336	0.000	50.622
788.000	122.902	25.505	0.000	49.947
790.000	122.729	25.957	0.000	38.175
792.000	122.924	27.949	0.000	35.070
794.000	122.926	28.270	0.000	36.719
796.000	122.738	28.718	0.000	25.202
798.000	122.881	30.913	0.000	24.316
800.000	122.929	31.218	0.000	25.144
802.000	122.796	32.082	0.000	16.911
804.000	122.801	33.192	0.000	13.294
806.000	122.940	34.999	0.000	8.738
808.000	122.862	35.412	0.000	10.470
810.000	122.731	36.532	0.000	-4.080
812.000	122.960	38.946	0.000	-2.156
814.000	122.865	38.869	0.000	-5.099
816.000	122.748	40.646	0.000	-17.388
818.000	122.894	42.514	0.000	-21.024
820.000	122.911	43.805	0.000	-26.998
822.000	122.765	44.911	0.000	-38.905
824.000	122.831	46.982	0.000	-53.257
826.000	122.939	48.395	0.000	-62.888
828.000	122.801	48.434	0.000	-77.501
830.000	122.768	49.060	0.000	-100.216
832.000	122.968	49.949	0.000	-108.842
834.000	122.811	48.458	0.000	-118.693
836.000	122.760	48.485	0.000	-138.989
838.000	122.933	48.510	0.000	-142.218
840.000	122.844	47.006	0.000	-152.809
842.000	122.773	46.134	0.000	-160.651
844.000	122.851	45.326	0.000	-164.493
846.000	122.939	45.407	0.000	-157.459
848.000	122.723	45.068	0.000	-158.282
850.000	122.859	47.808	0.000	-164.426
852.000	122.930	48.566	0.000	-164.056
854.000	122.757	48.641	0.000	177.985
856.000	122.805	49.984	0.000	164.838
858.000	122.937	50.044	0.000	154.817
860.000	122.787	49.257	0.000	139.955
862.000	122.784	48.399	0.000	122.924
864.000	122.897	47.758	0.000	111.705
866.000	122.868	45.786	0.000	106.877
868.000	122.711	43.088	0.000	95.172
870.000	122.930	41.891	0.000	93.583
872.000	122.859	39.251	0.000	103.645
874.000	122.732	37.093	0.000	113.330
876.000	122.878	38.301	0.000	131.661
878.000	122.883	38.884	0.000	142.164
880.000	122.752	40.624	0.000	144.025
882.000	122.822	42.234	0.000	143.534
884.000	122.917	44.331	0.000	143.709
886.000	122.765	44.549	0.000	141.065
888.000	122.784	47.131	0.000	127.842
890.000	122.951	48.319	0.000	129.755
892.000	122.753	48.386	0.000	113.502
894.000	122.785	49.916	0.000	99.748
896.000	122.907	50.484	0.000	88.305
898.000	122.809	49.928	0.000	74.658
900.000	122.753	49.366	0.000	55.167
902.000	122.886	49.043	0.000	42.693
904.000	122.856	47.513	0.000	32.296
906.000	122.711	44.999	0.000	14.798
908.000	122.899	43.545	0.000	-0.646
910.000	122.863	40.216	0.000	-3.738
912.000	122.717	33.963	0.000	-23.686
914.000	122.869	27.840	0.000	-52.613
916.000	122.865	28.660	0.000	178.163
918.000	122.746	34.544	0.000	163.754
920.000	122.812	39.109	0.000	157.454
922.000	122.902	42.776	0.000	156.601
924.000	122.745	44.669	0.000	149.598
926.000	122.791	48.782	0.000	136.065
928.000	122.924	50.653	0.000	136.545
930.000	122.735	51.806	0.000	117.730
932.000	122.792	54.270	0.000	106.505
934.000	122.892	55.394	0.000	95.476
936.000	122.777	55.927	0.000	82.114
938.000	122.760	56.567	0.000	63.840
940.000	122.881	57.346	0.000	54.618
942.000	122.816	56.582	0.000	45.917
944.000	122.714	56.273	0.000	30.951
946.000	122.914	57.120	0.000	25.960
948.000	122.798	56.070	0.000	24.009
950.000	122.734	56.245	0.000	9.860
952.000	122.876	56.880	0.000	10.992
954.000	122.819	56.346	0.000	4.197
956.000	122.735	56.683	0.000	-2.211
958.000	122.834	57.390	0.000	-10.632
960.000	122.871	57.964	0.000	-11.481
962.000	122.698	57.331	0.000	-24.130
964.000	122.858	58.996	0.000	-32.609
966.000	122.853	58.367	0.000	-34.953
968.000	122.720	58.145	0.000	-51.833
970.000	122.822	58.682	0.000	-58.828
972.000	122.866	58.269	0.000	-66.289
974.000	122.723	57.550	0.000	-77.930
976.000	122.807	57.510	0.000	-89.809
978.000	122.866	57.094	0.000	-95.521
980.000	122.744	55.393	0.000	-104.283
982.000	122.770	54.833	0.000	-116.850
984.000	122.909	54.206	0.000	-115.257
986.000	122.709	52.015	0.000	-122.532
988.000	122.799	52.026	0.000	-128.161
990.000	122.860	50.945	0.000	-127.787
992.000	122.752	49.504	0.000	-135.214
994.000	122.758	48.309	0.000	-139.871
996.000	122.875	47.134	0.000	-141.596
998.000	122.763	44.786	0.000	-136.384
1000.000	122.729	42.625	0.000	-135.334
1002.000	122.909	42.075	0.000	-115.445
1004.000	122.731	40.880	0.000	-97.325
1006.000	122.760	43.105	0.000	-82.339
1008.000	122.862	45.250	0.000	-75.303
1010.000	122.768	46.805	0.000	-75.084
1012.000	122.733	48.496	0.000	-82.515
1014.000	122.865	50.078	0.000	-83.796
1016.000	122.783	50.324	0.000	-87.597
1018.000	122.704	51.138	0.000	-98.061
1020.000	122.897	52.786	0.000	-99.990
1022.000	122.753	52.159	0.000	-103.384
1024.000	122.736	53.270	0.000	-116.163
1026.000	122.858	53.600	0.000	-116.062
1028.000	122.774	53.314	0.000	-124.943
1030.000	122.724	53.299	0.000	-131.353
1032.000	122.847	53.796	0.000	-137.349
1034.000	122.797	53.253	0.000	-136.428
1036.000	122.694	52.798	0.000	-146.311
1038.000	122.882	53.768	0.000	-143.451
1040.000	122.760	52.693	0.000	-143.141
1042.000	122.724	53.549	0.000	-148.383
1044.000	122.849	54.263	0.000	-145.405
1046.000	122.776	54.642	0.000	-147.664
1048.000	122.721	55.533	0.000	-153.797
1050.000	122.833	57.150	0.000	-158.284
1052.000	122.799	57.377	0.000	-161.775
1054.000	122.690	58.052	0.000	-176.212
1056.000	122.871	59.567	0.000	176.992
1058.000	122.762	58.949	0.000	169.841
1060.000	122.720	59.216	0.000	150.866
1062.000	122.841	59.462	0.000	147.147
1064.000	122.774	58.284	0.000	136.209
1066.000	122.717	57.893	0.000	127.381
1068.000	122.824	57.775	0.000	118.888
1070.000	122.801	57.276	0.000	118.247
1072.000	122.681	56.281	0.000	104.018
1074.000	122.870	57.004	0.000	102.183
1076.000	122.753	55.215	0.000	96.468
1078.000	122.720	54.893	0.000	84.935
1080.000	122.833	54.283	0.000	81.393
1082.000	122.770	52.976	0.000	76.132
1084.000	122.710	51.498	0.000	67.991
1086.000	122.830	50.588	0.000	66.456
1088.000	122.780	48.530	0.000	70.731
1090.000	122.685	47.003	0.000	74.701
1092.000	122.868	47.842	0.000	87.658
1094.000	122.736	47.765	0.000	94.804
1096.000	122.724	49.811	0.000	91.099
1098.000	122.834	50.745	0.000	91.593
1100.000	122.747	51.144	0.000	81.761
1102.000	122.716	51.470	0.000	71.834
1104.000	122.837	51.870	0.000	62.654
1106.000	122.747	50.828	0.000	58.127
1108.000	122.708	49.777	0.000	43.720
1110.000	122.859	49.478	0.000	46.032
1112.000	122.711	47.186	0.000	44.449
1114.000	122.737	47.153	0.000	44.310
1116.000	122.833	46.830	0.000	48.396
1118.000	122.719	46.481	0.000	47.430
1120.000	122.735	46.501	0.000	41.989
1122.000	122.830	46.579	0.000	42.508
1124.000	122.717	44.984	0.000	40.756
1126.000	122.735	44.384	0.000	38.279
1128.000	122.842	44.022	0.000	49.001
1130.000	122.689	43.348	0.000	56.514
1132.000	122.763	45.612	0.000	62.866
1134.000	122.812	46.381	0.000	65.084
1136.000	122.709	47.442	0.000	57.714
1138.000	122.740	47.942	0.000	50.029
1140.000	122.838	48.692	0.000	47.345
1142.000	122.675	47.349	0.000	42.592
1144.000	122.783	48.093	0.000	37.929
1146.000	122.804	47.437	0.000	44.337
1148.000	122.682	47.375	0.000	40.584
1150.000	122.784	48.505	0.000	43.772
1152.000	122.792	48.829	0.000	44.461
1154.000	122.686	49.425	0.000	40.451
1156.000	122.780	50.760	0.000	37.247
1158.000	122.800	51.350	0.000	37.489
1160.000	122.661	51.731	0.000	28.511
1162.000	122.822	53.468	0.000	24.810
1164.000	122.755	53.348	0.000	22.177
1166.000	122.686	54.295	0.000	8.495
1168.000	122.817	55.180	0.000	6.510
1170.000	122.735	55.025	0.000	-3.575
1172.000	122.701	55.533	0.000	-12.461
1174.000	122.809	56.241	0.000	-21.731
1176.000	122.736	55.996	0.000	-26.042
1178.000	122.698	56.144	0.000	-43.565
1180.000	122.828	56.675	0.000	-45.417
1182.000	122.700	55.240	0.000	-57.761
1184.000	122.729	55.511	0.000	-68.000
1186.000	122.805	54.797	0.000	-73.361
1188.000	122.706	53.803	0.000	-80.731
1190.000	122.722	53.397	0.000	-89.576
1192.000	122.818	53.110	0.000	-90.406
1194.000	122.679	51.851	0.000	-96.300
1196.000	122.749	52.146	0.000	-103.468
1198.000	122.809	51.973	0.000	-101.747
1200.000	122.656	51.021	0.000	-112.720
1202.000	122.794	51.774	0.000	-115.096
1204.000	122.760	50.732	0.000	-120.117
1206.000	122.687	50.455	0.000	-127.357
1208.000	122.774	50.492	0.000	-135.552
1210.000	122.779	50.074	0.000	-136.788
1212.000	122.659	49.033	0.000	-150.159
1214.000	122.815	49.429	0.000	-153.643
1216.000	122.725	47.786	0.000	-159.355
1218.000	122.691	47.439	0.000	-171.733
1220.000	122.811	46.655	0.000	-174.769
1222.000	122.704	45.247	0.000	176.465
1224.000	122.707	44.040	0.000	167.870
1226.000	122.808	43.218	0.000	163.570
1228.000	122.688	41.024	0.000	158.562
1230.000	122.727	39.603	0.000	149.445
1232.000	122.804	38.159	0.000	148.994
1234.000	122.665	35.433	0.000	141.773
1236.000	122.769	33.963	0.000	134.637
1238.000	122.759	30.747	0.000	131.262
1240.000	122.690	26.618	0.000	112.501
1242.000	122.752	23.510	0.000	66.173
1244.000	122.776	24.998	0.000	12.707
1246.000	122.657	29.818	0.000	-26.133
1248.000	122.799	33.757	0.000	-31.531
1250.000	122.726	35.404	0.000	-41.585
1252.000	122.687	38.440	0.000	-52.339
1254.000	122.795	40.326	0.000	-56.814
1256.000	122.708	41.676	0.000	-64.814
1258.000	122.696	43.487	0.000	-74.953
1260.000	122.805	45.111	0.000	-79.015
1262.000	122.677	45.589	0.000	-88.221
1264.000	122.726	47.388	0.000	-100.167
1266.000	122.801	48.318	0.000	-102.921
1268.000	122.648	48.587	0.000	-119.139
1270.000	122.784	49.960	0.000	-125.415
1272.000	122.738	49.585	0.000	-135.350
1274.000	122.681	49.863	0.000	-145.813
1276.000	122.773	50.261	0.000	-155.777
1278.000	122.736	49.978	0.000	-159.706
1280.000	122.674	49.596	0.000	-172.892
1282.000	122.797	50.267	0.000	-175.190
1284.000	122.696	49.201	0.000	178.538
1286.000	122.711	49.671	0.000	170.957
1288.000	122.776	49.370	0.000	168.494
1290.000	122.692	49.160	0.000	163.731
1292.000	122.714	49.423	0.000	156.306
1294.000	122.786	49.736	0.000	155.935
1296.000	122.658	49.217	0.000	148.771
1298.000	122.759	50.139	0.000	142.526
1300.000	122.757	50.195	0.000	142.134
1302.000	122.660	50.293	0.000	129.457
1304.000	122.783	51.007	0.000	128.001
1306.000	122.715	50.625	0.000	118.826
1308.000	122.682	50.727	0.000	110.972
1310.000	122.786	51.361	0.000	102.846
1312.000	122.691	50.665	0.000	98.270
1314.000	122.708	51.016	0.000	83.778
1316.000	122.784	50.866	0.000	82.231
1318.000	122.666	49.922	0.000	68.458
1320.000	122.741	50.020	0.000	61.714
1322.000	122.756	49.164	0.000	54.992
1324.000	122.666	48.292	0.000	45.777
1326.000	122.757	47.980	0.000	39.016
1328.000	122.743	47.007	0.000	36.172
1330.000	122.652	45.944	0.000	26.941
1332.000	122.809	45.951	0.000	25.417
1334.000	122.674	44.369	0.000	21.468
1336.000	122.714	44.272	0.000	15.046
1338.000	122.770	43.384	0.000	15.602
1340.000	122.671	42.544	0.000	10.479
1342.000	122.729	42.144	0.000	7.351
1344.000	122.765	41.882	0.000	7.374
1346.000	122.647	40.781	0.000	2.332
1348.000	122.784	41.366	0.000	1.159
1350.000	122.706	40.028	0.000	1.317
1352.000	122.685	40.023	0.000	-4.486
1354.000	122.772	39.554	0.000	-3.483
1356.000	122.690	38.952	0.000	-6.138
1358.000	122.699	38.938	0.000	-10.378
1360.000	122.779	38.862	0.000	-9.552
1362.000	122.658	38.043	0.000	-13.787
1364.000	122.744	38.447	0.000	-17.161
1366.000	122.748	38.023	0.000	-15.395
1368.000	122.654	37.797	0.000	-24.419
1370.000	122.781	38.054	0.000	-22.814
1372.000	122.696	37.326	0.000	-28.260
1374.000	122.685	37.260	0.000	-32.260
1376.000	122.786	37.340	0.000	-36.368
1378.000	122.661	36.339	0.000	-39.633
1380.000	122.737	36.499	0.000	-47.769
1382.000	122.749	35.627	0.000	-45.953
1384.000	122.661	34.615	0.000	-54.296
1386.000	122.761	34.350	0.000	-53.859
1388.000	122.715	33.434	0.000	-54.781
1390.000	122.679	32.790	0.000	-55.756
1392.000	122.766	33.061	0.000	-54.667
1394.000	122.695	32.354	0.000	-53.381
1396.000	122.692	32.591	0.000	-55.948
1398.000	122.781	32.773	0.000	-51.404
1400.000	122.645	32.513	0.000	-55.927
1402.000	122.757	33.550	0.000	-57.441
1404.000	122.728	33.109	0.000	-59.348
1406.000	122.664	33.465	0.000	-63.912
1408.000	122.773	34.191	0.000	-69.211
1410.000	122.693	34.074	0.000	-70.080
1412.000	122.692	34.437	0.000	-82.830
1414.000	122.773	34.642	0.000	-83.484
1416.000	122.659	33.807	0.000	-95.747
1418.000	122.741	33.960	0.000	-101.915
1420.000	122.734	33.067	0.000	-108.409
1422.000	122.669	32.199	0.000	-117.933
1424.000	122.756	31.874	0.000	-124.747
1426.000	122.714	30.517	0.000	-127.472
1428.000	122.666	29.422	0.000	-135.910
1430.000	122.796	29.049	0.000	-136.227
1432.000	122.648	27.264	0.000	-140.302
1434.000	122.742	27.104	0.000	-144.573
1436.000	122.741	25.676	0.000	-143.964
1438.000	122.656	24.732	0.000	-146.010
1440.000	122.768	23.943	0.000	-147.038
1442.000	122.701	22.957	0.000	-144.359
1444.000	122.683	22.563	0.000	-148.584
1446.000	122.776	21.967	0.000	-144.929
1448.000	122.658	20.415	0.000	-144.697
1450.000	122.738	21.133	0.000	-144.089
1452.000	122.733	20.272	0.000	-148.044
1454.000	122.669	19.532	0.000	-149.215
1456.000	122.753	19.389	0.000	-143.928
1458.000	122.710	17.883	0.000	-137.591
1460.000	122.674	17.880	0.000	-140.450
1462.000	122.783	17.508	0.000	-137.433
1464.000	122.652	16.607	0.000	-133.738
1466.000	122.743	17.103	0.000	-134.119
1468.000	122.726	16.141	0.000	-136.835
1470.000	122.672	16.031	0.000	-129.461
1472.000	122.755	16.041	0.000	-127.628
1474.000	122.699	16.168	0.000	-130.039
1476.000	122.701	16.424	0.000	-140.420
1478.000	122.756	16.071	0.000	-131.028
1480.000	122.670	15.644	0.000	-132.132
1482.000	122.736	15.532	0.000	-126.315
1484.000	122.728	14.769	0.000	-121.478
1486.000	122.672	15.025	0.000	-125.952
1488.000	122.762	15.127	0.000	-126.378
1490.000	122.689	15.540	0.000	-123.934
1492.000	122.704	15.705	0.000	-126.888
1494.000	122.762	15.111	0.000	-123.709
1496.000	122.655	15.635	0.000	-126.567
1498.000	122.759	15.880	0.000	-122.451
1500.000	122.704	15.887	0.000	-119.111
1502.000	122.686	15.209	0.000	-120.890
1504.000	122.764	16.099	0.000	-118.894
1506.000	122.673	15.325	0.000	-125.436
1508.000	122.728	14.937	0.000	-128.974
1510.000	122.742	14.586	0.000	-123.556
1512.000	122.663	15.125	0.000	-127.754
1514.000	122.763	15.350	0.000	-121.445
1516.000	122.698	14.763	0.000	-134.053
1518.000	122.689	15.306	0.000	-134.957
1520.000	122.775	15.289	0.000	-119.594
1522.000	122.651	14.372	0.000	-124.266
1524.000	122.759	14.628	0.000	-127.081
1526.000	122.705	14.822	0.000	-126.778
1528.000	122.702	15.336	0.000	-131.207
1530.000	122.746	15.103	0.000	-124.840
1532.000	122.693	13.826	0.000	-130.147
1534.000	122.715	15.066	0.000	-129.230
1536.000	122.749	14.972	0.000	-128.492
1538.000	122.664	14.439	0.000	-137.678
1540.000	122.767	15.985	0.000	-132.962
1542.000	122.692	15.535	0.000	-137.352
1544.000	122.705	15.971	0.000	-141.564
1546.000	122.756	16.074	0.000	-138.239
1548.000	122.666	16.370	0.000	-142.904
1550.000	122.751	16.274	0.000	-139.714
1552.000	122.715	16.049	0.000	-143.465
1554.000	122.685	16.037	0.000	-146.168
1556.000	122.772	16.601	0.000	-137.935
1558.000	122.668	15.626	0.000	-143.835
1560.000	122.739	16.399	0.000	-148.665
1562.000	122.731	15.420	0.000	-143.830
1564.000	122.676	15.349	0.000	-151.079
1566.000	122.764	16.073	0.000	-159.227
1568.000	122.688	15.987	0.000	-155.762
1570.000	122.720	16.885	0.000	-154.263
1572.000	122.752	16.730	0.000	-151.781
1574.000	122.667	16.138	0.000	-161.364
1576.000	122.766	16.691	0.000	-160.888
1578.000	122.694	16.763	0.000	-163.413
1580.000	122.709	16.273	0.000	-168.198
1582.000	122.757	16.345	0.000	-168.382
1584.000	122.672	15.338	0.000	-170.635
1586.000	122.756	16.071	0.000	-178.714
1588.000	122.710	15.419	0.000	-176.753
1590.000	122.699	15.766	0.000	-179.724
1592.000	122.762	15.714	0.000	176.763
1594.000	122.676	15.318	0.000	171.423
1596.000	122.745	15.866	0.000	171.888
1598.000	122.728	15.903	0.000	173.130
1600.000	122.687	15.260	0.000	166.169
1602.000	122.766	14.926	0.000	168.320
1604.000	122.682	14.545	0.000	165.435
1606.000	122.740	14.600	0.000	169.342
1608.000	122.730	14.464	0.000	172.959
1610.000	122.687	14.346	0.000	171.277
1612.000	122.764	15.703	0.000	163.388
1614.000	122.696	14.875	0.000	162.227
1616.000	122.717	14.168	0.000	157.772
1618.000	122.762	13.376	0.000	156.108
1620.000	122.665	13.789	0.000	148.411
1622.000	122.779	14.270	0.000	160.240
1624.000	122.689	13.911	0.000	159.634
1626.000	122.724	14.305	0.000	151.315
1628.000	122.754	14.083	0.000	143.756
1630.000	122.675	13.080	0.000	146.620
1632.000	122.767	12.790	0.000	143.075
1634.000	122.706	12.936	0.000	144.556
1636.000	122.711	12.724	0.000	149.982
1638.000	122.764	12.575	0.000	149.336
1640.000	122.671	12.178	0.000	145.000
1642.000	122.770	12.874	0.000	150.829
1644.000	122.703	12.090	0.000	138.847
1646.000	122.717	11.802	0.000	135.272
1648.000	122.764	11.619	0.000	153.324
1650.000	122.683	11.688	0.000	135.061
1652.000	122.757	11.767	0.000	136.368
1654.000	122.718	11.123	0.000	137.696
1656.000	122.705	11.285	0.000	125.832
1658.000	122.771	11.731	0.000	137.092
1660.000	122.670	11.790	0.000	138.821
1662.000	122.774	12.139	0.000	146.420
1664.000	122.708	11.767	0.000	141.901
1666.000	122.716	11.618	0.000	135.550
1668.000	122.758	10.579	0.000	148.399
1670.000	122.690	10.766	0.000	139.963
1672.000	122.754	10.776	0.000	148.025
1674.000	122.724	11.554	0.000	161.810
1676.000	122.708	12.634	0.000	147.393
1678.000	122.773	12.010	0.000	155.119
1680.000	122.675	11.685	0.000	131.418
1682.000	122.772	12.640	0.000	132.543
1684.000	122.716	12.105	0.000	137.920
1686.000	122.708	12.079	0.000	143.693
1688.000	122.786	11.709	0.000	146.852
1690.000	122.667	11.628	0.000	136.933
1692.000	122.784	12.051	0.000	142.617
1694.000	122.701	12.120	0.000	143.844
1696.000	122.738	12.421	0.000	141.131
1698.000	122.744	12.085	0.000	143.443
1700.000	122.707	11.711	0.000	133.722
1702.000	122.755	11.816	0.000	127.468
1704.000	122.725	11.154	0.000	126.852
1706.000	122.713	12.245	0.000	120.698
1708.000	122.776	13.075	0.000	131.416
1710.000	122.680	12.884	0.000	133.704
1712.000	122.782	12.092	0.000	124.232
1714.000	122.701	11.819	0.000	116.262
1716.000	122.741	11.470	0.000	122.016
1718.000	122.754	11.612	0.000	115.987
1720.000	122.694	12.430	0.000	110.256
1722.000	122.776	12.147	0.000	108.677
1724.000	122.711	11.431	0.000	119.433
1726.000	122.734	11.568	0.000	119.578
1728.000	122.762	11.363	0.000	107.404
1730.000	122.687	11.806	0.000	102.061
1732.000	122.789	11.483	0.000	106.800
1734.000	122.690	10.448	0.000	102.538
1736.000	122.769	10.578	0.000	98.371
1738.000	122.725	11.291	0.000	98.160
1740.000	122.728	12.494	0.000	88.840
1742.000	122.761	12.106	0.000	85.296
1744.000	122.707	10.661	0.000	96.802
1746.000	122.754	10.893	0.000	101.400
1748.000	122.740	11.526	0.000	98.262
1750.000	122.718	10.641	0.000	98.345
1752.000	122.773	11.126	0.000	87.188
1754.000	122.697	11.356	0.000	97.327
1756.000	122.770	10.803	0.000	94.961
1758.000	122.729	9.661	0.000	77.022
1760.000	122.721	10.718	0.000	64.055
1762.000	122.779	12.488	0.000	75.012
1764.000	122.691	11.327	0.000	63.547
1766.000	122.790	11.243	0.000	75.217
1768.000	122.697	10.291	0.000	85.737
1770.000	122.765	10.154	0.000	72.047
1772.000	122.740	9.770	0.000	82.417
1774.000	122.721	9.782	0.000	88.291
1776.000	122.777	10.795	0.000	87.830
1778.000	122.706	10.539	0.000	96.827
1780.000	122.762	10.009	0.000	90.991
1782.000	122.748	10.616	0.000	120.018
1784.000	122.714	9.825	0.000	114.349
1786.000	122.782	11.146	0.000	77.744
1788.000	122.695	11.753	0.000	74.106
1790.000	122.784	10.386	0.000	83.008
1792.000	122.719	9.428	0.000	75.074
1794.000	122.748	11.043	0.000	104.189
1796.000	122.755	10.961	0.000	112.819
1798.000	122.730	9.677	0.000	76.095
1800.000	122.760	9.094	0.000	75.375
1802.000	122.735	9.237	0.000	56.320
1804.000	122.737	9.591	0.000	85.957
1806.000	122.770	8.331	0.000	59.469
1808.000	122.705	9.608	0.000	87.128
1810.000	122.796	9.357	0.000	129.653
1812.000	122.697	9.792	0.000	118.218
1814.000	122.776	10.601	0.000	116.546
1816.000	122.738	9.869	0.000	99.357
1818.000	122.730	9.395	0.000	70.261
1820.000	122.781	9.728	0.000	84.882
1822.000	122.700	9.736	0.000	31.808
1824.000	122.797	10.706	0.000	23.077
1826.000	122.706	10.619	0.000	117.018
1828.000	122.777	10.947	0.000	105.680
1830.000	122.735	10.381	0.000	82.879
1832.000	122.743	9.424	0.000	61.250
1834.000	122.771	9.741	0.000	61.700
1836.000	122.726	10.083	0.000	88.346
1838.000	122.764	10.224	0.000	99.980
1840.000	122.748	9.341	0.000	87.720
1842.000	122.735	9.381	0.000	79.354
1844.000	122.779	8.548	0.000	55.402
1846.000	122.708	8.890	0.000	54.990
1848.000	122.789	8.963	0.000	97.820
1850.000	122.723	8.418	0.000	84.399
1852.000	122.762	9.529	0.000	68.239
1854.000	122.759	9.910	0.000	66.799
1856.000	122.728	9.741	0.000	73.340
1858.000	122.786	10.383	0.000	89.647
1860.000	122.713	10.533	0.000	80.330
1862.000	122.787	10.971	0.000	84.339
1864.000	122.723	10.925	0.000	99.987
1866.000	122.771	10.308	0.000	66.936
1868.000	122.751	9.762	0.000	37.598
1870.000	122.743	9.226	0.000	-53.568
1872.000	122.771	8.672	0.000	-117.147
1874.000	122.731	9.399	0.000	-119.928
1876.000	122.768	9.713	0.000	81.925
1878.000	122.753	9.288	0.000	74.848
1880.000	122.742	8.875	0.000	50.311
1882.000	122.776	10.411	0.000	38.857
1884.000	122.731	10.675	0.000	-4.355
1886.000	122.772	10.084	0.000	7.515
1888.000	122.753	10.273	0.000	50.129
1890.000	122.741	9.931	0.000	36.260
1892.000	122.785	10.536	0.000	73.680
1894.000	122.717	10.261	0.000	52.192
1896.000	122.805	9.008	0.000	124.810
1898.000	122.706	8.776	0.000	96.783
1900.000	122.800	9.629	0.000	47.842
1902.000	122.725	9.197	0.000	92.486
1904.000	122.770	9.526	0.000	99.279
1906.000	122.768	9.549	0.000	54.193
1908.000	122.726	9.679	0.000	33.685
1910.000	122.805	8.685	0.000	-32.938
1912.000	122.703	9.286	0.000	-56.616
1914.000	122.810	9.945	0.000	-4.707
1916.000	122.721	9.227	0.000	17.665
1918.000	122.777	10.017	0.000	-18.368
1920.000	122.757	10.061	0.000	-96.283
1922.000	122.743	10.253	0.000	-92.258
1924.000	122.787	10.302	0.000	-87.527
1926.000	122.729	10.029	0.000	-61.127
1928.000	122.788	10.317	0.000	-76.460
1930.000	122.731	10.497	0.000	-88.652
1932.000	122.777	11.317	0.000	-87.085
1934.000	122.756	11.340	0.000	-95.605
1936.000	122.756	11.484	0.000	-131.293
1938.000	122.776	11.132	0.000	-143.052
1940.000	122.738	10.559	0.000	-142.274
1942.000	122.779	10.837	0.000	-147.724
1944.000	122.750	11.277	0.000	-157.997
1946.000	122.763	10.674	0.000	-177.780
1948.000	122.768	11.013	0.000	-178.519
1950.000	122.744	11.565	0.000	177.660
1952.000	122.784	11.362	0.000	171.924
1954.000	122.744	12.102	0.000	157.771
1956.000	122.774	11.845	0.000	167.983
1958.000	122.756	11.294	0.000	171.864
1960.000	122.753	11.709	0.000	164.530
1962.000	122.782	11.638	0.000	160.752
1964.000	122.739	11.341	0.000	147.811
1966.000	122.790	11.159	0.000	147.605
1968.000	122.736	11.012	0.000	145.472
1970.000	122.783	11.479	0.000	143.822
1972.000	122.753	11.479	0.000	137.206
1974.000	122.768	12.129	0.000	129.242
1976.000	122.769	12.065	0.000	119.504
1978.000	122.748	12.802	0.000	121.503
1980.000	122.785	13.561	0.000	119.275
1982.000	122.737	13.325	0.000	108.318
1984.000	122.791	14.067	0.000	103.942
1986.000	122.745	14.497	0.000	103.667
1988.000	122.769	14.829	0.000	89.157
1990.000	122.768	14.921	0.000	78.395
1992.000	122.751	15.241	0.000	68.575
1994.000	122.788	14.651	0.000	57.963
1996.000	122.743	14.992	0.000	46.498
1998.000	122.781	14.438	0.000	37.161
2000.000	122.749	14.951	0.000	23.491
