2000.000	122.818	9.558	0.000	-71.347
2.000	122.871	8.730	0.000	-76.674
4.000	123.088	10.915	0.000	-119.198
6.000	123.108	10.626	0.000	-154.155
8.000	122.950	11.604	0.000	-118.619
10.000	122.809	11.257	0.000	-122.248
12.000	122.913	10.719	0.000	-146.050
14.000	123.177	11.094	0.000	-127.884
16.000	123.100	10.958	0.000	-138.041
18.000	122.766	11.266	0.000	173.135
20.000	122.863	11.229	0.000	-148.014
22.000	123.139	11.345	0.000	-101.627
24.000	123.068	10.272	0.000	-93.711
26.000	122.928	10.733	0.000	-70.888
28.000	122.891	10.590	0.000	-86.332
30.000	122.891	11.636	0.000	-143.734
32.000	123.094	12.009	0.000	-131.817
34.000	123.157	10.253	0.000	-134.902
36.000	122.829	11.164	0.000	-128.853
38.000	122.785	12.499	0.000	-133.187
40.000	123.126	11.756	0.000	-128.165
42.000	123.142	10.563	0.000	-145.577
44.000	122.905	10.991	0.000	-159.427
46.000	122.839	12.034	0.000	-146.693
48.000	122.950	11.645	0.000	-152.092
50.000	123.115	11.877	0.000	-160.685
52.000	123.081	11.591	0.000	-173.573
54.000	122.840	11.017	0.000	-178.244
56.000	122.856	11.548	0.000	164.874
58.000	123.074	12.271	0.000	153.535
60.000	123.102	11.686	0.000	155.752
62.000	122.974	11.244	0.000	163.180
64.000	122.821	10.774	0.000	132.336
66.000	122.903	10.567	0.000	141.747
68.000	123.191	11.392	0.000	155.874
70.000	123.085	12.096	0.000	141.365
72.000	122.749	11.680	0.000	124.832
74.000	122.917	10.703	0.000	35.970
76.000	123.144	9.970	0.000	54.327
78.000	123.028	11.062	0.000	37.155
80.000	122.940	10.811	0.000	50.834
82.000	122.879	9.479	0.000	114.730
84.000	122.914	9.228	0.000	-97.112
86.000	123.166	9.967	0.000	-105.528
88.000	123.075	10.434	0.000	-15.555
90.000	122.750	11.832	0.000	-9.971
92.000	122.920	11.540	0.000	46.542
94.000	123.167	10.170	0.000	-11.679
96.000	123.047	10.500	0.000	-14.395
98.000	122.872	9.969	0.000	-75.678
100.000	122.856	9.649	0.000	-83.917
102.000	123.039	11.070	0.000	-102.962
104.000	123.151	10.914	0.000	-87.620
106.000	122.932	10.978	0.000	-34.274
108.000	122.817	10.652	0.000	-108.158
110.000	122.998	10.228	0.000	-137.085
112.000	123.092	10.599	0.000	-101.218
114.000	123.050	11.326	0.000	-133.753
116.000	122.871	11.099	0.000	-146.084
118.000	122.818	11.033	0.000	-158.090
120.000	123.144	11.468	0.000	-142.532
122.000	123.157	11.191	0.000	-158.733
124.000	122.791	11.807	0.000	-172.922
126.000	122.873	9.989	0.000	-123.981
128.000	123.107	10.397	0.000	-150.930
130.000	123.047	10.790	0.000	-157.521
132.000	122.973	10.624	0.000	-170.700
134.000	122.865	11.186	0.000	-159.378
136.000	122.906	11.769	0.000	151.072
138.000	123.167	10.950	0.000	165.469
140.000	123.056	10.315	0.000	-173.569
142.000	122.776	9.917	0.000	-111.709
144.000	122.927	9.841	0.000	164.338
146.000	123.133	10.462	0.000	143.715
148.000	123.062	10.777	0.000	142.279
150.000	122.860	10.131	0.000	178.181
152.000	122.850	9.710	0.000	-172.504
154.000	123.097	9.663	0.000	167.601
156.000	123.110	10.595	0.000	171.483
158.000	122.882	11.382	0.000	-148.937
160.000	122.872	10.940	0.000	-119.191
162.000	122.998	12.196	0.000	-118.371
164.000	123.101	11.561	0.000	-132.115
166.000	123.032	10.197	0.000	-88.463
168.000	122.784	9.811	0.000	-62.584
170.000	122.933	9.500	0.000	-108.021
172.000	123.209	10.498	0.000	-112.934
174.000	122.989	11.406	0.000	-118.014
176.000	122.792	11.108	0.000	-122.742
178.000	122.975	12.055	0.000	-119.299
180.000	123.090	12.240	0.000	-128.689
182.000	123.038	11.487	0.000	-117.030
184.000	122.891	11.924	0.000	-110.443
186.000	122.857	12.645	0.000	-114.041
188.000	123.068	12.789	0.000	-138.528
190.000	123.122	13.371	0.000	-151.866
192.000	122.890	11.966	0.000	-152.149
194.000	122.816	12.237	0.000	-157.610
196.000	123.061	13.613	0.000	-148.027
198.000	123.149	13.085	0.000	-158.283
200.000	122.891	12.802	0.000	-164.266
202.000	122.821	13.926	0.000	-162.522
204.000	123.054	14.769	0.000	-160.267
206.000	123.096	14.316	0.000	-164.303
208.000	122.952	13.168	0.000	-165.887
210.000	122.855	13.105	0.000	-167.076
212.000	122.944	13.827	0.000	-173.899
214.000	123.127	13.717	0.000	-179.161
216.000	123.027	12.800	0.000	175.750
218.000	122.797	12.551	0.000	168.197
220.000	122.932	13.030	0.000	167.745
222.000	123.152	13.961	0.000	164.628
224.000	123.023	13.833	0.000	167.362
226.000	122.797	13.206	0.000	157.997
228.000	122.941	13.977	0.000	144.871
230.000	123.128	13.919	0.000	139.215
232.000	123.000	14.126	0.000	142.269
234.000	122.875	14.478	0.000	135.106
236.000	122.901	14.759	0.000	129.739
238.000	123.042	14.420	0.000	119.415
240.000	123.123	13.797	0.000	129.977
242.000	122.855	13.070	0.000	127.806
244.000	122.820	13.366	0.000	112.678
246.000	123.149	13.883	0.000	118.906
248.000	123.068	13.921	0.000	125.004
250.000	122.834	13.125	0.000	109.319
252.000	122.900	14.036	0.000	111.532
254.000	123.048	14.036	0.000	110.713
256.000	123.088	12.952	0.000	107.974
258.000	122.892	13.264	0.000	107.126
260.000	122.842	13.643	0.000	104.780
262.000	123.061	12.287	0.000	111.192
264.000	123.081	12.024	0.000	124.588
266.000	122.922	13.717	0.000	129.075
268.000	122.819	13.009	0.000	121.717
270.000	123.025	12.324	0.000	142.283
272.000	123.170	12.803	0.000	154.913
274.000	122.847	12.739	0.000	151.574
276.000	122.836	15.175	0.000	136.231
278.000	123.103	15.680	0.000	137.713
280.000	123.026	14.490	0.000	141.530
282.000	122.938	15.571	0.000	155.747
284.000	122.861	17.377	0.000	149.704
286.000	122.964	18.950	0.000	150.182
288.000	123.163	21.254	0.000	147.271
290.000	122.905	21.906	0.000	151.479
292.000	122.795	24.073	0.000	136.939
294.000	123.070	27.551	0.000	134.515
296.000	123.089	29.145	0.000	132.890
298.000	122.902	30.190	0.000	118.091
300.000	122.829	33.214	0.000	101.398
302.000	123.040	35.706	0.000	90.414
304.000	123.100	37.169	0.000	76.154
306.000	122.880	38.010	0.000	58.290
308.000	122.871	39.338	0.000	37.308
310.000	123.000	41.063	0.000	18.777
312.000	123.089	42.098	0.000	4.922
314.000	122.947	41.938	0.000	-10.919
316.000	122.777	42.091	0.000	-37.375
318.000	123.065	43.754	0.000	-55.449
320.000	123.124	43.857	0.000	-64.322
322.000	122.831	42.355	0.000	-83.331
324.000	122.874	42.856	0.000	-108.272
326.000	123.053	43.486	0.000	-116.038
328.000	123.048	42.890	0.000	-125.753
330.000	122.899	43.055	0.000	-142.450
332.000	122.851	43.489	0.000	-156.414
334.000	123.030	44.478	0.000	-174.286
336.000	123.090	45.439	0.000	175.305
338.000	122.876	44.415	0.000	162.139
340.000	122.819	44.790	0.000	130.978
342.000	123.100	46.031	0.000	119.724
344.000	123.068	44.700	0.000	112.432
346.000	122.806	43.434	0.000	89.959
348.000	122.915	44.070	0.000	75.507
350.000	123.064	44.257	0.000	67.182
352.000	123.019	44.078	0.000	56.779
354.000	122.863	43.673	0.000	40.511
356.000	122.873	44.143	0.000	21.404
358.000	123.087	44.875	0.000	8.694
360.000	123.025	44.423	0.000	-2.486
362.000	122.826	43.278	0.000	-20.993
364.000	122.892	43.376	0.000	-44.027
366.000	123.115	43.778	0.000	-54.166
368.000	123.005	42.162	0.000	-61.255
370.000	122.765	40.501	0.000	-85.623
372.000	123.002	41.092	0.000	-98.384
374.000	123.077	40.000	0.000	-104.302
376.000	122.924	38.476	0.000	-120.696
378.000	122.879	37.870	0.000	-132.744
380.000	122.907	37.115	0.000	-148.038
382.000	123.122	37.252	0.000	-160.011
384.000	122.953	35.758	0.000	-169.035
386.000	122.765	33.860	0.000	165.314
388.000	123.054	34.510	0.000	147.614
390.000	123.068	33.377	0.000	139.050
392.000	122.876	31.070	0.000	114.485
394.000	122.843	31.341	0.000	88.495
396.000	123.036	32.164	0.000	73.079
398.000	123.060	32.399	0.000	51.824
400.000	122.840	32.776	0.000	25.780
402.000	122.890	34.250	0.000	0.433
404.000	123.024	36.119	0.000	-19.886
406.000	123.048	36.890	0.000	-35.399
408.000	122.845	36.506	0.000	-55.554
410.000	122.846	37.861	0.000	-80.527
412.000	123.143	39.402	0.000	-90.385
414.000	122.962	38.680	0.000	-100.564
416.000	122.794	38.594	0.000	-126.484
418.000	122.982	40.109	0.000	-140.144
420.000	123.048	39.876	0.000	-149.746
422.000	122.945	39.120	0.000	-168.258
424.000	122.828	38.751	0.000	176.019
426.000	122.960	38.348	0.000	159.511
428.000	123.083	38.323	0.000	148.961
430.000	122.909	36.522	0.000	143.470
432.000	122.794	34.927	0.000	122.094
434.000	123.051	35.643	0.000	115.744
436.000	123.064	34.170	0.000	117.126
438.000	122.803	32.091	0.000	103.549
440.000	122.904	32.338	0.000	95.573
442.000	123.045	31.852	0.000	92.451
444.000	122.991	30.790	0.000	89.186
446.000	122.837	29.304	0.000	81.374
448.000	122.896	29.122	0.000	70.808
450.000	123.081	29.082	0.000	69.169
452.000	122.952	27.515	0.000	67.162
454.000	122.805	26.357	0.000	60.182
456.000	122.950	26.962	0.000	56.036
458.000	123.110	26.906	0.000	59.036
460.000	122.858	25.375	0.000	54.728
462.000	122.822	26.071	0.000	41.025
464.000	123.070	26.795	0.000	42.197
466.000	122.970	26.087	0.000	32.517
468.000	122.887	26.474	0.000	20.537
470.000	122.850	25.916	0.000	7.963
472.000	123.038	26.157	0.000	-7.159
474.000	123.034	25.456	0.000	-11.631
476.000	122.758	23.214	0.000	-28.819
478.000	122.958	23.243	0.000	-47.614
480.000	123.072	22.391	0.000	-52.346
482.000	122.898	20.167	0.000	-65.177
484.000	122.812	18.575	0.000	-78.725
486.000	123.006	17.369	0.000	-86.312
488.000	123.036	16.665	0.000	-91.888
490.000	122.841	15.266	0.000	-102.804
492.000	122.873	14.072	0.000	-121.741
494.000	123.004	13.836	0.000	-130.671
496.000	123.027	13.634	0.000	-136.994
498.000	122.795	12.650	0.000	-142.775
500.000	122.897	13.119	0.000	-153.854
502.000	123.106	13.526	0.000	-164.013
504.000	122.883	12.227	0.000	-164.693
506.000	122.813	12.913	0.000	170.493
508.000	123.002	12.403	0.000	174.754
510.000	123.015	10.700	0.000	170.901
512.000	122.856	10.355	0.000	142.562
514.000	122.856	11.208	0.000	147.176
516.000	123.004	12.103	0.000	143.211
518.000	123.021	12.159	0.000	149.435
520.000	122.780	11.807	0.000	138.785
522.000	122.911	12.428	0.000	121.656
524.000	123.097	12.818	0.000	136.224
526.000	122.855	11.921	0.000	123.849
528.000	122.837	11.914	0.000	111.585
530.000	122.983	12.138	0.000	118.257
532.000	123.017	13.373	0.000	123.950
534.000	122.834	12.168	0.000	107.368
536.000	122.862	11.174	0.000	99.910
538.000	123.032	11.993	0.000	104.403
540.000	122.958	12.427	0.000	103.194
542.000	122.800	11.929	0.000	94.423
544.000	122.913	11.538	0.000	84.204
546.000	123.098	12.007	0.000	85.341
548.000	122.814	11.733	0.000	74.262
550.000	122.851	12.255	0.000	70.515
552.000	123.025	12.355	0.000	75.782
554.000	122.948	12.458	0.000	77.201
556.000	122.847	12.455	0.000	75.219
558.000	122.858	11.497	0.000	69.281
560.000	123.060	11.916	0.000	65.292
562.000	122.909	11.776	0.000	80.633
564.000	122.779	11.907	0.000	48.088
566.000	122.994	11.952	0.000	43.864
568.000	123.021	11.260	0.000	62.820
570.000	122.791	12.643	0.000	66.231
572.000	122.886	11.648	0.000	61.100
574.000	123.026	10.891	0.000	54.216
576.000	122.914	11.471	0.000	73.811
578.000	122.813	11.339	0.000	74.969
580.000	122.926	11.581	0.000	58.090
582.000	123.037	11.529	0.000	74.991
584.000	122.836	9.902	0.000	85.397
586.000	122.820	9.422	0.000	74.985
588.000	123.036	10.202	0.000	67.712
590.000	122.953	11.033	0.000	121.435
592.000	122.758	11.556	0.000	5.123
594.000	122.974	11.236	0.000	27.196
596.000	122.987	11.183	0.000	-113.768
598.000	122.860	11.238	0.000	-131.519
600.000	122.832	10.443	0.000	124.227
602.000	122.973	10.823	0.000	133.890
604.000	123.005	9.965	0.000	141.720
606.000	122.747	9.697	0.000	131.327
608.000	122.939	9.908	0.000	98.994
610.000	123.023	9.887	0.000	124.143
612.000	122.838	9.884	0.000	138.332
614.000	122.819	10.638	0.000	128.305
616.000	123.009	11.164	0.000	135.350
618.000	122.937	11.495	0.000	144.926
620.000	122.803	11.905	0.000	147.053
622.000	122.897	12.810	0.000	137.619
624.000	123.010	12.413	0.000	143.630
626.000	122.876	11.900	0.000	143.553
628.000	122.775	11.974	0.000	140.811
630.000	123.030	13.489	0.000	140.281
632.000	122.940	12.558	0.000	140.397
634.000	122.769	11.420	0.000	134.022
636.000	122.932	13.663	0.000	121.070
638.000	122.993	13.352	0.000	118.664
640.000	122.840	13.789	0.000	108.854
642.000	122.830	14.349	0.000	107.884
644.000	122.962	14.982	0.000	109.522
646.000	122.980	14.483	0.000	114.642
648.000	122.743	14.551	0.000	109.549
650.000	122.936	15.177	0.000	106.167
652.000	123.015	15.444	0.000	103.573
654.000	122.800	14.493	0.000	101.608
656.000	122.842	15.756	0.000	97.927
658.000	122.988	15.491	0.000	103.101
660.000	122.917	15.211	0.000	98.133
662.000	122.778	15.159	0.000	90.228
664.000	122.929	16.613	0.000	82.699
666.000	122.978	16.736	0.000	87.164
668.000	122.832	15.585	0.000	84.931
670.000	122.797	16.773	0.000	74.253
672.000	123.052	17.691	0.000	76.821
674.000	122.856	16.131	0.000	80.284
676.000	122.791	17.254	0.000	71.399
678.000	122.960	17.249	0.000	68.663
680.000	122.941	17.402	0.000	66.989
682.000	122.808	18.181	0.000	68.837
684.000	122.850	17.276	0.000	69.096
686.000	122.997	17.805	0.000	60.252
688.000	122.870	17.324	0.000	62.359
690.000	122.760	17.307	0.000	54.152
692.000	123.001	18.397	0.000	55.089
694.000	122.923	17.216	0.000	57.168
696.000	122.764	17.359	0.000	46.721
698.000	122.918	18.157	0.000	41.609
700.000	122.960	17.811	0.000	45.815
702.000	122.830	17.669	0.000	44.922
704.000	122.809	17.831	0.000	40.567
706.000	122.987	18.541	0.000	36.039
708.000	122.889	18.066	0.000	37.955
710.000	122.770	16.617	0.000	30.702
712.000	122.924	18.034	0.000	28.854
714.000	122.991	17.844	0.000	34.262
716.000	122.733	16.174	0.000	30.606
718.000	122.915	17.657	0.000	26.385
720.000	122.942	17.284	0.000	27.958
722.000	122.856	15.950	0.000	27.581
724.000	122.785	16.263	0.000	31.376
726.000	122.963	16.577	0.000	26.081
728.000	122.922	16.472	0.000	27.702
730.000	122.747	16.014	0.000	16.141
732.000	122.914	16.824	0.000	11.867
734.000	122.974	15.805	0.000	21.963
736.000	122.761	14.929	0.000	7.301
738.000	122.864	15.201	0.000	12.806
740.000	122.962	15.127	0.000	14.004
742.000	122.844	14.973	0.000	22.272
744.000	122.785	14.921	0.000	19.122
746.000	122.942	15.768	0.000	15.913
748.000	122.924	15.055	0.000	26.400
750.000	122.749	15.135	0.000	27.398
752.000	122.893	16.028	0.000	26.629
754.000	122.976	16.829	0.000	28.927
756.000	122.756	16.083	0.000	23.120
758.000	122.858	16.632	0.000	23.721
760.000	122.961	15.819	0.000	29.363
762.000	122.827	16.775	0.000	24.488
764.000	122.795	17.302	0.000	21.308
766.000	122.921	17.870	0.000	12.959
768.000	122.939	17.505	0.000	8.985
770.000	122.719	16.318	0.000	-4.564
772.000	122.923	15.786	0.000	-12.224
774.000	122.937	14.433	0.000	-12.626
776.000	122.765	13.231	0.000	-22.710
778.000	122.842	14.063	0.000	-27.781
780.000	122.964	13.650	0.000	-33.937
782.000	122.808	13.053	0.000	-39.110
784.000	122.795	13.233	0.000	-65.170
786.000	122.928	13.864	0.000	-94.608
788.000	122.901	14.018	0.000	-111.944
790.000	122.728	15.507	0.000	-125.360
792.000	122.924	18.593	0.000	-134.661
794.000	122.926	19.515	0.000	-140.710
796.000	122.738	21.641	0.000	-157.296
798.000	122.879	24.756	0.000	-160.745
800.000	122.932	25.761	0.000	-160.424
802.000	122.795	27.636	0.000	-170.756
804.000	122.799	29.778	0.000	-176.408
806.000	122.942	32.451	0.000	177.974
808.000	122.861	33.530	0.000	178.748
810.000	122.730	35.474	0.000	162.954
812.000	122.961	38.343	0.000	163.523
814.000	122.866	38.920	0.000	158.240
816.000	122.747	41.214	0.000	144.186
818.000	122.893	43.404	0.000	138.290
820.000	122.913	44.937	0.000	129.249
822.000	122.762	45.998	0.000	114.282
824.000	122.830	47.739	0.000	98.322
826.000	122.942	48.729	0.000	89.665
828.000	122.799	48.451	0.000	78.502
830.000	122.769	49.269	0.000	61.365
832.000	122.967	50.667	0.000	56.910
834.000	122.812	49.897	0.000	48.465
836.000	122.757	50.754	0.000	29.382
838.000	122.934	51.242	0.000	26.436
840.000	122.845	50.449	0.000	15.845
842.000	122.769	50.459	0.000	7.593
844.000	122.851	50.806	0.000	-0.916
846.000	122.940	51.398	0.000	-1.708
848.000	122.721	50.531	0.000	-10.271
850.000	122.859	52.283	0.000	-21.444
852.000	122.931	52.414	0.000	-20.839
854.000	122.757	51.777	0.000	-36.534
856.000	122.803	52.637	0.000	-47.140
858.000	122.939	52.321	0.000	-53.111
860.000	122.788	51.352	0.000	-61.783
862.000	122.780	50.823	0.000	-70.907
864.000	122.900	51.056	0.000	-74.223
866.000	122.866	50.303	0.000	-74.520
868.000	122.710	49.719	0.000	-85.402
870.000	122.930	50.583	0.000	-88.915
872.000	122.860	49.484	0.000	-88.307
874.000	122.730	48.440	0.000	-98.506
876.000	122.877	49.014	0.000	-96.369
878.000	122.885	48.127	0.000	-92.996
880.000	122.749	48.410	0.000	-94.008
882.000	122.822	49.234	0.000	-93.751
884.000	122.918	50.966	0.000	-93.107
886.000	122.763	50.856	0.000	-96.795
888.000	122.784	52.840	0.000	-113.681
890.000	122.951	53.331	0.000	-113.055
892.000	122.753	51.992	0.000	-128.097
894.000	122.784	52.308	0.000	-137.503
896.000	122.908	51.954	0.000	-140.125
898.000	122.810	51.047	0.000	-142.838
900.000	122.749	50.796	0.000	-149.128
902.000	122.889	51.372	0.000	-149.295
904.000	122.854	51.209	0.000	-148.576
906.000	122.710	51.000	0.000	-156.448
908.000	122.898	52.608	0.000	-159.707
910.000	122.864	52.106	0.000	-157.573
912.000	122.716	52.083	0.000	-170.756
914.000	122.867	53.166	0.000	-171.562
916.000	122.867	52.767	0.000	-175.027
918.000	122.744	52.883	0.000	177.803
920.000	122.811	53.420	0.000	172.125
922.000	122.904	54.348	0.000	170.383
924.000	122.742	53.949	0.000	165.297
926.000	122.791	55.645	0.000	150.307
928.000	122.924	56.217	0.000	150.716
930.000	122.735	55.245	0.000	132.678
932.000	122.790	55.954	0.000	120.563
934.000	122.893	55.164	0.000	111.926
936.000	122.777	53.909	0.000	102.276
938.000	122.757	52.630	0.000	90.758
940.000	122.884	52.041	0.000	88.505
942.000	122.815	50.197	0.000	88.974
944.000	122.714	49.012	0.000	84.449
946.000	122.913	49.389	0.000	89.197
948.000	122.799	48.248	0.000	96.561
950.000	122.732	48.865	0.000	92.790
952.000	122.876	50.102	0.000	100.395
954.000	122.821	50.446	0.000	96.752
956.000	122.732	51.556	0.000	90.874
958.000	122.836	52.712	0.000	80.716
960.000	122.871	53.378	0.000	77.780
962.000	122.696	52.457	0.000	63.463
964.000	122.858	53.705	0.000	53.868
966.000	122.854	52.620	0.000	53.051
968.000	122.720	51.663	0.000	38.950
970.000	122.821	51.679	0.000	36.669
972.000	122.869	50.849	0.000	36.585
974.000	122.721	50.196	0.000	35.583
976.000	122.807	51.047	0.000	35.428
978.000	122.868	52.074	0.000	38.455
980.000	122.741	52.457	0.000	33.400
982.000	122.770	54.476	0.000	21.576
984.000	122.909	55.411	0.000	19.880
986.000	122.709	54.986	0.000	4.213
988.000	122.797	56.404	0.000	-7.825
990.000	122.862	56.295	0.000	-14.021
992.000	122.751	56.091	0.000	-28.801
994.000	122.756	56.216	0.000	-41.160
996.000	122.877	56.621	0.000	-52.327
998.000	122.762	55.600	0.000	-59.339
1000.000	122.729	55.266	0.000	-80.593
1002.000	122.910	55.371	0.000	-81.594
1004.000	122.731	53.097	0.000	-93.669
1006.000	122.758	52.969	0.000	-103.649
1008.000	122.864	52.084	0.000	-107.480
1010.000	122.769	50.958	0.000	-111.770
1012.000	122.731	50.291	0.000	-119.666
1014.000	122.868	50.484	0.000	-120.452
1016.000	122.781	49.609	0.000	-122.476
1018.000	122.704	49.439	0.000	-131.396
1020.000	122.897	50.488	0.000	-132.334
1022.000	122.754	49.521	0.000	-134.511
1024.000	122.733	50.405	0.000	-146.674
1026.000	122.859	50.741	0.000	-146.929
1028.000	122.774	50.626	0.000	-156.979
1030.000	122.722	50.881	0.000	-165.458
1032.000	122.849	51.750	0.000	-174.984
1034.000	122.796	51.538	0.000	-178.602
1036.000	122.693	51.483	0.000	164.290
1038.000	122.883	52.695	0.000	160.248
1040.000	122.760	51.703	0.000	152.069
1042.000	122.723	52.442	0.000	136.406
1044.000	122.849	52.858	0.000	130.532
1046.000	122.778	52.748	0.000	119.156
1048.000	122.718	52.893	0.000	104.156
1050.000	122.836	53.755	0.000	91.904
1052.000	122.799	53.274	0.000	82.452
1054.000	122.689	52.883	0.000	61.874
1056.000	122.872	53.551	0.000	50.596
1058.000	122.764	52.286	0.000	41.526
1060.000	122.717	51.857	0.000	20.096
1062.000	122.842	51.840	0.000	14.481
1064.000	122.775	50.461	0.000	1.491
1066.000	122.714	49.940	0.000	-10.113
1068.000	122.826	49.707	0.000	-21.827
1070.000	122.801	49.159	0.000	-25.434
1072.000	122.680	48.040	0.000	-42.890
1074.000	122.871	48.742	0.000	-47.492
1076.000	122.753	46.979	0.000	-54.775
1078.000	122.718	46.828	0.000	-69.034
1080.000	122.833	46.401	0.000	-74.905
1082.000	122.772	45.327	0.000	-82.103
1084.000	122.707	44.289	0.000	-91.511
1086.000	122.833	44.163	0.000	-94.108
1088.000	122.778	43.294	0.000	-93.272
1090.000	122.685	43.270	0.000	-99.446
1092.000	122.869	44.741	0.000	-98.980
1094.000	122.737	44.370	0.000	-103.057
1096.000	122.722	45.734	0.000	-117.113
1098.000	122.836	46.289	0.000	-120.704
1100.000	122.747	46.368	0.000	-133.420
1102.000	122.714	46.791	0.000	-146.308
1104.000	122.840	47.577	0.000	-159.232
1106.000	122.746	47.008	0.000	-168.511
1108.000	122.708	46.753	0.000	166.949
1110.000	122.859	46.971	0.000	159.028
1112.000	122.712	44.589	0.000	140.482
1114.000	122.735	43.734	0.000	118.855
1116.000	122.835	41.287	0.000	104.114
1118.000	122.719	37.370	0.000	82.036
1120.000	122.733	31.686	0.000	41.482
1122.000	122.833	30.076	0.000	-73.497
1124.000	122.716	34.939	0.000	-125.589
1126.000	122.735	39.140	0.000	-153.922
1128.000	122.843	41.114	0.000	-168.513
1130.000	122.689	40.852	0.000	167.740
1132.000	122.761	41.874	0.000	145.490
1134.000	122.815	40.635	0.000	133.545
1136.000	122.707	38.534	0.000	109.606
1138.000	122.740	35.867	0.000	88.224
1140.000	122.840	32.187	0.000	62.488
1142.000	122.673	28.462	0.000	-14.323
1144.000	122.784	33.153	0.000	-90.424
1146.000	122.805	36.425	0.000	-111.829
1148.000	122.681	39.743	0.000	-136.741
1150.000	122.784	42.130	0.000	-148.407
1152.000	122.794	43.166	0.000	-160.142
1154.000	122.683	44.060	0.000	-174.160
1156.000	122.782	45.400	0.000	174.953
1158.000	122.799	45.871	0.000	169.798
1160.000	122.660	46.030	0.000	156.592
1162.000	122.822	47.534	0.000	150.061
1164.000	122.756	47.216	0.000	145.927
1166.000	122.684	47.989	0.000	131.509
1168.000	122.818	48.877	0.000	129.015
1170.000	122.737	48.794	0.000	118.972
1172.000	122.699	49.386	0.000	109.628
1174.000	122.812	50.244	0.000	99.769
1176.000	122.736	50.089	0.000	94.768
1178.000	122.697	50.335	0.000	76.424
1180.000	122.829	50.914	0.000	73.952
1182.000	122.701	49.530	0.000	60.957
1184.000	122.727	49.839	0.000	50.047
1186.000	122.807	49.163	0.000	44.223
1188.000	122.705	48.113	0.000	36.246
1190.000	122.721	47.617	0.000	26.766
1192.000	122.822	47.176	0.000	25.758
1194.000	122.677	45.613	0.000	20.456
1196.000	122.749	45.521	0.000	15.206
1198.000	122.811	45.073	0.000	19.983
1200.000	122.655	43.959	0.000	14.602
1202.000	122.794	44.795	0.000	17.659
1204.000	122.762	44.261	0.000	18.804
1206.000	122.684	44.640	0.000	16.710
1208.000	122.776	45.576	0.000	12.662
1210.000	122.779	45.951	0.000	14.013
1212.000	122.658	45.964	0.000	2.244
1214.000	122.816	47.146	0.000	0.438
1216.000	122.726	46.288	0.000	-4.299
1218.000	122.689	46.881	0.000	-14.594
1220.000	122.813	46.910	0.000	-16.041
1222.000	122.705	46.515	0.000	-22.635
1224.000	122.705	46.550	0.000	-29.184
1226.000	122.812	47.029	0.000	-30.884
1228.000	122.687	46.279	0.000	-35.209
1230.000	122.727	46.887	0.000	-42.839
1232.000	122.805	47.114	0.000	-42.638
1234.000	122.664	46.655	0.000	-50.954
1236.000	122.769	47.743	0.000	-54.986
1238.000	122.762	47.214	0.000	-58.319
1240.000	122.688	47.530	0.000	-65.257
1242.000	122.754	47.959	0.000	-72.250
1244.000	122.777	48.461	0.000	-73.929
1246.000	122.656	48.247	0.000	-86.657
1248.000	122.801	49.459	0.000	-91.318
1250.000	122.727	48.567	0.000	-99.587
1252.000	122.686	49.024	0.000	-113.706
1254.000	122.797	48.895	0.000	-120.184
1256.000	122.709	48.135	0.000	-130.383
1258.000	122.695	47.731	0.000	-142.889
1260.000	122.809	47.460	0.000	-148.368
1262.000	122.675	45.977	0.000	-157.003
1264.000	122.727	45.556	0.000	-168.100
1266.000	122.802	44.854	0.000	-168.517
1268.000	122.648	43.049	0.000	-178.315
1270.000	122.785	42.913	0.000	-179.565
1272.000	122.740	41.264	0.000	179.057
1274.000	122.679	40.577	0.000	176.616
1276.000	122.776	40.396	0.000	175.334
1278.000	122.736	39.891	0.000	178.424
1280.000	122.674	39.487	0.000	172.791
1282.000	122.798	40.237	0.000	175.578
1284.000	122.698	39.381	0.000	173.353
1286.000	122.710	40.306	0.000	168.955
1288.000	122.779	40.304	0.000	167.110
1290.000	122.692	40.216	0.000	162.310
1292.000	122.715	40.543	0.000	155.085
1294.000	122.789	40.882	0.000	154.598
1296.000	122.657	40.415	0.000	146.949
1298.000	122.760	41.297	0.000	140.141
1300.000	122.759	41.332	0.000	139.100
1302.000	122.659	41.197	0.000	125.548
1304.000	122.785	41.749	0.000	123.692
1306.000	122.717	41.169	0.000	114.667
1308.000	122.680	41.078	0.000	107.127
1310.000	122.789	41.594	0.000	99.550
1312.000	122.691	40.800	0.000	94.842
1314.000	122.708	41.027	0.000	80.043
1316.000	122.786	40.766	0.000	79.075
1318.000	122.666	39.703	0.000	66.026
1320.000	122.740	39.727	0.000	59.468
1322.000	122.760	38.818	0.000	52.910
1324.000	122.664	37.946	0.000	43.855
1326.000	122.760	37.618	0.000	36.827
1328.000	122.743	36.478	0.000	34.277
1330.000	122.653	35.262	0.000	25.001
1332.000	122.809	35.302	0.000	23.538
1334.000	122.676	33.578	0.000	20.076
1336.000	122.713	33.285	0.000	13.499
1338.000	122.773	32.267	0.000	14.043
1340.000	122.671	31.198	0.000	10.213
1342.000	122.730	30.817	0.000	7.912
1344.000	122.767	30.406	0.000	8.314
1346.000	122.647	29.335	0.000	5.122
1348.000	122.785	29.785	0.000	4.204
1350.000	122.708	28.072	0.000	6.571
1352.000	122.684	27.849	0.000	3.686
1354.000	122.775	27.471	0.000	6.174
1356.000	122.691	26.734	0.000	6.158
1358.000	122.699	26.225	0.000	5.174
1360.000	122.782	25.779	0.000	10.139
1362.000	122.657	24.972	0.000	11.263
1364.000	122.746	25.679	0.000	19.009
1366.000	122.750	25.909	0.000	28.947
1368.000	122.653	27.090	0.000	24.867
1370.000	122.784	28.156	0.000	30.456
1372.000	122.698	28.679	0.000	27.395
1374.000	122.684	29.787	0.000	25.630
1376.000	122.790	31.376	0.000	23.577
1378.000	122.660	31.598	0.000	17.218
1380.000	122.738	33.049	0.000	7.739
1382.000	122.751	33.066	0.000	7.229
1384.000	122.662	33.275	0.000	-4.648
1386.000	122.762	33.793	0.000	-8.506
1388.000	122.718	33.351	0.000	-14.450
1390.000	122.677	33.238	0.000	-19.848
1392.000	122.769	33.945	0.000	-23.762
1394.000	122.696	33.608	0.000	-27.458
1396.000	122.694	34.107	0.000	-36.723
1398.000	122.783	34.509	0.000	-37.978
1400.000	122.646	33.991	0.000	-46.045
1402.000	122.758	34.919	0.000	-48.815
1404.000	122.730	34.702	0.000	-53.349
1406.000	122.663	35.007	0.000	-61.719
1408.000	122.778	35.619	0.000	-71.303
1410.000	122.693	35.255	0.000	-76.273
1412.000	122.693	35.176	0.000	-91.945
1414.000	122.776	35.074	0.000	-93.611
1416.000	122.660	33.706	0.000	-106.839
1418.000	122.741	33.436	0.000	-113.551
1420.000	122.738	32.305	0.000	-118.889
1422.000	122.667	31.181	0.000	-125.048
1424.000	122.759	30.913	0.000	-129.524
1426.000	122.716	29.637	0.000	-132.377
1428.000	122.667	28.794	0.000	-139.194
1430.000	122.798	28.395	0.000	-137.360
1432.000	122.650	26.585	0.000	-139.456
1434.000	122.742	26.674	0.000	-144.521
1436.000	122.744	25.140	0.000	-143.954
1438.000	122.655	23.963	0.000	-146.660
1440.000	122.772	23.927	0.000	-143.371
1442.000	122.701	23.425	0.000	-137.383
1444.000	122.684	22.871	0.000	-142.274
1446.000	122.778	22.843	0.000	-136.643
1448.000	122.659	22.432	0.000	-138.497
1450.000	122.738	22.948	0.000	-139.209
1452.000	122.737	22.132	0.000	-143.693
1454.000	122.668	21.574	0.000	-148.553
1456.000	122.756	21.176	0.000	-147.136
1458.000	122.711	20.253	0.000	-141.841
1460.000	122.676	20.723	0.000	-139.918
1462.000	122.785	21.074	0.000	-136.941
1464.000	122.654	20.258	0.000	-138.114
1466.000	122.744	20.317	0.000	-140.217
1468.000	122.730	19.796	0.000	-146.726
1470.000	122.671	20.081	0.000	-144.647
1472.000	122.760	19.987	0.000	-143.487
1474.000	122.699	19.339	0.000	-138.677
1476.000	122.702	19.530	0.000	-143.558
1478.000	122.759	19.921	0.000	-139.306
1480.000	122.670	19.060	0.000	-142.390
1482.000	122.737	19.167	0.000	-139.141
1484.000	122.732	19.174	0.000	-138.151
1486.000	122.671	18.836	0.000	-139.642
1488.000	122.765	19.285	0.000	-140.190
1490.000	122.689	18.658	0.000	-142.597
1492.000	122.706	19.283	0.000	-141.653
1494.000	122.763	19.282	0.000	-137.459
1496.000	122.656	18.728	0.000	-141.521
1498.000	122.762	19.787	0.000	-141.395
1500.000	122.706	18.842	0.000	-146.835
1502.000	122.686	18.632	0.000	-148.801
1504.000	122.769	19.091	0.000	-150.194
1506.000	122.673	18.958	0.000	-150.686
1508.000	122.729	19.715	0.000	-157.072
1510.000	122.746	18.501	0.000	-154.332
1512.000	122.663	17.521	0.000	-147.609
1514.000	122.765	17.887	0.000	-142.952
1516.000	122.700	17.720	0.000	-141.518
1518.000	122.690	18.503	0.000	-143.261
1520.000	122.778	18.760	0.000	-148.545
1522.000	122.651	18.506	0.000	-152.794
1524.000	122.762	18.856	0.000	-149.141
1526.000	122.707	18.837	0.000	-151.513
1528.000	122.701	18.694	0.000	-161.768
1530.000	122.751	17.992	0.000	-159.921
1532.000	122.693	17.494	0.000	-159.184
1534.000	122.716	18.136	0.000	-154.045
1536.000	122.752	18.576	0.000	-154.009
1538.000	122.665	17.815	0.000	-159.026
1540.000	122.769	18.429	0.000	-154.593
1542.000	122.694	18.095	0.000	-155.502
1544.000	122.705	18.150	0.000	-157.161
1546.000	122.760	17.915	0.000	-159.030
1548.000	122.665	18.204	0.000	-162.076
1550.000	122.755	18.918	0.000	-162.186
1552.000	122.716	19.008	0.000	-159.232
1554.000	122.686	18.313	0.000	-164.353
1556.000	122.774	18.591	0.000	-165.007
1558.000	122.670	18.067	0.000	-164.089
1560.000	122.741	19.068	0.000	-164.568
1562.000	122.733	18.213	0.000	-168.329
1564.000	122.676	18.025	0.000	-171.819
1566.000	122.768	18.739	0.000	-168.841
1568.000	122.688	18.436	0.000	-169.669
1570.000	122.720	18.597	0.000	-176.089
1572.000	122.755	18.375	0.000	-171.600
1574.000	122.667	18.319	0.000	-171.983
1576.000	122.767	19.454	0.000	-171.847
1578.000	122.696	19.064	0.000	-178.872
1580.000	122.709	19.061	0.000	177.829
1582.000	122.759	19.059	0.000	-176.594
1584.000	122.671	19.016	0.000	178.108
1586.000	122.759	19.213	0.000	174.924
1588.000	122.713	18.248	0.000	175.501
1590.000	122.697	18.689	0.000	171.969
1592.000	122.766	18.058	0.000	171.783
1594.000	122.676	18.287	0.000	169.216
1596.000	122.747	18.931	0.000	167.242
1598.000	122.730	18.194	0.000	168.854
1600.000	122.689	17.721	0.000	160.798
1602.000	122.768	18.242	0.000	163.982
1604.000	122.682	17.532	0.000	159.378
1606.000	122.741	18.282	0.000	158.898
1608.000	122.734	18.465	0.000	158.099
1610.000	122.685	18.747	0.000	152.595
1612.000	122.767	18.550	0.000	154.617
1614.000	122.698	17.922	0.000	153.867
1616.000	122.717	18.564	0.000	147.824
1618.000	122.764	18.422	0.000	146.273
1620.000	122.664	17.769	0.000	145.219
1622.000	122.782	18.298	0.000	145.328
1624.000	122.689	17.467	0.000	141.998
1626.000	122.725	17.294	0.000	141.366
1628.000	122.757	17.937	0.000	142.579
1630.000	122.676	17.333	0.000	139.613
1632.000	122.768	17.372	0.000	141.220
1634.000	122.707	16.924	0.000	135.217
1636.000	122.710	16.916	0.000	137.840
1638.000	122.767	15.856	0.000	141.704
1640.000	122.669	16.098	0.000	135.554
1642.000	122.773	16.806	0.000	132.292
1644.000	122.704	16.483	0.000	132.553
1646.000	122.717	16.522	0.000	130.459
1648.000	122.765	16.982	0.000	136.515
1650.000	122.681	16.075	0.000	128.270
1652.000	122.759	16.349	0.000	126.592
1654.000	122.719	16.026	0.000	129.488
1656.000	122.704	15.212	0.000	130.784
1658.000	122.774	14.860	0.000	128.870
1660.000	122.671	14.520	0.000	127.279
1662.000	122.774	15.805	0.000	121.703
1664.000	122.709	15.360	0.000	130.498
1666.000	122.716	14.886	0.000	124.085
1668.000	122.762	15.071	0.000	126.910
1670.000	122.687	15.434	0.000	118.566
1672.000	122.756	15.592	0.000	122.662
1674.000	122.725	14.799	0.000	126.158
1676.000	122.707	15.237	0.000	123.841
1678.000	122.773	14.968	0.000	124.734
1680.000	122.675	14.101	0.000	117.364
1682.000	122.774	14.224	0.000	120.343
1684.000	122.716	14.297	0.000	121.430
1686.000	122.706	14.108	0.000	120.166
1688.000	122.788	13.877	0.000	118.504
1690.000	122.667	13.361	0.000	113.981
1692.000	122.783	14.521	0.000	119.236
1694.000	122.701	15.202	0.000	118.742
1696.000	122.737	15.068	0.000	119.750
1698.000	122.747	14.654	0.000	119.684
1700.000	122.703	14.750	0.000	115.024
1702.000	122.757	14.765	0.000	117.819
1704.000	122.726	14.622	0.000	123.893
1706.000	122.713	14.270	0.000	118.404
1708.000	122.776	14.105	0.000	114.579
1710.000	122.678	14.608	0.000	110.989
1712.000	122.783	14.894	0.000	111.465
1714.000	122.700	14.249	0.000	109.623
1716.000	122.740	14.340	0.000	106.155
1718.000	122.754	14.973	0.000	103.047
1720.000	122.693	14.614	0.000	104.051
1722.000	122.777	14.402	0.000	113.063
1724.000	122.710	13.934	0.000	106.760
1726.000	122.732	13.603	0.000	97.228
1728.000	122.763	13.523	0.000	101.146
1730.000	122.684	14.198	0.000	101.415
1732.000	122.790	14.446	0.000	101.785
1734.000	122.686	14.982	0.000	99.714
1736.000	122.768	15.095	0.000	104.397
1738.000	122.727	13.997	0.000	106.513
1740.000	122.723	13.902	0.000	102.317
1742.000	122.762	14.780	0.000	106.323
1744.000	122.705	15.022	0.000	97.866
1746.000	122.756	13.510	0.000	92.291
1748.000	122.737	13.930	0.000	93.743
1750.000	122.715	14.456	0.000	92.831
1752.000	122.774	14.334	0.000	97.867
1754.000	122.697	13.786	0.000	90.703
1756.000	122.767	14.172	0.000	87.990
1758.000	122.727	13.902	0.000	87.726
1760.000	122.719	14.587	0.000	92.585
1762.000	122.781	13.627	0.000	96.605
1764.000	122.686	12.431	0.000	94.131
1766.000	122.789	13.086	0.000	98.382
1768.000	122.697	13.129	0.000	88.813
1770.000	122.764	13.065	0.000	84.390
1772.000	122.738	12.876	0.000	90.969
1774.000	122.716	13.849	0.000	84.122
1776.000	122.778	13.697	0.000	89.184
1778.000	122.705	12.672	0.000	88.219
1780.000	122.758	12.507	0.000	80.739
1782.000	122.746	12.507	0.000	80.226
1784.000	122.711	13.846	0.000	88.715
1786.000	122.784	14.280	0.000	84.961
1788.000	122.689	12.907	0.000	94.751
1790.000	122.784	12.130	0.000	93.521
1792.000	122.716	12.160	0.000	84.891
1794.000	122.746	12.513	0.000	77.606
1796.000	122.753	12.503	0.000	69.513
1798.000	122.725	12.416	0.000	68.747
1800.000	122.759	12.769	0.000	89.969
1802.000	122.733	12.887	0.000	92.337
1804.000	122.734	13.465	0.000	87.101
1806.000	122.768	12.905	0.000	83.844
1808.000	122.701	13.007	0.000	76.912
1810.000	122.794	12.873	0.000	80.545
1812.000	122.695	11.987	0.000	76.011
1814.000	122.774	12.777	0.000	76.342
1816.000	122.735	13.125	0.000	58.327
1818.000	122.725	13.959	0.000	70.557
1820.000	122.781	13.104	0.000	79.892
1822.000	122.696	12.690	0.000	79.050
1824.000	122.794	13.353	0.000	88.818
1826.000	122.701	12.481	0.000	81.377
1828.000	122.774	12.392	0.000	75.471
1830.000	122.735	12.698	0.000	75.730
1832.000	122.737	12.829	0.000	87.120
1834.000	122.767	12.898	0.000	77.375
1836.000	122.723	13.098	0.000	72.448
1838.000	122.763	13.924	0.000	80.600
1840.000	122.745	12.378	0.000	85.525
1842.000	122.727	12.212	0.000	90.331
1844.000	122.778	12.938	0.000	87.261
1846.000	122.705	12.542	0.000	83.161
1848.000	122.788	12.620	0.000	88.307
1850.000	122.716	13.590	0.000	90.388
1852.000	122.758	14.347	0.000	83.084
1854.000	122.758	13.236	0.000	87.222
1856.000	122.723	13.603	0.000	92.163
1858.000	122.782	13.416	0.000	89.392
1860.000	122.705	14.016	0.000	87.997
1862.000	122.786	14.433	0.000	94.695
1864.000	122.720	13.787	0.000	92.653
1866.000	122.766	14.610	0.000	87.918
1868.000	122.746	14.378	0.000	85.838
1870.000	122.738	15.052	0.000	86.405
1872.000	122.770	15.314	0.000	91.939
1874.000	122.726	16.017	0.000	86.527
1876.000	122.764	16.804	0.000	85.391
1878.000	122.748	16.653	0.000	87.713
1880.000	122.738	16.666	0.000	84.972
1882.000	122.774	16.125	0.000	84.653
1884.000	122.724	16.995	0.000	80.895
1886.000	122.768	17.530	0.000	83.078
1888.000	122.747	17.970	0.000	82.753
1890.000	122.738	18.409	0.000	83.188
1892.000	122.781	18.825	0.000	81.074
1894.000	122.711	19.500	0.000	75.851
1896.000	122.800	19.789	0.000	79.603
1898.000	122.700	20.126	0.000	76.135
1900.000	122.796	20.863	0.000	74.894
1902.000	122.720	21.024	0.000	71.737
1904.000	122.765	21.642	0.000	72.127
1906.000	122.763	22.044	0.000	67.816
1908.000	122.719	22.762	0.000	64.306
1910.000	122.802	23.230	0.000	62.187
1912.000	122.698	23.441	0.000	56.524
1914.000	122.805	24.251	0.000	52.741
1916.000	122.713	24.135	0.000	51.326
1918.000	122.772	24.732	0.000	46.891
1920.000	122.755	24.975	0.000	47.618
1922.000	122.737	25.045	0.000	41.286
1924.000	122.781	25.141	0.000	39.970
1926.000	122.721	25.322	0.000	33.186
1928.000	122.785	25.739	0.000	31.570
1930.000	122.729	25.742	0.000	29.250
1932.000	122.770	26.234	0.000	25.132
1934.000	122.748	25.973	0.000	22.908
1936.000	122.748	26.357	0.000	19.102
1938.000	122.775	26.630	0.000	21.899
1940.000	122.732	26.734	0.000	18.600
1942.000	122.773	26.988	0.000	19.123
1944.000	122.740	27.198	0.000	15.727
1946.000	122.759	27.853	0.000	13.611
1948.000	122.765	28.229	0.000	12.758
1950.000	122.738	28.649	0.000	6.605
1952.000	122.776	29.070	0.000	7.767
1954.000	122.735	29.362	0.000	3.079
1956.000	122.770	30.019	0.000	1.532
1958.000	122.751	29.952	0.000	-2.456
1960.000	122.747	30.632	0.000	-8.091
1962.000	122.774	30.853	0.000	-10.088
1964.000	122.731	31.195	0.000	-16.109
1966.000	122.787	31.477	0.000	-16.763
1968.000	122.730	31.677	0.000	-24.159
1970.000	122.777	31.823	0.000	-24.222
1972.000	122.745	31.763	0.000	-29.628
1974.000	122.761	32.147	0.000	-31.846
1976.000	122.764	32.102	0.000	-36.137
1978.000	122.740	32.632	0.000	-39.433
1980.000	122.780	32.716	0.000	-40.144
1982.000	122.728	32.852	0.000	-43.867
1984.000	122.785	33.442	0.000	-46.256
1986.000	122.736	33.376	0.000	-50.570
1988.000	122.764	34.047	0.000	-53.462
1990.000	122.762	33.860	0.000	-56.699
1992.000	122.744	34.627	0.000	-61.656
1994.000	122.781	34.478	0.000	-64.759
1996.000	122.733	34.956	0.000	-69.589
1998.000	122.777	35.009	0.000	-73.646
2000.000	122.742	35.078	0.000	-78.960
