2000.000	86.606	10.950	0.000	60.117
2.000	86.612	9.941	0.000	140.174
4.000	86.665	10.055	0.000	-124.575
6.000	86.621	9.830	0.000	-110.073
8.000	86.621	11.204	0.000	-114.210
10.000	86.674	10.993	0.000	-140.246
12.000	86.633	11.491	0.000	179.101
14.000	86.631	11.100	0.000	164.166
16.000	86.685	9.824	0.000	-161.585
18.000	86.645	9.724	0.000	-135.659
20.000	86.642	9.021	0.000	-152.870
22.000	86.696	11.711	0.000	-90.954
24.000	86.656	11.680	0.000	-173.698
26.000	86.652	10.707	0.000	109.905
28.000	86.708	10.793	0.000	-170.336
30.000	86.667	10.496	0.000	153.467
32.000	86.663	10.634	0.000	-64.667
34.000	86.720	11.579	0.000	-83.293
36.000	86.678	10.995	0.000	-159.644
38.000	86.674	10.366	0.000	163.737
40.000	86.731	11.987	0.000	157.640
42.000	86.689	11.659	0.000	144.645
44.000	86.686	11.634	0.000	142.992
46.000	86.741	11.188	0.000	-156.334
48.000	86.698	11.011	0.000	-110.511
50.000	86.699	10.688	0.000	-169.653
52.000	86.752	11.062	0.000	160.017
54.000	86.708	10.983	0.000	150.797
56.000	86.713	10.553	0.000	-93.495
58.000	86.761	9.432	0.000	-106.124
60.000	86.716	10.283	0.000	156.956
62.000	86.730	9.822	0.000	-170.186
64.000	86.770	8.710	0.000	-175.981
66.000	86.723	9.587	0.000	-148.894
68.000	86.746	10.888	0.000	136.420
70.000	86.780	11.513	0.000	5.701
72.000	86.731	11.252	0.000	-83.899
74.000	86.763	10.051	0.000	178.229
76.000	86.788	9.392	0.000	-157.011
78.000	86.740	9.984	0.000	89.989
80.000	86.781	10.846	0.000	167.917
82.000	86.796	11.154	0.000	-159.151
84.000	86.749	9.249	0.000	160.352
86.000	86.798	9.372	0.000	174.757
88.000	86.802	10.862	0.000	160.703
90.000	86.760	11.237	0.000	-165.321
92.000	86.814	10.733	0.000	-151.117
94.000	86.807	9.562	0.000	-153.659
96.000	86.774	10.022	0.000	-138.847
98.000	86.830	11.645	0.000	108.642
100.000	86.810	11.965	0.000	22.395
102.000	86.790	11.219	0.000	-162.078
104.000	86.844	11.619	0.000	-164.889
106.000	86.812	11.358	0.000	-69.321
108.000	86.809	11.123	0.000	17.116
110.000	86.856	10.622	0.000	56.911
112.000	86.815	10.390	0.000	11.113
114.000	86.830	11.119	0.000	-89.873
116.000	86.865	11.029	0.000	-84.728
118.000	86.819	11.400	0.000	47.834
120.000	86.852	11.206	0.000	117.851
122.000	86.871	9.832	0.000	-8.913
124.000	86.827	9.819	0.000	65.164
126.000	86.874	10.414	0.000	54.225
128.000	86.873	10.532	0.000	-140.243
130.000	86.839	10.630	0.000	-122.025
132.000	86.894	11.324	0.000	-176.871
134.000	86.873	11.020	0.000	86.526
136.000	86.855	11.607	0.000	89.892
138.000	86.910	10.829	0.000	-141.450
140.000	86.874	11.297	0.000	-176.338
142.000	86.877	10.467	0.000	149.610
144.000	86.920	11.239	0.000	-125.859
146.000	86.876	11.505	0.000	-94.578
148.000	86.902	11.354	0.000	-85.913
150.000	86.925	9.741	0.000	17.447
152.000	86.883	10.242	0.000	65.613
154.000	86.927	10.062	0.000	-26.696
156.000	86.924	10.153	0.000	127.492
158.000	86.897	10.540	0.000	-130.211
160.000	86.947	11.444	0.000	-67.838
162.000	86.921	10.197	0.000	5.703
164.000	86.918	11.013	0.000	115.473
166.000	86.962	9.703	0.000	149.867
168.000	86.919	10.286	0.000	-112.869
170.000	86.943	11.787	0.000	-45.149
172.000	86.969	12.138	0.000	-48.725
174.000	86.924	10.939	0.000	-16.006
176.000	86.969	9.816	0.000	-47.452
178.000	86.967	9.531	0.000	-54.239
180.000	86.938	10.772	0.000	-60.133
182.000	86.991	10.339	0.000	95.870
184.000	86.963	10.502	0.000	79.838
186.000	86.961	10.084	0.000	-9.002
188.000	87.003	10.660	0.000	-99.192
190.000	86.962	9.950	0.000	-155.510
192.000	86.989	9.291	0.000	116.953
194.000	87.005	10.740	0.000	134.425
196.000	86.969	12.060	0.000	117.335
198.000	87.016	10.933	0.000	-176.069
200.000	86.999	10.232	0.000	-66.533
202.000	86.988	10.612	0.000	-103.558
204.000	87.034	10.796	0.000	-141.458
206.000	86.995	10.614	0.000	-179.861
208.000	87.017	10.380	0.000	121.502
210.000	87.039	9.597	0.000	16.882
212.000	86.998	10.393	0.000	-41.460
214.000	87.046	10.928	0.000	-108.266
216.000	87.035	10.919	0.000	-130.975
218.000	87.016	11.028	0.000	178.161
220.000	87.065	9.416	0.000	147.914
222.000	87.028	10.443	0.000	-160.152
224.000	87.045	11.212	0.000	106.681
226.000	87.070	10.806	0.000	169.004
228.000	87.031	10.603	0.000	167.115
230.000	87.075	10.402	0.000	178.778
232.000	87.064	10.656	0.000	-132.386
234.000	87.051	10.829	0.000	168.069
236.000	87.094	10.334	0.000	176.807
238.000	87.057	10.411	0.000	-170.888
240.000	87.082	9.334	0.000	-77.409
242.000	87.096	9.908	0.000	-51.859
244.000	87.062	11.052	0.000	-88.804
246.000	87.111	11.307	0.000	-63.157
248.000	87.088	11.157	0.000	-50.812
250.000	87.086	10.971	0.000	-14.902
252.000	87.125	10.842	0.000	-92.946
254.000	87.083	11.275	0.000	-138.436
256.000	87.118	11.780	0.000	-176.551
258.000	87.122	11.410	0.000	-100.757
260.000	87.095	11.139	0.000	-106.180
262.000	87.143	11.570	0.000	-90.551
264.000	87.112	11.563	0.000	-81.899
266.000	87.126	11.113	0.000	177.119
268.000	87.148	10.041	0.000	-153.867
270.000	87.114	10.035	0.000	-67.159
272.000	87.157	9.934	0.000	-104.591
274.000	87.139	10.858	0.000	-120.669
276.000	87.137	10.448	0.000	-129.359
278.000	87.172	11.450	0.000	-72.132
280.000	87.133	11.274	0.000	-121.877
282.000	87.171	10.212	0.000	-135.762
284.000	87.166	10.364	0.000	-121.491
286.000	87.148	10.004	0.000	-130.734
288.000	87.194	8.850	0.000	-145.450
290.000	87.156	9.944	0.000	-126.663
292.000	87.181	11.540	0.000	-132.824
294.000	87.193	11.766	0.000	-129.363
296.000	87.164	13.136	0.000	-141.896
298.000	87.210	14.539	0.000	-142.796
300.000	87.180	13.758	0.000	-140.424
302.000	87.194	14.371	0.000	-146.624
304.000	87.215	15.169	0.000	-158.986
306.000	87.183	16.134	0.000	-170.164
308.000	87.226	17.267	0.000	-176.512
310.000	87.202	18.401	0.000	177.418
312.000	87.211	19.062	0.000	171.873
314.000	87.235	19.536	0.000	161.232
316.000	87.200	19.666	0.000	144.783
318.000	87.244	19.622	0.000	135.329
320.000	87.223	19.851	0.000	126.117
322.000	87.225	20.400	0.000	115.566
324.000	87.256	19.742	0.000	102.088
326.000	87.218	19.283	0.000	85.748
328.000	87.260	18.514	0.000	81.859
330.000	87.244	17.529	0.000	74.610
332.000	87.242	16.797	0.000	61.861
334.000	87.273	16.451	0.000	56.374
336.000	87.239	15.459	0.000	52.114
338.000	87.277	13.708	0.000	52.298
340.000	87.260	12.518	0.000	42.244
342.000	87.262	12.689	0.000	42.139
344.000	87.289	12.014	0.000	46.039
346.000	87.255	9.938	0.000	81.713
348.000	87.297	9.890	0.000	125.032
350.000	87.276	11.917	0.000	142.600
352.000	87.281	13.113	0.000	154.342
354.000	87.307	14.007	0.000	144.518
356.000	87.272	15.433	0.000	133.501
358.000	87.316	16.838	0.000	125.242
360.000	87.292	16.236	0.000	121.490
362.000	87.301	16.765	0.000	120.534
364.000	87.321	17.811	0.000	114.168
366.000	87.292	18.340	0.000	108.801
368.000	87.333	19.766	0.000	101.731
370.000	87.305	20.843	0.000	95.630
372.000	87.323	21.850	0.000	91.801
374.000	87.333	22.516	0.000	82.536
376.000	87.312	22.803	0.000	74.840
378.000	87.351	23.336	0.000	63.836
380.000	87.317	23.871	0.000	53.024
382.000	87.347	24.178	0.000	44.560
384.000	87.344	23.745	0.000	34.452
386.000	87.331	22.900	0.000	26.104
388.000	87.367	22.656	0.000	18.449
390.000	87.331	22.005	0.000	13.502
392.000	87.367	21.420	0.000	9.675
394.000	87.353	21.151	0.000	5.654
396.000	87.354	20.868	0.000	4.060
398.000	87.378	20.713	0.000	1.627
400.000	87.348	20.035	0.000	-1.574
402.000	87.386	19.923	0.000	4.225
404.000	87.361	20.176	0.000	0.991
406.000	87.380	20.443	0.000	-2.847
408.000	87.385	20.370	0.000	-4.570
410.000	87.367	20.975	0.000	-6.834
412.000	87.404	21.397	0.000	-8.239
414.000	87.370	21.478	0.000	-7.942
416.000	87.403	21.846	0.000	-12.791
418.000	87.390	22.546	0.000	-16.847
420.000	87.390	23.209	0.000	-23.302
422.000	87.415	23.459	0.000	-28.323
424.000	87.384	23.716	0.000	-33.361
426.000	87.422	24.376	0.000	-39.440
428.000	87.396	24.649	0.000	-46.287
430.000	87.416	25.014	0.000	-55.853
432.000	87.417	25.047	0.000	-67.124
434.000	87.406	25.084	0.000	-75.985
436.000	87.436	25.219	0.000	-87.559
438.000	87.404	25.154	0.000	-99.302
440.000	87.441	24.273	0.000	-108.394
442.000	87.418	24.023	0.000	-118.788
444.000	87.431	23.430	0.000	-129.456
446.000	87.440	22.310	0.000	-140.305
448.000	87.420	20.928	0.000	-152.304
450.000	87.456	20.540	0.000	-163.793
452.000	87.423	18.783	0.000	-168.429
454.000	87.454	18.061	0.000	-175.730
456.000	87.439	17.454	0.000	170.692
458.000	87.446	16.251	0.000	159.266
460.000	87.459	15.902	0.000	150.260
462.000	87.437	15.690	0.000	129.116
464.000	87.470	15.198	0.000	103.593
466.000	87.440	14.092	0.000	86.922
468.000	87.472	14.163	0.000	53.701
470.000	87.454	13.186	0.000	35.107
472.000	87.462	14.089	0.000	9.021
474.000	87.475	13.925	0.000	-10.750
476.000	87.453	13.532	0.000	-30.420
478.000	87.487	14.783	0.000	-40.804
480.000	87.455	14.732	0.000	-45.986
482.000	87.486	14.577	0.000	-47.505
484.000	87.469	13.906	0.000	-48.658
486.000	87.478	14.785	0.000	-65.879
488.000	87.485	14.313	0.000	-80.822
490.000	87.470	13.841	0.000	-83.178
492.000	87.498	13.097	0.000	-82.670
494.000	87.469	13.459	0.000	-87.663
496.000	87.502	14.251	0.000	-91.825
498.000	87.476	13.951	0.000	-86.254
500.000	87.496	13.874	0.000	-87.451
502.000	87.494	14.633	0.000	-94.003
504.000	87.486	13.988	0.000	-89.959
506.000	87.508	13.085	0.000	-94.607
508.000	87.481	13.601	0.000	-101.990
510.000	87.515	13.329	0.000	-110.415
512.000	87.486	12.850	0.000	-106.853
514.000	87.510	13.337	0.000	-103.560
516.000	87.497	13.204	0.000	-109.448
518.000	87.504	13.827	0.000	-107.222
520.000	87.511	12.921	0.000	-101.532
522.000	87.495	12.432	0.000	-93.673
524.000	87.522	12.891	0.000	-104.539
526.000	87.493	12.631	0.000	-120.190
528.000	87.526	12.993	0.000	-108.670
530.000	87.497	11.800	0.000	-115.966
532.000	87.520	12.260	0.000	-111.686
534.000	87.511	13.005	0.000	-115.000
536.000	87.511	12.819	0.000	-117.587
538.000	87.522	12.202	0.000	-113.711
540.000	87.504	11.052	0.000	-101.788
542.000	87.530	11.896	0.000	-118.072
544.000	87.502	11.603	0.000	-112.548
546.000	87.532	12.166	0.000	-112.739
548.000	87.505	11.968	0.000	-113.938
550.000	87.528	12.342	0.000	-113.668
552.000	87.515	12.116	0.000	-122.226
554.000	87.519	10.740	0.000	-119.446
556.000	87.525	11.687	0.000	-117.494
558.000	87.510	12.057	0.000	-105.364
560.000	87.535	11.953	0.000	-128.177
562.000	87.506	11.522	0.000	-122.733
564.000	87.535	11.459	0.000	-138.088
566.000	87.509	11.409	0.000	-134.044
568.000	87.533	11.705	0.000	-132.290
570.000	87.513	12.004	0.000	-135.414
572.000	87.525	12.602	0.000	-131.082
574.000	87.522	12.572	0.000	-142.626
576.000	87.518	11.708	0.000	-139.332
578.000	87.529	10.707	0.000	-130.250
580.000	87.508	11.619	0.000	-117.952
582.000	87.535	12.060	0.000	-116.528
584.000	87.506	11.580	0.000	-118.946
586.000	87.533	11.658	0.000	-128.692
588.000	87.506	11.433	0.000	-126.402
590.000	87.529	10.671	0.000	-112.438
592.000	87.511	11.407	0.000	-134.319
594.000	87.520	11.638	0.000	-121.550
596.000	87.516	10.223	0.000	-130.971
598.000	87.513	9.852	0.000	-154.909
600.000	87.521	9.750	0.000	-155.906
602.000	87.504	10.052	0.000	-145.476
604.000	87.525	10.583	0.000	-135.024
606.000	87.498	11.386	0.000	-125.449
608.000	87.525	12.084	0.000	-141.593
610.000	87.495	11.002	0.000	-125.339
612.000	87.520	10.984	0.000	-146.047
614.000	87.498	10.760	0.000	-142.294
616.000	87.513	10.934	0.000	-132.285
618.000	87.499	11.953	0.000	-132.538
620.000	87.504	10.747	0.000	-135.129
622.000	87.503	9.296	0.000	-112.676
624.000	87.495	10.554	0.000	-116.426
626.000	87.504	10.620	0.000	-115.241
628.000	87.486	10.091	0.000	-126.689
630.000	87.506	8.736	0.000	-131.288
632.000	87.479	11.133	0.000	-121.747
634.000	87.503	11.504	0.000	-144.497
636.000	87.475	10.822	0.000	-139.838
638.000	87.499	10.695	0.000	-125.844
640.000	87.473	10.465	0.000	-105.054
642.000	87.490	11.085	0.000	-123.285
644.000	87.473	10.748	0.000	-123.415
646.000	87.483	10.121	0.000	-117.721
648.000	87.470	9.932	0.000	-115.072
650.000	87.473	11.044	0.000	-112.294
652.000	87.473	11.378	0.000	-119.087
654.000	87.463	11.979	0.000	-167.350
656.000	87.471	11.958	0.000	-169.798
658.000	87.454	10.361	0.000	-136.643
660.000	87.470	11.477	0.000	-137.126
662.000	87.444	11.200	0.000	-123.425
664.000	87.465	11.269	0.000	-132.650
666.000	87.440	10.292	0.000	-143.175
668.000	87.460	10.370	0.000	-130.476
670.000	87.431	11.298	0.000	-104.320
672.000	87.453	11.062	0.000	-106.507
674.000	87.428	11.010	0.000	-117.580
676.000	87.445	11.382	0.000	-108.976
678.000	87.422	10.622	0.000	-130.115
680.000	87.436	10.191	0.000	-127.033
682.000	87.421	10.430	0.000	-133.489
684.000	87.423	11.020	0.000	-137.290
686.000	87.417	11.963	0.000	-127.743
688.000	87.415	11.022	0.000	-131.179
690.000	87.413	10.728	0.000	-124.000
692.000	87.403	10.475	0.000	-128.110
694.000	87.408	11.579	0.000	-116.593
696.000	87.394	12.811	0.000	-127.965
698.000	87.402	13.347	0.000	-117.209
700.000	87.383	12.526	0.000	-116.035
702.000	87.399	11.199	0.000	-126.250
704.000	87.373	11.542	0.000	-119.399
706.000	87.390	11.210	0.000	-123.034
708.000	87.365	11.492	0.000	-121.189
710.000	87.384	11.537	0.000	-126.286
712.000	87.356	10.229	0.000	-120.825
714.000	87.374	11.060	0.000	-147.802
716.000	87.349	11.625	0.000	-138.034
718.000	87.366	11.349	0.000	-119.872
720.000	87.339	11.438	0.000	-123.647
722.000	87.357	11.621	0.000	-137.044
724.000	87.333	11.567	0.000	-131.138
726.000	87.346	10.590	0.000	-113.890
728.000	87.324	10.750	0.000	-127.456
730.000	87.336	11.735	0.000	-131.483
732.000	87.318	12.170	0.000	-124.588
734.000	87.324	12.153	0.000	-128.015
736.000	87.309	11.510	0.000	-125.601
738.000	87.315	9.932	0.000	-132.709
740.000	87.301	11.543	0.000	-140.249
742.000	87.303	11.788	0.000	-134.557
744.000	87.293	11.809	0.000	-140.565
746.000	87.293	12.291	0.000	-146.076
748.000	87.284	13.165	0.000	-141.607
750.000	87.281	12.518	0.000	-135.053
752.000	87.278	11.064	0.000	-132.796
754.000	87.270	11.824	0.000	-145.213
756.000	87.267	12.125	0.000	-154.348
758.000	87.261	11.142	0.000	-146.434
760.000	87.259	11.555	0.000	-139.016
762.000	87.248	11.860	0.000	-147.385
764.000	87.249	13.126	0.000	-142.439
766.000	87.239	12.016	0.000	-128.555
768.000	87.239	10.997	0.000	-135.643
770.000	87.226	11.634	0.000	-145.624
772.000	87.232	12.547	0.000	-152.630
774.000	87.216	11.818	0.000	-140.709
776.000	87.220	12.109	0.000	-141.826
778.000	87.207	11.927	0.000	-139.944
780.000	87.212	10.826	0.000	-144.812
782.000	87.195	10.852	0.000	-145.603
784.000	87.201	11.506	0.000	-148.036
786.000	87.187	12.649	0.000	-150.983
788.000	87.190	11.982	0.000	-159.196
790.000	87.174	11.276	0.000	-163.998
792.000	87.182	11.960	0.000	-156.216
794.000	87.164	12.202	0.000	-139.435
796.000	87.169	11.685	0.000	-157.099
798.000	87.155	11.702	0.000	-168.651
800.000	87.160	10.550	0.000	-178.990
802.000	87.143	9.628	0.000	-151.075
804.000	87.149	9.003	0.000	-110.391
806.000	87.136	9.436	0.000	-143.897
808.000	87.137	10.606	0.000	-163.011
810.000	87.124	9.682	0.000	-100.754
812.000	87.129	8.979	0.000	-23.188
814.000	87.115	9.761	0.000	-19.561
816.000	87.116	10.493	0.000	-28.112
818.000	87.106	12.653	0.000	-28.745
820.000	87.107	13.932	0.000	-38.529
822.000	87.094	15.132	0.000	-48.382
824.000	87.095	17.111	0.000	-55.215
826.000	87.088	18.297	0.000	-73.786
828.000	87.082	19.248	0.000	-83.817
830.000	87.077	19.749	0.000	-93.966
832.000	87.075	20.247	0.000	-105.488
834.000	87.068	21.100	0.000	-114.669
836.000	87.062	21.088	0.000	-122.878
838.000	87.061	20.681	0.000	-129.692
840.000	87.051	20.221	0.000	-135.086
842.000	87.050	19.935	0.000	-141.581
844.000	87.042	19.532	0.000	-144.756
846.000	87.043	18.758	0.000	-149.380
848.000	87.028	18.435	0.000	-152.199
850.000	87.036	18.849	0.000	-150.132
852.000	87.020	19.011	0.000	-149.856
854.000	87.024	18.899	0.000	-147.884
856.000	87.008	18.689	0.000	-148.448
858.000	87.019	18.839	0.000	-152.291
860.000	86.997	19.022	0.000	-151.430
862.000	87.008	18.825	0.000	-152.938
864.000	86.990	19.348	0.000	-160.056
866.000	86.999	19.208	0.000	-160.472
868.000	86.978	18.946	0.000	-161.363
870.000	86.994	19.424	0.000	-164.360
872.000	86.969	19.344	0.000	-162.953
874.000	86.981	19.482	0.000	-163.165
876.000	86.963	19.448	0.000	-164.385
878.000	86.973	19.459	0.000	-161.923
880.000	86.952	19.501	0.000	-158.423
882.000	86.965	19.664	0.000	-155.056
884.000	86.947	20.254	0.000	-154.987
886.000	86.951	20.968	0.000	-154.695
888.000	86.941	21.827	0.000	-155.640
890.000	86.943	22.323	0.000	-158.753
892.000	86.932	22.777	0.000	-165.062
894.000	86.934	22.764	0.000	-169.138
896.000	86.929	22.492	0.000	-171.502
898.000	86.921	22.869	0.000	-173.361
900.000	86.922	23.152	0.000	-173.622
902.000	86.914	23.417	0.000	-170.969
904.000	86.915	24.038	0.000	-172.590
906.000	86.903	24.548	0.000	-173.949
908.000	86.912	24.766	0.000	-177.139
910.000	86.892	25.115	0.000	-179.194
912.000	86.905	25.498	0.000	-177.966
914.000	86.887	26.080	0.000	178.687
916.000	86.896	26.439	0.000	173.770
918.000	86.878	26.727	0.000	170.655
920.000	86.891	27.170	0.000	166.429
922.000	86.871	27.466	0.000	163.567
924.000	86.880	27.618	0.000	158.918
926.000	86.870	27.535	0.000	155.911
928.000	86.871	27.722	0.000	152.430
930.000	86.863	27.764	0.000	149.510
932.000	86.865	27.848	0.000	146.475
934.000	86.858	28.116	0.000	142.992
936.000	86.853	28.156	0.000	142.212
938.000	86.857	28.090	0.000	139.850
940.000	86.844	28.088	0.000	135.998
942.000	86.851	28.312	0.000	134.006
944.000	86.839	28.366	0.000	133.089
946.000	86.846	28.272	0.000	132.360
948.000	86.829	28.498	0.000	129.228
950.000	86.844	28.921	0.000	127.975
952.000	86.823	29.107	0.000	126.433
954.000	86.835	29.385	0.000	123.918
956.000	86.822	29.586	0.000	121.746
958.000	86.825	29.657	0.000	121.176
960.000	86.818	29.940	0.000	119.523
962.000	86.820	30.274	0.000	119.161
964.000	86.815	30.647	0.000	119.109
966.000	86.809	31.107	0.000	117.102
968.000	86.817	31.803	0.000	114.032
970.000	86.800	32.524	0.000	112.390
972.000	86.812	33.252	0.000	109.754
974.000	86.798	33.873	0.000	105.339
976.000	86.805	34.618	0.000	99.407
978.000	86.792	35.317	0.000	93.268
980.000	86.803	35.733	0.000	87.171
982.000	86.787	36.138	0.000	79.947
984.000	86.795	36.473	0.000	72.814
986.000	86.790	36.616	0.000	65.521
988.000	86.784	36.746	0.000	58.286
990.000	86.789	36.749	0.000	51.287
992.000	86.781	36.753	0.000	43.703
994.000	86.784	36.658	0.000	36.933
996.000	86.775	36.556	0.000	30.821
998.000	86.785	36.376	0.000	24.442
1000.000	86.767	36.234	0.000	17.789
1002.000	86.782	36.009	0.000	10.665
1004.000	86.769	35.729	0.000	2.821
1006.000	86.772	35.428	0.000	-4.478
1008.000	86.770	34.858	0.000	-11.945
1010.000	86.767	34.268	0.000	-19.306
1012.000	86.766	33.582	0.000	-26.677
1014.000	86.764	32.577	0.000	-33.569
1016.000	86.767	31.320	0.000	-38.680
1018.000	86.754	29.961	0.000	-41.786
1020.000	86.769	28.797	0.000	-44.268
1022.000	86.752	27.739	0.000	-43.572
1024.000	86.762	27.027	0.000	-41.391
1026.000	86.755	26.649	0.000	-38.889
1028.000	86.755	26.484	0.000	-37.695
1030.000	86.754	26.539	0.000	-39.149
1032.000	86.753	26.247	0.000	-42.095
1034.000	86.753	25.914	0.000	-44.782
1036.000	86.747	25.695	0.000	-47.836
1038.000	86.757	25.459	0.000	-49.691
1040.000	86.740	24.982	0.000	-56.422
1042.000	86.755	24.554	0.000	-61.585
1044.000	86.743	24.071	0.000	-67.103
1046.000	86.747	22.880	0.000	-71.788
1048.000	86.747	21.820	0.000	-77.726
1050.000	86.742	20.507	0.000	-80.077
1052.000	86.746	19.210	0.000	-84.783
1054.000	86.741	16.857	0.000	-94.250
1056.000	86.746	14.398	0.000	-103.331
1058.000	86.736	12.238	0.000	-116.554
1060.000	86.748	11.206	0.000	118.730
1062.000	86.734	14.731	0.000	85.720
1064.000	86.743	18.008	0.000	79.130
1066.000	86.741	20.453	0.000	65.984
1068.000	86.734	22.454	0.000	54.175
1070.000	86.745	24.444	0.000	42.904
1072.000	86.733	25.881	0.000	31.132
1074.000	86.741	26.808	0.000	22.785
1076.000	86.735	27.461	0.000	13.785
1078.000	86.739	28.236	0.000	4.554
1080.000	86.734	28.515	0.000	-3.428
1082.000	86.740	28.827	0.000	-11.756
1084.000	86.736	28.951	0.000	-18.764
1086.000	86.733	29.014	0.000	-27.130
1088.000	86.743	29.077	0.000	-34.750
1090.000	86.728	28.868	0.000	-40.060
1092.000	86.743	28.468	0.000	-45.953
1094.000	86.733	27.993	0.000	-52.925
1096.000	86.735	27.652	0.000	-57.585
1098.000	86.740	27.449	0.000	-60.774
1100.000	86.731	27.344	0.000	-64.376
1102.000	86.740	27.216	0.000	-70.131
1104.000	86.734	26.893	0.000	-75.497
1106.000	86.738	26.531	0.000	-79.633
1108.000	86.734	26.318	0.000	-83.294
1110.000	86.740	25.699	0.000	-88.951
1112.000	86.735	25.114	0.000	-93.957
1114.000	86.737	24.364	0.000	-98.445
1116.000	86.741	23.619	0.000	-103.382
1118.000	86.731	22.716	0.000	-106.004
1120.000	86.746	21.155	0.000	-109.827
1122.000	86.732	19.570	0.000	-108.034
1124.000	86.741	19.102	0.000	-94.309
1126.000	86.742	18.832	0.000	-79.382
1128.000	86.734	19.658	0.000	-66.405
1130.000	86.748	21.902	0.000	-66.560
1132.000	86.735	23.771	0.000	-70.493
1134.000	86.745	24.845	0.000	-78.923
1136.000	86.741	25.764	0.000	-86.567
1138.000	86.742	26.628	0.000	-95.781
1140.000	86.745	27.232	0.000	-106.608
1142.000	86.742	27.203	0.000	-117.475
1144.000	86.747	27.341	0.000	-127.595
1146.000	86.743	27.083	0.000	-138.304
1148.000	86.750	26.537	0.000	-151.081
1150.000	86.742	26.001	0.000	-162.410
1152.000	86.752	25.454	0.000	-174.279
1154.000	86.747	24.692	0.000	176.407
1156.000	86.747	24.550	0.000	167.667
1158.000	86.757	23.516	0.000	157.925
1160.000	86.744	22.936	0.000	142.491
1162.000	86.759	22.613	0.000	124.699
1164.000	86.751	22.509	0.000	110.867
1166.000	86.752	22.271	0.000	92.256
1168.000	86.762	21.845	0.000	72.317
1170.000	86.749	22.040	0.000	52.435
1172.000	86.764	22.878	0.000	34.838
1174.000	86.756	23.111	0.000	18.995
1176.000	86.758	23.542	0.000	1.777
1178.000	86.766	23.696	0.000	-12.683
1180.000	86.755	23.913	0.000	-25.572
1182.000	86.769	24.476	0.000	-37.900
1184.000	86.762	25.094	0.000	-45.959
1186.000	86.766	25.611	0.000	-55.712
1188.000	86.770	26.112	0.000	-64.089
1190.000	86.765	26.248	0.000	-74.425
1192.000	86.773	26.876	0.000	-82.085
1194.000	86.769	27.458	0.000	-91.968
1196.000	86.773	27.790	0.000	-101.414
1198.000	86.773	28.125	0.000	-110.605
1200.000	86.775	28.399	0.000	-120.169
1202.000	86.776	28.650	0.000	-130.116
1204.000	86.777	28.745	0.000	-141.086
1206.000	86.778	28.812	0.000	-151.386
1208.000	86.777	28.831	0.000	-161.330
1210.000	86.781	28.874	0.000	-171.117
1212.000	86.778	28.673	0.000	-179.207
1214.000	86.781	28.478	0.000	173.404
1216.000	86.784	28.429	0.000	165.464
1218.000	86.780	28.081	0.000	157.828
1220.000	86.789	28.009	0.000	151.374
1222.000	86.783	28.037	0.000	142.951
1224.000	86.788	27.960	0.000	135.154
1226.000	86.791	27.815	0.000	126.957
1228.000	86.786	27.651	0.000	119.972
1230.000	86.797	27.727	0.000	113.775
1232.000	86.789	27.651	0.000	107.079
1234.000	86.797	27.718	0.000	99.949
1236.000	86.798	27.642	0.000	93.654
1238.000	86.794	27.572	0.000	87.873
1240.000	86.805	27.326	0.000	82.032
1242.000	86.797	27.297	0.000	76.751
1244.000	86.805	27.203	0.000	71.108
1246.000	86.807	27.245	0.000	66.630
1248.000	86.802	27.417	0.000	62.444
1250.000	86.815	27.495	0.000	57.250
1252.000	86.805	27.778	0.000	53.392
1254.000	86.814	28.294	0.000	48.066
1256.000	86.816	28.529	0.000	41.586
1258.000	86.811	28.920	0.000	35.298
1260.000	86.824	28.980	0.000	28.858
1262.000	86.814	28.798	0.000	21.118
1264.000	86.823	29.033	0.000	13.951
1266.000	86.824	29.050	0.000	8.016
1268.000	86.821	28.861	0.000	2.360
1270.000	86.831	28.705	0.000	-0.682
1272.000	86.825	28.731	0.000	-4.465
1274.000	86.832	28.564	0.000	-9.559
1276.000	86.834	28.334	0.000	-13.454
1278.000	86.831	28.506	0.000	-17.548
1280.000	86.841	28.558	0.000	-22.102
1282.000	86.835	28.706	0.000	-26.451
1284.000	86.842	28.677	0.000	-30.459
1286.000	86.842	28.744	0.000	-33.817
1288.000	86.843	29.055	0.000	-38.198
1290.000	86.848	29.319	0.000	-43.143
1292.000	86.846	29.207	0.000	-48.331
1294.000	86.852	29.113	0.000	-53.122
1296.000	86.852	29.122	0.000	-58.577
1298.000	86.855	28.992	0.000	-64.083
1300.000	86.856	28.841	0.000	-69.163
1302.000	86.859	28.805	0.000	-72.621
1304.000	86.861	28.709	0.000	-76.237
1306.000	86.861	28.669	0.000	-81.140
1308.000	86.867	28.617	0.000	-86.627
1310.000	86.864	28.398	0.000	-91.498
1312.000	86.871	28.145	0.000	-96.221
1314.000	86.871	27.952	0.000	-100.715
1316.000	86.871	27.614	0.000	-105.541
1318.000	86.881	27.332	0.000	-111.367
1320.000	86.871	26.974	0.000	-117.025
1322.000	86.886	26.475	0.000	-121.024
1324.000	86.880	26.099	0.000	-123.964
1326.000	86.882	25.798	0.000	-126.732
1328.000	86.893	25.495	0.000	-133.391
1330.000	86.880	24.593	0.000	-137.316
1332.000	86.897	23.875	0.000	-139.711
1334.000	86.891	23.125	0.000	-143.661
1336.000	86.892	22.898	0.000	-146.561
1338.000	86.905	21.912	0.000	-148.969
1340.000	86.891	20.889	0.000	-151.548
1342.000	86.909	20.290	0.000	-151.866
1344.000	86.901	19.267	0.000	-151.929
1346.000	86.906	18.291	0.000	-150.990
1348.000	86.913	18.227	0.000	-150.535
1350.000	86.907	17.443	0.000	-152.621
1352.000	86.917	17.063	0.000	-144.938
1354.000	86.913	16.583	0.000	-142.557
1356.000	86.920	16.664	0.000	-138.059
1358.000	86.919	16.793	0.000	-138.173
1360.000	86.925	15.837	0.000	-134.012
1362.000	86.924	16.460	0.000	-130.080
1364.000	86.927	16.985	0.000	-128.402
1366.000	86.933	17.176	0.000	-128.652
1368.000	86.926	17.388	0.000	-124.291
1370.000	86.942	17.324	0.000	-126.763
1372.000	86.931	16.862	0.000	-126.376
1374.000	86.941	16.147	0.000	-129.552
1376.000	86.945	16.209	0.000	-127.273
1378.000	86.937	16.738	0.000	-121.662
1380.000	86.955	16.793	0.000	-123.959
1382.000	86.942	16.280	0.000	-126.955
1384.000	86.955	16.755	0.000	-127.647
1386.000	86.954	17.301	0.000	-129.171
1388.000	86.954	17.072	0.000	-128.769
1390.000	86.961	17.123	0.000	-131.363
1392.000	86.959	17.390	0.000	-129.894
1394.000	86.966	17.999	0.000	-134.436
1396.000	86.963	17.385	0.000	-135.905
1398.000	86.973	17.696	0.000	-138.240
1400.000	86.966	17.173	0.000	-142.790
1402.000	86.977	15.966	0.000	-150.129
1404.000	86.976	14.927	0.000	-145.160
1406.000	86.974	14.135	0.000	-147.999
1408.000	86.989	13.714	0.000	-137.069
1410.000	86.974	12.456	0.000	-115.973
1412.000	86.994	13.241	0.000	-98.035
1414.000	86.984	14.203	0.000	-94.042
1416.000	86.991	15.755	0.000	-97.362
1418.000	86.995	17.135	0.000	-102.129
1420.000	86.994	17.771	0.000	-108.588
1422.000	87.001	18.713	0.000	-112.592
1424.000	86.999	18.987	0.000	-114.480
1426.000	87.008	18.487	0.000	-122.551
1428.000	87.001	18.682	0.000	-128.844
1430.000	87.016	18.926	0.000	-129.914
1432.000	87.006	19.101	0.000	-131.461
1434.000	87.016	18.648	0.000	-133.275
1436.000	87.020	18.356	0.000	-134.991
1438.000	87.012	18.348	0.000	-137.698
1440.000	87.030	18.561	0.000	-139.182
1442.000	87.017	18.168	0.000	-135.602
1444.000	87.032	17.483	0.000	-134.560
1446.000	87.027	17.291	0.000	-143.644
1448.000	87.036	17.283	0.000	-146.048
1450.000	87.032	17.908	0.000	-143.040
1452.000	87.040	17.449	0.000	-142.665
1454.000	87.040	17.189	0.000	-145.940
1456.000	87.039	17.195	0.000	-146.628
1458.000	87.053	17.083	0.000	-150.933
1460.000	87.039	17.124	0.000	-149.348
1462.000	87.059	17.212	0.000	-148.319
1464.000	87.049	17.685	0.000	-150.041
1466.000	87.058	17.302	0.000	-151.715
1468.000	87.059	17.154	0.000	-157.473
1470.000	87.062	18.026	0.000	-154.472
1472.000	87.065	17.581	0.000	-151.536
1474.000	87.065	16.998	0.000	-152.559
1476.000	87.075	17.130	0.000	-152.348
1478.000	87.064	17.971	0.000	-152.314
1480.000	87.085	18.316	0.000	-153.703
1482.000	87.069	17.834	0.000	-152.973
1484.000	87.086	17.733	0.000	-149.825
1486.000	87.081	18.425	0.000	-150.597
1488.000	87.087	18.188	0.000	-156.160
1490.000	87.088	18.147	0.000	-160.594
1492.000	87.092	17.889	0.000	-162.323
1494.000	87.096	17.599	0.000	-162.963
1496.000	87.092	17.669	0.000	-159.763
1498.000	87.108	17.412	0.000	-163.667
1500.000	87.093	17.177	0.000	-158.812
1502.000	87.113	17.874	0.000	-160.792
1504.000	87.103	17.530	0.000	-163.353
1506.000	87.114	17.786	0.000	-165.602
1508.000	87.111	18.205	0.000	-165.907
1510.000	87.120	17.894	0.000	-163.763
1512.000	87.117	17.326	0.000	-166.177
1514.000	87.122	16.770	0.000	-175.104
1516.000	87.128	16.667	0.000	-171.648
1518.000	87.120	16.921	0.000	-167.402
1520.000	87.138	16.976	0.000	-166.601
1522.000	87.125	17.410	0.000	-162.530
1524.000	87.142	17.161	0.000	-167.651
1526.000	87.133	17.140	0.000	-168.992
1528.000	87.148	17.414	0.000	-172.658
1530.000	87.137	17.011	0.000	-178.501
1532.000	87.154	16.797	0.000	-170.232
1534.000	87.146	16.738	0.000	-174.973
1536.000	87.153	17.373	0.000	-174.955
1538.000	87.158	16.880	0.000	-176.001
1540.000	87.155	17.391	0.000	-173.284
1542.000	87.164	17.532	0.000	-175.981
1544.000	87.160	16.687	0.000	-179.050
1546.000	87.174	16.187	0.000	-174.533
1548.000	87.160	16.753	0.000	-175.024
1550.000	87.183	16.549	0.000	-176.771
1552.000	87.166	16.103	0.000	-179.542
1554.000	87.186	16.347	0.000	-178.807
1556.000	87.175	16.709	0.000	176.479
1558.000	87.190	16.479	0.000	178.669
1560.000	87.180	16.013	0.000	-179.795
1562.000	87.196	15.975	0.000	-179.777
1564.000	87.189	16.408	0.000	-170.906
1566.000	87.196	16.139	0.000	-174.812
1568.000	87.201	16.438	0.000	178.612
1570.000	87.199	16.853	0.000	-175.786
1572.000	87.207	16.464	0.000	-175.071
1574.000	87.203	15.916	0.000	175.061
1576.000	87.216	16.153	0.000	177.124
1578.000	87.204	16.816	0.000	-179.927
1580.000	87.226	17.346	0.000	179.965
1582.000	87.210	17.048	0.000	176.139
1584.000	87.229	16.904	0.000	170.576
1586.000	87.217	16.566	0.000	176.052
1588.000	87.236	16.841	0.000	176.297
1590.000	87.221	16.594	0.000	178.141
1592.000	87.243	16.617	0.000	179.791
1594.000	87.230	17.123	0.000	174.226
1596.000	87.244	17.196	0.000	168.570
1598.000	87.239	17.533	0.000	168.946
1600.000	87.249	17.652	0.000	170.658
1602.000	87.245	17.700	0.000	168.898
1604.000	87.253	17.145	0.000	169.324
1606.000	87.256	16.277	0.000	164.369
1608.000	87.254	16.618	0.000	163.589
1610.000	87.264	16.923	0.000	164.139
1612.000	87.260	16.656	0.000	162.980
1614.000	87.270	16.657	0.000	160.355
1616.000	87.263	17.357	0.000	159.851
1618.000	87.281	17.613	0.000	160.246
1620.000	87.265	17.264	0.000	159.795
1622.000	87.287	17.270	0.000	159.063
1624.000	87.273	17.091	0.000	158.728
1626.000	87.293	17.326	0.000	157.803
1628.000	87.276	17.577	0.000	161.069
1630.000	87.301	16.828	0.000	159.747
1632.000	87.283	16.574	0.000	154.830
1634.000	87.305	16.907	0.000	144.397
1636.000	87.291	17.041	0.000	145.348
1638.000	87.312	17.247	0.000	151.339
1640.000	87.295	17.733	0.000	149.858
1642.000	87.318	17.556	0.000	145.996
1644.000	87.303	16.682	0.000	143.831
1646.000	87.320	17.120	0.000	141.142
1648.000	87.311	17.194	0.000	140.599
1650.000	87.327	17.261	0.000	141.539
1652.000	87.317	16.973	0.000	140.594
1654.000	87.331	16.938	0.000	136.167
1656.000	87.326	16.554	0.000	134.247
1658.000	87.335	16.970	0.000	129.886
1660.000	87.333	16.582	0.000	132.419
1662.000	87.341	16.406	0.000	131.453
1664.000	87.340	16.276	0.000	133.924
1666.000	87.344	16.030	0.000	134.630
1668.000	87.349	15.984	0.000	134.637
1670.000	87.349	16.878	0.000	131.311
1672.000	87.354	16.363	0.000	129.276
1674.000	87.356	16.170	0.000	127.770
1676.000	87.363	16.055	0.000	130.518
1678.000	87.359	15.435	0.000	127.808
1680.000	87.370	15.068	0.000	126.592
1682.000	87.366	14.575	0.000	131.395
1684.000	87.375	15.679	0.000	128.664
1686.000	87.370	15.749	0.000	126.296
1688.000	87.384	16.114	0.000	123.709
1690.000	87.376	15.930	0.000	125.480
1692.000	87.389	14.520	0.000	122.492
1694.000	87.383	14.594	0.000	121.793
1696.000	87.396	14.665	0.000	123.150
1698.000	87.387	13.529	0.000	126.764
1700.000	87.403	14.415	0.000	121.704
1702.000	87.395	14.037	0.000	120.340
1704.000	87.408	13.957	0.000	126.141
1706.000	87.400	14.209	0.000	126.385
1708.000	87.416	14.258	0.000	125.715
1710.000	87.405	13.804	0.000	126.432
1712.000	87.421	13.782	0.000	127.466
1714.000	87.413	14.099	0.000	118.264
1716.000	87.428	13.722	0.000	117.835
1718.000	87.417	14.345	0.000	119.594
1720.000	87.434	13.892	0.000	120.192
1722.000	87.425	13.607	0.000	117.236
1724.000	87.439	13.553	0.000	114.755
1726.000	87.431	13.214	0.000	119.369
1728.000	87.446	13.243	0.000	120.322
1730.000	87.437	14.095	0.000	119.742
1732.000	87.450	14.307	0.000	117.682
1734.000	87.446	14.389	0.000	116.174
1736.000	87.457	13.785	0.000	109.009
1738.000	87.452	12.598	0.000	112.475
1740.000	87.461	11.385	0.000	117.265
1742.000	87.460	11.158	0.000	111.645
1744.000	87.466	11.868	0.000	108.751
1746.000	87.467	12.520	0.000	109.551
1748.000	87.472	12.505	0.000	104.947
1750.000	87.475	12.943	0.000	110.860
1752.000	87.475	12.781	0.000	115.527
1754.000	87.483	12.246	0.000	113.723
1756.000	87.481	11.942	0.000	109.262
1758.000	87.489	12.672	0.000	101.862
1760.000	87.485	12.526	0.000	114.518
1762.000	87.499	12.029	0.000	101.340
1764.000	87.489	12.084	0.000	100.179
1766.000	87.506	13.153	0.000	111.514
1768.000	87.495	12.472	0.000	114.301
1770.000	87.514	12.055	0.000	115.750
1772.000	87.499	10.829	0.000	100.407
1774.000	87.522	11.307	0.000	103.967
1776.000	87.505	12.405	0.000	107.998
1778.000	87.530	11.992	0.000	108.678
1780.000	87.508	11.558	0.000	107.265
1782.000	87.538	12.239	0.000	115.463
1784.000	87.514	12.106	0.000	120.281
1786.000	87.544	11.510	0.000	116.915
1788.000	87.519	11.683	0.000	106.480
1790.000	87.552	10.795	0.000	118.617
1792.000	87.527	9.621	0.000	123.490
1794.000	87.556	10.510	0.000	96.758
1796.000	87.535	10.710	0.000	96.209
1798.000	87.561	10.910	0.000	111.730
1800.000	87.542	10.801	0.000	113.951
1802.000	87.565	11.597	0.000	117.980
1804.000	87.553	12.017	0.000	118.407
1806.000	87.568	11.209	0.000	101.302
1808.000	87.561	10.571	0.000	96.325
1810.000	87.571	11.968	0.000	95.745
1812.000	87.573	10.841	0.000	113.359
1814.000	87.573	9.405	0.000	123.628
1816.000	87.582	10.736	0.000	108.157
1818.000	87.576	11.455	0.000	92.814
1820.000	87.593	11.187	0.000	101.100
1822.000	87.578	10.982	0.000	118.809
1824.000	87.603	11.307	0.000	116.211
1826.000	87.583	10.868	0.000	113.907
1828.000	87.611	9.761	0.000	119.848
1830.000	87.587	10.085	0.000	113.233
1832.000	87.619	9.641	0.000	115.552
1834.000	87.594	10.189	0.000	98.974
1836.000	87.625	10.381	0.000	83.794
1838.000	87.601	10.514	0.000	104.972
1840.000	87.630	9.918	0.000	121.946
1842.000	87.611	9.431	0.000	127.771
1844.000	87.632	10.308	0.000	122.035
1846.000	87.622	11.077	0.000	110.192
1848.000	87.634	10.423	0.000	115.163
1850.000	87.634	9.516	0.000	112.820
1852.000	87.634	9.550	0.000	117.441
1854.000	87.647	9.619	0.000	128.858
1856.000	87.635	9.146	0.000	145.266
1858.000	87.659	9.576	0.000	162.580
1860.000	87.636	9.179	0.000	119.050
1862.000	87.669	8.605	0.000	129.434
1864.000	87.642	9.239	0.000	144.362
1866.000	87.676	8.037	0.000	92.826
1868.000	87.649	9.858	0.000	-146.192
1870.000	87.681	8.701	0.000	170.709
1872.000	87.659	9.706	0.000	177.714
1874.000	87.682	8.188	0.000	173.217
1876.000	87.672	8.861	0.000	164.214
1878.000	87.683	8.397	0.000	-170.572
1880.000	87.686	9.349	0.000	-148.671
1882.000	87.681	10.626	0.000	-149.512
1884.000	87.700	10.506	0.000	-152.695
1886.000	87.683	10.042	0.000	-131.097
1888.000	87.711	11.179	0.000	-141.430
1890.000	87.685	11.176	0.000	-140.214
1892.000	87.720	10.742	0.000	-157.946
1894.000	87.692	11.306	0.000	-159.559
1896.000	87.725	11.321	0.000	-155.399
1898.000	87.702	11.402	0.000	-148.272
1900.000	87.726	11.469	0.000	-148.416
1902.000	87.717	11.618	0.000	-151.415
1904.000	87.724	11.867	0.000	-161.455
1906.000	87.732	12.939	0.000	-160.257
1908.000	87.723	13.848	0.000	-162.294
1910.000	87.747	14.053	0.000	-161.385
1912.000	87.723	14.308	0.000	-166.696
1914.000	87.758	14.779	0.000	-175.401
1916.000	87.728	13.897	0.000	-171.501
1918.000	87.765	14.716	0.000	-172.362
1920.000	87.737	14.946	0.000	-177.116
1922.000	87.765	14.703	0.000	-178.942
1924.000	87.753	14.651	0.000	175.205
1926.000	87.763	15.056	0.000	173.782
1928.000	87.770	14.819	0.000	179.194
1930.000	87.759	14.483	0.000	172.603
1932.000	87.786	14.711	0.000	166.734
1934.000	87.759	13.457	0.000	162.184
1936.000	87.797	13.596	0.000	162.991
1938.000	87.765	14.177	0.000	168.239
1940.000	87.802	14.432	0.000	163.009
1942.000	87.778	13.853	0.000	165.557
1944.000	87.800	13.367	0.000	173.923
1946.000	87.796	13.688	0.000	175.579
1948.000	87.795	13.956	0.000	169.499
1950.000	87.814	13.055	0.000	176.760
1952.000	87.792	13.629	0.000	-177.841
1954.000	87.828	14.565	0.000	-177.782
1956.000	87.796	14.572	0.000	-171.154
1958.000	87.835	14.871	0.000	-175.481
1960.000	87.808	16.169	0.000	179.200
1962.000	87.833	16.199	0.000	-178.733
1964.000	87.826	15.828	0.000	-173.078
1966.000	87.829	15.771	0.000	-177.164
1968.000	87.845	15.845	0.000	179.473
1970.000	87.824	15.790	0.000	173.108
1972.000	87.861	16.225	0.000	-179.908
1974.000	87.828	15.637	0.000	-178.917
1976.000	87.867	16.366	0.000	-179.351
1978.000	87.840	16.730	0.000	-177.481
1980.000	87.865	16.823	0.000	-178.772
1982.000	87.860	17.573	0.000	-175.694
1984.000	87.858	17.650	0.000	-176.344
1986.000	87.880	18.347	0.000	-177.832
1988.000	87.854	18.787	0.000	-176.409
1990.000	87.894	19.232	0.000	-179.006
1992.000	87.860	19.355	0.000	178.529
1994.000	87.897	19.970	0.000	-179.793
1996.000	87.876	20.037	0.000	-179.452
1998.000	87.891	20.104	0.000	179.998
2000.000	87.898	20.442	0.000	-178.558
