2000.000	86.002	11.692	0.000	-85.044
2.000	86.008	11.142	0.000	-21.303
4.000	86.061	11.720	0.000	73.449
6.000	86.018	12.089	0.000	100.790
8.000	86.019	10.624	0.000	-109.506
10.000	86.072	11.120	0.000	-108.606
12.000	86.031	10.260	0.000	-176.475
14.000	86.030	10.783	0.000	-87.544
16.000	86.084	11.474	0.000	-110.408
18.000	86.044	10.665	0.000	156.203
20.000	86.041	11.280	0.000	-15.533
22.000	86.096	10.807	0.000	-61.697
24.000	86.056	11.271	0.000	-57.140
26.000	86.053	11.437	0.000	-9.838
28.000	86.109	10.894	0.000	-106.916
30.000	86.068	9.998	0.000	-64.944
32.000	86.065	10.456	0.000	-73.508
34.000	86.122	10.890	0.000	-56.149
36.000	86.080	11.240	0.000	-103.679
38.000	86.076	11.184	0.000	-121.477
40.000	86.134	10.322	0.000	125.969
42.000	86.092	10.161	0.000	-168.656
44.000	86.090	10.081	0.000	-158.571
46.000	86.145	11.450	0.000	-163.592
48.000	86.103	11.500	0.000	161.898
50.000	86.104	10.079	0.000	-28.762
52.000	86.157	9.318	0.000	-96.123
54.000	86.113	10.855	0.000	-79.894
56.000	86.119	11.317	0.000	38.404
58.000	86.167	11.218	0.000	168.890
60.000	86.123	10.607	0.000	59.035
62.000	86.137	11.354	0.000	-21.457
64.000	86.178	10.725	0.000	-66.309
66.000	86.131	11.128	0.000	-80.925
68.000	86.155	11.613	0.000	71.896
70.000	86.189	11.667	0.000	52.190
72.000	86.140	11.088	0.000	-89.562
74.000	86.172	10.529	0.000	-103.106
76.000	86.198	9.997	0.000	-146.415
78.000	86.150	10.581	0.000	-140.617
80.000	86.191	10.373	0.000	145.047
82.000	86.207	10.460	0.000	78.641
84.000	86.160	10.407	0.000	144.340
86.000	86.210	10.626	0.000	-175.867
88.000	86.214	10.816	0.000	-120.086
90.000	86.172	11.174	0.000	-160.028
92.000	86.227	9.623	0.000	162.494
94.000	86.220	9.275	0.000	132.690
96.000	86.188	10.088	0.000	-152.490
98.000	86.244	9.681	0.000	-155.170
100.000	86.224	10.313	0.000	7.416
102.000	86.205	10.674	0.000	3.369
104.000	86.259	11.363	0.000	-138.780
106.000	86.228	11.613	0.000	-142.700
108.000	86.224	11.418	0.000	-49.203
110.000	86.272	11.689	0.000	101.760
112.000	86.232	10.890	0.000	142.464
114.000	86.247	10.539	0.000	-57.999
116.000	86.282	10.979	0.000	149.034
118.000	86.237	10.185	0.000	165.453
120.000	86.270	9.847	0.000	98.938
122.000	86.290	10.424	0.000	-63.279
124.000	86.246	11.057	0.000	138.250
126.000	86.293	10.579	0.000	72.227
128.000	86.293	11.324	0.000	-111.432
130.000	86.259	11.864	0.000	78.780
132.000	86.315	10.711	0.000	101.102
134.000	86.294	10.066	0.000	-114.627
136.000	86.276	10.099	0.000	127.066
138.000	86.332	10.663	0.000	-12.452
140.000	86.296	11.406	0.000	122.699
142.000	86.299	11.752	0.000	120.921
144.000	86.343	11.382	0.000	-53.376
146.000	86.299	11.141	0.000	-57.855
148.000	86.326	10.619	0.000	-83.938
150.000	86.349	11.146	0.000	127.485
152.000	86.307	10.872	0.000	94.679
154.000	86.351	11.598	0.000	97.976
156.000	86.349	11.678	0.000	116.659
158.000	86.322	11.828	0.000	146.293
160.000	86.373	11.755	0.000	-170.785
162.000	86.346	11.525	0.000	-165.285
164.000	86.344	10.485	0.000	-90.505
166.000	86.389	10.860	0.000	-47.443
168.000	86.346	10.730	0.000	-109.137
170.000	86.370	10.275	0.000	48.585
172.000	86.397	10.156	0.000	33.786
174.000	86.353	9.168	0.000	88.302
176.000	86.398	10.145	0.000	6.813
178.000	86.396	10.654	0.000	10.177
180.000	86.367	10.100	0.000	5.414
182.000	86.421	10.839	0.000	158.705
184.000	86.393	10.889	0.000	154.746
186.000	86.391	10.548	0.000	-54.511
188.000	86.434	11.373	0.000	-64.599
190.000	86.393	11.185	0.000	-104.735
192.000	86.421	10.867	0.000	-76.462
194.000	86.437	11.196	0.000	-39.174
196.000	86.402	10.276	0.000	-1.154
198.000	86.449	10.356	0.000	66.486
200.000	86.433	11.331	0.000	-116.442
202.000	86.422	10.248	0.000	-71.320
204.000	86.468	10.880	0.000	-3.383
206.000	86.429	10.676	0.000	-127.023
208.000	86.452	8.971	0.000	-101.935
210.000	86.474	11.292	0.000	-92.057
212.000	86.434	11.770	0.000	126.915
214.000	86.482	11.015	0.000	174.737
216.000	86.471	10.136	0.000	-148.698
218.000	86.453	10.594	0.000	-89.491
220.000	86.502	10.678	0.000	-46.905
222.000	86.466	10.559	0.000	-81.908
224.000	86.483	10.803	0.000	-64.151
226.000	86.508	11.239	0.000	-46.577
228.000	86.470	10.339	0.000	-122.118
230.000	86.513	10.204	0.000	37.443
232.000	86.503	10.151	0.000	117.354
234.000	86.490	10.286	0.000	-170.148
236.000	86.533	10.466	0.000	-117.823
238.000	86.497	9.638	0.000	-76.355
240.000	86.523	10.972	0.000	-124.019
242.000	86.538	11.871	0.000	-104.273
244.000	86.504	10.707	0.000	-144.890
246.000	86.552	9.797	0.000	-91.762
248.000	86.531	10.700	0.000	-110.538
250.000	86.528	10.483	0.000	155.841
252.000	86.568	9.716	0.000	-175.888
254.000	86.527	10.827	0.000	-90.934
256.000	86.562	9.609	0.000	-68.314
258.000	86.566	9.259	0.000	-102.673
260.000	86.540	9.931	0.000	177.201
262.000	86.588	9.781	0.000	-177.503
264.000	86.558	10.655	0.000	-92.290
266.000	86.571	10.758	0.000	-118.970
268.000	86.594	11.011	0.000	-114.770
270.000	86.560	11.566	0.000	-94.792
272.000	86.604	11.507	0.000	-79.715
274.000	86.586	10.750	0.000	-113.306
276.000	86.585	10.190	0.000	-65.790
278.000	86.620	10.258	0.000	-62.910
280.000	86.582	12.050	0.000	-89.190
282.000	86.620	10.321	0.000	-134.694
284.000	86.615	9.050	0.000	-132.014
286.000	86.597	10.203	0.000	-104.299
288.000	86.644	10.214	0.000	-64.719
290.000	86.606	9.727	0.000	-115.178
292.000	86.631	10.986	0.000	-115.919
294.000	86.644	11.210	0.000	-164.465
296.000	86.615	10.194	0.000	143.788
298.000	86.661	10.400	0.000	-158.828
300.000	86.633	11.975	0.000	-116.370
302.000	86.647	11.602	0.000	-69.578
304.000	86.667	10.444	0.000	11.884
306.000	86.636	10.887	0.000	-68.163
308.000	86.679	11.308	0.000	-57.522
310.000	86.655	10.255	0.000	-21.961
312.000	86.665	10.397	0.000	-40.283
314.000	86.689	10.542	0.000	-54.514
316.000	86.654	9.139	0.000	-45.484
318.000	86.699	11.028	0.000	-77.279
320.000	86.678	12.319	0.000	-82.742
322.000	86.681	12.028	0.000	-98.041
324.000	86.711	12.009	0.000	-121.824
326.000	86.675	11.971	0.000	-130.241
328.000	86.717	12.530	0.000	-144.854
330.000	86.701	12.092	0.000	-149.271
332.000	86.699	12.444	0.000	-168.508
334.000	86.730	12.778	0.000	-172.799
336.000	86.697	12.120	0.000	159.562
338.000	86.735	11.299	0.000	140.433
340.000	86.719	10.755	0.000	151.740
342.000	86.721	9.905	0.000	151.936
344.000	86.748	11.002	0.000	-92.011
346.000	86.715	10.768	0.000	-83.097
348.000	86.757	9.784	0.000	-140.582
350.000	86.736	10.015	0.000	-124.440
352.000	86.742	11.140	0.000	-123.905
354.000	86.767	11.709	0.000	-142.411
356.000	86.733	12.445	0.000	-158.759
358.000	86.777	12.195	0.000	-171.717
360.000	86.754	13.525	0.000	173.032
362.000	86.762	13.618	0.000	167.356
364.000	86.783	14.903	0.000	154.920
366.000	86.754	14.746	0.000	149.225
368.000	86.795	15.802	0.000	133.092
370.000	86.768	15.963	0.000	121.384
372.000	86.786	14.995	0.000	103.539
374.000	86.796	15.731	0.000	97.056
376.000	86.775	15.040	0.000	84.335
378.000	86.814	13.108	0.000	72.843
380.000	86.781	13.123	0.000	70.160
382.000	86.811	13.217	0.000	57.158
384.000	86.808	13.938	0.000	33.647
386.000	86.795	14.029	0.000	20.757
388.000	86.832	13.191	0.000	6.456
390.000	86.796	12.624	0.000	-10.617
392.000	86.832	12.681	0.000	-18.616
394.000	86.819	11.220	0.000	-43.557
396.000	86.820	11.107	0.000	-48.963
398.000	86.844	12.027	0.000	-48.710
400.000	86.815	11.380	0.000	-58.979
402.000	86.853	11.336	0.000	-58.594
404.000	86.828	11.287	0.000	-100.789
406.000	86.847	10.619	0.000	-132.614
408.000	86.852	10.787	0.000	-166.090
410.000	86.834	10.296	0.000	95.633
412.000	86.872	11.518	0.000	80.650
414.000	86.837	11.324	0.000	79.734
416.000	86.871	10.400	0.000	85.393
418.000	86.858	10.816	0.000	50.575
420.000	86.858	12.274	0.000	27.474
422.000	86.883	12.687	0.000	27.951
424.000	86.853	12.031	0.000	11.308
426.000	86.891	10.944	0.000	12.699
428.000	86.865	10.245	0.000	5.771
430.000	86.885	11.442	0.000	-2.968
432.000	86.886	11.731	0.000	0.875
434.000	86.875	10.638	0.000	-29.184
436.000	86.905	11.122	0.000	-32.530
438.000	86.874	11.487	0.000	-45.785
440.000	86.910	11.013	0.000	-31.788
442.000	86.888	11.240	0.000	-24.215
444.000	86.900	11.263	0.000	-57.738
446.000	86.910	11.002	0.000	-66.653
448.000	86.889	11.036	0.000	-91.860
450.000	86.925	11.322	0.000	-63.570
452.000	86.893	10.577	0.000	-51.115
454.000	86.924	10.137	0.000	-61.294
456.000	86.909	9.563	0.000	-98.709
458.000	86.915	10.210	0.000	-69.990
460.000	86.928	11.154	0.000	-119.786
462.000	86.907	11.005	0.000	-81.360
464.000	86.940	9.866	0.000	-79.111
466.000	86.910	9.195	0.000	-68.381
468.000	86.941	9.051	0.000	-63.245
470.000	86.923	9.152	0.000	-42.345
472.000	86.931	10.353	0.000	-69.393
474.000	86.944	10.444	0.000	-131.112
476.000	86.922	10.738	0.000	-120.793
478.000	86.956	11.655	0.000	-160.862
480.000	86.924	11.448	0.000	-120.810
482.000	86.955	11.044	0.000	-126.412
484.000	86.938	10.855	0.000	-131.865
486.000	86.947	9.990	0.000	-133.848
488.000	86.954	10.011	0.000	-97.402
490.000	86.939	10.927	0.000	-73.952
492.000	86.966	11.829	0.000	-12.708
494.000	86.937	11.793	0.000	-113.393
496.000	86.971	11.901	0.000	-110.766
498.000	86.944	10.126	0.000	-80.771
500.000	86.964	10.601	0.000	-82.010
502.000	86.961	11.312	0.000	-77.065
504.000	86.953	10.883	0.000	-81.758
506.000	86.975	9.180	0.000	-111.037
508.000	86.948	8.448	0.000	-19.931
510.000	86.981	11.161	0.000	-29.008
512.000	86.952	10.896	0.000	-139.204
514.000	86.977	8.933	0.000	-156.851
516.000	86.963	10.195	0.000	151.060
518.000	86.970	9.946	0.000	149.206
520.000	86.976	9.706	0.000	-6.843
522.000	86.961	10.307	0.000	-22.795
524.000	86.987	10.346	0.000	-14.530
526.000	86.957	10.873	0.000	-30.773
528.000	86.990	9.627	0.000	-55.733
530.000	86.961	10.319	0.000	63.174
532.000	86.984	11.410	0.000	15.356
534.000	86.974	11.714	0.000	-156.237
536.000	86.974	10.927	0.000	-103.544
538.000	86.985	10.730	0.000	39.756
540.000	86.966	10.574	0.000	-154.245
542.000	86.992	11.330	0.000	130.533
544.000	86.964	11.687	0.000	139.278
546.000	86.993	10.810	0.000	-157.691
548.000	86.966	10.450	0.000	-158.173
550.000	86.988	10.242	0.000	-127.759
552.000	86.974	10.390	0.000	-150.096
554.000	86.979	10.302	0.000	-55.596
556.000	86.985	11.024	0.000	-48.687
558.000	86.969	10.471	0.000	-163.038
560.000	86.993	10.855	0.000	-125.682
562.000	86.964	10.789	0.000	-149.415
564.000	86.992	10.708	0.000	-122.155
566.000	86.965	10.315	0.000	-99.111
568.000	86.989	10.908	0.000	-150.174
570.000	86.969	10.861	0.000	-152.469
572.000	86.980	10.914	0.000	-115.289
574.000	86.976	11.199	0.000	-90.691
576.000	86.972	10.967	0.000	38.538
578.000	86.983	10.760	0.000	98.723
580.000	86.961	10.566	0.000	-157.999
582.000	86.988	10.262	0.000	-174.096
584.000	86.957	10.024	0.000	-125.502
586.000	86.984	9.947	0.000	-25.921
588.000	86.957	10.428	0.000	-130.318
590.000	86.979	9.870	0.000	-141.253
592.000	86.961	10.539	0.000	-173.048
594.000	86.969	10.653	0.000	165.233
596.000	86.964	10.557	0.000	-137.224
598.000	86.961	11.091	0.000	-113.882
600.000	86.969	10.375	0.000	105.378
602.000	86.950	10.610	0.000	52.150
604.000	86.971	10.093	0.000	44.229
606.000	86.943	9.371	0.000	-136.079
608.000	86.970	10.191	0.000	-134.919
610.000	86.939	10.371	0.000	133.810
612.000	86.963	10.992	0.000	80.630
614.000	86.940	10.291	0.000	85.679
616.000	86.955	9.532	0.000	116.575
618.000	86.940	9.820	0.000	169.643
620.000	86.945	9.729	0.000	-105.206
622.000	86.942	10.957	0.000	72.732
624.000	86.935	10.920	0.000	119.410
626.000	86.943	10.298	0.000	-145.836
628.000	86.924	9.475	0.000	-126.735
630.000	86.944	10.233	0.000	-134.640
632.000	86.915	11.115	0.000	-130.952
634.000	86.939	9.669	0.000	-96.615
636.000	86.910	8.921	0.000	-90.041
638.000	86.933	10.478	0.000	175.366
640.000	86.906	11.212	0.000	-154.840
642.000	86.923	11.013	0.000	-69.570
644.000	86.905	10.554	0.000	-58.119
646.000	86.914	10.785	0.000	-147.217
648.000	86.901	9.572	0.000	-152.846
650.000	86.903	10.118	0.000	-147.548
652.000	86.902	10.204	0.000	-119.177
654.000	86.891	9.923	0.000	-142.645
656.000	86.898	9.225	0.000	-124.336
658.000	86.880	10.126	0.000	-124.324
660.000	86.896	11.058	0.000	-116.197
662.000	86.870	10.419	0.000	-145.137
664.000	86.889	10.581	0.000	-142.327
666.000	86.863	10.449	0.000	-129.040
668.000	86.883	9.094	0.000	-163.984
670.000	86.854	9.420	0.000	178.500
672.000	86.875	10.202	0.000	126.743
674.000	86.849	10.444	0.000	-153.721
676.000	86.865	11.419	0.000	-142.630
678.000	86.842	11.728	0.000	-154.322
680.000	86.854	11.638	0.000	-156.799
682.000	86.839	9.942	0.000	-148.577
684.000	86.841	9.477	0.000	142.937
686.000	86.833	10.573	0.000	116.143
688.000	86.830	10.400	0.000	-150.128
690.000	86.827	10.346	0.000	-135.828
692.000	86.817	10.726	0.000	-150.025
694.000	86.821	10.998	0.000	172.475
696.000	86.807	10.894	0.000	-171.612
698.000	86.814	10.320	0.000	-166.582
700.000	86.794	10.456	0.000	-134.064
702.000	86.809	11.334	0.000	-111.786
704.000	86.783	11.412	0.000	-99.959
706.000	86.799	10.751	0.000	171.539
708.000	86.773	9.347	0.000	-159.382
710.000	86.791	8.200	0.000	-165.631
712.000	86.763	8.553	0.000	78.446
714.000	86.780	10.176	0.000	90.156
716.000	86.753	10.769	0.000	72.580
718.000	86.771	10.804	0.000	54.911
720.000	86.742	9.505	0.000	125.980
722.000	86.759	9.543	0.000	141.607
724.000	86.734	10.574	0.000	97.891
726.000	86.748	9.708	0.000	98.931
728.000	86.724	10.414	0.000	68.906
730.000	86.736	9.884	0.000	90.403
732.000	86.717	9.106	0.000	114.096
734.000	86.723	10.133	0.000	117.160
736.000	86.707	11.221	0.000	131.188
738.000	86.712	10.732	0.000	128.160
740.000	86.697	10.206	0.000	-176.281
742.000	86.699	8.760	0.000	135.286
744.000	86.688	10.116	0.000	109.729
746.000	86.688	9.961	0.000	106.089
748.000	86.678	9.861	0.000	102.359
750.000	86.674	10.500	0.000	66.308
752.000	86.670	10.006	0.000	87.501
754.000	86.662	10.754	0.000	133.259
756.000	86.658	10.377	0.000	144.499
758.000	86.651	11.022	0.000	84.580
760.000	86.649	11.188	0.000	66.400
762.000	86.638	11.076	0.000	68.113
764.000	86.638	11.408	0.000	74.670
766.000	86.628	11.760	0.000	83.979
768.000	86.627	10.955	0.000	60.625
770.000	86.614	11.303	0.000	120.501
772.000	86.619	11.467	0.000	88.858
774.000	86.603	11.423	0.000	84.814
776.000	86.606	10.154	0.000	83.610
778.000	86.592	9.500	0.000	29.433
780.000	86.596	9.880	0.000	15.470
782.000	86.579	10.579	0.000	30.059
784.000	86.584	11.511	0.000	32.767
786.000	86.570	11.207	0.000	44.329
788.000	86.573	10.491	0.000	43.562
790.000	86.556	10.878	0.000	11.671
792.000	86.564	9.997	0.000	4.162
794.000	86.546	9.794	0.000	6.746
796.000	86.550	10.459	0.000	10.082
798.000	86.536	12.361	0.000	20.077
800.000	86.541	11.714	0.000	40.434
802.000	86.523	10.635	0.000	76.463
804.000	86.528	10.249	0.000	52.129
806.000	86.515	11.002	0.000	21.546
808.000	86.516	11.237	0.000	13.697
810.000	86.502	11.581	0.000	8.847
812.000	86.507	10.226	0.000	11.758
814.000	86.492	8.699	0.000	40.221
816.000	86.493	10.779	0.000	26.872
818.000	86.483	11.245	0.000	-24.296
820.000	86.483	11.507	0.000	-35.317
822.000	86.471	11.065	0.000	-29.310
824.000	86.471	10.069	0.000	-57.353
826.000	86.464	10.399	0.000	-40.799
828.000	86.458	10.398	0.000	-56.988
830.000	86.453	9.514	0.000	-48.730
832.000	86.449	10.347	0.000	-43.288
834.000	86.442	9.888	0.000	18.789
836.000	86.436	11.816	0.000	62.707
838.000	86.435	11.694	0.000	55.977
840.000	86.425	11.158	0.000	26.862
842.000	86.423	11.331	0.000	29.780
844.000	86.415	10.830	0.000	8.973
846.000	86.417	10.784	0.000	3.569
848.000	86.401	13.483	0.000	-1.331
850.000	86.409	14.713	0.000	-8.473
852.000	86.392	13.914	0.000	-26.280
854.000	86.398	13.457	0.000	-37.327
856.000	86.381	12.870	0.000	-40.599
858.000	86.391	12.448	0.000	-56.694
860.000	86.369	12.868	0.000	-59.224
862.000	86.380	12.775	0.000	-56.801
864.000	86.362	11.630	0.000	-61.631
866.000	86.371	12.004	0.000	-59.336
868.000	86.350	12.445	0.000	-49.684
870.000	86.365	12.863	0.000	-60.363
872.000	86.341	12.826	0.000	-51.139
874.000	86.354	12.170	0.000	-51.911
876.000	86.335	12.587	0.000	-55.067
878.000	86.345	13.734	0.000	-60.944
880.000	86.324	14.688	0.000	-66.907
882.000	86.336	14.435	0.000	-63.687
884.000	86.319	15.391	0.000	-70.670
886.000	86.323	16.239	0.000	-70.887
888.000	86.313	16.277	0.000	-75.311
890.000	86.315	16.971	0.000	-79.958
892.000	86.304	17.205	0.000	-88.087
894.000	86.305	17.151	0.000	-101.195
896.000	86.301	17.231	0.000	-117.365
898.000	86.293	17.411	0.000	-126.509
900.000	86.294	16.994	0.000	-130.797
902.000	86.286	16.290	0.000	-126.179
904.000	86.287	16.405	0.000	-135.404
906.000	86.274	16.019	0.000	-144.761
908.000	86.284	15.568	0.000	-150.356
910.000	86.264	15.223	0.000	-143.417
912.000	86.277	14.080	0.000	-145.851
914.000	86.259	14.107	0.000	-145.502
916.000	86.269	14.561	0.000	-132.293
918.000	86.250	15.361	0.000	-135.119
920.000	86.264	16.139	0.000	-132.663
922.000	86.244	16.501	0.000	-136.409
924.000	86.253	17.751	0.000	-134.523
926.000	86.242	18.135	0.000	-146.160
928.000	86.243	17.661	0.000	-160.051
930.000	86.236	18.267	0.000	-164.417
932.000	86.238	18.698	0.000	-162.933
934.000	86.232	18.990	0.000	-166.310
936.000	86.227	19.271	0.000	-174.167
938.000	86.231	19.962	0.000	-178.417
940.000	86.218	20.613	0.000	176.825
942.000	86.225	21.820	0.000	172.864
944.000	86.213	22.363	0.000	166.815
946.000	86.220	22.925	0.000	155.695
948.000	86.204	23.508	0.000	143.203
950.000	86.219	24.325	0.000	130.625
952.000	86.198	24.563	0.000	121.358
954.000	86.210	24.264	0.000	111.657
956.000	86.198	23.980	0.000	102.211
958.000	86.202	23.921	0.000	90.022
960.000	86.194	23.673	0.000	82.306
962.000	86.196	23.086	0.000	76.531
964.000	86.192	23.394	0.000	74.433
966.000	86.186	23.588	0.000	68.848
968.000	86.194	23.566	0.000	61.887
970.000	86.177	24.108	0.000	59.624
972.000	86.190	24.543	0.000	54.167
974.000	86.176	25.050	0.000	48.614
976.000	86.184	25.314	0.000	41.067
978.000	86.171	25.617	0.000	36.769
980.000	86.182	26.052	0.000	31.720
982.000	86.167	26.804	0.000	23.235
984.000	86.174	27.750	0.000	17.095
986.000	86.170	28.381	0.000	9.509
988.000	86.164	28.906	0.000	1.067
990.000	86.170	29.200	0.000	-8.464
992.000	86.162	29.493	0.000	-18.408
994.000	86.165	29.772	0.000	-27.136
996.000	86.157	29.682	0.000	-34.589
998.000	86.167	29.533	0.000	-41.553
1000.000	86.149	29.709	0.000	-46.454
1002.000	86.164	29.893	0.000	-51.016
1004.000	86.151	30.243	0.000	-57.785
1006.000	86.155	30.766	0.000	-62.549
1008.000	86.153	31.164	0.000	-66.881
1010.000	86.151	31.662	0.000	-72.855
1012.000	86.150	32.255	0.000	-80.128
1014.000	86.148	32.753	0.000	-86.153
1016.000	86.152	33.411	0.000	-93.165
1018.000	86.140	34.071	0.000	-101.947
1020.000	86.155	34.826	0.000	-110.749
1022.000	86.137	35.288	0.000	-119.225
1024.000	86.148	35.630	0.000	-128.454
1026.000	86.142	35.964	0.000	-139.317
1028.000	86.142	36.126	0.000	-149.333
1030.000	86.141	36.043	0.000	-159.826
1032.000	86.141	36.140	0.000	-169.933
1034.000	86.141	35.966	0.000	-179.235
1036.000	86.135	35.677	0.000	171.473
1038.000	86.146	35.419	0.000	163.355
1040.000	86.129	34.846	0.000	156.196
1042.000	86.145	34.373	0.000	149.757
1044.000	86.133	34.009	0.000	144.110
1046.000	86.137	33.911	0.000	138.882
1048.000	86.138	33.826	0.000	133.504
1050.000	86.133	33.759	0.000	127.305
1052.000	86.137	33.529	0.000	121.694
1054.000	86.133	33.351	0.000	115.264
1056.000	86.138	33.123	0.000	109.018
1058.000	86.128	32.889	0.000	103.553
1060.000	86.141	32.634	0.000	99.096
1062.000	86.127	32.630	0.000	94.281
1064.000	86.137	32.540	0.000	89.450
1066.000	86.135	32.587	0.000	84.538
1068.000	86.129	32.514	0.000	78.306
1070.000	86.140	32.420	0.000	72.623
1072.000	86.128	32.239	0.000	66.547
1074.000	86.137	31.998	0.000	60.710
1076.000	86.131	31.597	0.000	55.240
1078.000	86.136	31.217	0.000	50.583
1080.000	86.131	30.930	0.000	45.588
1082.000	86.137	30.619	0.000	41.246
1084.000	86.134	30.294	0.000	37.905
1086.000	86.132	30.181	0.000	33.998
1088.000	86.141	29.856	0.000	30.978
1090.000	86.127	29.610	0.000	29.052
1092.000	86.142	29.632	0.000	28.572
1094.000	86.133	29.811	0.000	25.628
1096.000	86.135	30.171	0.000	22.822
1098.000	86.141	30.577	0.000	19.220
1100.000	86.133	30.994	0.000	14.522
1102.000	86.141	31.376	0.000	10.202
1104.000	86.136	31.657	0.000	4.116
1106.000	86.141	31.916	0.000	-2.648
1108.000	86.137	32.129	0.000	-10.821
1110.000	86.143	32.206	0.000	-19.259
1112.000	86.138	32.261	0.000	-27.080
1114.000	86.141	32.260	0.000	-34.540
1116.000	86.146	31.905	0.000	-42.839
1118.000	86.136	31.506	0.000	-50.447
1120.000	86.152	31.310	0.000	-55.529
1122.000	86.138	30.920	0.000	-62.999
1124.000	86.148	30.547	0.000	-68.479
1126.000	86.149	30.059	0.000	-74.641
1128.000	86.141	29.429	0.000	-78.555
1130.000	86.155	29.088	0.000	-82.872
1132.000	86.143	28.720	0.000	-85.920
1134.000	86.154	28.600	0.000	-89.005
1136.000	86.150	28.571	0.000	-94.367
1138.000	86.151	28.513	0.000	-98.129
1140.000	86.155	28.862	0.000	-103.473
1142.000	86.153	28.916	0.000	-111.972
1144.000	86.157	28.654	0.000	-118.301
1146.000	86.154	28.599	0.000	-126.215
1148.000	86.162	28.454	0.000	-133.603
1150.000	86.154	28.155	0.000	-141.127
1152.000	86.164	27.736	0.000	-147.804
1154.000	86.160	27.006	0.000	-156.118
1156.000	86.160	26.458	0.000	-163.655
1158.000	86.170	25.603	0.000	-170.211
1160.000	86.158	24.446	0.000	-177.830
1162.000	86.173	23.302	0.000	177.391
1164.000	86.166	22.425	0.000	172.320
1166.000	86.167	21.387	0.000	166.467
1168.000	86.178	19.966	0.000	164.941
1170.000	86.165	18.587	0.000	161.540
1172.000	86.180	17.514	0.000	164.145
1174.000	86.174	16.616	0.000	173.298
1176.000	86.175	16.676	0.000	175.478
1178.000	86.185	17.422	0.000	-174.998
1180.000	86.174	18.275	0.000	-176.723
1182.000	86.188	19.675	0.000	175.319
1184.000	86.181	20.221	0.000	168.559
1186.000	86.186	20.698	0.000	161.734
1188.000	86.190	20.118	0.000	151.763
1190.000	86.186	19.802	0.000	141.526
1192.000	86.194	20.296	0.000	130.428
1194.000	86.191	19.491	0.000	120.280
1196.000	86.195	18.547	0.000	107.769
1198.000	86.197	17.868	0.000	94.897
1200.000	86.198	17.205	0.000	86.364
1202.000	86.200	16.034	0.000	74.003
1204.000	86.202	14.223	0.000	54.784
1206.000	86.204	13.001	0.000	35.456
1208.000	86.203	12.504	0.000	8.049
1210.000	86.208	11.325	0.000	-46.576
1212.000	86.205	12.513	0.000	-105.181
1214.000	86.209	12.641	0.000	-118.890
1216.000	86.211	11.947	0.000	-143.332
1218.000	86.208	13.515	0.000	-173.099
1220.000	86.217	15.126	0.000	-179.051
1222.000	86.211	15.417	0.000	174.841
1224.000	86.216	15.056	0.000	162.735
1226.000	86.220	15.319	0.000	155.128
1228.000	86.215	15.816	0.000	146.866
1230.000	86.227	16.477	0.000	141.381
1232.000	86.219	17.218	0.000	134.336
1234.000	86.227	17.311	0.000	120.277
1236.000	86.229	17.838	0.000	110.846
1238.000	86.225	17.374	0.000	102.429
1240.000	86.237	17.029	0.000	87.533
1242.000	86.229	16.446	0.000	74.853
1244.000	86.238	15.794	0.000	68.336
1246.000	86.240	15.070	0.000	52.382
1248.000	86.235	14.576	0.000	49.366
1250.000	86.249	15.139	0.000	53.507
1252.000	86.239	14.929	0.000	44.722
1254.000	86.249	14.312	0.000	38.496
1256.000	86.251	14.010	0.000	42.104
1258.000	86.246	13.527	0.000	31.368
1260.000	86.260	13.162	0.000	25.106
1262.000	86.250	13.896	0.000	28.639
1264.000	86.260	14.151	0.000	17.566
1266.000	86.261	14.016	0.000	19.052
1268.000	86.258	14.565	0.000	14.049
1270.000	86.269	14.525	0.000	2.844
1272.000	86.263	14.569	0.000	-9.492
1274.000	86.270	14.605	0.000	-11.388
1276.000	86.273	14.158	0.000	-20.225
1278.000	86.270	13.672	0.000	-19.407
1280.000	86.280	13.821	0.000	-40.123
1282.000	86.274	13.013	0.000	-54.027
1284.000	86.282	13.146	0.000	-46.517
1286.000	86.283	12.603	0.000	-41.794
1288.000	86.284	11.916	0.000	-50.119
1290.000	86.290	12.559	0.000	-60.069
1292.000	86.288	12.723	0.000	-63.012
1294.000	86.294	13.367	0.000	-69.254
1296.000	86.294	12.572	0.000	-72.686
1298.000	86.297	13.955	0.000	-83.845
1300.000	86.299	14.500	0.000	-101.782
1302.000	86.302	13.175	0.000	-103.362
1304.000	86.305	12.524	0.000	-102.053
1306.000	86.306	13.421	0.000	-112.621
1308.000	86.312	13.605	0.000	-119.967
1310.000	86.309	12.673	0.000	-131.776
1312.000	86.316	12.075	0.000	-149.072
1314.000	86.317	11.902	0.000	-158.446
1316.000	86.317	11.901	0.000	-178.135
1318.000	86.328	11.515	0.000	169.473
1320.000	86.318	10.521	0.000	169.365
1322.000	86.333	10.475	0.000	179.902
1324.000	86.327	11.796	0.000	-179.533
1326.000	86.330	11.407	0.000	173.279
1328.000	86.341	11.087	0.000	161.387
1330.000	86.329	10.977	0.000	154.911
1332.000	86.347	9.669	0.000	122.062
1334.000	86.340	9.511	0.000	115.707
1336.000	86.342	10.819	0.000	99.175
1338.000	86.354	11.185	0.000	-162.805
1340.000	86.341	10.588	0.000	-170.604
1342.000	86.359	10.122	0.000	-116.510
1344.000	86.352	10.540	0.000	-147.975
1346.000	86.357	10.208	0.000	-27.514
1348.000	86.364	10.886	0.000	-17.631
1350.000	86.359	10.276	0.000	63.643
1352.000	86.370	9.210	0.000	90.145
1354.000	86.366	9.620	0.000	-132.450
1356.000	86.373	10.329	0.000	-77.291
1358.000	86.372	9.730	0.000	-63.935
1360.000	86.378	10.148	0.000	-91.127
1362.000	86.378	9.079	0.000	-38.514
1364.000	86.382	9.874	0.000	-163.327
1366.000	86.388	9.803	0.000	-36.437
1368.000	86.382	8.983	0.000	-78.638
1370.000	86.397	9.068	0.000	-117.596
1372.000	86.388	8.865	0.000	-109.234
1374.000	86.397	8.574	0.000	-83.816
1376.000	86.402	8.512	0.000	-96.156
1378.000	86.394	9.895	0.000	-92.114
1380.000	86.413	11.111	0.000	-134.142
1382.000	86.400	10.992	0.000	-95.788
1384.000	86.413	10.894	0.000	-74.342
1386.000	86.412	9.509	0.000	-129.420
1388.000	86.413	8.833	0.000	-76.681
1390.000	86.421	8.624	0.000	-56.512
1392.000	86.418	9.378	0.000	-68.196
1394.000	86.426	10.037	0.000	-40.034
1396.000	86.424	10.682	0.000	-99.386
1398.000	86.433	10.234	0.000	-127.101
1400.000	86.427	9.377	0.000	-108.959
1402.000	86.439	8.833	0.000	-29.016
1404.000	86.438	10.189	0.000	7.419
1406.000	86.436	10.392	0.000	179.528
1408.000	86.451	9.774	0.000	-121.293
1410.000	86.437	10.144	0.000	-89.214
1412.000	86.457	10.149	0.000	-91.970
1414.000	86.448	10.103	0.000	-93.833
1416.000	86.455	9.885	0.000	-81.996
1418.000	86.460	10.190	0.000	-116.342
1420.000	86.458	10.109	0.000	-119.609
1422.000	86.465	9.548	0.000	-65.295
1424.000	86.464	10.252	0.000	-75.247
1426.000	86.473	9.905	0.000	-76.127
1428.000	86.466	10.093	0.000	-108.195
1430.000	86.482	10.374	0.000	-132.385
1432.000	86.473	10.958	0.000	-119.904
1434.000	86.482	11.117	0.000	-123.047
1436.000	86.487	10.399	0.000	-176.369
1438.000	86.479	10.966	0.000	-157.126
1440.000	86.498	11.207	0.000	-139.843
1442.000	86.485	11.517	0.000	-114.546
1444.000	86.500	10.156	0.000	-104.109
1446.000	86.495	9.773	0.000	-157.291
1448.000	86.504	10.132	0.000	-149.744
1450.000	86.501	10.574	0.000	-137.321
1452.000	86.510	9.544	0.000	-173.129
1454.000	86.510	9.335	0.000	-169.028
1456.000	86.509	9.796	0.000	-138.709
1458.000	86.523	9.314	0.000	-131.332
1460.000	86.510	9.963	0.000	-154.450
1462.000	86.530	10.355	0.000	-177.426
1464.000	86.520	9.160	0.000	176.117
1466.000	86.530	10.001	0.000	-169.959
1468.000	86.531	10.411	0.000	-161.478
1470.000	86.534	9.834	0.000	-159.265
1472.000	86.537	9.825	0.000	-172.090
1474.000	86.538	9.409	0.000	-177.997
1476.000	86.548	9.283	0.000	174.229
1478.000	86.538	10.266	0.000	176.686
1480.000	86.559	10.165	0.000	169.518
1482.000	86.544	11.642	0.000	172.987
1484.000	86.561	11.636	0.000	179.706
1486.000	86.556	11.494	0.000	-164.478
1488.000	86.563	11.115	0.000	-155.258
1490.000	86.563	10.544	0.000	-174.602
1492.000	86.568	10.518	0.000	-177.621
1494.000	86.572	10.305	0.000	172.423
1496.000	86.569	10.127	0.000	168.734
1498.000	86.585	10.473	0.000	172.216
1500.000	86.570	11.651	0.000	170.224
1502.000	86.591	10.901	0.000	179.431
1504.000	86.581	10.582	0.000	166.252
1506.000	86.592	10.344	0.000	161.618
1508.000	86.589	10.131	0.000	160.902
1510.000	86.599	10.745	0.000	161.125
1512.000	86.596	10.963	0.000	169.551
1514.000	86.602	10.869	0.000	141.200
1516.000	86.608	10.598	0.000	122.304
1518.000	86.601	10.312	0.000	148.838
1520.000	86.619	10.306	0.000	147.556
1522.000	86.606	10.752	0.000	142.875
1524.000	86.623	10.671	0.000	139.602
1526.000	86.615	10.772	0.000	168.400
1528.000	86.630	10.701	0.000	143.472
1530.000	86.619	9.914	0.000	132.893
1532.000	86.637	10.188	0.000	119.637
1534.000	86.630	9.771	0.000	114.584
1536.000	86.636	10.189	0.000	115.093
1538.000	86.642	9.701	0.000	114.289
1540.000	86.640	10.150	0.000	101.707
1542.000	86.649	10.626	0.000	127.349
1544.000	86.645	10.464	0.000	128.082
1546.000	86.659	10.203	0.000	115.399
1548.000	86.646	11.747	0.000	119.344
1550.000	86.669	10.599	0.000	97.867
1552.000	86.652	9.494	0.000	100.145
1554.000	86.672	11.121	0.000	90.488
1556.000	86.662	10.104	0.000	70.530
1558.000	86.678	9.803	0.000	4.802
1560.000	86.667	10.085	0.000	17.691
1562.000	86.684	8.861	0.000	46.714
1564.000	86.677	10.069	0.000	46.643
1566.000	86.684	9.652	0.000	55.848
1568.000	86.690	9.600	0.000	50.331
1570.000	86.688	10.507	0.000	61.734
1572.000	86.697	10.253	0.000	54.513
1574.000	86.694	11.000	0.000	80.917
1576.000	86.707	11.338	0.000	58.073
1578.000	86.695	10.156	0.000	45.715
1580.000	86.717	9.018	0.000	70.243
1582.000	86.702	10.169	0.000	-5.801
1584.000	86.721	10.667	0.000	52.383
1586.000	86.709	11.403	0.000	48.047
1588.000	86.729	10.502	0.000	38.494
1590.000	86.714	9.636	0.000	-10.981
1592.000	86.736	10.484	0.000	-21.895
1594.000	86.723	9.880	0.000	-1.097
1596.000	86.737	7.772	0.000	-4.328
1598.000	86.733	7.932	0.000	-43.487
1600.000	86.743	9.639	0.000	52.619
1602.000	86.740	9.410	0.000	47.769
1604.000	86.748	9.480	0.000	-1.549
1606.000	86.751	9.406	0.000	-5.933
1608.000	86.749	10.692	0.000	8.983
1610.000	86.760	10.976	0.000	3.690
1612.000	86.756	10.495	0.000	-12.846
1614.000	86.767	10.249	0.000	-6.279
1616.000	86.760	8.956	0.000	26.901
1618.000	86.778	8.664	0.000	-25.307
1620.000	86.763	9.492	0.000	19.057
1622.000	86.785	9.853	0.000	-19.161
1624.000	86.771	10.145	0.000	-2.302
1626.000	86.791	10.378	0.000	-1.939
1628.000	86.776	10.622	0.000	-17.001
1630.000	86.801	10.333	0.000	-15.539
1632.000	86.782	10.705	0.000	-13.433
1634.000	86.805	10.817	0.000	10.663
1636.000	86.791	10.264	0.000	25.892
1638.000	86.812	10.107	0.000	-19.982
1640.000	86.795	8.484	0.000	-37.700
1642.000	86.819	9.304	0.000	-43.176
1644.000	86.805	10.358	0.000	-54.632
1646.000	86.822	9.447	0.000	-35.255
1648.000	86.814	10.309	0.000	-27.567
1650.000	86.830	10.719	0.000	-35.748
1652.000	86.820	9.877	0.000	-15.520
1654.000	86.835	10.154	0.000	-11.338
1656.000	86.830	10.880	0.000	-36.115
1658.000	86.839	9.658	0.000	-42.067
1660.000	86.837	9.501	0.000	-61.362
1662.000	86.846	10.257	0.000	-53.661
1664.000	86.845	10.542	0.000	-49.920
1666.000	86.850	10.195	0.000	-16.379
1668.000	86.856	8.999	0.000	-18.764
1670.000	86.856	10.056	0.000	-65.699
1672.000	86.861	10.385	0.000	-99.462
1674.000	86.863	9.569	0.000	-75.699
1676.000	86.870	10.146	0.000	-86.039
1678.000	86.867	9.861	0.000	-87.375
1680.000	86.878	8.813	0.000	-81.987
1682.000	86.875	9.101	0.000	-55.282
1684.000	86.884	9.803	0.000	-78.502
1686.000	86.880	9.806	0.000	-89.618
1688.000	86.894	9.874	0.000	-117.081
1690.000	86.886	9.111	0.000	-119.695
1692.000	86.899	8.915	0.000	-114.824
1694.000	86.894	9.680	0.000	-107.659
1696.000	86.907	8.888	0.000	-87.107
1698.000	86.899	10.606	0.000	-76.977
1700.000	86.915	9.916	0.000	-83.998
1702.000	86.907	9.822	0.000	-99.403
1704.000	86.921	10.229	0.000	-91.584
1706.000	86.913	9.598	0.000	-109.209
1708.000	86.930	10.400	0.000	-92.508
1710.000	86.919	9.279	0.000	-75.464
1712.000	86.935	8.914	0.000	-105.969
1714.000	86.928	9.981	0.000	-107.727
1716.000	86.943	10.259	0.000	-62.551
1718.000	86.933	10.290	0.000	-99.466
1720.000	86.950	9.031	0.000	-133.291
1722.000	86.942	9.542	0.000	-151.888
1724.000	86.955	9.626	0.000	-178.588
1726.000	86.948	10.051	0.000	-109.344
1728.000	86.964	9.923	0.000	-91.743
1730.000	86.955	10.196	0.000	-71.321
1732.000	86.968	10.317	0.000	-80.437
1734.000	86.964	9.452	0.000	-112.150
1736.000	86.975	8.261	0.000	-106.021
1738.000	86.971	8.347	0.000	-68.032
1740.000	86.981	9.348	0.000	-134.301
1742.000	86.981	10.238	0.000	-128.583
1744.000	86.986	10.278	0.000	-109.765
1746.000	86.988	10.608	0.000	-96.855
1748.000	86.993	10.554	0.000	-126.151
1750.000	86.996	9.707	0.000	-98.840
1752.000	86.997	9.535	0.000	-62.003
1754.000	87.005	10.024	0.000	-124.954
1756.000	87.004	10.057	0.000	-129.223
1758.000	87.013	9.449	0.000	-155.691
1760.000	87.008	9.475	0.000	-133.034
1762.000	87.023	9.946	0.000	-129.261
1764.000	87.014	9.803	0.000	-147.093
1766.000	87.030	9.817	0.000	-138.892
1768.000	87.020	10.200	0.000	-134.957
1770.000	87.040	9.962	0.000	-130.057
1772.000	87.024	9.728	0.000	-159.051
1774.000	87.048	9.540	0.000	-145.041
1776.000	87.031	11.327	0.000	-115.122
1778.000	87.057	11.399	0.000	-133.280
1780.000	87.036	10.295	0.000	-154.466
1782.000	87.066	10.872	0.000	-169.905
1784.000	87.043	12.125	0.000	-154.093
1786.000	87.072	10.842	0.000	-157.447
1788.000	87.048	9.582	0.000	-175.329
1790.000	87.081	9.999	0.000	-159.845
1792.000	87.057	10.453	0.000	-126.115
1794.000	87.086	9.510	0.000	-129.050
1796.000	87.065	10.293	0.000	-142.123
1798.000	87.092	11.098	0.000	-163.153
1800.000	87.074	10.950	0.000	-167.639
1802.000	87.096	11.063	0.000	-177.358
1804.000	87.084	10.794	0.000	-174.811
1806.000	87.101	9.801	0.000	-157.736
1808.000	87.094	10.239	0.000	-152.886
1810.000	87.104	10.195	0.000	-175.497
1812.000	87.106	10.682	0.000	167.535
1814.000	87.107	10.611	0.000	164.796
1816.000	87.116	9.409	0.000	-174.815
1818.000	87.111	10.167	0.000	154.815
1820.000	87.128	9.501	0.000	146.194
1822.000	87.114	8.879	0.000	151.362
1824.000	87.138	8.470	0.000	139.049
1826.000	87.119	10.436	0.000	156.956
1828.000	87.148	10.635	0.000	162.936
1830.000	87.124	10.000	0.000	156.853
1832.000	87.156	9.776	0.000	145.991
1834.000	87.132	9.864	0.000	139.256
1836.000	87.163	8.179	0.000	150.512
1838.000	87.139	9.242	0.000	154.566
1840.000	87.169	9.741	0.000	110.925
1842.000	87.150	10.167	0.000	78.828
1844.000	87.172	8.592	0.000	125.427
1846.000	87.162	8.951	0.000	173.794
1848.000	87.175	9.156	0.000	164.060
1850.000	87.175	9.375	0.000	152.278
1852.000	87.175	9.467	0.000	69.880
1854.000	87.189	10.200	0.000	74.102
1856.000	87.177	8.469	0.000	135.230
1858.000	87.201	7.699	0.000	51.067
1860.000	87.179	8.879	0.000	118.245
1862.000	87.212	10.229	0.000	98.979
1864.000	87.185	10.117	0.000	101.226
1866.000	87.220	9.019	0.000	93.729
1868.000	87.193	9.494	0.000	-133.434
1870.000	87.226	9.874	0.000	127.198
1872.000	87.204	10.348	0.000	92.001
1874.000	87.228	8.486	0.000	-149.950
1876.000	87.218	8.407	0.000	175.968
1878.000	87.229	9.041	0.000	-160.875
1880.000	87.233	9.747	0.000	-115.767
1882.000	87.228	9.524	0.000	84.067
1884.000	87.247	10.040	0.000	57.718
1886.000	87.230	9.339	0.000	-165.709
1888.000	87.259	10.009	0.000	-73.926
1890.000	87.233	10.507	0.000	15.172
1892.000	87.269	10.543	0.000	-178.961
1894.000	87.241	10.207	0.000	-48.782
1896.000	87.275	9.436	0.000	54.163
1898.000	87.252	10.240	0.000	-93.179
1900.000	87.277	10.674	0.000	-31.205
1902.000	87.267	9.658	0.000	9.765
1904.000	87.276	10.163	0.000	146.072
1906.000	87.283	8.378	0.000	-138.829
1908.000	87.275	9.007	0.000	177.577
1910.000	87.299	9.637	0.000	177.696
1912.000	87.275	10.039	0.000	-159.702
1914.000	87.311	10.078	0.000	-117.569
1916.000	87.281	9.407	0.000	155.655
1918.000	87.318	9.599	0.000	102.633
1920.000	87.291	9.896	0.000	93.102
1922.000	87.319	9.917	0.000	154.700
1924.000	87.308	10.099	0.000	151.888
1926.000	87.318	9.156	0.000	75.248
1928.000	87.325	8.989	0.000	41.347
1930.000	87.315	9.587	0.000	0.300
1932.000	87.342	8.041	0.000	35.077
1934.000	87.316	9.805	0.000	25.111
1936.000	87.353	9.482	0.000	-86.862
1938.000	87.322	9.483	0.000	-5.289
1940.000	87.359	8.749	0.000	2.678
1942.000	87.336	9.481	0.000	-30.311
1944.000	87.358	9.482	0.000	-79.697
1946.000	87.354	9.257	0.000	-51.810
1948.000	87.354	8.988	0.000	-65.482
1950.000	87.374	8.354	0.000	-6.549
1952.000	87.352	8.835	0.000	-37.218
1954.000	87.388	10.775	0.000	-66.234
1956.000	87.357	11.112	0.000	-88.020
1958.000	87.396	9.875	0.000	-70.693
1960.000	87.369	10.705	0.000	-67.087
1962.000	87.395	10.356	0.000	-52.810
1964.000	87.388	10.442	0.000	-19.313
1966.000	87.391	9.108	0.000	-36.328
1968.000	87.408	9.334	0.000	-53.961
1970.000	87.387	9.637	0.000	-48.211
1972.000	87.424	9.250	0.000	-26.337
1974.000	87.391	9.440	0.000	-68.272
1976.000	87.431	9.514	0.000	-68.468
1978.000	87.404	10.015	0.000	-74.084
1980.000	87.429	10.628	0.000	-86.591
1982.000	87.425	9.580	0.000	-109.117
1984.000	87.423	9.050	0.000	-143.934
1986.000	87.446	10.217	0.000	-135.443
1988.000	87.421	10.552	0.000	-137.020
1990.000	87.461	9.657	0.000	-135.441
1992.000	87.427	10.282	0.000	-69.940
1994.000	87.464	10.380	0.000	-71.045
1996.000	87.444	9.753	0.000	-108.059
1998.000	87.460	8.850	0.000	-133.462
2000.000	87.467	9.862	0.000	-63.419
