2000.000	86.105	11.150	0.000	-154.953
2.000	86.110	10.935	0.000	-153.252
4.000	86.163	11.402	0.000	-151.732
6.000	86.120	10.044	0.000	-147.969
8.000	86.121	11.285	0.000	162.940
10.000	86.174	11.709	0.000	177.162
12.000	86.133	11.462	0.000	79.290
14.000	86.132	11.288	0.000	155.342
16.000	86.186	12.673	0.000	-179.032
18.000	86.146	12.063	0.000	171.461
20.000	86.143	12.202	0.000	160.133
22.000	86.197	11.607	0.000	176.994
24.000	86.158	11.554	0.000	-159.123
26.000	86.154	10.545	0.000	-151.310
28.000	86.210	9.857	0.000	167.892
30.000	86.169	10.751	0.000	-152.477
32.000	86.166	11.458	0.000	-145.746
34.000	86.223	11.421	0.000	97.427
36.000	86.181	11.871	0.000	156.658
38.000	86.177	11.446	0.000	-172.330
40.000	86.234	11.450	0.000	172.991
42.000	86.192	11.864	0.000	160.654
44.000	86.190	10.794	0.000	167.191
46.000	86.246	10.960	0.000	143.517
48.000	86.203	10.655	0.000	149.903
50.000	86.204	11.175	0.000	153.509
52.000	86.257	11.263	0.000	151.864
54.000	86.213	11.430	0.000	163.820
56.000	86.219	11.559	0.000	178.313
58.000	86.267	9.848	0.000	88.720
60.000	86.223	10.823	0.000	130.313
62.000	86.236	10.677	0.000	170.921
64.000	86.277	10.980	0.000	-147.984
66.000	86.231	10.893	0.000	-163.817
68.000	86.254	11.453	0.000	168.089
70.000	86.288	12.065	0.000	-168.660
72.000	86.239	11.507	0.000	147.517
74.000	86.271	10.676	0.000	157.055
76.000	86.297	11.016	0.000	-160.630
78.000	86.249	9.980	0.000	-163.225
80.000	86.290	10.715	0.000	176.507
82.000	86.305	11.303	0.000	167.882
84.000	86.258	11.482	0.000	145.239
86.000	86.308	11.365	0.000	159.777
88.000	86.313	11.417	0.000	163.800
90.000	86.270	11.579	0.000	162.061
92.000	86.325	12.405	0.000	-178.836
94.000	86.318	11.580	0.000	172.037
96.000	86.285	11.851	0.000	176.081
98.000	86.342	11.822	0.000	176.271
100.000	86.322	10.913	0.000	173.432
102.000	86.302	11.897	0.000	147.477
104.000	86.357	12.604	0.000	151.539
106.000	86.325	11.343	0.000	156.294
108.000	86.322	11.461	0.000	164.924
110.000	86.369	11.333	0.000	-164.448
112.000	86.329	10.881	0.000	166.170
114.000	86.344	11.430	0.000	139.704
116.000	86.379	11.459	0.000	162.441
118.000	86.333	10.804	0.000	145.223
120.000	86.367	11.226	0.000	177.690
122.000	86.386	11.546	0.000	-169.942
124.000	86.342	11.784	0.000	166.693
126.000	86.390	12.199	0.000	154.849
128.000	86.389	11.530	0.000	144.248
130.000	86.355	9.875	0.000	160.224
132.000	86.411	10.361	0.000	-179.829
134.000	86.391	10.742	0.000	164.970
136.000	86.372	11.245	0.000	160.573
138.000	86.427	11.660	0.000	170.172
140.000	86.392	11.915	0.000	-179.759
142.000	86.395	12.578	0.000	166.477
144.000	86.438	10.375	0.000	174.777
146.000	86.394	10.397	0.000	-178.474
148.000	86.421	11.558	0.000	170.636
150.000	86.444	11.602	0.000	154.776
152.000	86.402	12.243	0.000	164.058
154.000	86.446	12.749	0.000	162.255
156.000	86.444	11.056	0.000	150.412
158.000	86.417	11.977	0.000	161.627
160.000	86.468	13.023	0.000	151.852
162.000	86.441	12.978	0.000	153.175
164.000	86.439	12.714	0.000	165.605
166.000	86.484	12.277	0.000	170.117
168.000	86.441	12.308	0.000	170.205
170.000	86.465	12.990	0.000	157.623
172.000	86.491	13.266	0.000	153.481
174.000	86.447	11.782	0.000	160.139
176.000	86.492	11.475	0.000	159.304
178.000	86.490	11.937	0.000	-178.033
180.000	86.461	12.788	0.000	175.110
182.000	86.514	12.545	0.000	155.570
184.000	86.487	12.618	0.000	152.072
186.000	86.485	10.973	0.000	158.115
188.000	86.527	12.717	0.000	153.192
190.000	86.487	11.603	0.000	169.548
192.000	86.515	11.818	0.000	165.909
194.000	86.530	13.213	0.000	154.861
196.000	86.495	13.468	0.000	157.572
198.000	86.543	13.023	0.000	163.948
200.000	86.526	13.540	0.000	165.024
202.000	86.515	12.700	0.000	163.832
204.000	86.561	13.071	0.000	159.617
206.000	86.522	13.284	0.000	154.357
208.000	86.544	13.225	0.000	156.141
210.000	86.567	13.694	0.000	159.384
212.000	86.526	14.215	0.000	158.053
214.000	86.574	14.064	0.000	153.372
216.000	86.563	14.673	0.000	160.880
218.000	86.545	15.828	0.000	166.720
220.000	86.594	15.802	0.000	157.477
222.000	86.558	14.393	0.000	161.173
224.000	86.575	14.957	0.000	158.984
226.000	86.600	14.941	0.000	164.812
228.000	86.562	14.751	0.000	165.700
230.000	86.605	14.883	0.000	165.479
232.000	86.595	14.436	0.000	156.275
234.000	86.582	14.983	0.000	152.544
236.000	86.625	15.268	0.000	164.645
238.000	86.589	14.497	0.000	164.806
240.000	86.614	14.570	0.000	162.446
242.000	86.629	14.478	0.000	164.099
244.000	86.595	15.313	0.000	165.309
246.000	86.644	16.228	0.000	158.055
248.000	86.621	16.322	0.000	161.181
250.000	86.619	16.790	0.000	160.948
252.000	86.659	16.901	0.000	163.978
254.000	86.617	17.156	0.000	163.149
256.000	86.652	16.796	0.000	156.067
258.000	86.657	17.241	0.000	165.022
260.000	86.630	18.109	0.000	161.682
262.000	86.678	18.149	0.000	155.095
264.000	86.648	17.397	0.000	157.964
266.000	86.661	17.353	0.000	155.391
268.000	86.684	18.174	0.000	160.603
270.000	86.650	18.280	0.000	162.257
272.000	86.694	18.646	0.000	157.410
274.000	86.676	19.238	0.000	151.331
276.000	86.674	19.563	0.000	150.195
278.000	86.710	19.788	0.000	151.846
280.000	86.671	19.597	0.000	155.648
282.000	86.709	20.302	0.000	152.703
284.000	86.705	20.778	0.000	150.259
286.000	86.687	20.897	0.000	150.791
288.000	86.733	21.866	0.000	148.572
290.000	86.695	21.969	0.000	147.218
292.000	86.720	22.417	0.000	146.163
294.000	86.733	22.886	0.000	142.857
296.000	86.704	23.586	0.000	141.293
298.000	86.750	24.584	0.000	140.285
300.000	86.721	24.759	0.000	137.167
302.000	86.735	25.215	0.000	130.872
304.000	86.755	25.567	0.000	126.494
306.000	86.725	25.841	0.000	120.744
308.000	86.768	26.163	0.000	116.149
310.000	86.744	26.241	0.000	112.571
312.000	86.753	26.069	0.000	105.355
314.000	86.778	25.783	0.000	102.814
316.000	86.742	25.565	0.000	103.056
318.000	86.787	25.549	0.000	99.330
320.000	86.766	25.772	0.000	94.672
322.000	86.769	25.765	0.000	91.906
324.000	86.799	25.865	0.000	89.120
326.000	86.762	25.544	0.000	86.866
328.000	86.805	24.893	0.000	83.114
330.000	86.788	24.689	0.000	81.067
332.000	86.787	24.137	0.000	80.442
334.000	86.818	24.172	0.000	81.638
336.000	86.784	24.501	0.000	82.240
338.000	86.823	24.351	0.000	81.684
340.000	86.806	24.342	0.000	81.008
342.000	86.808	24.500	0.000	81.795
344.000	86.836	24.309	0.000	81.457
346.000	86.802	24.329	0.000	83.042
348.000	86.844	24.416	0.000	83.596
350.000	86.823	24.875	0.000	85.832
352.000	86.829	24.923	0.000	87.785
354.000	86.854	25.266	0.000	86.764
356.000	86.820	25.945	0.000	86.560
358.000	86.863	26.531	0.000	85.110
360.000	86.840	27.385	0.000	84.339
362.000	86.849	28.115	0.000	83.443
364.000	86.869	28.876	0.000	78.926
366.000	86.841	29.394	0.000	75.897
368.000	86.882	30.186	0.000	72.376
370.000	86.854	30.501	0.000	67.537
372.000	86.873	30.667	0.000	60.796
374.000	86.882	31.141	0.000	55.369
376.000	86.862	31.287	0.000	50.464
378.000	86.901	31.447	0.000	44.702
380.000	86.867	31.487	0.000	39.996
382.000	86.897	31.490	0.000	34.678
384.000	86.894	31.266	0.000	30.278
386.000	86.881	31.042	0.000	25.745
388.000	86.918	31.007	0.000	21.901
390.000	86.882	30.881	0.000	18.528
392.000	86.918	30.721	0.000	14.823
394.000	86.905	30.477	0.000	11.317
396.000	86.905	30.563	0.000	7.963
398.000	86.930	30.489	0.000	4.344
400.000	86.900	30.233	0.000	0.766
402.000	86.938	30.079	0.000	-1.279
404.000	86.913	29.845	0.000	-4.280
406.000	86.932	29.796	0.000	-7.840
408.000	86.937	29.501	0.000	-11.712
410.000	86.920	29.242	0.000	-15.140
412.000	86.957	28.990	0.000	-16.540
414.000	86.923	28.799	0.000	-19.738
416.000	86.956	28.918	0.000	-22.312
418.000	86.944	28.760	0.000	-25.089
420.000	86.943	28.555	0.000	-26.341
422.000	86.968	28.712	0.000	-29.944
424.000	86.938	28.847	0.000	-34.146
426.000	86.976	29.111	0.000	-36.792
428.000	86.950	29.310	0.000	-41.347
430.000	86.970	29.407	0.000	-48.424
432.000	86.971	29.379	0.000	-54.643
434.000	86.960	29.284	0.000	-60.493
436.000	86.990	29.034	0.000	-68.047
438.000	86.959	28.377	0.000	-75.443
440.000	86.995	27.608	0.000	-83.877
442.000	86.973	26.974	0.000	-90.981
444.000	86.986	26.406	0.000	-97.656
446.000	86.995	25.531	0.000	-103.586
448.000	86.974	24.565	0.000	-110.618
450.000	87.010	23.660	0.000	-114.135
452.000	86.978	22.479	0.000	-121.900
454.000	87.008	21.198	0.000	-128.102
456.000	86.994	19.866	0.000	-135.074
458.000	87.000	18.824	0.000	-145.117
460.000	87.013	17.740	0.000	-152.690
462.000	86.992	15.532	0.000	-167.003
464.000	87.025	13.819	0.000	177.703
466.000	86.995	12.217	0.000	176.186
468.000	87.026	11.233	0.000	141.503
470.000	87.008	10.035	0.000	77.940
472.000	87.016	11.063	0.000	50.612
474.000	87.029	11.486	0.000	29.624
476.000	87.007	12.770	0.000	8.450
478.000	87.041	13.575	0.000	15.214
480.000	87.009	13.803	0.000	8.800
482.000	87.040	14.566	0.000	4.227
484.000	87.023	15.364	0.000	-1.617
486.000	87.032	14.532	0.000	-1.578
488.000	87.039	14.389	0.000	-7.596
490.000	87.024	14.608	0.000	-7.067
492.000	87.051	15.371	0.000	-0.538
494.000	87.022	15.778	0.000	-1.771
496.000	87.055	15.360	0.000	-1.115
498.000	87.029	15.598	0.000	-7.415
500.000	87.049	15.132	0.000	-5.941
502.000	87.046	14.701	0.000	-3.709
504.000	87.038	15.095	0.000	-4.259
506.000	87.060	16.133	0.000	-8.991
508.000	87.033	15.470	0.000	-17.798
510.000	87.066	14.879	0.000	-14.837
512.000	87.038	15.052	0.000	-13.113
514.000	87.062	15.247	0.000	-14.523
516.000	87.048	15.361	0.000	-14.372
518.000	87.055	15.829	0.000	-10.785
520.000	87.061	15.762	0.000	-17.237
522.000	87.046	16.120	0.000	-17.573
524.000	87.072	16.227	0.000	-16.835
526.000	87.043	16.459	0.000	-14.658
528.000	87.075	16.376	0.000	-15.658
530.000	87.047	16.609	0.000	-13.857
532.000	87.069	15.503	0.000	-12.039
534.000	87.060	15.939	0.000	-18.033
536.000	87.059	16.505	0.000	-19.178
538.000	87.070	16.615	0.000	-23.843
540.000	87.052	16.094	0.000	-26.271
542.000	87.077	15.382	0.000	-16.985
544.000	87.050	15.168	0.000	-17.680
546.000	87.079	15.929	0.000	-16.555
548.000	87.052	16.086	0.000	-14.462
550.000	87.074	15.965	0.000	-15.696
552.000	87.061	15.935	0.000	-21.916
554.000	87.065	15.800	0.000	-17.600
556.000	87.071	15.803	0.000	-16.936
558.000	87.055	15.778	0.000	-13.966
560.000	87.079	15.236	0.000	-16.743
562.000	87.050	15.956	0.000	-18.649
564.000	87.078	16.851	0.000	-14.822
566.000	87.052	16.306	0.000	-15.037
568.000	87.076	16.181	0.000	-18.016
570.000	87.055	15.851	0.000	-21.389
572.000	87.067	14.924	0.000	-21.587
574.000	87.063	15.923	0.000	-24.507
576.000	87.059	16.137	0.000	-21.220
578.000	87.069	15.757	0.000	-22.887
580.000	87.048	17.396	0.000	-27.358
582.000	87.075	17.527	0.000	-23.452
584.000	87.045	16.758	0.000	-24.745
586.000	87.072	16.271	0.000	-18.655
588.000	87.045	15.606	0.000	-17.902
590.000	87.066	16.280	0.000	-20.121
592.000	87.049	16.544	0.000	-23.046
594.000	87.057	16.218	0.000	-20.560
596.000	87.052	15.533	0.000	-18.268
598.000	87.049	15.224	0.000	-25.071
600.000	87.056	15.496	0.000	-23.333
602.000	87.038	15.616	0.000	-18.528
604.000	87.059	15.989	0.000	-21.167
606.000	87.032	16.188	0.000	-20.400
608.000	87.058	16.166	0.000	-16.920
610.000	87.027	15.687	0.000	-27.049
612.000	87.051	15.795	0.000	-31.786
614.000	87.029	16.119	0.000	-30.683
616.000	87.043	16.388	0.000	-29.725
618.000	87.029	16.758	0.000	-24.049
620.000	87.034	15.671	0.000	-20.141
622.000	87.031	14.567	0.000	-22.930
624.000	87.023	14.985	0.000	-28.039
626.000	87.031	15.892	0.000	-28.113
628.000	87.013	16.102	0.000	-24.382
630.000	87.033	15.937	0.000	-20.748
632.000	87.005	15.932	0.000	-21.601
634.000	87.028	16.955	0.000	-19.319
636.000	87.000	17.122	0.000	-20.200
638.000	87.023	16.996	0.000	-18.219
640.000	86.996	16.441	0.000	-18.853
642.000	87.013	16.611	0.000	-23.370
644.000	86.995	15.753	0.000	-23.711
646.000	87.004	15.451	0.000	-20.545
648.000	86.991	16.586	0.000	-21.318
650.000	86.994	17.556	0.000	-22.607
652.000	86.992	17.525	0.000	-22.443
654.000	86.981	17.284	0.000	-14.771
656.000	86.988	16.919	0.000	-17.323
658.000	86.971	16.277	0.000	-18.403
660.000	86.987	17.020	0.000	-21.453
662.000	86.960	17.160	0.000	-25.139
664.000	86.980	17.022	0.000	-20.630
666.000	86.954	16.751	0.000	-28.292
668.000	86.974	16.924	0.000	-26.680
670.000	86.945	17.103	0.000	-25.041
672.000	86.966	17.313	0.000	-24.982
674.000	86.940	17.089	0.000	-21.762
676.000	86.956	17.189	0.000	-14.382
678.000	86.933	16.657	0.000	-18.615
680.000	86.946	17.222	0.000	-20.237
682.000	86.930	16.744	0.000	-20.548
684.000	86.932	16.834	0.000	-19.455
686.000	86.925	17.338	0.000	-17.116
688.000	86.922	16.708	0.000	-20.854
690.000	86.919	17.254	0.000	-24.082
692.000	86.909	17.620	0.000	-23.006
694.000	86.914	17.719	0.000	-25.812
696.000	86.899	17.370	0.000	-29.040
698.000	86.906	17.377	0.000	-27.882
700.000	86.886	17.862	0.000	-22.497
702.000	86.901	17.614	0.000	-21.675
704.000	86.876	17.460	0.000	-26.215
706.000	86.892	17.205	0.000	-24.842
708.000	86.865	17.411	0.000	-17.117
710.000	86.884	17.880	0.000	-20.361
712.000	86.856	18.113	0.000	-25.670
714.000	86.872	18.078	0.000	-25.515
716.000	86.847	17.617	0.000	-24.065
718.000	86.864	18.174	0.000	-30.878
720.000	86.836	18.023	0.000	-30.327
722.000	86.853	17.688	0.000	-27.151
724.000	86.828	17.643	0.000	-27.716
726.000	86.841	17.952	0.000	-31.384
728.000	86.818	18.793	0.000	-31.635
730.000	86.830	18.535	0.000	-35.072
732.000	86.811	18.507	0.000	-28.790
734.000	86.816	18.544	0.000	-22.970
736.000	86.801	17.987	0.000	-22.942
738.000	86.806	17.851	0.000	-29.598
740.000	86.791	18.225	0.000	-25.403
742.000	86.793	18.200	0.000	-18.428
744.000	86.783	17.913	0.000	-25.696
746.000	86.782	18.761	0.000	-24.563
748.000	86.772	19.057	0.000	-29.032
750.000	86.769	19.351	0.000	-29.968
752.000	86.765	19.103	0.000	-25.547
754.000	86.757	19.245	0.000	-29.030
756.000	86.753	19.786	0.000	-25.584
758.000	86.746	19.738	0.000	-27.054
760.000	86.744	19.376	0.000	-27.758
762.000	86.733	19.193	0.000	-27.776
764.000	86.734	19.606	0.000	-28.866
766.000	86.723	19.585	0.000	-27.616
768.000	86.723	19.654	0.000	-28.017
770.000	86.709	19.517	0.000	-25.549
772.000	86.714	19.227	0.000	-30.153
774.000	86.698	19.543	0.000	-32.187
776.000	86.701	19.807	0.000	-33.960
778.000	86.688	20.088	0.000	-34.025
780.000	86.692	20.378	0.000	-32.646
782.000	86.675	20.399	0.000	-29.658
784.000	86.680	20.405	0.000	-33.966
786.000	86.666	20.507	0.000	-33.331
788.000	86.669	20.679	0.000	-34.493
790.000	86.652	21.064	0.000	-33.268
792.000	86.660	20.967	0.000	-35.716
794.000	86.642	20.776	0.000	-36.660
796.000	86.646	21.114	0.000	-36.896
798.000	86.632	21.515	0.000	-36.841
800.000	86.637	21.016	0.000	-38.516
802.000	86.619	21.072	0.000	-34.951
804.000	86.625	21.717	0.000	-34.504
806.000	86.612	22.207	0.000	-38.950
808.000	86.612	22.345	0.000	-38.650
810.000	86.599	22.572	0.000	-39.897
812.000	86.604	22.575	0.000	-41.324
814.000	86.589	22.517	0.000	-42.012
816.000	86.590	22.624	0.000	-39.236
818.000	86.580	22.685	0.000	-42.127
820.000	86.580	22.977	0.000	-41.648
822.000	86.567	23.453	0.000	-45.236
824.000	86.568	23.678	0.000	-49.399
826.000	86.561	23.811	0.000	-54.033
828.000	86.555	23.837	0.000	-58.461
830.000	86.550	23.399	0.000	-60.358
832.000	86.547	23.203	0.000	-61.228
834.000	86.539	22.926	0.000	-67.384
836.000	86.533	22.776	0.000	-72.807
838.000	86.532	22.087	0.000	-72.135
840.000	86.522	21.820	0.000	-70.865
842.000	86.520	21.152	0.000	-68.813
844.000	86.513	20.950	0.000	-67.511
846.000	86.514	20.474	0.000	-70.029
848.000	86.498	20.316	0.000	-70.093
850.000	86.506	19.469	0.000	-67.615
852.000	86.490	18.779	0.000	-62.830
854.000	86.494	18.616	0.000	-61.250
856.000	86.478	18.608	0.000	-63.686
858.000	86.489	19.339	0.000	-60.217
860.000	86.467	19.811	0.000	-51.686
862.000	86.478	19.646	0.000	-49.455
864.000	86.460	19.664	0.000	-49.868
866.000	86.468	20.451	0.000	-43.133
868.000	86.447	20.985	0.000	-42.625
870.000	86.463	21.107	0.000	-43.675
872.000	86.438	21.850	0.000	-46.847
874.000	86.451	21.574	0.000	-49.389
876.000	86.432	21.952	0.000	-48.681
878.000	86.442	22.490	0.000	-49.764
880.000	86.421	22.270	0.000	-50.542
882.000	86.434	22.078	0.000	-53.867
884.000	86.416	22.030	0.000	-55.761
886.000	86.420	22.178	0.000	-54.044
888.000	86.411	22.378	0.000	-54.296
890.000	86.413	22.262	0.000	-54.995
892.000	86.401	21.976	0.000	-54.580
894.000	86.402	22.132	0.000	-55.726
896.000	86.398	22.086	0.000	-54.989
898.000	86.390	22.093	0.000	-50.421
900.000	86.391	22.613	0.000	-48.884
902.000	86.383	22.865	0.000	-48.470
904.000	86.384	22.360	0.000	-48.930
906.000	86.372	22.476	0.000	-51.295
908.000	86.382	22.886	0.000	-48.752
910.000	86.361	22.823	0.000	-47.381
912.000	86.374	22.497	0.000	-49.331
914.000	86.356	22.982	0.000	-49.317
916.000	86.366	23.373	0.000	-46.480
918.000	86.347	23.716	0.000	-45.896
920.000	86.361	23.462	0.000	-46.962
922.000	86.341	23.922	0.000	-46.783
924.000	86.350	24.191	0.000	-47.499
926.000	86.339	24.068	0.000	-47.085
928.000	86.341	24.381	0.000	-43.454
930.000	86.333	24.001	0.000	-40.457
932.000	86.335	24.120	0.000	-37.992
934.000	86.329	24.820	0.000	-37.855
936.000	86.323	25.275	0.000	-36.608
938.000	86.328	25.842	0.000	-33.788
940.000	86.315	26.604	0.000	-31.983
942.000	86.322	27.463	0.000	-33.205
944.000	86.310	28.047	0.000	-34.035
946.000	86.317	28.796	0.000	-35.299
948.000	86.301	29.302	0.000	-37.687
950.000	86.315	29.673	0.000	-39.659
952.000	86.295	30.288	0.000	-41.130
954.000	86.307	30.936	0.000	-42.725
956.000	86.295	31.527	0.000	-46.789
958.000	86.298	32.151	0.000	-49.631
960.000	86.291	32.623	0.000	-52.565
962.000	86.293	33.105	0.000	-56.721
964.000	86.288	33.472	0.000	-61.609
966.000	86.282	33.686	0.000	-65.814
968.000	86.290	33.780	0.000	-70.272
970.000	86.274	33.766	0.000	-74.807
972.000	86.286	33.913	0.000	-78.154
974.000	86.272	34.013	0.000	-80.528
976.000	86.280	34.087	0.000	-84.056
978.000	86.267	34.332	0.000	-88.000
980.000	86.278	34.441	0.000	-92.444
982.000	86.263	34.477	0.000	-97.949
984.000	86.271	34.317	0.000	-103.104
986.000	86.266	33.981	0.000	-107.522
988.000	86.260	33.495	0.000	-111.784
990.000	86.265	32.871	0.000	-115.951
992.000	86.258	32.082	0.000	-118.686
994.000	86.261	31.271	0.000	-119.278
996.000	86.253	30.579	0.000	-117.224
998.000	86.263	30.267	0.000	-113.706
1000.000	86.245	30.247	0.000	-110.691
1002.000	86.260	30.332	0.000	-107.586
1004.000	86.247	30.486	0.000	-107.561
1006.000	86.250	30.715	0.000	-107.709
1008.000	86.249	30.952	0.000	-108.438
1010.000	86.246	31.068	0.000	-111.243
1012.000	86.245	31.015	0.000	-111.643
1014.000	86.243	30.822	0.000	-111.708
1016.000	86.247	30.600	0.000	-112.390
1018.000	86.235	30.360	0.000	-111.669
1020.000	86.250	30.124	0.000	-107.882
1022.000	86.233	29.936	0.000	-103.672
1024.000	86.243	30.085	0.000	-98.794
1026.000	86.237	31.081	0.000	-94.280
1028.000	86.237	32.269	0.000	-91.144
1030.000	86.236	33.519	0.000	-91.331
1032.000	86.236	34.627	0.000	-94.689
1034.000	86.236	35.503	0.000	-99.622
1036.000	86.230	36.160	0.000	-104.558
1038.000	86.241	36.712	0.000	-109.739
1040.000	86.224	37.089	0.000	-114.962
1042.000	86.239	37.424	0.000	-120.721
1044.000	86.227	37.559	0.000	-126.401
1046.000	86.231	37.568	0.000	-131.347
1048.000	86.232	37.568	0.000	-136.589
1050.000	86.228	37.544	0.000	-140.985
1052.000	86.231	37.462	0.000	-145.427
1054.000	86.227	37.369	0.000	-150.065
1056.000	86.233	37.258	0.000	-154.448
1058.000	86.222	37.020	0.000	-159.373
1060.000	86.235	36.526	0.000	-164.425
1062.000	86.221	35.941	0.000	-168.031
1064.000	86.231	35.190	0.000	-170.464
1066.000	86.229	34.401	0.000	-170.679
1068.000	86.222	33.711	0.000	-169.087
1070.000	86.233	33.440	0.000	-166.233
1072.000	86.222	33.349	0.000	-162.479
1074.000	86.231	33.670	0.000	-159.265
1076.000	86.225	34.245	0.000	-158.175
1078.000	86.229	34.763	0.000	-157.948
1080.000	86.224	35.321	0.000	-160.228
1082.000	86.230	35.894	0.000	-163.449
1084.000	86.227	36.257	0.000	-167.249
1086.000	86.225	36.553	0.000	-170.720
1088.000	86.235	36.804	0.000	-174.693
1090.000	86.220	36.845	0.000	-179.378
1092.000	86.236	36.810	0.000	175.525
1094.000	86.226	36.644	0.000	170.312
1096.000	86.228	36.625	0.000	166.296
1098.000	86.234	36.549	0.000	162.161
1100.000	86.225	36.253	0.000	157.227
1102.000	86.234	35.689	0.000	153.008
1104.000	86.229	35.164	0.000	149.959
1106.000	86.233	34.634	0.000	147.742
1108.000	86.229	34.038	0.000	145.695
1110.000	86.235	33.383	0.000	145.147
1112.000	86.231	32.777	0.000	145.365
1114.000	86.234	32.295	0.000	146.936
1116.000	86.238	32.158	0.000	149.705
1118.000	86.228	32.147	0.000	151.571
1120.000	86.244	32.329	0.000	153.059
1122.000	86.231	32.598	0.000	153.592
1124.000	86.240	32.749	0.000	153.444
1126.000	86.240	33.141	0.000	151.837
1128.000	86.233	33.416	0.000	148.680
1130.000	86.247	33.502	0.000	145.240
1132.000	86.235	33.537	0.000	142.678
1134.000	86.245	33.282	0.000	139.720
1136.000	86.242	33.058	0.000	136.796
1138.000	86.242	32.910	0.000	133.853
1140.000	86.247	32.784	0.000	131.752
1142.000	86.244	32.588	0.000	130.784
1144.000	86.249	32.278	0.000	128.551
1146.000	86.246	32.108	0.000	126.956
1148.000	86.253	31.935	0.000	125.264
1150.000	86.246	31.585	0.000	124.043
1152.000	86.256	31.259	0.000	123.123
1154.000	86.251	31.074	0.000	122.901
1156.000	86.251	30.913	0.000	122.257
1158.000	86.261	30.755	0.000	122.450
1160.000	86.249	30.671	0.000	121.614
1162.000	86.264	30.727	0.000	121.293
1164.000	86.257	30.754	0.000	120.742
1166.000	86.258	30.846	0.000	119.461
1168.000	86.268	30.917	0.000	119.743
1170.000	86.256	30.889	0.000	117.268
1172.000	86.271	30.823	0.000	115.375
1174.000	86.264	30.828	0.000	114.075
1176.000	86.266	30.883	0.000	113.099
1178.000	86.275	30.966	0.000	111.737
1180.000	86.264	30.865	0.000	108.690
1182.000	86.278	30.641	0.000	105.907
1184.000	86.271	30.456	0.000	103.523
1186.000	86.276	30.311	0.000	102.233
1188.000	86.280	30.138	0.000	101.349
1190.000	86.276	30.008	0.000	98.949
1192.000	86.284	30.089	0.000	97.868
1194.000	86.281	29.979	0.000	96.011
1196.000	86.285	29.939	0.000	94.842
1198.000	86.286	29.823	0.000	93.376
1200.000	86.288	29.519	0.000	91.000
1202.000	86.289	29.432	0.000	88.743
1204.000	86.291	29.198	0.000	86.814
1206.000	86.293	29.095	0.000	85.606
1208.000	86.292	28.880	0.000	84.638
1210.000	86.297	28.724	0.000	82.241
1212.000	86.294	28.444	0.000	81.058
1214.000	86.297	28.454	0.000	81.116
1216.000	86.300	28.526	0.000	79.176
1218.000	86.296	28.721	0.000	77.173
1220.000	86.306	28.730	0.000	75.628
1222.000	86.300	28.383	0.000	73.604
1224.000	86.306	28.265	0.000	69.001
1226.000	86.309	28.274	0.000	64.019
1228.000	86.303	27.991	0.000	59.448
1230.000	86.316	27.482	0.000	54.064
1232.000	86.308	26.642	0.000	53.460
1234.000	86.316	25.612	0.000	51.245
1236.000	86.317	24.795	0.000	50.460
1238.000	86.314	23.710	0.000	53.619
1240.000	86.325	22.916	0.000	58.615
1242.000	86.318	22.822	0.000	64.715
1244.000	86.326	23.091	0.000	69.849
1246.000	86.328	23.695	0.000	74.960
1248.000	86.323	24.158	0.000	77.854
1250.000	86.337	24.607	0.000	74.486
1252.000	86.327	24.826	0.000	70.362
1254.000	86.336	25.386	0.000	65.579
1256.000	86.338	25.775	0.000	61.703
1258.000	86.333	25.526	0.000	58.394
1260.000	86.347	25.539	0.000	53.181
1262.000	86.338	25.203	0.000	48.542
1264.000	86.347	25.156	0.000	43.142
1266.000	86.349	24.920	0.000	39.323
1268.000	86.345	24.128	0.000	34.514
1270.000	86.356	23.046	0.000	31.976
1272.000	86.350	22.268	0.000	27.523
1274.000	86.357	22.013	0.000	24.772
1276.000	86.360	20.667	0.000	27.374
1278.000	86.357	19.065	0.000	26.524
1280.000	86.367	18.063	0.000	27.961
1282.000	86.361	17.219	0.000	40.064
1284.000	86.369	16.994	0.000	55.351
1286.000	86.370	16.690	0.000	69.945
1288.000	86.371	18.393	0.000	81.582
1290.000	86.377	20.274	0.000	81.969
1292.000	86.375	21.704	0.000	77.772
1294.000	86.380	22.810	0.000	76.005
1296.000	86.380	23.430	0.000	69.605
1298.000	86.384	24.326	0.000	64.285
1300.000	86.386	24.521	0.000	56.973
1302.000	86.389	24.459	0.000	48.052
1304.000	86.391	24.553	0.000	38.943
1306.000	86.392	23.996	0.000	33.451
1308.000	86.398	23.906	0.000	27.559
1310.000	86.395	23.575	0.000	19.648
1312.000	86.403	22.361	0.000	17.390
1314.000	86.403	21.852	0.000	16.840
1316.000	86.403	21.164	0.000	12.152
1318.000	86.414	20.445	0.000	16.176
1320.000	86.403	19.715	0.000	14.420
1322.000	86.418	19.791	0.000	14.263
1324.000	86.413	19.190	0.000	17.864
1326.000	86.415	18.514	0.000	19.660
1328.000	86.427	17.962	0.000	14.023
1330.000	86.414	17.179	0.000	16.279
1332.000	86.432	17.411	0.000	16.812
1334.000	86.425	17.969	0.000	25.698
1336.000	86.427	17.618	0.000	28.514
1338.000	86.440	17.550	0.000	25.271
1340.000	86.427	17.327	0.000	27.497
1342.000	86.445	18.419	0.000	30.267
1344.000	86.437	18.674	0.000	32.243
1346.000	86.442	19.379	0.000	32.629
1348.000	86.449	19.968	0.000	35.233
1350.000	86.444	20.916	0.000	29.615
1352.000	86.454	22.139	0.000	26.484
1354.000	86.451	23.253	0.000	19.177
1356.000	86.457	23.789	0.000	12.330
1358.000	86.457	23.962	0.000	5.483
1360.000	86.463	24.288	0.000	-0.910
1362.000	86.462	24.398	0.000	-7.258
1364.000	86.466	24.780	0.000	-14.943
1366.000	86.472	25.123	0.000	-22.275
1368.000	86.466	25.031	0.000	-27.274
1370.000	86.481	25.283	0.000	-34.990
1372.000	86.471	25.816	0.000	-43.537
1374.000	86.481	26.454	0.000	-51.754
1376.000	86.486	26.609	0.000	-61.675
1378.000	86.478	26.794	0.000	-74.912
1380.000	86.497	26.866	0.000	-89.368
1382.000	86.483	26.490	0.000	-103.356
1384.000	86.497	25.965	0.000	-113.728
1386.000	86.496	25.406	0.000	-126.226
1388.000	86.497	25.218	0.000	-141.617
1390.000	86.504	24.667	0.000	-157.525
1392.000	86.502	24.199	0.000	-171.365
1394.000	86.509	24.069	0.000	175.158
1396.000	86.507	23.730	0.000	158.669
1398.000	86.517	23.211	0.000	139.862
1400.000	86.510	22.995	0.000	124.181
1402.000	86.522	22.349	0.000	107.207
1404.000	86.520	21.782	0.000	87.241
1406.000	86.519	21.864	0.000	67.687
1408.000	86.534	22.040	0.000	54.287
1410.000	86.520	22.033	0.000	37.883
1412.000	86.540	22.016	0.000	20.785
1414.000	86.530	22.119	0.000	4.844
1416.000	86.538	22.351	0.000	-8.103
1418.000	86.542	22.176	0.000	-23.423
1420.000	86.541	21.514	0.000	-36.433
1422.000	86.548	20.993	0.000	-46.527
1424.000	86.546	21.118	0.000	-58.118
1426.000	86.555	20.687	0.000	-67.837
1428.000	86.549	19.843	0.000	-78.128
1430.000	86.564	19.167	0.000	-82.884
1432.000	86.555	19.164	0.000	-91.282
1434.000	86.564	18.778	0.000	-96.133
1436.000	86.569	18.160	0.000	-99.011
1438.000	86.561	18.295	0.000	-100.897
1440.000	86.580	18.260	0.000	-103.780
1442.000	86.567	18.174	0.000	-111.273
1444.000	86.582	17.337	0.000	-117.060
1446.000	86.577	17.310	0.000	-121.575
1448.000	86.586	17.697	0.000	-124.767
1450.000	86.582	17.047	0.000	-133.281
1452.000	86.591	16.888	0.000	-135.195
1454.000	86.591	16.144	0.000	-140.864
1456.000	86.591	16.127	0.000	-138.606
1458.000	86.605	16.338	0.000	-143.737
1460.000	86.591	16.253	0.000	-144.136
1462.000	86.611	16.444	0.000	-143.159
1464.000	86.601	16.063	0.000	-151.896
1466.000	86.611	15.276	0.000	-150.263
1468.000	86.612	14.987	0.000	-141.648
1470.000	86.615	15.183	0.000	-151.234
1472.000	86.618	15.857	0.000	-154.561
1474.000	86.619	15.667	0.000	-154.608
1476.000	86.629	15.585	0.000	-158.946
1478.000	86.618	14.971	0.000	-159.792
1480.000	86.640	14.815	0.000	-162.328
1482.000	86.624	15.465	0.000	-165.135
1484.000	86.641	15.754	0.000	-169.352
1486.000	86.636	15.748	0.000	-166.364
1488.000	86.643	15.259	0.000	-164.055
1490.000	86.644	15.247	0.000	-164.159
1492.000	86.648	15.266	0.000	-168.667
1494.000	86.652	15.121	0.000	-175.529
1496.000	86.649	15.910	0.000	-176.162
1498.000	86.665	15.776	0.000	-176.929
1500.000	86.650	15.444	0.000	-177.036
1502.000	86.671	15.557	0.000	-178.272
1504.000	86.660	15.295	0.000	-174.732
1506.000	86.672	14.251	0.000	-178.570
1508.000	86.669	13.507	0.000	-177.829
1510.000	86.678	14.943	0.000	179.635
1512.000	86.675	15.382	0.000	-177.823
1514.000	86.681	15.031	0.000	179.771
1516.000	86.688	16.115	0.000	178.936
1518.000	86.680	15.633	0.000	178.818
1520.000	86.699	15.294	0.000	173.780
1522.000	86.686	15.459	0.000	173.243
1524.000	86.703	15.016	0.000	170.877
1526.000	86.694	15.406	0.000	171.497
1528.000	86.709	15.030	0.000	167.935
1530.000	86.698	14.917	0.000	167.889
1532.000	86.715	15.076	0.000	174.774
1534.000	86.708	15.015	0.000	175.811
1536.000	86.715	15.045	0.000	168.722
1538.000	86.720	14.830	0.000	165.131
1540.000	86.718	15.018	0.000	162.778
1542.000	86.727	14.838	0.000	165.078
1544.000	86.723	15.212	0.000	163.675
1546.000	86.737	15.112	0.000	165.885
1548.000	86.724	14.604	0.000	164.986
1550.000	86.747	14.614	0.000	167.352
1552.000	86.731	15.648	0.000	157.898
1554.000	86.750	16.359	0.000	155.963
1556.000	86.740	14.621	0.000	159.841
1558.000	86.756	15.098	0.000	160.999
1560.000	86.746	15.294	0.000	156.044
1562.000	86.762	15.034	0.000	155.799
1564.000	86.755	14.698	0.000	159.765
1566.000	86.762	14.815	0.000	162.923
1568.000	86.767	14.472	0.000	162.315
1570.000	86.766	15.138	0.000	160.121
1572.000	86.774	15.011	0.000	153.556
1574.000	86.771	15.495	0.000	156.587
1576.000	86.784	15.155	0.000	155.086
1578.000	86.772	14.454	0.000	154.318
1580.000	86.794	15.015	0.000	153.589
1582.000	86.779	14.753	0.000	153.020
1584.000	86.798	14.324	0.000	153.278
1586.000	86.786	14.541	0.000	163.683
1588.000	86.806	15.324	0.000	156.089
1590.000	86.790	15.521	0.000	158.796
1592.000	86.813	15.092	0.000	157.212
1594.000	86.800	14.406	0.000	152.308
1596.000	86.814	14.627	0.000	151.184
1598.000	86.810	15.689	0.000	154.199
1600.000	86.820	16.244	0.000	157.709
1602.000	86.816	15.541	0.000	155.636
1604.000	86.824	15.018	0.000	160.118
1606.000	86.827	15.169	0.000	154.947
1608.000	86.826	15.137	0.000	153.584
1610.000	86.836	15.408	0.000	150.521
1612.000	86.832	15.099	0.000	151.780
1614.000	86.843	15.648	0.000	155.332
1616.000	86.836	15.827	0.000	152.758
1618.000	86.854	15.232	0.000	149.575
1620.000	86.839	14.927	0.000	148.832
1622.000	86.861	14.969	0.000	143.081
1624.000	86.847	15.498	0.000	145.980
1626.000	86.867	15.572	0.000	150.235
1628.000	86.851	15.544	0.000	144.274
1630.000	86.876	15.154	0.000	149.374
1632.000	86.857	15.519	0.000	145.227
1634.000	86.880	15.570	0.000	145.965
1636.000	86.866	15.498	0.000	146.638
1638.000	86.887	15.586	0.000	148.315
1640.000	86.871	15.953	0.000	143.493
1642.000	86.894	16.522	0.000	139.427
1644.000	86.880	15.826	0.000	142.691
1646.000	86.897	15.257	0.000	149.024
1648.000	86.888	15.676	0.000	142.855
1650.000	86.904	15.057	0.000	135.389
1652.000	86.894	15.663	0.000	132.483
1654.000	86.909	15.116	0.000	136.625
1656.000	86.905	14.833	0.000	128.548
1658.000	86.913	15.037	0.000	129.344
1660.000	86.911	15.172	0.000	134.592
1662.000	86.921	14.100	0.000	134.350
1664.000	86.919	14.181	0.000	133.426
1666.000	86.924	14.812	0.000	132.107
1668.000	86.929	16.275	0.000	132.691
1670.000	86.930	15.625	0.000	134.261
1672.000	86.935	15.710	0.000	132.239
1674.000	86.936	15.655	0.000	123.559
1676.000	86.944	15.259	0.000	125.159
1678.000	86.940	16.136	0.000	128.811
1680.000	86.951	15.632	0.000	126.095
1682.000	86.948	15.276	0.000	122.494
1684.000	86.958	14.512	0.000	125.129
1686.000	86.953	14.017	0.000	127.192
1688.000	86.967	14.267	0.000	121.787
1690.000	86.959	15.842	0.000	118.998
1692.000	86.972	15.281	0.000	120.185
1694.000	86.967	14.016	0.000	112.469
1696.000	86.980	14.658	0.000	121.337
1698.000	86.972	14.974	0.000	125.895
1700.000	86.987	15.264	0.000	117.738
1702.000	86.980	15.938	0.000	119.499
1704.000	86.993	15.838	0.000	125.753
1706.000	86.985	15.012	0.000	119.025
1708.000	87.002	14.568	0.000	115.416
1710.000	86.991	14.981	0.000	117.470
1712.000	87.007	15.478	0.000	116.008
1714.000	87.000	14.442	0.000	123.150
1716.000	87.015	15.113	0.000	122.483
1718.000	87.005	15.394	0.000	117.699
1720.000	87.022	15.070	0.000	115.923
1722.000	87.013	14.603	0.000	113.476
1724.000	87.027	14.924	0.000	109.641
1726.000	87.020	14.662	0.000	112.615
1728.000	87.035	13.807	0.000	103.964
1730.000	87.027	13.754	0.000	113.281
1732.000	87.040	14.230	0.000	116.204
1734.000	87.035	14.595	0.000	115.798
1736.000	87.046	13.101	0.000	107.212
1738.000	87.042	12.502	0.000	105.304
1740.000	87.052	14.149	0.000	111.138
1742.000	87.052	14.573	0.000	113.138
1744.000	87.057	13.938	0.000	112.731
1746.000	87.059	13.713	0.000	112.956
1748.000	87.064	12.665	0.000	116.626
1750.000	87.067	13.288	0.000	121.128
1752.000	87.068	13.003	0.000	110.008
1754.000	87.076	12.289	0.000	117.137
1756.000	87.075	13.134	0.000	110.204
1758.000	87.083	13.815	0.000	112.622
1760.000	87.079	14.117	0.000	107.907
1762.000	87.093	14.359	0.000	101.414
1764.000	87.084	13.397	0.000	102.589
1766.000	87.100	13.706	0.000	96.620
1768.000	87.090	13.806	0.000	101.070
1770.000	87.110	12.820	0.000	110.398
1772.000	87.095	12.434	0.000	116.224
1774.000	87.118	12.772	0.000	113.472
1776.000	87.101	12.965	0.000	113.556
1778.000	87.126	12.207	0.000	112.296
1780.000	87.105	12.578	0.000	106.650
1782.000	87.135	12.689	0.000	120.760
1784.000	87.112	12.376	0.000	116.045
1786.000	87.142	12.981	0.000	100.729
1788.000	87.118	14.194	0.000	109.440
1790.000	87.150	13.447	0.000	108.994
1792.000	87.125	13.426	0.000	107.103
1794.000	87.155	13.585	0.000	114.326
1796.000	87.134	12.556	0.000	121.471
1798.000	87.161	12.705	0.000	109.956
1800.000	87.143	12.540	0.000	109.573
1802.000	87.165	12.222	0.000	113.346
1804.000	87.153	12.750	0.000	117.862
1806.000	87.169	11.902	0.000	129.715
1808.000	87.162	12.558	0.000	122.652
1810.000	87.173	12.188	0.000	105.500
1812.000	87.174	11.876	0.000	97.844
1814.000	87.175	12.379	0.000	107.080
1816.000	87.185	12.392	0.000	126.798
1818.000	87.179	13.036	0.000	132.190
1820.000	87.196	12.757	0.000	126.950
1822.000	87.182	12.244	0.000	117.623
1824.000	87.206	11.368	0.000	112.413
1826.000	87.187	12.489	0.000	120.633
1828.000	87.216	12.533	0.000	111.931
1830.000	87.191	13.207	0.000	119.594
1832.000	87.224	13.126	0.000	129.472
1834.000	87.199	13.455	0.000	128.514
1836.000	87.230	12.642	0.000	135.219
1838.000	87.206	12.436	0.000	135.961
1840.000	87.236	12.514	0.000	126.697
1842.000	87.217	12.814	0.000	126.683
1844.000	87.238	12.792	0.000	130.013
1846.000	87.229	12.875	0.000	131.169
1848.000	87.241	13.253	0.000	121.236
1850.000	87.242	13.376	0.000	126.775
1852.000	87.241	12.820	0.000	132.725
1854.000	87.255	13.310	0.000	133.916
1856.000	87.244	14.259	0.000	135.944
1858.000	87.268	14.560	0.000	135.668
1860.000	87.245	13.902	0.000	129.913
1862.000	87.278	13.709	0.000	130.850
1864.000	87.251	14.066	0.000	136.583
1866.000	87.286	14.217	0.000	129.411
1868.000	87.259	14.945	0.000	125.775
1870.000	87.292	14.840	0.000	125.425
1872.000	87.270	14.417	0.000	123.903
1874.000	87.293	14.530	0.000	129.514
1876.000	87.283	15.336	0.000	125.038
1878.000	87.294	15.934	0.000	118.660
1880.000	87.298	15.562	0.000	120.760
1882.000	87.294	15.624	0.000	123.101
1884.000	87.312	15.992	0.000	124.931
1886.000	87.295	16.460	0.000	121.413
1888.000	87.324	16.705	0.000	121.153
1890.000	87.298	15.980	0.000	115.790
1892.000	87.334	15.920	0.000	115.351
1894.000	87.306	16.870	0.000	113.327
1896.000	87.339	16.376	0.000	114.367
1898.000	87.316	16.080	0.000	108.668
1900.000	87.341	16.728	0.000	105.691
1902.000	87.332	17.606	0.000	103.424
1904.000	87.340	17.131	0.000	101.687
1906.000	87.347	16.808	0.000	94.359
1908.000	87.339	16.932	0.000	91.730
1910.000	87.363	17.181	0.000	86.015
1912.000	87.339	16.824	0.000	82.820
1914.000	87.375	16.737	0.000	81.050
1916.000	87.345	16.077	0.000	75.422
1918.000	87.382	15.970	0.000	74.061
1920.000	87.355	15.448	0.000	77.522
1922.000	87.383	15.031	0.000	73.537
1924.000	87.371	15.212	0.000	73.247
1926.000	87.381	14.886	0.000	70.076
1928.000	87.389	13.609	0.000	60.928
1930.000	87.378	14.112	0.000	56.031
1932.000	87.405	14.641	0.000	52.275
1934.000	87.379	14.374	0.000	62.157
1936.000	87.416	13.960	0.000	59.319
1938.000	87.385	13.651	0.000	53.784
1940.000	87.422	13.184	0.000	50.367
1942.000	87.398	13.976	0.000	50.057
1944.000	87.420	12.922	0.000	57.874
1946.000	87.417	11.945	0.000	53.003
1948.000	87.416	11.761	0.000	52.151
1950.000	87.436	12.006	0.000	53.851
1952.000	87.414	11.744	0.000	54.738
1954.000	87.450	10.755	0.000	56.799
1956.000	87.419	11.419	0.000	53.112
1958.000	87.457	12.255	0.000	54.557
1960.000	87.430	12.458	0.000	64.174
1962.000	87.457	12.377	0.000	55.887
1964.000	87.449	11.586	0.000	33.205
1966.000	87.452	11.711	0.000	24.432
1968.000	87.469	11.026	0.000	40.342
1970.000	87.448	10.773	0.000	41.380
1972.000	87.485	10.799	0.000	52.794
1974.000	87.452	9.971	0.000	43.826
1976.000	87.492	10.411	0.000	32.342
1978.000	87.465	10.038	0.000	24.051
1980.000	87.490	10.158	0.000	20.286
1982.000	87.486	11.608	0.000	52.771
1984.000	87.484	9.589	0.000	28.458
1986.000	87.507	8.320	0.000	49.752
1988.000	87.481	9.565	0.000	10.753
1990.000	87.521	9.947	0.000	23.972
1992.000	87.487	10.569	0.000	-0.406
1994.000	87.524	11.026	0.000	-25.980
1996.000	87.504	10.584	0.000	-32.595
1998.000	87.520	10.127	0.000	-12.301
2000.000	87.527	9.839	0.000	-26.121
