2000.000	86.603	11.991	0.000	-157.672
2.000	86.608	12.111	0.000	-84.038
4.000	86.662	11.093	0.000	-20.301
6.000	86.617	10.178	0.000	-24.207
8.000	86.618	10.266	0.000	-86.864
10.000	86.671	10.893	0.000	156.043
12.000	86.630	11.071	0.000	-134.530
14.000	86.628	10.174	0.000	-77.977
16.000	86.682	9.767	0.000	19.642
18.000	86.642	10.440	0.000	-104.003
20.000	86.638	10.129	0.000	-141.968
22.000	86.693	10.753	0.000	-19.380
24.000	86.653	11.183	0.000	-57.327
26.000	86.649	10.238	0.000	-156.780
28.000	86.705	9.484	0.000	12.149
30.000	86.663	9.884	0.000	-45.034
32.000	86.660	10.154	0.000	-144.722
34.000	86.716	10.899	0.000	-118.532
36.000	86.674	11.080	0.000	-151.384
38.000	86.670	11.175	0.000	-0.126
40.000	86.727	11.187	0.000	-4.537
42.000	86.685	10.388	0.000	-74.170
44.000	86.683	10.181	0.000	-136.295
46.000	86.738	10.973	0.000	-154.647
48.000	86.695	11.309	0.000	-83.158
50.000	86.696	11.354	0.000	-51.774
52.000	86.748	10.146	0.000	-43.691
54.000	86.705	9.124	0.000	-119.301
56.000	86.711	9.633	0.000	-126.367
58.000	86.758	10.818	0.000	-82.609
60.000	86.713	11.417	0.000	-8.644
62.000	86.726	10.414	0.000	-77.748
64.000	86.767	9.903	0.000	-83.603
66.000	86.720	10.141	0.000	-107.865
68.000	86.743	9.501	0.000	-32.049
70.000	86.777	10.050	0.000	-24.153
72.000	86.728	9.730	0.000	137.569
74.000	86.760	9.999	0.000	-27.568
76.000	86.785	10.723	0.000	25.066
78.000	86.737	10.922	0.000	1.572
80.000	86.777	10.782	0.000	105.843
82.000	86.793	10.825	0.000	163.556
84.000	86.746	10.911	0.000	166.692
86.000	86.795	9.957	0.000	-36.924
88.000	86.799	10.328	0.000	-35.027
90.000	86.757	10.188	0.000	-62.779
92.000	86.811	10.273	0.000	75.096
94.000	86.804	11.397	0.000	117.164
96.000	86.771	10.620	0.000	92.881
98.000	86.827	11.297	0.000	-163.053
100.000	86.807	11.322	0.000	-85.738
102.000	86.787	11.270	0.000	-126.356
104.000	86.842	11.708	0.000	-134.649
106.000	86.809	10.780	0.000	-136.345
108.000	86.806	10.474	0.000	-73.758
110.000	86.853	11.054	0.000	-72.428
112.000	86.812	9.581	0.000	15.249
114.000	86.827	9.788	0.000	-166.960
116.000	86.862	10.649	0.000	-153.740
118.000	86.816	10.312	0.000	68.469
120.000	86.849	10.838	0.000	8.663
122.000	86.868	10.135	0.000	-50.748
124.000	86.824	10.196	0.000	69.394
126.000	86.871	11.035	0.000	-31.992
128.000	86.870	11.140	0.000	-122.800
130.000	86.836	9.874	0.000	-28.997
132.000	86.891	10.890	0.000	-4.532
134.000	86.871	11.103	0.000	116.770
136.000	86.853	10.790	0.000	5.279
138.000	86.907	11.356	0.000	-18.505
140.000	86.871	11.509	0.000	-18.964
142.000	86.874	10.380	0.000	-29.724
144.000	86.917	9.301	0.000	-26.233
146.000	86.873	9.429	0.000	-55.055
148.000	86.899	10.841	0.000	-74.037
150.000	86.922	10.930	0.000	-75.739
152.000	86.880	10.923	0.000	-22.348
154.000	86.924	10.282	0.000	-25.962
156.000	86.921	9.171	0.000	-18.443
158.000	86.894	10.233	0.000	-40.843
160.000	86.945	10.116	0.000	-39.157
162.000	86.918	10.433	0.000	-23.274
164.000	86.915	11.362	0.000	-36.055
166.000	86.960	11.015	0.000	-60.394
168.000	86.917	11.454	0.000	-51.759
170.000	86.940	12.014	0.000	-119.305
172.000	86.966	11.384	0.000	-22.352
174.000	86.922	11.618	0.000	-37.154
176.000	86.967	10.942	0.000	-79.930
178.000	86.965	10.638	0.000	-46.843
180.000	86.935	10.419	0.000	-18.381
182.000	86.988	9.845	0.000	-34.711
184.000	86.961	10.159	0.000	-48.892
186.000	86.958	11.283	0.000	-63.450
188.000	87.000	10.224	0.000	-125.488
190.000	86.959	10.454	0.000	-81.676
192.000	86.987	10.906	0.000	-78.250
194.000	87.002	10.797	0.000	-107.464
196.000	86.967	10.934	0.000	-58.416
198.000	87.014	10.094	0.000	-72.271
200.000	86.997	10.359	0.000	-85.741
202.000	86.986	10.240	0.000	-102.275
204.000	87.032	11.140	0.000	-108.645
206.000	86.992	10.855	0.000	-87.045
208.000	87.015	11.572	0.000	-70.710
210.000	87.037	12.429	0.000	-101.318
212.000	86.996	11.987	0.000	-101.982
214.000	87.043	11.207	0.000	-99.725
216.000	87.033	11.129	0.000	-106.106
218.000	87.014	11.030	0.000	-78.536
220.000	87.063	10.869	0.000	-81.932
222.000	87.026	10.271	0.000	-97.781
224.000	87.043	10.540	0.000	-66.083
226.000	87.068	10.627	0.000	-71.651
228.000	87.029	10.497	0.000	-116.625
230.000	87.073	10.775	0.000	-145.912
232.000	87.062	9.923	0.000	-111.836
234.000	87.049	10.804	0.000	-105.495
236.000	87.092	9.664	0.000	-118.127
238.000	87.055	9.776	0.000	-121.822
240.000	87.080	11.104	0.000	-102.663
242.000	87.094	10.822	0.000	-87.991
244.000	87.060	10.988	0.000	-111.580
246.000	87.109	11.789	0.000	-94.798
248.000	87.086	11.448	0.000	-89.017
250.000	87.084	11.720	0.000	-107.321
252.000	87.123	9.900	0.000	-102.902
254.000	87.082	11.300	0.000	-117.656
256.000	87.117	11.774	0.000	-136.458
258.000	87.121	12.098	0.000	-93.875
260.000	87.094	11.420	0.000	-65.793
262.000	87.141	11.207	0.000	-110.201
264.000	87.111	11.971	0.000	-105.741
266.000	87.124	12.417	0.000	-124.307
268.000	87.147	11.078	0.000	-127.858
270.000	87.113	10.532	0.000	-93.112
272.000	87.156	10.222	0.000	-68.487
274.000	87.138	11.162	0.000	-101.204
276.000	87.135	11.465	0.000	-101.696
278.000	87.171	11.371	0.000	-112.747
280.000	87.132	11.592	0.000	-115.580
282.000	87.170	11.715	0.000	-102.273
284.000	87.165	11.040	0.000	-104.907
286.000	87.147	11.278	0.000	-105.574
288.000	87.193	13.175	0.000	-107.919
290.000	87.155	12.809	0.000	-105.808
292.000	87.180	12.852	0.000	-111.096
294.000	87.192	14.313	0.000	-109.542
296.000	87.163	14.982	0.000	-107.189
298.000	87.209	15.375	0.000	-112.104
300.000	87.180	15.764	0.000	-118.090
302.000	87.194	17.051	0.000	-124.520
304.000	87.214	17.433	0.000	-128.010
306.000	87.183	18.033	0.000	-138.095
308.000	87.225	19.646	0.000	-145.527
310.000	87.201	19.827	0.000	-154.631
312.000	87.211	19.479	0.000	-163.932
314.000	87.235	19.675	0.000	-176.199
316.000	87.199	19.849	0.000	173.957
318.000	87.244	19.706	0.000	163.912
320.000	87.223	19.117	0.000	161.017
322.000	87.225	18.280	0.000	152.237
324.000	87.256	17.960	0.000	149.127
326.000	87.218	18.442	0.000	144.388
328.000	87.260	17.546	0.000	141.875
330.000	87.244	17.765	0.000	140.059
332.000	87.242	17.221	0.000	136.167
334.000	87.273	16.991	0.000	129.570
336.000	87.239	17.035	0.000	131.677
338.000	87.277	17.233	0.000	134.963
340.000	87.261	17.377	0.000	132.373
342.000	87.263	16.966	0.000	138.989
344.000	87.290	17.350	0.000	138.542
346.000	87.256	18.353	0.000	136.041
348.000	87.298	18.168	0.000	132.866
350.000	87.277	18.144	0.000	135.371
352.000	87.282	18.905	0.000	125.886
354.000	87.308	20.052	0.000	123.079
356.000	87.273	20.924	0.000	123.115
358.000	87.317	21.809	0.000	120.402
360.000	87.293	22.815	0.000	116.203
362.000	87.302	23.286	0.000	106.807
364.000	87.322	23.849	0.000	100.736
366.000	87.293	23.937	0.000	95.734
368.000	87.334	24.385	0.000	92.238
370.000	87.307	25.040	0.000	86.763
372.000	87.325	25.530	0.000	80.209
374.000	87.334	25.530	0.000	74.816
376.000	87.313	25.660	0.000	67.779
378.000	87.352	25.999	0.000	60.311
380.000	87.319	26.454	0.000	54.918
382.000	87.348	27.016	0.000	49.575
384.000	87.345	27.023	0.000	43.382
386.000	87.332	26.977	0.000	37.559
388.000	87.369	27.304	0.000	32.271
390.000	87.333	27.350	0.000	26.449
392.000	87.369	27.326	0.000	21.078
394.000	87.355	27.229	0.000	16.467
396.000	87.356	27.143	0.000	11.000
398.000	87.380	27.298	0.000	7.023
400.000	87.351	27.249	0.000	3.111
402.000	87.389	27.366	0.000	1.399
404.000	87.363	27.345	0.000	-2.553
406.000	87.382	27.508	0.000	-7.379
408.000	87.387	27.834	0.000	-8.284
410.000	87.370	27.969	0.000	-11.462
412.000	87.407	28.229	0.000	-16.560
414.000	87.372	28.512	0.000	-19.172
416.000	87.406	28.908	0.000	-23.913
418.000	87.393	29.105	0.000	-28.342
420.000	87.393	29.560	0.000	-32.278
422.000	87.418	29.944	0.000	-36.396
424.000	87.387	30.246	0.000	-41.393
426.000	87.425	30.531	0.000	-47.206
428.000	87.399	30.761	0.000	-51.922
430.000	87.419	31.304	0.000	-58.063
432.000	87.421	31.677	0.000	-66.132
434.000	87.410	31.746	0.000	-72.818
436.000	87.439	31.862	0.000	-79.767
438.000	87.408	31.717	0.000	-87.249
440.000	87.444	31.357	0.000	-94.334
442.000	87.422	31.127	0.000	-100.683
444.000	87.435	30.988	0.000	-104.933
446.000	87.444	30.430	0.000	-109.428
448.000	87.424	29.998	0.000	-113.944
450.000	87.460	29.832	0.000	-117.794
452.000	87.427	29.559	0.000	-120.254
454.000	87.458	29.365	0.000	-122.102
456.000	87.443	29.290	0.000	-125.004
458.000	87.450	29.631	0.000	-127.077
460.000	87.463	29.890	0.000	-130.568
462.000	87.442	30.108	0.000	-134.340
464.000	87.475	30.411	0.000	-140.243
466.000	87.445	30.556	0.000	-146.731
468.000	87.476	30.614	0.000	-153.003
470.000	87.458	30.510	0.000	-160.056
472.000	87.466	30.376	0.000	-167.750
474.000	87.479	30.170	0.000	-175.442
476.000	87.457	29.644	0.000	177.181
478.000	87.491	28.806	0.000	170.854
480.000	87.459	28.131	0.000	164.810
482.000	87.491	27.621	0.000	160.550
484.000	87.473	26.936	0.000	155.839
486.000	87.483	26.188	0.000	152.054
488.000	87.490	25.439	0.000	150.773
490.000	87.475	24.838	0.000	149.324
492.000	87.503	24.372	0.000	147.324
494.000	87.474	24.020	0.000	142.370
496.000	87.507	23.411	0.000	138.976
498.000	87.481	22.741	0.000	140.342
500.000	87.501	22.233	0.000	141.436
502.000	87.499	21.843	0.000	138.071
504.000	87.490	21.482	0.000	138.178
506.000	87.513	21.460	0.000	136.487
508.000	87.486	20.942	0.000	131.699
510.000	87.520	20.512	0.000	131.563
512.000	87.491	20.470	0.000	138.121
514.000	87.516	20.387	0.000	133.149
516.000	87.502	19.480	0.000	128.943
518.000	87.509	18.656	0.000	128.899
520.000	87.516	19.073	0.000	130.362
522.000	87.501	19.035	0.000	126.848
524.000	87.527	18.160	0.000	123.945
526.000	87.498	17.403	0.000	120.822
528.000	87.531	17.857	0.000	119.635
530.000	87.503	18.413	0.000	125.324
532.000	87.525	18.311	0.000	126.293
534.000	87.516	17.868	0.000	123.893
536.000	87.516	17.803	0.000	121.096
538.000	87.528	17.430	0.000	121.006
540.000	87.509	16.504	0.000	121.913
542.000	87.535	16.428	0.000	122.167
544.000	87.508	16.658	0.000	122.177
546.000	87.538	16.267	0.000	116.973
548.000	87.511	16.272	0.000	115.321
550.000	87.534	16.597	0.000	112.811
552.000	87.520	16.032	0.000	112.242
554.000	87.525	17.040	0.000	112.919
556.000	87.531	17.470	0.000	113.510
558.000	87.516	16.306	0.000	111.296
560.000	87.540	16.327	0.000	105.078
562.000	87.512	16.119	0.000	106.113
564.000	87.541	15.737	0.000	107.359
566.000	87.514	14.683	0.000	114.504
568.000	87.539	15.249	0.000	115.546
570.000	87.519	15.808	0.000	113.441
572.000	87.531	15.433	0.000	110.778
574.000	87.527	15.313	0.000	112.114
576.000	87.523	15.862	0.000	105.084
578.000	87.535	15.257	0.000	101.677
580.000	87.514	13.684	0.000	104.291
582.000	87.541	14.747	0.000	95.164
584.000	87.511	15.445	0.000	95.204
586.000	87.539	14.343	0.000	101.073
588.000	87.512	13.365	0.000	105.353
590.000	87.535	14.525	0.000	99.411
592.000	87.517	15.034	0.000	100.022
594.000	87.526	15.299	0.000	102.133
596.000	87.522	14.510	0.000	93.988
598.000	87.519	14.158	0.000	92.656
600.000	87.527	13.743	0.000	98.301
602.000	87.509	13.484	0.000	99.913
604.000	87.531	14.088	0.000	91.108
606.000	87.504	14.175	0.000	93.907
608.000	87.531	13.792	0.000	85.239
610.000	87.501	13.866	0.000	83.603
612.000	87.526	13.160	0.000	89.262
614.000	87.503	13.588	0.000	98.590
616.000	87.519	14.301	0.000	95.113
618.000	87.505	14.303	0.000	88.601
620.000	87.510	14.503	0.000	85.548
622.000	87.508	14.013	0.000	79.547
624.000	87.501	13.233	0.000	93.728
626.000	87.510	12.823	0.000	101.268
628.000	87.492	12.943	0.000	86.546
630.000	87.513	13.214	0.000	81.586
632.000	87.485	13.609	0.000	78.447
634.000	87.509	12.997	0.000	75.416
636.000	87.481	13.140	0.000	75.507
638.000	87.505	14.029	0.000	71.009
640.000	87.478	13.514	0.000	80.169
642.000	87.496	13.890	0.000	90.933
644.000	87.479	14.279	0.000	81.184
646.000	87.489	13.455	0.000	74.769
648.000	87.476	13.972	0.000	78.262
650.000	87.479	14.243	0.000	76.974
652.000	87.478	14.523	0.000	78.752
654.000	87.469	13.686	0.000	81.220
656.000	87.476	13.735	0.000	77.335
658.000	87.459	14.214	0.000	73.302
660.000	87.476	13.204	0.000	71.047
662.000	87.450	12.613	0.000	70.377
664.000	87.471	13.094	0.000	81.490
666.000	87.446	13.866	0.000	80.600
668.000	87.466	13.568	0.000	72.682
670.000	87.437	12.985	0.000	71.130
672.000	87.459	12.648	0.000	76.543
674.000	87.434	12.950	0.000	75.031
676.000	87.451	13.261	0.000	73.273
678.000	87.428	13.900	0.000	73.977
680.000	87.442	13.889	0.000	82.744
682.000	87.427	13.397	0.000	73.938
684.000	87.429	13.124	0.000	68.841
686.000	87.423	12.638	0.000	73.046
688.000	87.421	13.022	0.000	65.926
690.000	87.419	13.966	0.000	75.219
692.000	87.409	13.708	0.000	79.181
694.000	87.414	12.952	0.000	70.697
696.000	87.400	13.272	0.000	73.139
698.000	87.409	13.877	0.000	74.980
700.000	87.388	13.471	0.000	63.020
702.000	87.405	13.344	0.000	66.940
704.000	87.379	14.559	0.000	64.784
706.000	87.396	14.612	0.000	63.228
708.000	87.371	14.606	0.000	63.996
710.000	87.390	14.285	0.000	64.347
712.000	87.362	13.492	0.000	64.921
714.000	87.380	14.158	0.000	63.020
716.000	87.355	14.198	0.000	55.130
718.000	87.372	13.866	0.000	52.910
720.000	87.345	14.631	0.000	57.704
722.000	87.363	14.444	0.000	70.242
724.000	87.339	14.188	0.000	62.396
726.000	87.352	14.398	0.000	54.015
728.000	87.330	13.788	0.000	55.721
730.000	87.342	13.514	0.000	53.343
732.000	87.324	13.953	0.000	60.173
734.000	87.330	14.172	0.000	59.326
736.000	87.315	14.214	0.000	61.192
738.000	87.321	14.523	0.000	57.208
740.000	87.307	13.753	0.000	43.957
742.000	87.309	13.290	0.000	42.417
744.000	87.300	13.686	0.000	37.491
746.000	87.299	13.677	0.000	46.106
748.000	87.290	13.843	0.000	48.354
750.000	87.287	14.150	0.000	50.759
752.000	87.284	14.080	0.000	51.302
754.000	87.276	14.625	0.000	52.252
756.000	87.273	14.690	0.000	46.737
758.000	87.266	14.606	0.000	49.715
760.000	87.265	15.513	0.000	51.325
762.000	87.254	15.438	0.000	43.393
764.000	87.255	15.545	0.000	41.802
766.000	87.245	15.346	0.000	47.174
768.000	87.245	15.830	0.000	44.013
770.000	87.232	15.589	0.000	38.233
772.000	87.238	15.942	0.000	39.630
774.000	87.222	15.943	0.000	42.485
776.000	87.226	15.526	0.000	44.261
778.000	87.213	15.695	0.000	42.622
780.000	87.217	16.070	0.000	42.242
782.000	87.200	16.019	0.000	42.780
784.000	87.206	16.103	0.000	39.481
786.000	87.193	16.103	0.000	39.403
788.000	87.196	16.302	0.000	37.317
790.000	87.180	16.357	0.000	34.943
792.000	87.188	16.274	0.000	35.396
794.000	87.170	16.693	0.000	35.459
796.000	87.175	16.976	0.000	32.452
798.000	87.161	16.576	0.000	30.877
800.000	87.166	16.900	0.000	29.246
802.000	87.149	17.250	0.000	21.374
804.000	87.154	17.546	0.000	26.103
806.000	87.142	18.149	0.000	29.724
808.000	87.143	18.699	0.000	24.955
810.000	87.130	19.486	0.000	22.191
812.000	87.135	20.069	0.000	17.545
814.000	87.120	20.189	0.000	17.228
816.000	87.122	20.396	0.000	16.431
818.000	87.112	20.746	0.000	10.390
820.000	87.112	21.816	0.000	5.518
822.000	87.100	22.163	0.000	1.351
824.000	87.101	21.808	0.000	-6.513
826.000	87.094	21.316	0.000	-16.514
828.000	87.088	21.492	0.000	-25.245
830.000	87.083	21.246	0.000	-34.857
832.000	87.080	20.235	0.000	-40.910
834.000	87.073	19.177	0.000	-48.893
836.000	87.067	17.610	0.000	-56.555
838.000	87.067	16.399	0.000	-56.997
840.000	87.057	15.280	0.000	-51.959
842.000	87.055	13.877	0.000	-39.243
844.000	87.047	14.194	0.000	-23.758
846.000	87.049	14.870	0.000	-25.773
848.000	87.033	14.695	0.000	-26.452
850.000	87.041	15.145	0.000	-20.016
852.000	87.025	15.126	0.000	-21.430
854.000	87.030	15.253	0.000	-12.421
856.000	87.014	15.201	0.000	-12.429
858.000	87.024	15.855	0.000	-11.656
860.000	87.002	16.418	0.000	-11.175
862.000	87.014	16.277	0.000	-15.372
864.000	86.996	15.936	0.000	-14.748
866.000	87.004	16.218	0.000	-7.412
868.000	86.983	16.305	0.000	-3.923
870.000	86.999	16.008	0.000	-7.551
872.000	86.974	16.002	0.000	-6.239
874.000	86.987	17.629	0.000	-3.565
876.000	86.968	18.391	0.000	-10.973
878.000	86.979	18.150	0.000	-14.670
880.000	86.957	18.429	0.000	-11.599
882.000	86.970	18.738	0.000	-13.615
884.000	86.952	18.915	0.000	-16.938
886.000	86.956	19.278	0.000	-19.265
888.000	86.946	18.651	0.000	-21.428
890.000	86.949	18.249	0.000	-20.077
892.000	86.937	17.799	0.000	-15.440
894.000	86.938	18.398	0.000	-12.938
896.000	86.934	19.391	0.000	-12.456
898.000	86.926	19.763	0.000	-16.159
900.000	86.927	20.455	0.000	-21.765
902.000	86.919	21.108	0.000	-21.324
904.000	86.920	21.977	0.000	-28.804
906.000	86.907	21.960	0.000	-30.663
908.000	86.917	21.337	0.000	-33.072
910.000	86.897	20.700	0.000	-35.096
912.000	86.910	21.001	0.000	-37.371
914.000	86.892	21.491	0.000	-38.647
916.000	86.901	21.669	0.000	-37.781
918.000	86.883	21.908	0.000	-37.808
920.000	86.896	22.349	0.000	-41.834
922.000	86.876	22.951	0.000	-45.249
924.000	86.885	23.013	0.000	-44.435
926.000	86.874	22.902	0.000	-45.300
928.000	86.875	23.291	0.000	-54.375
930.000	86.868	23.599	0.000	-60.348
932.000	86.869	23.748	0.000	-64.133
934.000	86.863	23.516	0.000	-69.054
936.000	86.858	22.941	0.000	-74.034
938.000	86.862	22.012	0.000	-78.617
940.000	86.848	21.587	0.000	-79.968
942.000	86.856	21.802	0.000	-79.693
944.000	86.843	21.353	0.000	-83.528
946.000	86.851	20.093	0.000	-85.291
948.000	86.834	18.962	0.000	-83.008
950.000	86.848	18.888	0.000	-75.460
952.000	86.828	18.682	0.000	-69.788
954.000	86.839	18.388	0.000	-64.307
956.000	86.827	18.804	0.000	-57.007
958.000	86.830	19.156	0.000	-46.225
960.000	86.822	20.315	0.000	-42.753
962.000	86.824	21.796	0.000	-41.693
964.000	86.820	23.038	0.000	-42.837
966.000	86.814	23.836	0.000	-47.157
968.000	86.822	24.535	0.000	-48.511
970.000	86.804	25.155	0.000	-51.468
972.000	86.817	26.172	0.000	-55.989
974.000	86.802	27.194	0.000	-60.756
976.000	86.810	28.042	0.000	-66.645
978.000	86.797	28.537	0.000	-73.014
980.000	86.808	28.883	0.000	-81.081
982.000	86.792	29.138	0.000	-89.077
984.000	86.799	29.243	0.000	-95.760
986.000	86.795	29.184	0.000	-102.460
988.000	86.789	29.048	0.000	-110.847
990.000	86.793	28.942	0.000	-116.845
992.000	86.785	28.695	0.000	-121.809
994.000	86.789	28.521	0.000	-127.508
996.000	86.780	28.171	0.000	-133.436
998.000	86.790	28.153	0.000	-139.696
1000.000	86.772	27.938	0.000	-146.122
1002.000	86.786	27.613	0.000	-153.079
1004.000	86.773	27.092	0.000	-160.532
1006.000	86.776	26.494	0.000	-170.238
1008.000	86.775	25.818	0.000	179.271
1010.000	86.772	25.368	0.000	168.446
1012.000	86.771	24.619	0.000	155.444
1014.000	86.768	24.135	0.000	141.056
1016.000	86.772	23.911	0.000	122.864
1018.000	86.759	23.620	0.000	103.657
1020.000	86.774	24.026	0.000	82.023
1022.000	86.756	25.131	0.000	62.047
1024.000	86.766	26.457	0.000	43.353
1026.000	86.760	27.745	0.000	25.302
1028.000	86.760	28.932	0.000	10.498
1030.000	86.758	29.812	0.000	-3.520
1032.000	86.758	30.691	0.000	-16.595
1034.000	86.757	31.696	0.000	-27.660
1036.000	86.751	32.275	0.000	-37.479
1038.000	86.761	32.685	0.000	-47.010
1040.000	86.745	33.147	0.000	-55.163
1042.000	86.759	33.549	0.000	-62.724
1044.000	86.747	33.832	0.000	-69.813
1046.000	86.751	34.240	0.000	-75.268
1048.000	86.751	34.562	0.000	-80.827
1050.000	86.747	34.859	0.000	-86.899
1052.000	86.750	35.294	0.000	-92.365
1054.000	86.745	35.663	0.000	-98.266
1056.000	86.751	36.034	0.000	-103.780
1058.000	86.740	36.300	0.000	-109.693
1060.000	86.753	36.587	0.000	-115.003
1062.000	86.738	36.851	0.000	-120.464
1064.000	86.747	37.137	0.000	-126.494
1066.000	86.745	37.269	0.000	-132.009
1068.000	86.738	37.476	0.000	-137.785
1070.000	86.749	37.631	0.000	-144.746
1072.000	86.737	37.734	0.000	-151.722
1074.000	86.746	37.735	0.000	-158.479
1076.000	86.739	37.545	0.000	-165.353
1078.000	86.744	37.371	0.000	-172.637
1080.000	86.738	37.110	0.000	-179.276
1082.000	86.744	36.702	0.000	175.084
1084.000	86.740	36.269	0.000	170.007
1086.000	86.738	35.792	0.000	164.853
1088.000	86.747	35.387	0.000	161.005
1090.000	86.732	34.892	0.000	156.783
1092.000	86.747	34.312	0.000	152.899
1094.000	86.737	33.723	0.000	149.464
1096.000	86.739	33.174	0.000	146.044
1098.000	86.744	32.591	0.000	143.077
1100.000	86.736	32.047	0.000	141.680
1102.000	86.744	31.681	0.000	139.377
1104.000	86.738	31.149	0.000	137.958
1106.000	86.742	30.349	0.000	137.892
1108.000	86.738	29.664	0.000	138.614
1110.000	86.744	29.259	0.000	139.098
1112.000	86.739	29.034	0.000	140.596
1114.000	86.742	29.088	0.000	143.184
1116.000	86.746	29.248	0.000	144.944
1118.000	86.735	29.377	0.000	144.037
1120.000	86.750	29.175	0.000	142.413
1122.000	86.737	29.302	0.000	140.812
1124.000	86.746	29.492	0.000	139.038
1126.000	86.746	29.397	0.000	136.533
1128.000	86.738	29.146	0.000	136.238
1130.000	86.752	28.715	0.000	137.524
1132.000	86.739	28.879	0.000	136.750
1134.000	86.749	29.306	0.000	136.637
1136.000	86.746	29.686	0.000	135.580
1138.000	86.746	29.969	0.000	134.462
1140.000	86.749	30.282	0.000	131.745
1142.000	86.747	30.537	0.000	128.444
1144.000	86.751	30.649	0.000	125.468
1146.000	86.747	30.700	0.000	122.770
1148.000	86.754	30.883	0.000	119.281
1150.000	86.747	30.571	0.000	114.202
1152.000	86.756	30.378	0.000	110.563
1154.000	86.752	30.203	0.000	106.734
1156.000	86.751	29.909	0.000	102.573
1158.000	86.761	29.745	0.000	100.505
1160.000	86.748	29.487	0.000	98.275
1162.000	86.763	28.996	0.000	94.459
1164.000	86.755	28.689	0.000	92.051
1166.000	86.756	28.276	0.000	89.137
1168.000	86.766	27.972	0.000	87.441
1170.000	86.753	27.518	0.000	85.578
1172.000	86.768	27.219	0.000	85.562
1174.000	86.761	26.615	0.000	83.960
1176.000	86.762	25.990	0.000	82.497
1178.000	86.771	25.275	0.000	81.223
1180.000	86.760	24.805	0.000	82.293
1182.000	86.773	24.257	0.000	87.023
1184.000	86.766	24.073	0.000	92.525
1186.000	86.770	24.582	0.000	98.757
1188.000	86.774	25.060	0.000	99.851
1190.000	86.770	25.409	0.000	99.740
1192.000	86.777	26.384	0.000	98.926
1194.000	86.773	26.892	0.000	94.664
1196.000	86.777	27.394	0.000	90.207
1198.000	86.778	27.726	0.000	85.779
1200.000	86.779	27.700	0.000	81.815
1202.000	86.780	27.667	0.000	75.010
1204.000	86.781	27.359	0.000	68.435
1206.000	86.782	26.876	0.000	61.878
1208.000	86.781	25.995	0.000	56.353
1210.000	86.785	24.664	0.000	50.131
1212.000	86.783	23.381	0.000	43.532
1214.000	86.786	21.926	0.000	44.525
1216.000	86.788	19.923	0.000	50.770
1218.000	86.784	18.106	0.000	66.525
1220.000	86.793	18.271	0.000	89.528
1222.000	86.787	20.200	0.000	109.405
1224.000	86.792	22.215	0.000	112.210
1226.000	86.795	23.814	0.000	111.507
1228.000	86.790	24.958	0.000	106.298
1230.000	86.802	25.875	0.000	100.515
1232.000	86.793	26.831	0.000	95.009
1234.000	86.801	27.355	0.000	89.306
1236.000	86.803	27.334	0.000	84.022
1238.000	86.798	27.280	0.000	77.699
1240.000	86.810	27.321	0.000	72.110
1242.000	86.802	27.138	0.000	67.701
1244.000	86.809	27.070	0.000	63.093
1246.000	86.812	26.769	0.000	60.802
1248.000	86.806	26.615	0.000	57.022
1250.000	86.819	26.578	0.000	54.356
1252.000	86.809	26.489	0.000	52.600
1254.000	86.818	26.097	0.000	50.827
1256.000	86.820	25.864	0.000	49.394
1258.000	86.815	25.665	0.000	47.781
1260.000	86.828	25.738	0.000	47.043
1262.000	86.818	25.286	0.000	44.827
1264.000	86.828	25.111	0.000	42.251
1266.000	86.829	24.864	0.000	41.087
1268.000	86.825	24.656	0.000	40.815
1270.000	86.836	24.722	0.000	40.355
1272.000	86.829	24.968	0.000	41.314
1274.000	86.836	24.943	0.000	40.026
1276.000	86.838	25.241	0.000	40.927
1278.000	86.835	25.735	0.000	38.619
1280.000	86.845	26.311	0.000	33.914
1282.000	86.839	26.817	0.000	30.508
1284.000	86.847	27.043	0.000	26.179
1286.000	86.847	27.099	0.000	21.689
1288.000	86.847	27.270	0.000	14.438
1290.000	86.853	27.417	0.000	7.206
1292.000	86.851	27.275	0.000	-1.952
1294.000	86.856	26.841	0.000	-9.864
1296.000	86.856	26.331	0.000	-16.461
1298.000	86.859	26.022	0.000	-24.980
1300.000	86.861	25.231	0.000	-33.693
1302.000	86.863	24.275	0.000	-42.532
1304.000	86.866	23.385	0.000	-48.026
1306.000	86.866	22.516	0.000	-55.530
1308.000	86.872	20.806	0.000	-65.262
1310.000	86.869	18.968	0.000	-74.768
1312.000	86.876	16.433	0.000	-89.355
1314.000	86.876	14.393	0.000	-99.391
1316.000	86.875	11.087	0.000	-122.901
1318.000	86.886	9.487	0.000	112.866
1320.000	86.875	11.845	0.000	75.245
1322.000	86.890	14.656	0.000	59.795
1324.000	86.884	16.006	0.000	48.076
1326.000	86.886	15.985	0.000	36.746
1328.000	86.897	16.886	0.000	24.514
1330.000	86.885	16.249	0.000	16.934
1332.000	86.902	15.930	0.000	10.358
1334.000	86.895	15.920	0.000	5.198
1336.000	86.897	15.143	0.000	-5.866
1338.000	86.909	15.081	0.000	-13.035
1340.000	86.896	14.381	0.000	-17.953
1342.000	86.913	13.392	0.000	-30.465
1344.000	86.906	11.665	0.000	-29.595
1346.000	86.911	10.788	0.000	-44.779
1348.000	86.917	10.115	0.000	-63.964
1350.000	86.911	9.688	0.000	-115.661
1352.000	86.922	9.892	0.000	-155.194
1354.000	86.918	9.697	0.000	143.814
1356.000	86.924	9.722	0.000	123.518
1358.000	86.924	12.136	0.000	122.478
1360.000	86.929	14.233	0.000	114.235
1362.000	86.928	15.334	0.000	106.448
1364.000	86.932	15.572	0.000	102.998
1366.000	86.938	16.193	0.000	98.645
1368.000	86.931	17.446	0.000	88.828
1370.000	86.946	18.389	0.000	89.672
1372.000	86.936	18.812	0.000	86.992
1374.000	86.945	20.024	0.000	81.054
1376.000	86.950	20.963	0.000	77.283
1378.000	86.941	21.330	0.000	71.059
1380.000	86.960	21.653	0.000	62.914
1382.000	86.946	21.561	0.000	53.833
1384.000	86.960	21.182	0.000	48.391
1386.000	86.958	21.212	0.000	43.941
1388.000	86.959	21.369	0.000	38.849
1390.000	86.966	21.642	0.000	36.146
1392.000	86.963	21.454	0.000	30.210
1394.000	86.971	21.660	0.000	27.542
1396.000	86.968	21.619	0.000	19.764
1398.000	86.977	21.336	0.000	11.659
1400.000	86.971	21.218	0.000	5.227
1402.000	86.982	20.616	0.000	-2.856
1404.000	86.980	19.938	0.000	-15.173
1406.000	86.979	18.474	0.000	-24.621
1408.000	86.993	15.998	0.000	-35.386
1410.000	86.979	13.926	0.000	-44.603
1412.000	86.999	11.527	0.000	-44.170
1414.000	86.989	10.239	0.000	75.150
1416.000	86.996	13.044	0.000	80.333
1418.000	87.000	14.736	0.000	71.808
1420.000	86.998	16.107	0.000	68.041
1422.000	87.006	17.428	0.000	59.946
1424.000	87.004	18.527	0.000	52.658
1426.000	87.012	19.020	0.000	51.120
1428.000	87.006	19.160	0.000	42.736
1430.000	87.020	19.493	0.000	36.198
1432.000	87.011	19.423	0.000	30.817
1434.000	87.021	19.039	0.000	30.131
1436.000	87.025	19.370	0.000	25.831
1438.000	87.017	19.315	0.000	26.420
1440.000	87.035	19.694	0.000	17.276
1442.000	87.022	19.597	0.000	15.225
1444.000	87.037	19.631	0.000	17.053
1446.000	87.031	19.747	0.000	14.936
1448.000	87.040	19.518	0.000	14.095
1450.000	87.037	19.493	0.000	15.316
1452.000	87.045	18.982	0.000	8.932
1454.000	87.045	18.954	0.000	2.396
1456.000	87.044	18.849	0.000	2.582
1458.000	87.058	18.747	0.000	4.843
1460.000	87.044	18.614	0.000	4.947
1462.000	87.064	18.534	0.000	3.588
1464.000	87.054	18.674	0.000	0.768
1466.000	87.063	18.748	0.000	-0.651
1468.000	87.064	18.052	0.000	-2.719
1470.000	87.067	18.414	0.000	-1.294
1472.000	87.070	18.172	0.000	-3.572
1474.000	87.070	18.023	0.000	-3.315
1476.000	87.080	18.637	0.000	1.714
1478.000	87.069	17.936	0.000	-2.701
1480.000	87.090	17.202	0.000	-3.889
1482.000	87.074	17.475	0.000	-3.276
1484.000	87.091	18.035	0.000	-8.169
1486.000	87.086	18.029	0.000	-10.150
1488.000	87.092	17.398	0.000	-9.151
1490.000	87.093	17.239	0.000	-12.415
1492.000	87.097	17.536	0.000	-12.444
1494.000	87.101	17.867	0.000	-11.523
1496.000	87.097	16.628	0.000	-9.291
1498.000	87.113	17.002	0.000	-16.399
1500.000	87.098	17.350	0.000	-17.530
1502.000	87.118	17.195	0.000	-12.188
1504.000	87.108	17.313	0.000	-18.834
1506.000	87.119	16.612	0.000	-21.347
1508.000	87.116	16.463	0.000	-17.205
1510.000	87.125	16.775	0.000	-15.407
1512.000	87.121	16.491	0.000	-14.418
1514.000	87.127	16.547	0.000	-18.000
1516.000	87.133	15.924	0.000	-18.399
1518.000	87.125	15.642	0.000	-16.059
1520.000	87.144	15.923	0.000	-13.121
1522.000	87.130	16.396	0.000	-17.341
1524.000	87.147	16.829	0.000	-16.612
1526.000	87.138	16.439	0.000	-23.403
1528.000	87.153	16.379	0.000	-20.582
1530.000	87.142	16.493	0.000	-21.847
1532.000	87.159	15.602	0.000	-23.027
1534.000	87.152	14.924	0.000	-23.652
1536.000	87.158	15.007	0.000	-24.481
1538.000	87.163	14.814	0.000	-24.870
1540.000	87.160	15.077	0.000	-20.346
1542.000	87.169	15.330	0.000	-18.587
1544.000	87.165	15.056	0.000	-21.982
1546.000	87.179	14.202	0.000	-24.963
1548.000	87.166	14.650	0.000	-20.710
1550.000	87.188	15.248	0.000	-20.677
1552.000	87.171	15.320	0.000	-25.006
1554.000	87.191	14.618	0.000	-24.413
1556.000	87.181	14.411	0.000	-18.914
1558.000	87.196	14.444	0.000	-22.064
1560.000	87.185	14.485	0.000	-30.822
1562.000	87.201	14.803	0.000	-31.032
1564.000	87.194	14.751	0.000	-23.019
1566.000	87.201	14.907	0.000	-22.508
1568.000	87.206	14.283	0.000	-17.013
1570.000	87.204	14.268	0.000	-21.703
1572.000	87.212	14.937	0.000	-30.814
1574.000	87.209	15.320	0.000	-32.119
1576.000	87.222	14.549	0.000	-25.846
1578.000	87.209	14.269	0.000	-14.141
1580.000	87.231	14.791	0.000	-19.047
1582.000	87.215	14.659	0.000	-30.435
1584.000	87.234	15.365	0.000	-29.821
1586.000	87.222	14.523	0.000	-29.103
1588.000	87.242	14.693	0.000	-30.203
1590.000	87.226	14.539	0.000	-32.297
1592.000	87.248	13.548	0.000	-35.618
1594.000	87.235	13.855	0.000	-27.815
1596.000	87.249	14.618	0.000	-20.908
1598.000	87.244	14.013	0.000	-25.990
1600.000	87.254	14.131	0.000	-30.995
1602.000	87.250	14.353	0.000	-34.650
1604.000	87.258	14.707	0.000	-29.860
1606.000	87.261	13.096	0.000	-25.083
1608.000	87.259	13.623	0.000	-33.038
1610.000	87.269	14.019	0.000	-27.845
1612.000	87.265	13.297	0.000	-20.502
1614.000	87.275	13.851	0.000	-21.506
1616.000	87.268	13.811	0.000	-18.710
1618.000	87.286	13.848	0.000	-19.328
1620.000	87.271	14.089	0.000	-29.038
1622.000	87.292	13.635	0.000	-31.874
1624.000	87.278	13.498	0.000	-24.108
1626.000	87.298	14.068	0.000	-24.890
1628.000	87.282	13.912	0.000	-34.551
1630.000	87.307	14.096	0.000	-26.729
1632.000	87.288	13.691	0.000	-20.613
1634.000	87.310	14.201	0.000	-22.484
1636.000	87.296	13.494	0.000	-19.076
1638.000	87.317	14.062	0.000	-22.606
1640.000	87.300	13.820	0.000	-24.130
1642.000	87.323	13.724	0.000	-32.402
1644.000	87.309	12.619	0.000	-35.558
1646.000	87.325	13.334	0.000	-33.605
1648.000	87.316	13.759	0.000	-21.232
1650.000	87.332	14.124	0.000	-21.285
1652.000	87.322	14.176	0.000	-26.309
1654.000	87.337	13.045	0.000	-28.361
1656.000	87.332	14.471	0.000	-23.660
1658.000	87.340	14.103	0.000	-30.419
1660.000	87.338	14.013	0.000	-36.315
1662.000	87.347	14.418	0.000	-28.581
1664.000	87.345	14.126	0.000	-27.398
1666.000	87.349	14.188	0.000	-29.864
1668.000	87.355	14.629	0.000	-37.438
1670.000	87.355	13.944	0.000	-37.892
1672.000	87.360	13.491	0.000	-33.779
1674.000	87.361	13.634	0.000	-38.266
1676.000	87.368	14.292	0.000	-37.206
1678.000	87.364	13.907	0.000	-30.385
1680.000	87.375	14.415	0.000	-27.847
1682.000	87.372	14.591	0.000	-37.134
1684.000	87.381	14.797	0.000	-36.889
1686.000	87.376	14.527	0.000	-40.699
1688.000	87.390	15.222	0.000	-45.160
1690.000	87.382	14.020	0.000	-39.905
1692.000	87.394	12.504	0.000	-37.221
1694.000	87.389	13.867	0.000	-42.602
1696.000	87.402	14.480	0.000	-33.379
1698.000	87.393	14.023	0.000	-43.669
1700.000	87.408	14.505	0.000	-45.345
1702.000	87.400	14.345	0.000	-37.888
1704.000	87.413	14.837	0.000	-35.560
1706.000	87.405	14.330	0.000	-32.631
1708.000	87.422	14.066	0.000	-35.518
1710.000	87.411	13.984	0.000	-39.414
1712.000	87.426	14.298	0.000	-39.297
1714.000	87.419	13.786	0.000	-36.760
1716.000	87.433	13.790	0.000	-32.076
1718.000	87.423	14.286	0.000	-31.391
1720.000	87.440	14.723	0.000	-34.227
1722.000	87.431	14.985	0.000	-41.934
1724.000	87.444	14.783	0.000	-41.054
1726.000	87.437	15.607	0.000	-38.151
1728.000	87.452	15.616	0.000	-43.615
1730.000	87.443	15.059	0.000	-43.842
1732.000	87.456	14.004	0.000	-43.885
1734.000	87.452	13.780	0.000	-46.942
1736.000	87.462	14.307	0.000	-48.678
1738.000	87.457	14.722	0.000	-44.194
1740.000	87.467	15.286	0.000	-40.310
1742.000	87.466	15.671	0.000	-42.982
1744.000	87.471	15.630	0.000	-46.570
1746.000	87.473	14.759	0.000	-43.387
1748.000	87.478	14.675	0.000	-44.531
1750.000	87.481	14.978	0.000	-46.417
1752.000	87.481	14.798	0.000	-49.547
1754.000	87.489	14.585	0.000	-44.020
1756.000	87.487	14.952	0.000	-42.727
1758.000	87.495	14.853	0.000	-47.572
1760.000	87.491	13.022	0.000	-44.675
1762.000	87.505	14.455	0.000	-42.671
1764.000	87.496	15.053	0.000	-45.467
1766.000	87.512	14.745	0.000	-46.673
1768.000	87.501	15.455	0.000	-51.301
1770.000	87.521	14.839	0.000	-54.973
1772.000	87.505	14.649	0.000	-55.331
1774.000	87.528	14.802	0.000	-53.128
1776.000	87.511	14.496	0.000	-46.176
1778.000	87.536	14.751	0.000	-57.088
1780.000	87.514	15.641	0.000	-60.681
1782.000	87.544	15.329	0.000	-50.307
1784.000	87.521	14.284	0.000	-54.394
1786.000	87.550	14.330	0.000	-62.481
1788.000	87.526	14.733	0.000	-55.285
1790.000	87.558	14.861	0.000	-52.763
1792.000	87.533	15.183	0.000	-53.474
1794.000	87.562	15.427	0.000	-50.988
1796.000	87.541	15.156	0.000	-54.843
1798.000	87.568	14.547	0.000	-59.278
1800.000	87.549	15.084	0.000	-62.555
1802.000	87.571	14.690	0.000	-60.694
1804.000	87.559	14.302	0.000	-62.978
1806.000	87.575	14.529	0.000	-64.763
1808.000	87.568	14.297	0.000	-65.817
1810.000	87.578	14.553	0.000	-61.588
1812.000	87.579	14.761	0.000	-57.808
1814.000	87.580	14.844	0.000	-63.676
1816.000	87.589	14.827	0.000	-67.503
1818.000	87.583	14.793	0.000	-67.062
1820.000	87.600	15.410	0.000	-71.040
1822.000	87.585	15.579	0.000	-68.502
1824.000	87.609	15.145	0.000	-63.793
1826.000	87.590	14.043	0.000	-69.130
1828.000	87.618	14.084	0.000	-76.577
1830.000	87.593	15.087	0.000	-64.008
1832.000	87.626	15.081	0.000	-58.311
1834.000	87.601	14.853	0.000	-64.286
1836.000	87.632	14.674	0.000	-68.874
1838.000	87.608	14.561	0.000	-60.460
1840.000	87.637	14.330	0.000	-65.412
1842.000	87.618	14.778	0.000	-69.039
1844.000	87.639	15.143	0.000	-68.386
1846.000	87.629	14.693	0.000	-63.288
1848.000	87.641	13.927	0.000	-70.900
1850.000	87.641	13.676	0.000	-67.241
1852.000	87.640	13.757	0.000	-68.095
1854.000	87.654	14.763	0.000	-70.445
1856.000	87.642	14.301	0.000	-71.894
1858.000	87.666	13.343	0.000	-68.575
1860.000	87.643	13.799	0.000	-77.727
1862.000	87.676	14.384	0.000	-76.741
1864.000	87.649	14.571	0.000	-65.719
1866.000	87.683	14.840	0.000	-68.770
1868.000	87.656	14.274	0.000	-71.634
1870.000	87.688	13.746	0.000	-72.497
1872.000	87.667	13.621	0.000	-79.015
1874.000	87.689	14.373	0.000	-74.936
1876.000	87.679	14.455	0.000	-73.474
1878.000	87.690	14.683	0.000	-72.859
1880.000	87.693	14.418	0.000	-77.189
1882.000	87.689	13.782	0.000	-79.204
1884.000	87.707	13.811	0.000	-77.601
1886.000	87.690	14.218	0.000	-83.471
1888.000	87.718	14.555	0.000	-88.193
1890.000	87.692	14.750	0.000	-83.308
1892.000	87.728	14.513	0.000	-91.996
1894.000	87.699	14.033	0.000	-94.210
1896.000	87.733	14.014	0.000	-83.586
1898.000	87.709	12.727	0.000	-90.545
1900.000	87.734	13.570	0.000	-93.807
1902.000	87.724	13.894	0.000	-99.228
1904.000	87.732	13.701	0.000	-96.207
1906.000	87.739	13.620	0.000	-95.112
1908.000	87.730	13.845	0.000	-104.449
1910.000	87.754	14.096	0.000	-108.382
1912.000	87.730	14.173	0.000	-99.446
1914.000	87.765	13.164	0.000	-95.679
1916.000	87.735	12.108	0.000	-107.781
1918.000	87.772	12.703	0.000	-118.231
1920.000	87.745	12.590	0.000	-112.223
1922.000	87.773	12.558	0.000	-107.152
1924.000	87.760	12.795	0.000	-109.586
1926.000	87.770	12.962	0.000	-115.259
1928.000	87.778	12.316	0.000	-114.170
1930.000	87.767	12.639	0.000	-120.330
1932.000	87.794	12.554	0.000	-125.059
1934.000	87.767	11.279	0.000	-118.311
1936.000	87.804	11.598	0.000	-124.080
1938.000	87.773	12.006	0.000	-135.455
1940.000	87.809	12.341	0.000	-139.053
1942.000	87.786	11.917	0.000	-147.728
1944.000	87.808	12.570	0.000	-158.286
1946.000	87.803	11.982	0.000	-157.351
1948.000	87.803	11.247	0.000	-171.090
1950.000	87.822	11.311	0.000	-172.526
1952.000	87.800	11.234	0.000	-175.217
1954.000	87.836	11.994	0.000	178.297
1956.000	87.804	11.628	0.000	162.567
1958.000	87.842	11.258	0.000	165.157
1960.000	87.815	11.037	0.000	168.273
1962.000	87.841	11.302	0.000	160.161
1964.000	87.833	11.828	0.000	128.084
1966.000	87.836	11.352	0.000	120.958
1968.000	87.853	11.699	0.000	123.443
1970.000	87.832	12.451	0.000	118.484
1972.000	87.869	12.517	0.000	108.578
1974.000	87.835	13.386	0.000	92.872
1976.000	87.875	14.222	0.000	87.189
1978.000	87.848	15.163	0.000	87.118
1980.000	87.873	15.307	0.000	88.433
1982.000	87.868	16.140	0.000	83.399
1984.000	87.866	16.586	0.000	77.030
1986.000	87.888	16.399	0.000	68.091
1988.000	87.862	17.027	0.000	70.738
1990.000	87.902	17.878	0.000	66.277
1992.000	87.868	18.681	0.000	58.008
1994.000	87.905	18.949	0.000	56.371
1996.000	87.884	18.631	0.000	48.302
1998.000	87.900	18.864	0.000	46.816
2000.000	87.907	19.691	0.000	43.376
