2000.000	86.777	10.485	0.000	107.526
2.000	86.782	10.132	0.000	81.745
4.000	86.835	10.671	0.000	38.169
6.000	86.791	10.296	0.000	-23.566
8.000	86.792	9.753	0.000	167.815
10.000	86.845	11.025	0.000	158.171
12.000	86.803	10.464	0.000	-4.079
14.000	86.802	10.383	0.000	-105.120
16.000	86.856	10.773	0.000	-127.705
18.000	86.815	11.630	0.000	-92.888
20.000	86.812	11.798	0.000	-33.991
22.000	86.866	10.401	0.000	19.375
24.000	86.827	10.165	0.000	34.129
26.000	86.823	11.439	0.000	-17.112
28.000	86.878	12.225	0.000	-179.016
30.000	86.837	12.060	0.000	-77.544
32.000	86.833	11.438	0.000	-59.871
34.000	86.890	10.653	0.000	-73.018
36.000	86.848	11.480	0.000	-81.944
38.000	86.844	11.967	0.000	30.719
40.000	86.901	11.743	0.000	51.117
42.000	86.859	11.335	0.000	-69.685
44.000	86.856	10.228	0.000	-148.598
46.000	86.911	10.081	0.000	-67.049
48.000	86.868	11.023	0.000	-40.850
50.000	86.869	10.020	0.000	-25.623
52.000	86.922	10.622	0.000	-88.944
54.000	86.878	11.411	0.000	-142.439
56.000	86.884	11.034	0.000	-149.607
58.000	86.931	10.930	0.000	-136.406
60.000	86.886	9.242	0.000	-124.073
62.000	86.900	10.106	0.000	-91.729
64.000	86.941	10.569	0.000	19.150
66.000	86.894	11.379	0.000	63.222
68.000	86.916	12.121	0.000	-178.695
70.000	86.951	11.433	0.000	119.753
72.000	86.902	11.301	0.000	46.673
74.000	86.933	11.438	0.000	-145.331
76.000	86.959	12.089	0.000	-158.731
78.000	86.910	11.431	0.000	174.138
80.000	86.951	10.320	0.000	175.704
82.000	86.966	10.073	0.000	-104.192
84.000	86.919	10.621	0.000	-63.872
86.000	86.968	11.829	0.000	-7.937
88.000	86.973	11.762	0.000	-55.850
90.000	86.930	11.707	0.000	-74.915
92.000	86.984	11.489	0.000	-65.772
94.000	86.977	10.604	0.000	-121.676
96.000	86.944	9.683	0.000	-82.985
98.000	87.001	9.733	0.000	-80.784
100.000	86.980	10.970	0.000	11.190
102.000	86.960	10.875	0.000	8.009
104.000	87.015	10.002	0.000	-77.500
106.000	86.983	9.975	0.000	-128.544
108.000	86.979	8.987	0.000	-110.307
110.000	87.026	10.581	0.000	-109.356
112.000	86.985	10.558	0.000	82.198
114.000	87.001	10.780	0.000	113.705
116.000	87.036	10.948	0.000	46.862
118.000	86.990	9.614	0.000	17.337
120.000	87.023	9.649	0.000	-49.127
122.000	87.042	10.151	0.000	-99.520
124.000	86.997	10.773	0.000	-146.498
126.000	87.045	9.868	0.000	90.294
128.000	87.044	8.538	0.000	119.692
130.000	87.009	9.773	0.000	-45.546
132.000	87.065	10.967	0.000	-102.407
134.000	87.044	11.331	0.000	-102.202
136.000	87.026	10.509	0.000	-116.112
138.000	87.081	10.561	0.000	-96.525
140.000	87.045	10.620	0.000	-105.443
142.000	87.048	10.620	0.000	-120.285
144.000	87.091	10.313	0.000	-74.276
146.000	87.047	9.424	0.000	-73.533
148.000	87.073	9.405	0.000	-83.271
150.000	87.096	11.391	0.000	43.405
152.000	87.053	11.194	0.000	24.743
154.000	87.097	10.351	0.000	-81.574
156.000	87.095	9.735	0.000	-51.658
158.000	87.068	10.992	0.000	-63.606
160.000	87.119	11.083	0.000	-65.730
162.000	87.091	10.733	0.000	-107.676
164.000	87.089	10.095	0.000	-32.404
166.000	87.134	9.927	0.000	-113.301
168.000	87.090	10.958	0.000	-131.351
170.000	87.114	10.903	0.000	-119.517
172.000	87.140	10.564	0.000	-133.028
174.000	87.095	11.964	0.000	173.416
176.000	87.140	11.002	0.000	-149.528
178.000	87.138	10.581	0.000	-90.842
180.000	87.109	10.271	0.000	-128.175
182.000	87.162	10.177	0.000	-133.192
184.000	87.134	10.109	0.000	-145.809
186.000	87.132	10.581	0.000	-133.819
188.000	87.174	9.767	0.000	-59.631
190.000	87.133	9.727	0.000	-25.563
192.000	87.161	10.459	0.000	-114.005
194.000	87.176	10.551	0.000	-56.809
196.000	87.141	10.035	0.000	-38.529
198.000	87.188	10.297	0.000	-173.912
200.000	87.171	10.468	0.000	-168.246
202.000	87.160	11.100	0.000	167.224
204.000	87.206	11.138	0.000	164.723
206.000	87.166	10.299	0.000	-177.226
208.000	87.189	10.326	0.000	-29.665
210.000	87.211	10.635	0.000	53.327
212.000	87.170	10.831	0.000	36.758
214.000	87.217	10.272	0.000	-155.171
216.000	87.207	10.603	0.000	-142.655
218.000	87.188	11.044	0.000	84.535
220.000	87.237	10.882	0.000	-167.409
222.000	87.200	9.938	0.000	-79.678
224.000	87.217	10.780	0.000	-68.831
226.000	87.242	10.663	0.000	-98.331
228.000	87.203	11.318	0.000	-130.377
230.000	87.247	10.892	0.000	-43.562
232.000	87.236	10.809	0.000	-55.937
234.000	87.223	10.229	0.000	-125.445
236.000	87.266	10.987	0.000	-71.031
238.000	87.229	10.515	0.000	-13.150
240.000	87.254	9.847	0.000	-85.846
242.000	87.269	8.428	0.000	-86.370
244.000	87.234	9.517	0.000	-79.256
246.000	87.283	10.445	0.000	-31.572
248.000	87.261	10.124	0.000	-20.788
250.000	87.258	11.093	0.000	-68.138
252.000	87.297	11.587	0.000	-66.627
254.000	87.255	10.562	0.000	-41.113
256.000	87.291	10.762	0.000	-49.089
258.000	87.295	9.598	0.000	-55.388
260.000	87.268	10.831	0.000	-42.008
262.000	87.315	11.407	0.000	-43.174
264.000	87.285	10.991	0.000	-56.807
266.000	87.298	10.378	0.000	-77.813
268.000	87.321	10.239	0.000	-93.283
270.000	87.286	10.474	0.000	-74.062
272.000	87.330	10.237	0.000	-89.544
274.000	87.312	10.924	0.000	-82.192
276.000	87.309	10.943	0.000	-85.262
278.000	87.345	11.763	0.000	-83.564
280.000	87.306	11.609	0.000	-67.011
282.000	87.344	11.148	0.000	-71.811
284.000	87.339	10.925	0.000	-70.420
286.000	87.321	11.356	0.000	-62.865
288.000	87.367	12.204	0.000	-66.816
290.000	87.329	12.671	0.000	-75.934
292.000	87.354	13.675	0.000	-85.336
294.000	87.366	13.924	0.000	-88.816
296.000	87.337	13.781	0.000	-79.324
298.000	87.383	13.700	0.000	-82.940
300.000	87.353	13.742	0.000	-91.749
302.000	87.367	15.095	0.000	-90.579
304.000	87.388	15.969	0.000	-90.593
306.000	87.356	16.872	0.000	-88.055
308.000	87.399	17.905	0.000	-97.090
310.000	87.375	18.593	0.000	-108.561
312.000	87.384	19.237	0.000	-113.374
314.000	87.408	19.780	0.000	-118.437
316.000	87.373	20.430	0.000	-129.412
318.000	87.418	21.134	0.000	-136.821
320.000	87.396	21.897	0.000	-143.347
322.000	87.399	21.890	0.000	-147.625
324.000	87.429	21.814	0.000	-156.322
326.000	87.391	22.294	0.000	-159.931
328.000	87.433	22.701	0.000	-164.061
330.000	87.417	23.039	0.000	-170.129
332.000	87.415	22.974	0.000	-173.928
334.000	87.446	22.897	0.000	178.269
336.000	87.412	22.477	0.000	171.506
338.000	87.451	22.580	0.000	165.218
340.000	87.433	22.747	0.000	156.955
342.000	87.435	22.866	0.000	151.270
344.000	87.463	23.194	0.000	145.846
346.000	87.429	22.365	0.000	140.861
348.000	87.470	22.225	0.000	138.794
350.000	87.449	22.071	0.000	137.831
352.000	87.454	22.667	0.000	134.225
354.000	87.480	22.737	0.000	131.702
356.000	87.445	22.911	0.000	130.588
358.000	87.488	22.908	0.000	125.400
360.000	87.465	22.744	0.000	120.988
362.000	87.473	23.153	0.000	119.790
364.000	87.493	23.094	0.000	116.618
366.000	87.465	22.874	0.000	112.989
368.000	87.505	23.487	0.000	112.929
370.000	87.478	23.966	0.000	108.677
372.000	87.496	24.749	0.000	104.786
374.000	87.505	25.239	0.000	101.876
376.000	87.484	25.726	0.000	94.957
378.000	87.523	26.453	0.000	88.767
380.000	87.489	26.827	0.000	79.578
382.000	87.519	27.138	0.000	74.276
384.000	87.516	27.133	0.000	67.496
386.000	87.503	27.053	0.000	55.812
388.000	87.539	27.234	0.000	47.837
390.000	87.503	27.186	0.000	41.630
392.000	87.539	26.929	0.000	35.002
394.000	87.525	26.537	0.000	25.487
396.000	87.525	26.441	0.000	17.535
398.000	87.549	26.721	0.000	10.816
400.000	87.519	25.961	0.000	5.720
402.000	87.557	25.330	0.000	-1.987
404.000	87.532	25.106	0.000	-10.067
406.000	87.551	24.496	0.000	-19.543
408.000	87.555	23.581	0.000	-24.207
410.000	87.537	22.688	0.000	-30.500
412.000	87.575	21.375	0.000	-37.027
414.000	87.540	20.401	0.000	-41.508
416.000	87.573	20.674	0.000	-46.018
418.000	87.560	20.021	0.000	-42.741
420.000	87.560	18.782	0.000	-37.779
422.000	87.584	17.865	0.000	-37.176
424.000	87.553	17.661	0.000	-42.868
426.000	87.591	18.134	0.000	-50.988
428.000	87.565	18.216	0.000	-56.280
430.000	87.585	18.274	0.000	-60.079
432.000	87.586	18.566	0.000	-62.835
434.000	87.574	18.861	0.000	-70.705
436.000	87.604	18.375	0.000	-80.316
438.000	87.572	18.231	0.000	-90.171
440.000	87.608	17.351	0.000	-103.641
442.000	87.586	16.121	0.000	-118.535
444.000	87.598	14.460	0.000	-137.153
446.000	87.608	13.417	0.000	-145.115
448.000	87.587	12.965	0.000	-167.366
450.000	87.623	12.315	0.000	163.557
452.000	87.590	11.368	0.000	91.729
454.000	87.620	10.870	0.000	16.647
456.000	87.605	11.606	0.000	22.208
458.000	87.611	11.861	0.000	18.119
460.000	87.624	12.973	0.000	-8.375
462.000	87.602	14.373	0.000	-19.416
464.000	87.635	14.608	0.000	-34.892
466.000	87.604	14.191	0.000	-40.184
468.000	87.635	14.579	0.000	-66.256
470.000	87.617	15.144	0.000	-73.256
472.000	87.624	14.765	0.000	-83.000
474.000	87.637	14.372	0.000	-90.580
476.000	87.615	13.670	0.000	-95.930
478.000	87.648	12.166	0.000	-93.103
480.000	87.616	12.293	0.000	-108.009
482.000	87.647	12.617	0.000	-116.451
484.000	87.629	11.859	0.000	-118.643
486.000	87.638	11.075	0.000	-117.368
488.000	87.645	11.087	0.000	-94.014
490.000	87.629	11.790	0.000	-103.467
492.000	87.656	10.966	0.000	-90.596
494.000	87.627	11.306	0.000	-81.065
496.000	87.660	11.040	0.000	-94.875
498.000	87.633	11.159	0.000	-79.409
500.000	87.652	11.087	0.000	-62.428
502.000	87.650	10.340	0.000	-74.426
504.000	87.641	9.844	0.000	-66.360
506.000	87.663	10.586	0.000	-74.806
508.000	87.635	10.185	0.000	-74.565
510.000	87.669	10.139	0.000	-96.819
512.000	87.639	11.246	0.000	-93.648
514.000	87.663	11.445	0.000	-68.967
516.000	87.649	10.298	0.000	-68.889
518.000	87.656	10.607	0.000	-99.197
520.000	87.662	10.709	0.000	-98.023
522.000	87.646	10.783	0.000	-58.489
524.000	87.672	9.525	0.000	-58.859
526.000	87.642	9.757	0.000	-32.360
528.000	87.674	10.771	0.000	-31.715
530.000	87.645	10.462	0.000	-102.264
532.000	87.667	10.275	0.000	-72.378
534.000	87.657	9.446	0.000	-26.362
536.000	87.657	9.801	0.000	-67.957
538.000	87.667	9.143	0.000	-99.619
540.000	87.649	10.682	0.000	-70.090
542.000	87.674	11.508	0.000	-64.488
544.000	87.646	10.784	0.000	-66.253
546.000	87.675	10.611	0.000	-54.186
548.000	87.647	10.907	0.000	-40.992
550.000	87.669	10.008	0.000	-73.784
552.000	87.655	10.411	0.000	-117.452
554.000	87.659	10.953	0.000	-120.439
556.000	87.665	11.064	0.000	-80.154
558.000	87.649	10.235	0.000	-77.824
560.000	87.672	10.690	0.000	-79.617
562.000	87.643	11.808	0.000	-83.745
564.000	87.671	11.425	0.000	-77.692
566.000	87.644	10.347	0.000	-78.059
568.000	87.667	9.716	0.000	-103.049
570.000	87.647	9.778	0.000	-88.470
572.000	87.658	9.953	0.000	-95.271
574.000	87.654	10.308	0.000	-115.613
576.000	87.649	10.738	0.000	-110.826
578.000	87.659	10.776	0.000	-107.125
580.000	87.638	10.067	0.000	-125.305
582.000	87.664	10.400	0.000	-111.836
584.000	87.634	9.700	0.000	-89.883
586.000	87.660	9.044	0.000	-53.161
588.000	87.633	9.838	0.000	-95.602
590.000	87.655	10.189	0.000	-136.788
592.000	87.636	10.925	0.000	-142.158
594.000	87.644	10.880	0.000	-70.789
596.000	87.639	9.911	0.000	-141.310
598.000	87.635	10.761	0.000	178.055
600.000	87.643	11.929	0.000	175.432
602.000	87.624	11.002	0.000	-167.516
604.000	87.645	9.919	0.000	153.838
606.000	87.617	9.875	0.000	64.830
608.000	87.643	9.923	0.000	-149.860
610.000	87.613	9.658	0.000	-133.595
612.000	87.637	9.240	0.000	-152.918
614.000	87.614	8.982	0.000	168.295
616.000	87.628	10.121	0.000	-169.585
618.000	87.613	10.462	0.000	-170.164
620.000	87.618	10.329	0.000	-122.629
622.000	87.615	9.719	0.000	171.797
624.000	87.607	10.035	0.000	102.704
626.000	87.615	10.131	0.000	109.052
628.000	87.596	10.425	0.000	-17.096
630.000	87.616	9.203	0.000	-36.050
632.000	87.587	10.033	0.000	-60.642
634.000	87.610	10.486	0.000	-59.140
636.000	87.582	10.243	0.000	-44.849
638.000	87.605	10.318	0.000	37.223
640.000	87.578	10.271	0.000	82.076
642.000	87.595	10.171	0.000	150.428
644.000	87.576	10.922	0.000	-117.626
646.000	87.586	10.676	0.000	-135.788
648.000	87.572	10.713	0.000	129.877
650.000	87.574	10.608	0.000	83.766
652.000	87.573	9.938	0.000	-162.034
654.000	87.562	9.280	0.000	-97.462
656.000	87.569	9.549	0.000	-38.296
658.000	87.552	9.590	0.000	-38.416
660.000	87.567	10.042	0.000	-78.393
662.000	87.541	9.573	0.000	58.591
664.000	87.560	9.485	0.000	121.939
666.000	87.534	10.025	0.000	64.498
668.000	87.554	10.484	0.000	40.640
670.000	87.525	9.462	0.000	8.028
672.000	87.546	9.401	0.000	12.202
674.000	87.520	9.275	0.000	39.704
676.000	87.536	9.959	0.000	47.970
678.000	87.513	10.481	0.000	34.309
680.000	87.526	10.202	0.000	16.021
682.000	87.510	10.100	0.000	-90.325
684.000	87.512	9.858	0.000	-23.618
686.000	87.504	9.579	0.000	-54.296
688.000	87.502	10.957	0.000	-57.196
690.000	87.499	11.738	0.000	-77.055
692.000	87.489	9.570	0.000	-50.369
694.000	87.493	9.190	0.000	-1.049
696.000	87.479	10.725	0.000	-17.150
698.000	87.486	10.849	0.000	-23.482
700.000	87.466	10.170	0.000	-13.221
702.000	87.481	10.391	0.000	-22.429
704.000	87.455	10.255	0.000	-58.598
706.000	87.472	11.210	0.000	-73.902
708.000	87.446	10.688	0.000	-53.612
710.000	87.464	9.823	0.000	-16.200
712.000	87.436	10.144	0.000	-47.109
714.000	87.453	10.458	0.000	-67.589
716.000	87.427	9.734	0.000	-79.395
718.000	87.444	10.609	0.000	-70.539
720.000	87.416	10.432	0.000	-70.146
722.000	87.434	11.322	0.000	-64.891
724.000	87.409	11.652	0.000	-75.918
726.000	87.422	11.452	0.000	-64.789
728.000	87.399	11.416	0.000	-62.934
730.000	87.411	10.651	0.000	-74.621
732.000	87.393	10.719	0.000	-71.127
734.000	87.398	11.042	0.000	-68.042
736.000	87.383	10.119	0.000	-91.504
738.000	87.389	9.684	0.000	-79.469
740.000	87.374	10.310	0.000	-84.323
742.000	87.376	10.577	0.000	-89.092
744.000	87.366	10.050	0.000	-85.190
746.000	87.365	10.568	0.000	-67.961
748.000	87.356	11.315	0.000	-68.168
750.000	87.352	10.113	0.000	-66.395
752.000	87.349	10.075	0.000	-71.138
754.000	87.341	10.291	0.000	-28.706
756.000	87.338	10.624	0.000	-108.764
758.000	87.331	11.175	0.000	-111.070
760.000	87.329	11.368	0.000	-104.553
762.000	87.318	11.141	0.000	-112.187
764.000	87.319	10.928	0.000	-141.357
766.000	87.309	11.067	0.000	-136.742
768.000	87.309	10.925	0.000	-105.474
770.000	87.296	10.277	0.000	-73.300
772.000	87.301	10.739	0.000	-104.203
774.000	87.285	9.975	0.000	-120.791
776.000	87.289	10.189	0.000	-130.020
778.000	87.276	10.498	0.000	-98.314
780.000	87.280	9.911	0.000	-98.366
782.000	87.263	10.826	0.000	-107.793
784.000	87.269	11.052	0.000	-95.911
786.000	87.255	10.069	0.000	-148.437
788.000	87.258	9.700	0.000	-173.429
790.000	87.242	9.737	0.000	-161.714
792.000	87.250	9.061	0.000	-144.599
794.000	87.233	9.088	0.000	-168.465
796.000	87.237	10.068	0.000	-72.027
798.000	87.223	10.048	0.000	-62.403
800.000	87.229	8.905	0.000	-168.378
802.000	87.212	8.533	0.000	150.878
804.000	87.217	9.080	0.000	161.574
806.000	87.205	10.034	0.000	86.998
808.000	87.206	9.406	0.000	16.216
810.000	87.192	9.203	0.000	126.587
812.000	87.198	10.307	0.000	171.512
814.000	87.183	10.837	0.000	-91.789
816.000	87.185	9.451	0.000	62.821
818.000	87.175	9.723	0.000	87.736
820.000	87.176	10.985	0.000	46.229
822.000	87.164	11.695	0.000	35.306
824.000	87.165	12.011	0.000	32.275
826.000	87.158	12.580	0.000	14.432
828.000	87.152	11.966	0.000	-1.828
830.000	87.148	11.677	0.000	-13.947
832.000	87.145	11.767	0.000	-7.745
834.000	87.138	11.718	0.000	-25.240
836.000	87.132	12.871	0.000	-23.168
838.000	87.132	13.680	0.000	-18.447
840.000	87.122	14.101	0.000	-20.967
842.000	87.121	14.043	0.000	-35.800
844.000	87.114	15.423	0.000	-47.039
846.000	87.115	16.057	0.000	-58.358
848.000	87.100	15.278	0.000	-68.363
850.000	87.108	14.647	0.000	-76.009
852.000	87.092	15.322	0.000	-92.937
854.000	87.097	14.771	0.000	-106.348
856.000	87.082	14.542	0.000	-118.211
858.000	87.093	14.202	0.000	-124.482
860.000	87.071	12.281	0.000	-135.943
862.000	87.082	12.809	0.000	-154.055
864.000	87.065	12.589	0.000	-168.908
866.000	87.074	12.659	0.000	174.298
868.000	87.053	11.445	0.000	159.843
870.000	87.069	12.458	0.000	142.693
872.000	87.045	12.348	0.000	122.625
874.000	87.058	11.939	0.000	104.730
876.000	87.039	12.585	0.000	82.224
878.000	87.050	13.357	0.000	63.624
880.000	87.029	13.477	0.000	37.662
882.000	87.042	13.756	0.000	40.968
884.000	87.025	15.876	0.000	28.926
886.000	87.030	16.421	0.000	20.014
888.000	87.020	16.506	0.000	9.987
890.000	87.023	17.256	0.000	3.386
892.000	87.012	18.250	0.000	-4.593
894.000	87.013	18.840	0.000	-13.902
896.000	87.010	18.653	0.000	-18.154
898.000	87.002	19.290	0.000	-23.658
900.000	87.003	19.670	0.000	-36.470
902.000	86.996	19.684	0.000	-37.752
904.000	86.997	19.506	0.000	-43.065
906.000	86.985	18.579	0.000	-47.792
908.000	86.995	18.529	0.000	-45.904
910.000	86.975	19.011	0.000	-46.622
912.000	86.988	18.699	0.000	-50.482
914.000	86.971	19.166	0.000	-51.466
916.000	86.981	19.815	0.000	-47.658
918.000	86.963	20.303	0.000	-45.227
920.000	86.977	20.632	0.000	-46.722
922.000	86.957	20.539	0.000	-49.345
924.000	86.967	21.000	0.000	-51.776
926.000	86.956	22.035	0.000	-53.260
928.000	86.958	23.035	0.000	-52.384
930.000	86.951	23.791	0.000	-52.581
932.000	86.953	24.725	0.000	-57.650
934.000	86.947	25.797	0.000	-57.349
936.000	86.942	26.881	0.000	-59.698
938.000	86.947	27.914	0.000	-64.537
940.000	86.934	28.714	0.000	-69.018
942.000	86.941	29.530	0.000	-73.862
944.000	86.929	30.251	0.000	-79.533
946.000	86.937	31.098	0.000	-84.688
948.000	86.921	32.001	0.000	-91.080
950.000	86.936	32.623	0.000	-97.080
952.000	86.916	33.370	0.000	-103.390
954.000	86.928	34.201	0.000	-110.907
956.000	86.916	34.828	0.000	-118.832
958.000	86.920	35.369	0.000	-126.655
960.000	86.913	35.864	0.000	-135.040
962.000	86.915	36.284	0.000	-143.008
964.000	86.911	36.577	0.000	-151.662
966.000	86.906	36.756	0.000	-160.549
968.000	86.913	36.922	0.000	-169.346
970.000	86.897	36.912	0.000	-178.755
972.000	86.910	36.866	0.000	171.575
974.000	86.896	36.545	0.000	162.830
976.000	86.904	36.173	0.000	154.523
978.000	86.891	35.756	0.000	146.879
980.000	86.903	35.241	0.000	139.620
982.000	86.887	34.613	0.000	133.643
984.000	86.895	33.980	0.000	128.504
986.000	86.891	33.273	0.000	124.324
988.000	86.886	32.806	0.000	121.405
990.000	86.891	32.360	0.000	117.641
992.000	86.883	31.982	0.000	115.182
994.000	86.887	31.839	0.000	111.113
996.000	86.879	31.724	0.000	106.083
998.000	86.889	31.302	0.000	101.455
1000.000	86.872	30.742	0.000	98.089
1002.000	86.887	30.324	0.000	95.295
1004.000	86.874	29.864	0.000	91.289
1006.000	86.877	29.424	0.000	89.728
1008.000	86.876	29.071	0.000	88.706
1010.000	86.874	28.816	0.000	87.876
1012.000	86.873	28.569	0.000	88.864
1014.000	86.871	28.604	0.000	88.691
1016.000	86.875	28.893	0.000	84.657
1018.000	86.863	28.932	0.000	80.423
1020.000	86.878	28.979	0.000	77.162
1022.000	86.861	29.083	0.000	71.876
1024.000	86.871	28.935	0.000	66.462
1026.000	86.865	28.989	0.000	60.419
1028.000	86.866	28.837	0.000	54.770
1030.000	86.865	28.432	0.000	48.197
1032.000	86.864	27.774	0.000	38.719
1034.000	86.865	27.138	0.000	31.016
1036.000	86.858	26.323	0.000	22.685
1038.000	86.869	25.231	0.000	13.321
1040.000	86.853	23.680	0.000	-0.384
1042.000	86.868	21.795	0.000	-13.655
1044.000	86.857	19.823	0.000	-28.545
1046.000	86.861	17.589	0.000	-54.733
1048.000	86.861	16.129	0.000	-98.229
1050.000	86.857	15.899	0.000	-142.126
1052.000	86.861	18.140	0.000	-173.686
1054.000	86.856	20.363	0.000	173.366
1056.000	86.862	21.990	0.000	162.653
1058.000	86.852	23.806	0.000	153.451
1060.000	86.865	25.453	0.000	147.637
1062.000	86.851	26.610	0.000	139.015
1064.000	86.860	28.007	0.000	131.325
1066.000	86.859	29.192	0.000	123.957
1068.000	86.852	29.995	0.000	115.556
1070.000	86.864	30.714	0.000	106.813
1072.000	86.852	31.146	0.000	98.159
1074.000	86.861	31.606	0.000	90.537
1076.000	86.855	31.756	0.000	82.480
1078.000	86.860	31.763	0.000	74.913
1080.000	86.854	31.901	0.000	68.177
1082.000	86.860	31.756	0.000	61.308
1084.000	86.857	31.519	0.000	53.546
1086.000	86.855	31.233	0.000	47.139
1088.000	86.865	30.774	0.000	43.356
1090.000	86.850	30.155	0.000	40.574
1092.000	86.866	29.715	0.000	36.667
1094.000	86.856	29.021	0.000	32.611
1096.000	86.858	28.517	0.000	31.015
1098.000	86.864	27.943	0.000	32.486
1100.000	86.855	27.588	0.000	35.169
1102.000	86.864	27.557	0.000	38.145
1104.000	86.859	27.986	0.000	40.688
1106.000	86.863	28.591	0.000	43.154
1108.000	86.859	29.048	0.000	42.980
1110.000	86.865	29.679	0.000	41.332
1112.000	86.861	30.272	0.000	40.197
1114.000	86.863	30.571	0.000	38.001
1116.000	86.868	31.030	0.000	35.445
1118.000	86.858	31.509	0.000	32.903
1120.000	86.873	32.070	0.000	30.179
1122.000	86.860	32.742	0.000	26.132
1124.000	86.869	33.244	0.000	21.459
1126.000	86.870	33.515	0.000	15.907
1128.000	86.862	33.833	0.000	10.341
1130.000	86.877	34.081	0.000	5.120
1132.000	86.864	34.194	0.000	-0.754
1134.000	86.875	34.314	0.000	-6.302
1136.000	86.871	34.411	0.000	-12.159
1138.000	86.871	34.330	0.000	-18.210
1140.000	86.875	34.254	0.000	-23.593
1142.000	86.873	34.043	0.000	-28.802
1144.000	86.877	33.805	0.000	-34.076
1146.000	86.874	33.667	0.000	-38.160
1148.000	86.881	33.449	0.000	-42.054
1150.000	86.874	33.201	0.000	-46.902
1152.000	86.884	32.906	0.000	-51.430
1154.000	86.879	32.690	0.000	-55.892
1156.000	86.879	32.341	0.000	-60.076
1158.000	86.889	32.100	0.000	-64.495
1160.000	86.876	31.807	0.000	-69.210
1162.000	86.892	31.370	0.000	-73.938
1164.000	86.884	30.801	0.000	-78.704
1166.000	86.885	29.997	0.000	-82.718
1168.000	86.895	29.253	0.000	-85.458
1170.000	86.882	28.350	0.000	-86.278
1172.000	86.898	27.255	0.000	-85.707
1174.000	86.891	26.656	0.000	-83.530
1176.000	86.892	26.343	0.000	-79.294
1178.000	86.901	25.947	0.000	-73.671
1180.000	86.891	26.181	0.000	-73.069
1182.000	86.904	26.720	0.000	-70.620
1184.000	86.897	27.385	0.000	-70.304
1186.000	86.901	27.868	0.000	-72.873
1188.000	86.905	27.943	0.000	-76.403
1190.000	86.901	28.150	0.000	-81.383
1192.000	86.909	28.430	0.000	-85.106
1194.000	86.906	28.527	0.000	-89.601
1196.000	86.910	28.257	0.000	-94.181
1198.000	86.911	27.860	0.000	-99.548
1200.000	86.913	27.589	0.000	-102.468
1202.000	86.914	27.117	0.000	-105.696
1204.000	86.916	26.670	0.000	-110.054
1206.000	86.918	26.105	0.000	-112.925
1208.000	86.918	25.904	0.000	-115.531
1210.000	86.923	25.096	0.000	-118.594
1212.000	86.920	23.723	0.000	-118.652
1214.000	86.923	22.784	0.000	-119.707
1216.000	86.926	22.296	0.000	-118.028
1218.000	86.922	21.337	0.000	-116.032
1220.000	86.931	21.348	0.000	-108.084
1222.000	86.925	21.900	0.000	-100.461
1224.000	86.930	22.186	0.000	-97.973
1226.000	86.933	22.457	0.000	-100.086
1228.000	86.927	22.917	0.000	-101.290
1230.000	86.939	22.968	0.000	-100.046
1232.000	86.930	23.211	0.000	-101.198
1234.000	86.938	22.971	0.000	-103.025
1236.000	86.940	23.183	0.000	-103.283
1238.000	86.936	23.146	0.000	-103.276
1240.000	86.947	22.965	0.000	-104.208
1242.000	86.939	23.412	0.000	-105.022
1244.000	86.947	23.645	0.000	-106.609
1246.000	86.949	23.729	0.000	-107.719
1248.000	86.944	23.734	0.000	-110.109
1250.000	86.957	23.704	0.000	-110.786
1252.000	86.948	23.622	0.000	-110.853
1254.000	86.957	23.834	0.000	-110.728
1256.000	86.959	24.147	0.000	-113.154
1258.000	86.953	24.257	0.000	-116.155
1260.000	86.967	24.383	0.000	-117.081
1262.000	86.957	24.362	0.000	-118.127
1264.000	86.967	24.703	0.000	-121.769
1266.000	86.968	24.674	0.000	-126.144
1268.000	86.964	25.116	0.000	-131.310
1270.000	86.975	24.902	0.000	-136.958
1272.000	86.969	24.360	0.000	-143.128
1274.000	86.975	24.330	0.000	-148.358
1276.000	86.978	23.425	0.000	-153.995
1278.000	86.974	21.975	0.000	-159.337
1280.000	86.984	20.444	0.000	-158.577
1282.000	86.979	19.122	0.000	-154.803
1284.000	86.986	17.755	0.000	-149.084
1286.000	86.986	17.190	0.000	-136.510
1288.000	86.987	17.493	0.000	-115.421
1290.000	86.992	18.184	0.000	-105.855
1292.000	86.991	19.300	0.000	-106.920
1294.000	86.996	20.757	0.000	-107.644
1296.000	86.996	21.628	0.000	-106.616
1298.000	86.999	22.455	0.000	-108.142
1300.000	87.001	23.154	0.000	-110.684
1302.000	87.003	23.708	0.000	-113.773
1304.000	87.006	24.192	0.000	-115.751
1306.000	87.006	24.529	0.000	-119.178
1308.000	87.012	25.186	0.000	-122.069
1310.000	87.009	25.441	0.000	-124.246
1312.000	87.016	25.387	0.000	-128.523
1314.000	87.016	25.625	0.000	-131.947
1316.000	87.016	25.718	0.000	-134.615
1318.000	87.026	25.940	0.000	-136.155
1320.000	87.016	26.100	0.000	-140.403
1322.000	87.031	26.005	0.000	-144.493
1324.000	87.025	26.080	0.000	-145.295
1326.000	87.027	26.523	0.000	-147.563
1328.000	87.038	26.660	0.000	-151.135
1330.000	87.025	26.486	0.000	-154.103
1332.000	87.043	26.586	0.000	-157.510
1334.000	87.036	26.608	0.000	-160.545
1336.000	87.038	26.613	0.000	-163.793
1338.000	87.050	26.793	0.000	-167.364
1340.000	87.037	26.756	0.000	-169.295
1342.000	87.055	26.559	0.000	-172.932
1344.000	87.047	26.506	0.000	-176.206
1346.000	87.051	26.324	0.000	-179.840
1348.000	87.058	26.328	0.000	177.919
1350.000	87.053	26.387	0.000	176.122
1352.000	87.063	26.250	0.000	171.656
1354.000	87.059	25.878	0.000	169.677
1356.000	87.066	25.885	0.000	167.843
1358.000	87.065	25.282	0.000	162.910
1360.000	87.070	24.817	0.000	160.176
1362.000	87.070	24.910	0.000	158.939
1364.000	87.073	24.543	0.000	158.676
1366.000	87.079	24.338	0.000	157.466
1368.000	87.072	24.364	0.000	155.474
1370.000	87.088	24.306	0.000	155.600
1372.000	87.077	24.194	0.000	155.859
1374.000	87.087	24.085	0.000	154.245
1376.000	87.091	24.338	0.000	151.013
1378.000	87.083	24.453	0.000	149.858
1380.000	87.101	24.929	0.000	147.798
1382.000	87.088	24.758	0.000	141.920
1384.000	87.101	24.448	0.000	138.169
1386.000	87.100	24.250	0.000	133.246
1388.000	87.100	24.179	0.000	128.555
1390.000	87.108	23.655	0.000	123.603
1392.000	87.105	23.395	0.000	120.169
1394.000	87.112	22.240	0.000	119.539
1396.000	87.110	21.589	0.000	120.888
1398.000	87.119	21.132	0.000	119.846
1400.000	87.113	20.503	0.000	122.316
1402.000	87.123	20.379	0.000	122.092
1404.000	87.122	19.812	0.000	121.628
1406.000	87.120	19.778	0.000	119.952
1408.000	87.135	20.275	0.000	121.714
1410.000	87.120	20.124	0.000	123.977
1412.000	87.140	20.041	0.000	123.810
1414.000	87.130	19.419	0.000	121.839
1416.000	87.138	19.100	0.000	122.546
1418.000	87.142	19.543	0.000	123.427
1420.000	87.140	19.907	0.000	122.736
1422.000	87.147	19.355	0.000	120.899
1424.000	87.145	19.426	0.000	120.035
1426.000	87.154	20.094	0.000	114.895
1428.000	87.146	20.270	0.000	108.616
1430.000	87.161	19.187	0.000	104.304
1432.000	87.152	19.092	0.000	101.428
1434.000	87.162	18.905	0.000	98.068
1436.000	87.166	18.933	0.000	94.739
1438.000	87.158	18.809	0.000	90.599
1440.000	87.176	18.283	0.000	91.156
1442.000	87.163	17.776	0.000	91.122
1444.000	87.178	16.664	0.000	88.961
1446.000	87.172	16.161	0.000	85.877
1448.000	87.181	16.914	0.000	84.546
1450.000	87.177	16.879	0.000	86.426
1452.000	87.186	15.742	0.000	81.920
1454.000	87.186	15.370	0.000	78.855
1456.000	87.185	15.319	0.000	81.173
1458.000	87.198	15.141	0.000	83.306
1460.000	87.185	14.638	0.000	88.341
1462.000	87.204	14.199	0.000	84.324
1464.000	87.194	13.622	0.000	86.556
1466.000	87.203	13.899	0.000	93.907
1468.000	87.204	14.091	0.000	86.864
1470.000	87.207	13.707	0.000	82.640
1472.000	87.210	12.930	0.000	86.715
1474.000	87.210	12.948	0.000	83.675
1476.000	87.220	12.357	0.000	85.919
1478.000	87.209	11.912	0.000	95.001
1480.000	87.230	11.910	0.000	84.509
1482.000	87.214	12.753	0.000	80.029
1484.000	87.231	11.835	0.000	78.758
1486.000	87.225	11.132	0.000	77.304
1488.000	87.232	11.055	0.000	90.154
1490.000	87.232	11.392	0.000	87.117
1492.000	87.237	11.608	0.000	100.987
1494.000	87.240	12.579	0.000	102.314
1496.000	87.237	12.753	0.000	94.199
1498.000	87.252	11.423	0.000	91.530
1500.000	87.238	9.959	0.000	98.525
1502.000	87.258	10.794	0.000	91.782
1504.000	87.247	11.502	0.000	85.822
1506.000	87.259	11.083	0.000	94.992
1508.000	87.255	11.034	0.000	108.757
1510.000	87.264	10.203	0.000	119.468
1512.000	87.261	10.218	0.000	117.971
1514.000	87.266	11.502	0.000	138.230
1516.000	87.273	11.281	0.000	144.386
1518.000	87.264	10.579	0.000	118.142
1520.000	87.283	10.394	0.000	112.241
1522.000	87.269	9.805	0.000	130.125
1524.000	87.286	10.107	0.000	153.250
1526.000	87.277	10.127	0.000	140.424
1528.000	87.292	11.473	0.000	136.064
1530.000	87.281	11.281	0.000	140.594
1532.000	87.298	10.714	0.000	147.122
1534.000	87.290	11.465	0.000	132.148
1536.000	87.297	11.166	0.000	128.512
1538.000	87.302	10.839	0.000	139.657
1540.000	87.299	11.185	0.000	144.837
1542.000	87.308	11.962	0.000	148.579
1544.000	87.304	12.218	0.000	145.617
1546.000	87.317	12.025	0.000	153.299
1548.000	87.304	11.737	0.000	149.073
1550.000	87.327	12.261	0.000	132.403
1552.000	87.310	12.710	0.000	141.662
1554.000	87.329	12.559	0.000	142.244
1556.000	87.319	13.063	0.000	136.359
1558.000	87.334	12.640	0.000	137.865
1560.000	87.323	12.713	0.000	135.935
1562.000	87.339	12.541	0.000	135.892
1564.000	87.332	12.327	0.000	137.788
1566.000	87.339	12.750	0.000	137.965
1568.000	87.344	13.805	0.000	131.363
1570.000	87.341	13.218	0.000	129.974
1572.000	87.350	13.151	0.000	128.644
1574.000	87.346	12.513	0.000	135.345
1576.000	87.359	12.707	0.000	135.851
1578.000	87.347	13.170	0.000	125.749
1580.000	87.368	13.567	0.000	121.045
1582.000	87.352	13.903	0.000	117.422
1584.000	87.372	13.898	0.000	123.476
1586.000	87.360	13.057	0.000	127.807
1588.000	87.379	10.922	0.000	126.743
1590.000	87.363	11.198	0.000	127.897
1592.000	87.385	13.656	0.000	119.644
1594.000	87.372	13.525	0.000	115.120
1596.000	87.386	12.797	0.000	117.280
1598.000	87.381	12.294	0.000	120.634
1600.000	87.391	11.496	0.000	109.357
1602.000	87.387	12.062	0.000	111.244
1604.000	87.394	12.413	0.000	115.425
1606.000	87.397	12.859	0.000	123.811
1608.000	87.395	12.832	0.000	124.517
1610.000	87.405	12.427	0.000	127.848
1612.000	87.401	12.599	0.000	121.336
1614.000	87.412	13.444	0.000	104.569
1616.000	87.404	12.952	0.000	103.382
1618.000	87.422	13.042	0.000	119.118
1620.000	87.406	13.160	0.000	120.268
1622.000	87.428	12.637	0.000	112.511
1624.000	87.414	12.467	0.000	120.148
1626.000	87.434	12.575	0.000	113.008
1628.000	87.418	13.146	0.000	111.564
1630.000	87.442	12.858	0.000	115.074
1632.000	87.423	13.053	0.000	117.610
1634.000	87.446	13.213	0.000	104.357
1636.000	87.431	13.068	0.000	105.866
1638.000	87.452	12.699	0.000	99.932
1640.000	87.435	13.210	0.000	116.572
1642.000	87.458	12.119	0.000	119.270
1644.000	87.444	11.903	0.000	103.722
1646.000	87.461	13.134	0.000	102.601
1648.000	87.451	13.571	0.000	98.129
1650.000	87.467	13.564	0.000	105.233
1652.000	87.457	13.685	0.000	108.594
1654.000	87.471	14.152	0.000	105.117
1656.000	87.466	14.082	0.000	98.277
1658.000	87.475	13.245	0.000	100.578
1660.000	87.472	12.814	0.000	102.244
1662.000	87.482	13.125	0.000	99.904
1664.000	87.480	14.144	0.000	95.317
1666.000	87.484	13.809	0.000	91.608
1668.000	87.489	14.006	0.000	99.464
1670.000	87.489	13.543	0.000	93.124
1672.000	87.494	13.258	0.000	94.459
1674.000	87.495	12.990	0.000	89.560
1676.000	87.502	13.863	0.000	92.480
1678.000	87.499	13.539	0.000	94.252
1680.000	87.509	13.599	0.000	93.511
1682.000	87.506	13.129	0.000	95.694
1684.000	87.515	13.965	0.000	96.715
1686.000	87.510	13.368	0.000	89.345
1688.000	87.523	13.646	0.000	84.433
1690.000	87.515	13.485	0.000	80.848
1692.000	87.528	13.382	0.000	85.360
1694.000	87.523	12.158	0.000	87.706
1696.000	87.535	12.926	0.000	81.302
1698.000	87.527	13.140	0.000	84.871
1700.000	87.542	12.943	0.000	78.729
1702.000	87.534	13.156	0.000	72.745
1704.000	87.547	13.479	0.000	73.657
1706.000	87.539	12.872	0.000	77.620
1708.000	87.555	13.499	0.000	77.036
1710.000	87.544	13.516	0.000	75.712
1712.000	87.560	13.472	0.000	77.470
1714.000	87.552	13.473	0.000	72.557
1716.000	87.567	13.017	0.000	76.610
1718.000	87.557	12.396	0.000	76.116
1720.000	87.573	12.610	0.000	74.110
1722.000	87.565	11.919	0.000	65.489
1724.000	87.578	12.235	0.000	67.443
1726.000	87.570	12.561	0.000	66.039
1728.000	87.585	12.458	0.000	77.089
1730.000	87.576	13.073	0.000	82.031
1732.000	87.589	12.746	0.000	81.102
1734.000	87.585	12.538	0.000	78.050
1736.000	87.595	11.868	0.000	73.615
1738.000	87.590	12.792	0.000	70.687
1740.000	87.600	13.466	0.000	73.481
1742.000	87.599	13.515	0.000	71.231
1744.000	87.604	12.440	0.000	80.069
1746.000	87.606	12.061	0.000	75.290
1748.000	87.611	12.580	0.000	61.890
1750.000	87.614	12.722	0.000	64.327
1752.000	87.614	13.097	0.000	73.378
1754.000	87.621	12.265	0.000	74.359
1756.000	87.620	12.062	0.000	71.371
1758.000	87.628	12.449	0.000	72.176
1760.000	87.624	11.923	0.000	82.185
1762.000	87.638	12.233	0.000	78.613
1764.000	87.628	11.678	0.000	73.791
1766.000	87.644	13.004	0.000	61.435
1768.000	87.634	13.134	0.000	60.238
1770.000	87.653	12.885	0.000	66.027
1772.000	87.638	12.648	0.000	65.982
1774.000	87.660	11.991	0.000	55.527
1776.000	87.643	12.007	0.000	66.184
1778.000	87.668	11.942	0.000	72.353
1780.000	87.647	12.757	0.000	67.134
1782.000	87.676	13.323	0.000	67.649
1784.000	87.653	12.933	0.000	66.366
1786.000	87.682	12.765	0.000	67.299
1788.000	87.658	12.738	0.000	65.805
1790.000	87.690	12.948	0.000	70.829
1792.000	87.665	12.791	0.000	62.047
1794.000	87.694	12.635	0.000	46.387
1796.000	87.674	12.570	0.000	54.945
1798.000	87.700	12.338	0.000	61.984
1800.000	87.681	12.918	0.000	58.745
1802.000	87.703	13.148	0.000	49.318
1804.000	87.691	13.454	0.000	51.216
1806.000	87.707	12.815	0.000	50.695
1808.000	87.700	13.032	0.000	51.242
1810.000	87.710	12.197	0.000	55.277
1812.000	87.711	12.238	0.000	44.789
1814.000	87.712	12.839	0.000	48.622
1816.000	87.721	12.814	0.000	53.933
1818.000	87.715	12.516	0.000	50.818
1820.000	87.732	12.147	0.000	50.022
1822.000	87.717	12.037	0.000	51.055
1824.000	87.741	12.233	0.000	55.154
1826.000	87.721	11.963	0.000	57.207
1828.000	87.750	12.060	0.000	51.778
1830.000	87.725	11.585	0.000	47.113
1832.000	87.757	11.866	0.000	45.697
1834.000	87.732	12.479	0.000	45.347
1836.000	87.763	12.032	0.000	43.395
1838.000	87.739	11.736	0.000	50.066
1840.000	87.768	12.199	0.000	53.521
1842.000	87.749	12.065	0.000	48.577
1844.000	87.770	12.130	0.000	45.524
1846.000	87.760	12.247	0.000	50.420
1848.000	87.772	12.697	0.000	47.972
1850.000	87.773	13.047	0.000	57.141
1852.000	87.772	11.908	0.000	41.807
1854.000	87.785	11.930	0.000	50.016
1856.000	87.773	10.755	0.000	70.557
1858.000	87.797	11.964	0.000	59.278
1860.000	87.774	12.717	0.000	45.301
1862.000	87.807	12.203	0.000	45.991
1864.000	87.780	11.092	0.000	47.131
1866.000	87.814	11.594	0.000	63.208
1868.000	87.787	11.296	0.000	77.397
1870.000	87.819	11.426	0.000	60.365
1872.000	87.797	11.346	0.000	54.973
1874.000	87.820	11.203	0.000	49.785
1876.000	87.810	12.634	0.000	57.826
1878.000	87.820	11.975	0.000	59.942
1880.000	87.824	11.981	0.000	57.453
1882.000	87.819	12.565	0.000	64.418
1884.000	87.837	12.121	0.000	55.631
1886.000	87.820	12.579	0.000	51.271
1888.000	87.849	13.652	0.000	61.072
1890.000	87.823	13.620	0.000	45.975
1892.000	87.858	11.979	0.000	34.209
1894.000	87.829	12.583	0.000	52.451
1896.000	87.863	12.949	0.000	50.362
1898.000	87.839	12.977	0.000	58.025
1900.000	87.864	13.053	0.000	55.718
1902.000	87.854	12.040	0.000	49.444
1904.000	87.862	12.629	0.000	61.426
1906.000	87.869	13.007	0.000	67.182
1908.000	87.860	13.434	0.000	61.623
1910.000	87.884	14.326	0.000	61.501
1912.000	87.860	14.212	0.000	61.090
1914.000	87.895	14.193	0.000	61.022
1916.000	87.865	14.561	0.000	55.133
1918.000	87.902	14.501	0.000	47.300
1920.000	87.874	14.190	0.000	57.974
1922.000	87.902	14.631	0.000	58.236
1924.000	87.890	14.567	0.000	45.463
1926.000	87.899	15.051	0.000	50.137
1928.000	87.907	16.363	0.000	45.702
1930.000	87.896	16.541	0.000	43.477
1932.000	87.923	16.145	0.000	41.223
1934.000	87.896	16.602	0.000	35.958
1936.000	87.933	17.061	0.000	30.506
1938.000	87.902	16.410	0.000	32.573
1940.000	87.938	16.608	0.000	29.817
1942.000	87.915	16.835	0.000	24.779
1944.000	87.936	17.151	0.000	22.958
1946.000	87.932	16.788	0.000	16.563
1948.000	87.932	16.530	0.000	14.585
1950.000	87.951	15.857	0.000	12.995
1952.000	87.929	15.670	0.000	10.258
1954.000	87.964	16.527	0.000	11.389
1956.000	87.933	16.437	0.000	8.198
1958.000	87.971	16.217	0.000	11.912
1960.000	87.944	16.456	0.000	11.853
1962.000	87.970	15.747	0.000	1.620
1964.000	87.962	15.840	0.000	0.036
1966.000	87.965	16.614	0.000	-2.952
1968.000	87.981	16.618	0.000	-2.294
1970.000	87.961	15.554	0.000	0.261
1972.000	87.997	16.236	0.000	-6.382
1974.000	87.964	15.928	0.000	-11.312
1976.000	88.003	15.786	0.000	-4.900
1978.000	87.976	15.184	0.000	-3.243
1980.000	88.001	15.227	0.000	-14.344
1982.000	87.996	15.129	0.000	-20.030
1984.000	87.994	14.879	0.000	-15.653
1986.000	88.016	15.415	0.000	-12.197
1988.000	87.991	15.293	0.000	-12.276
1990.000	88.030	15.447	0.000	-18.191
1992.000	87.996	15.196	0.000	-14.203
1994.000	88.033	14.777	0.000	-16.682
1996.000	88.012	14.973	0.000	-22.473
1998.000	88.028	14.923	0.000	-24.395
2000.000	88.035	15.504	0.000	-27.210
