2000.000	86.565	10.777	0.000	-146.232
2.000	86.570	10.143	0.000	-125.547
4.000	86.623	10.767	0.000	-140.850
6.000	86.579	10.596	0.000	-107.290
8.000	86.580	11.139	0.000	-127.192
10.000	86.633	11.931	0.000	-164.685
12.000	86.592	12.484	0.000	-133.008
14.000	86.590	11.917	0.000	-127.849
16.000	86.644	10.552	0.000	-121.989
18.000	86.604	10.474	0.000	-174.844
20.000	86.600	10.362	0.000	174.981
22.000	86.655	10.888	0.000	-143.053
24.000	86.615	10.671	0.000	-139.742
26.000	86.611	11.010	0.000	-165.419
28.000	86.667	11.990	0.000	129.533
30.000	86.625	11.121	0.000	-63.731
32.000	86.622	11.061	0.000	-117.115
34.000	86.679	11.426	0.000	-128.468
36.000	86.637	10.059	0.000	-149.403
38.000	86.633	10.666	0.000	-98.724
40.000	86.689	11.766	0.000	-127.622
42.000	86.647	11.473	0.000	-165.753
44.000	86.645	10.902	0.000	151.255
46.000	86.700	11.575	0.000	43.908
48.000	86.657	11.355	0.000	-164.903
50.000	86.658	11.396	0.000	-114.224
52.000	86.711	10.988	0.000	-105.980
54.000	86.667	10.562	0.000	-116.098
56.000	86.673	11.773	0.000	-162.555
58.000	86.720	11.292	0.000	-158.811
60.000	86.676	11.358	0.000	-65.984
62.000	86.689	11.362	0.000	-47.798
64.000	86.730	10.712	0.000	-86.815
66.000	86.683	10.687	0.000	-132.443
68.000	86.706	10.991	0.000	-144.037
70.000	86.740	11.051	0.000	-169.372
72.000	86.691	11.936	0.000	-147.895
74.000	86.722	10.790	0.000	-154.936
76.000	86.748	9.853	0.000	-12.846
78.000	86.700	10.476	0.000	-72.471
80.000	86.741	11.327	0.000	-59.590
82.000	86.755	11.622	0.000	47.020
84.000	86.708	10.322	0.000	110.902
86.000	86.758	10.296	0.000	-142.832
88.000	86.762	11.568	0.000	-142.585
90.000	86.720	11.193	0.000	-103.578
92.000	86.774	9.828	0.000	86.860
94.000	86.767	10.912	0.000	-157.758
96.000	86.734	11.932	0.000	-132.063
98.000	86.790	11.652	0.000	-146.491
100.000	86.770	10.368	0.000	-29.263
102.000	86.750	10.452	0.000	38.470
104.000	86.805	10.744	0.000	14.282
106.000	86.773	10.205	0.000	-72.147
108.000	86.769	11.103	0.000	-89.800
110.000	86.816	11.397	0.000	-89.659
112.000	86.775	11.052	0.000	-95.595
114.000	86.791	10.733	0.000	-162.849
116.000	86.826	10.041	0.000	-152.330
118.000	86.779	10.876	0.000	-5.986
120.000	86.813	11.238	0.000	-17.660
122.000	86.832	9.803	0.000	123.198
124.000	86.787	10.923	0.000	113.583
126.000	86.834	10.290	0.000	-140.858
128.000	86.834	9.724	0.000	-76.464
130.000	86.800	10.314	0.000	141.231
132.000	86.855	10.252	0.000	33.198
134.000	86.834	10.573	0.000	-100.069
136.000	86.816	11.314	0.000	171.821
138.000	86.871	11.260	0.000	-22.743
140.000	86.835	10.619	0.000	-151.189
142.000	86.838	11.256	0.000	74.686
144.000	86.881	10.523	0.000	-117.117
146.000	86.837	10.350	0.000	-146.968
148.000	86.863	11.782	0.000	-40.179
150.000	86.886	11.521	0.000	-29.174
152.000	86.844	11.956	0.000	17.695
154.000	86.888	11.700	0.000	-127.360
156.000	86.885	10.558	0.000	-62.292
158.000	86.858	10.270	0.000	-0.888
160.000	86.909	10.051	0.000	126.886
162.000	86.882	9.246	0.000	-89.557
164.000	86.879	9.586	0.000	-144.431
166.000	86.924	10.724	0.000	143.243
168.000	86.880	11.525	0.000	-90.359
170.000	86.904	9.342	0.000	-38.290
172.000	86.930	9.702	0.000	166.340
174.000	86.886	10.462	0.000	-110.620
176.000	86.931	10.160	0.000	-132.914
178.000	86.928	10.721	0.000	-85.983
180.000	86.899	10.670	0.000	-55.455
182.000	86.953	10.285	0.000	64.130
184.000	86.925	10.635	0.000	-155.413
186.000	86.922	10.528	0.000	141.580
188.000	86.965	11.576	0.000	87.756
190.000	86.924	11.230	0.000	159.414
192.000	86.951	9.949	0.000	-120.479
194.000	86.966	10.433	0.000	-112.812
196.000	86.931	10.570	0.000	-113.164
198.000	86.978	10.315	0.000	159.483
200.000	86.962	10.356	0.000	113.666
202.000	86.950	10.430	0.000	143.022
204.000	86.996	11.103	0.000	173.073
206.000	86.957	12.079	0.000	-144.561
208.000	86.979	11.777	0.000	-165.993
210.000	87.001	11.427	0.000	159.418
212.000	86.960	11.055	0.000	134.860
214.000	87.008	11.550	0.000	101.087
216.000	86.997	11.102	0.000	90.350
218.000	86.978	10.672	0.000	98.318
220.000	87.027	11.058	0.000	101.057
222.000	86.991	10.849	0.000	124.466
224.000	87.008	12.116	0.000	127.322
226.000	87.033	10.969	0.000	56.868
228.000	86.994	10.678	0.000	175.767
230.000	87.037	9.829	0.000	167.101
232.000	87.027	9.808	0.000	127.273
234.000	87.013	9.610	0.000	129.466
236.000	87.056	9.277	0.000	167.170
238.000	87.020	11.161	0.000	-179.435
240.000	87.044	10.867	0.000	-166.629
242.000	87.059	9.539	0.000	172.580
244.000	87.025	11.390	0.000	78.878
246.000	87.073	11.585	0.000	8.720
248.000	87.051	11.421	0.000	112.679
250.000	87.048	11.482	0.000	158.900
252.000	87.088	11.781	0.000	-173.859
254.000	87.046	10.573	0.000	132.877
256.000	87.081	10.500	0.000	107.102
258.000	87.085	9.333	0.000	83.131
260.000	87.058	9.825	0.000	90.286
262.000	87.106	10.335	0.000	123.009
264.000	87.075	11.451	0.000	-136.168
266.000	87.089	10.864	0.000	145.512
268.000	87.112	11.093	0.000	111.895
270.000	87.077	11.469	0.000	101.204
272.000	87.121	10.049	0.000	96.657
274.000	87.102	10.588	0.000	94.637
276.000	87.100	11.500	0.000	104.678
278.000	87.136	11.592	0.000	129.973
280.000	87.097	11.357	0.000	127.906
282.000	87.134	12.005	0.000	131.058
284.000	87.130	11.810	0.000	109.186
286.000	87.112	12.177	0.000	94.800
288.000	87.158	11.367	0.000	107.310
290.000	87.120	12.031	0.000	98.285
292.000	87.145	12.649	0.000	107.014
294.000	87.157	12.616	0.000	109.847
296.000	87.128	13.457	0.000	94.412
298.000	87.174	15.154	0.000	85.103
300.000	87.145	15.498	0.000	76.579
302.000	87.158	16.283	0.000	77.409
304.000	87.179	17.898	0.000	71.118
306.000	87.147	17.902	0.000	57.493
308.000	87.190	18.597	0.000	50.093
310.000	87.166	19.677	0.000	36.783
312.000	87.175	20.568	0.000	28.900
314.000	87.199	20.181	0.000	18.966
316.000	87.164	20.158	0.000	5.743
318.000	87.209	20.795	0.000	-0.401
320.000	87.188	20.934	0.000	-13.389
322.000	87.190	21.130	0.000	-25.804
324.000	87.220	21.494	0.000	-34.980
326.000	87.183	21.564	0.000	-40.405
328.000	87.225	21.649	0.000	-47.289
330.000	87.208	21.749	0.000	-54.643
332.000	87.207	21.595	0.000	-61.620
334.000	87.237	21.766	0.000	-73.224
336.000	87.203	22.119	0.000	-83.471
338.000	87.242	21.757	0.000	-94.652
340.000	87.225	21.561	0.000	-102.285
342.000	87.227	21.284	0.000	-111.876
344.000	87.254	20.808	0.000	-120.701
346.000	87.221	20.623	0.000	-125.070
348.000	87.262	20.069	0.000	-135.385
350.000	87.241	18.978	0.000	-141.434
352.000	87.247	18.795	0.000	-141.871
354.000	87.272	18.533	0.000	-145.623
356.000	87.237	18.042	0.000	-148.888
358.000	87.281	18.225	0.000	-147.499
360.000	87.258	18.028	0.000	-149.940
362.000	87.266	18.835	0.000	-152.045
364.000	87.286	19.508	0.000	-154.481
366.000	87.258	20.740	0.000	-162.989
368.000	87.298	21.703	0.000	-169.580
370.000	87.271	22.169	0.000	-179.380
372.000	87.289	22.389	0.000	168.098
374.000	87.298	22.544	0.000	157.314
376.000	87.278	22.665	0.000	143.636
378.000	87.316	22.006	0.000	131.922
380.000	87.283	21.377	0.000	122.208
382.000	87.312	21.081	0.000	110.938
384.000	87.309	20.237	0.000	98.455
386.000	87.297	19.021	0.000	90.465
388.000	87.333	19.506	0.000	86.330
390.000	87.297	18.449	0.000	83.519
392.000	87.333	18.079	0.000	80.461
394.000	87.320	18.042	0.000	71.151
396.000	87.320	17.436	0.000	66.359
398.000	87.344	18.069	0.000	66.107
400.000	87.315	17.592	0.000	55.259
402.000	87.353	16.929	0.000	51.496
404.000	87.327	17.176	0.000	39.684
406.000	87.346	16.193	0.000	28.498
408.000	87.351	16.171	0.000	26.767
410.000	87.334	16.397	0.000	31.602
412.000	87.371	16.550	0.000	25.694
414.000	87.337	15.711	0.000	11.716
416.000	87.370	15.990	0.000	5.364
418.000	87.357	16.512	0.000	-2.683
420.000	87.357	16.441	0.000	-9.649
422.000	87.381	16.107	0.000	-16.406
424.000	87.351	15.116	0.000	-20.312
426.000	87.389	15.485	0.000	-27.224
428.000	87.363	15.549	0.000	-35.581
430.000	87.383	15.164	0.000	-46.607
432.000	87.384	15.081	0.000	-52.509
434.000	87.373	15.132	0.000	-50.444
436.000	87.403	15.554	0.000	-52.622
438.000	87.371	14.627	0.000	-67.610
440.000	87.408	13.415	0.000	-86.961
442.000	87.386	14.179	0.000	-94.929
444.000	87.399	14.102	0.000	-104.434
446.000	87.408	14.019	0.000	-106.735
448.000	87.387	13.000	0.000	-106.545
450.000	87.424	13.351	0.000	-117.930
452.000	87.391	13.254	0.000	-127.350
454.000	87.422	11.397	0.000	-145.165
456.000	87.407	11.837	0.000	-150.726
458.000	87.413	12.405	0.000	-146.234
460.000	87.426	11.539	0.000	-120.063
462.000	87.405	11.340	0.000	-121.546
464.000	87.438	10.663	0.000	-121.341
466.000	87.408	10.338	0.000	-133.972
468.000	87.440	11.194	0.000	-163.026
470.000	87.422	11.301	0.000	-129.317
472.000	87.430	10.606	0.000	-155.533
474.000	87.442	9.545	0.000	171.859
476.000	87.421	9.793	0.000	-110.949
478.000	87.455	9.415	0.000	-131.498
480.000	87.423	9.389	0.000	-101.587
482.000	87.454	11.666	0.000	-60.446
484.000	87.437	10.863	0.000	-121.506
486.000	87.446	10.342	0.000	-172.447
488.000	87.453	9.515	0.000	-121.304
490.000	87.438	10.672	0.000	-87.101
492.000	87.466	11.312	0.000	-137.236
494.000	87.437	11.159	0.000	-171.313
496.000	87.470	10.821	0.000	-159.299
498.000	87.444	10.783	0.000	-161.146
500.000	87.464	11.088	0.000	-133.186
502.000	87.462	11.315	0.000	-97.986
504.000	87.454	10.581	0.000	-121.771
506.000	87.476	10.372	0.000	-140.653
508.000	87.449	9.689	0.000	-159.093
510.000	87.483	10.605	0.000	67.356
512.000	87.454	10.213	0.000	-88.361
514.000	87.479	9.302	0.000	-131.541
516.000	87.465	10.793	0.000	-137.533
518.000	87.472	10.570	0.000	-93.126
520.000	87.479	10.823	0.000	-87.741
522.000	87.464	10.155	0.000	-121.806
524.000	87.490	10.401	0.000	-169.950
526.000	87.461	10.546	0.000	176.818
528.000	87.494	9.351	0.000	179.332
530.000	87.466	9.120	0.000	169.897
532.000	87.488	9.423	0.000	160.959
534.000	87.479	11.007	0.000	-149.042
536.000	87.479	10.525	0.000	-79.767
538.000	87.491	10.115	0.000	-116.103
540.000	87.472	9.626	0.000	-163.623
542.000	87.498	10.413	0.000	-141.687
544.000	87.471	11.519	0.000	-117.495
546.000	87.500	11.290	0.000	-176.597
548.000	87.474	10.799	0.000	-161.070
550.000	87.497	10.111	0.000	-144.862
552.000	87.483	10.481	0.000	-152.924
554.000	87.488	11.021	0.000	175.871
556.000	87.494	9.717	0.000	164.473
558.000	87.479	10.220	0.000	-97.108
560.000	87.503	10.683	0.000	-111.935
562.000	87.475	10.421	0.000	-150.907
564.000	87.503	10.120	0.000	160.255
566.000	87.477	11.043	0.000	-137.444
568.000	87.501	11.078	0.000	-142.303
570.000	87.482	10.368	0.000	-128.074
572.000	87.494	10.512	0.000	-126.755
574.000	87.490	10.763	0.000	-89.893
576.000	87.486	10.375	0.000	-149.260
578.000	87.497	10.013	0.000	153.702
580.000	87.477	8.727	0.000	139.479
582.000	87.503	9.387	0.000	176.143
584.000	87.474	10.115	0.000	138.602
586.000	87.502	9.938	0.000	-123.239
588.000	87.475	9.710	0.000	-172.716
590.000	87.497	10.018	0.000	141.455
592.000	87.480	9.845	0.000	139.219
594.000	87.488	9.272	0.000	153.627
596.000	87.484	9.545	0.000	176.236
598.000	87.481	11.196	0.000	174.617
600.000	87.490	11.002	0.000	-179.282
602.000	87.472	10.366	0.000	158.541
604.000	87.493	9.980	0.000	148.254
606.000	87.466	10.544	0.000	132.710
608.000	87.493	9.821	0.000	109.091
610.000	87.464	10.883	0.000	-148.056
612.000	87.488	11.242	0.000	171.430
614.000	87.466	10.613	0.000	108.442
616.000	87.481	9.790	0.000	136.304
618.000	87.467	9.931	0.000	-136.910
620.000	87.472	10.570	0.000	121.088
622.000	87.470	10.969	0.000	122.833
624.000	87.463	10.687	0.000	124.561
626.000	87.472	10.971	0.000	121.440
628.000	87.454	10.712	0.000	136.174
630.000	87.474	10.091	0.000	120.413
632.000	87.447	10.477	0.000	152.638
634.000	87.471	11.043	0.000	141.601
636.000	87.443	10.719	0.000	135.122
638.000	87.467	8.740	0.000	95.416
640.000	87.440	9.690	0.000	138.080
642.000	87.458	10.197	0.000	176.011
644.000	87.441	10.119	0.000	41.504
646.000	87.451	11.373	0.000	74.765
648.000	87.438	10.425	0.000	104.406
650.000	87.441	10.508	0.000	81.661
652.000	87.440	10.837	0.000	34.239
654.000	87.430	10.723	0.000	33.930
656.000	87.438	10.337	0.000	43.716
658.000	87.421	10.103	0.000	51.637
660.000	87.438	9.817	0.000	71.065
662.000	87.412	10.372	0.000	89.814
664.000	87.432	11.202	0.000	69.549
666.000	87.407	11.111	0.000	46.747
668.000	87.427	10.842	0.000	30.159
670.000	87.399	10.420	0.000	87.352
672.000	87.420	10.238	0.000	105.580
674.000	87.395	10.108	0.000	-32.610
676.000	87.412	10.697	0.000	-30.660
678.000	87.389	10.691	0.000	72.428
680.000	87.403	10.734	0.000	67.457
682.000	87.388	9.849	0.000	-162.116
684.000	87.390	9.422	0.000	41.596
686.000	87.384	9.772	0.000	-15.728
688.000	87.382	10.473	0.000	-26.436
690.000	87.380	9.519	0.000	-9.389
692.000	87.370	9.873	0.000	-5.293
694.000	87.375	11.371	0.000	27.365
696.000	87.361	11.003	0.000	6.567
698.000	87.369	11.128	0.000	-50.428
700.000	87.349	11.513	0.000	-66.807
702.000	87.365	10.768	0.000	-24.823
704.000	87.340	10.739	0.000	30.285
706.000	87.357	10.533	0.000	90.602
708.000	87.331	10.202	0.000	25.910
710.000	87.350	10.659	0.000	6.207
712.000	87.322	11.034	0.000	-66.498
714.000	87.340	10.612	0.000	-56.436
716.000	87.315	8.652	0.000	-14.626
718.000	87.333	10.243	0.000	-29.142
720.000	87.305	11.089	0.000	-38.709
722.000	87.323	10.935	0.000	-8.385
724.000	87.299	11.280	0.000	-42.697
726.000	87.313	11.289	0.000	-40.201
728.000	87.290	11.117	0.000	-33.522
730.000	87.302	10.805	0.000	-5.936
732.000	87.284	10.501	0.000	-6.603
734.000	87.290	9.561	0.000	-42.549
736.000	87.275	9.603	0.000	-29.452
738.000	87.281	9.881	0.000	4.189
740.000	87.267	10.209	0.000	14.100
742.000	87.269	10.800	0.000	-18.947
744.000	87.259	10.344	0.000	-35.493
746.000	87.259	10.435	0.000	-111.946
748.000	87.250	10.692	0.000	-115.836
750.000	87.247	11.031	0.000	-39.824
752.000	87.244	11.190	0.000	-64.019
754.000	87.235	10.947	0.000	-65.439
756.000	87.233	9.676	0.000	-67.096
758.000	87.226	9.466	0.000	-0.247
760.000	87.225	9.551	0.000	-37.112
762.000	87.214	9.541	0.000	-63.068
764.000	87.215	9.647	0.000	-39.436
766.000	87.205	9.200	0.000	-4.374
768.000	87.205	9.351	0.000	-104.374
770.000	87.192	10.347	0.000	-122.641
772.000	87.198	10.755	0.000	-138.845
774.000	87.182	10.540	0.000	-70.693
776.000	87.185	10.453	0.000	-56.323
778.000	87.172	9.896	0.000	-19.413
780.000	87.177	8.031	0.000	-86.742
782.000	87.160	9.245	0.000	-59.216
784.000	87.166	9.017	0.000	-129.856
786.000	87.152	10.250	0.000	-78.656
788.000	87.155	11.227	0.000	-81.137
790.000	87.139	10.612	0.000	-127.048
792.000	87.147	7.629	0.000	-114.952
794.000	87.129	8.610	0.000	-128.200
796.000	87.134	10.157	0.000	-120.942
798.000	87.120	11.233	0.000	-165.126
800.000	87.125	10.844	0.000	177.286
802.000	87.108	10.025	0.000	142.881
804.000	87.113	8.978	0.000	174.037
806.000	87.101	9.696	0.000	167.264
808.000	87.102	10.464	0.000	129.868
810.000	87.089	10.241	0.000	118.238
812.000	87.094	10.670	0.000	146.410
814.000	87.079	9.625	0.000	141.365
816.000	87.080	9.752	0.000	135.689
818.000	87.071	9.985	0.000	170.397
820.000	87.071	10.141	0.000	111.493
822.000	87.059	10.622	0.000	83.901
824.000	87.060	10.403	0.000	81.076
826.000	87.053	9.239	0.000	-176.982
828.000	87.047	10.753	0.000	134.922
830.000	87.042	12.951	0.000	113.145
832.000	87.039	13.899	0.000	96.136
834.000	87.032	15.187	0.000	73.493
836.000	87.026	15.572	0.000	58.779
838.000	87.026	15.258	0.000	38.461
840.000	87.016	15.552	0.000	23.742
842.000	87.014	15.170	0.000	12.200
844.000	87.006	14.481	0.000	1.325
846.000	87.008	14.622	0.000	-5.513
848.000	86.992	14.524	0.000	-17.512
850.000	87.000	13.202	0.000	-23.419
852.000	86.984	13.546	0.000	-35.171
854.000	86.989	12.208	0.000	-41.152
856.000	86.973	11.880	0.000	-34.638
858.000	86.983	12.538	0.000	-28.192
860.000	86.962	12.146	0.000	-39.123
862.000	86.973	12.362	0.000	-38.278
864.000	86.955	13.120	0.000	-30.185
866.000	86.964	14.287	0.000	-33.160
868.000	86.942	13.750	0.000	-43.153
870.000	86.958	13.409	0.000	-48.176
872.000	86.933	13.912	0.000	-49.609
874.000	86.946	14.291	0.000	-55.149
876.000	86.927	14.219	0.000	-69.244
878.000	86.938	14.305	0.000	-67.775
880.000	86.916	13.872	0.000	-70.670
882.000	86.929	14.063	0.000	-75.783
884.000	86.912	13.962	0.000	-70.580
886.000	86.915	13.151	0.000	-78.839
888.000	86.906	14.171	0.000	-86.765
890.000	86.908	14.007	0.000	-90.876
892.000	86.896	12.350	0.000	-86.757
894.000	86.898	11.507	0.000	-66.357
896.000	86.893	13.501	0.000	-69.208
898.000	86.885	14.394	0.000	-65.598
900.000	86.886	13.690	0.000	-57.819
902.000	86.878	15.445	0.000	-69.736
904.000	86.879	16.659	0.000	-79.862
906.000	86.867	17.281	0.000	-90.565
908.000	86.877	17.152	0.000	-91.906
910.000	86.856	17.311	0.000	-104.239
912.000	86.869	17.059	0.000	-115.157
914.000	86.851	17.400	0.000	-122.254
916.000	86.861	17.768	0.000	-128.655
918.000	86.842	17.546	0.000	-133.267
920.000	86.856	16.964	0.000	-144.410
922.000	86.835	16.694	0.000	-157.022
924.000	86.845	15.865	0.000	-163.008
926.000	86.834	14.044	0.000	-178.428
928.000	86.835	11.637	0.000	158.730
930.000	86.827	11.313	0.000	147.935
932.000	86.829	11.570	0.000	96.185
934.000	86.823	12.449	0.000	32.576
936.000	86.817	15.175	0.000	-13.036
938.000	86.822	15.716	0.000	-50.281
940.000	86.808	15.331	0.000	-67.115
942.000	86.815	15.520	0.000	-77.091
944.000	86.803	14.800	0.000	-84.625
946.000	86.810	15.353	0.000	-87.223
948.000	86.793	16.606	0.000	-89.109
950.000	86.808	17.460	0.000	-89.489
952.000	86.787	18.379	0.000	-94.201
954.000	86.799	18.630	0.000	-103.965
956.000	86.787	18.359	0.000	-106.092
958.000	86.790	19.104	0.000	-106.564
960.000	86.782	20.785	0.000	-115.157
962.000	86.784	21.306	0.000	-122.265
964.000	86.779	21.826	0.000	-129.239
966.000	86.773	22.287	0.000	-136.633
968.000	86.781	22.345	0.000	-145.340
970.000	86.764	22.451	0.000	-151.260
972.000	86.777	22.174	0.000	-162.156
974.000	86.762	21.493	0.000	-167.429
976.000	86.770	20.769	0.000	-173.806
978.000	86.756	20.510	0.000	-174.706
980.000	86.768	20.840	0.000	-176.184
982.000	86.752	20.061	0.000	-176.378
984.000	86.759	19.354	0.000	-179.593
986.000	86.755	18.947	0.000	-179.669
988.000	86.749	19.250	0.000	-177.370
990.000	86.753	19.255	0.000	178.399
992.000	86.745	18.734	0.000	-176.715
994.000	86.749	19.093	0.000	-162.675
996.000	86.740	20.749	0.000	-165.620
998.000	86.750	21.638	0.000	-172.850
1000.000	86.732	22.523	0.000	-171.910
1002.000	86.746	23.838	0.000	-177.227
1004.000	86.733	24.899	0.000	173.953
1006.000	86.736	25.101	0.000	163.640
1008.000	86.734	25.251	0.000	156.677
1010.000	86.732	25.824	0.000	148.603
1012.000	86.731	25.988	0.000	136.043
1014.000	86.728	25.000	0.000	124.957
1016.000	86.732	24.051	0.000	119.291
1018.000	86.719	23.559	0.000	117.508
1020.000	86.734	23.539	0.000	118.093
1022.000	86.716	23.015	0.000	116.200
1024.000	86.727	22.156	0.000	116.907
1026.000	86.720	21.656	0.000	120.772
1028.000	86.720	22.360	0.000	120.977
1030.000	86.719	22.754	0.000	120.117
1032.000	86.718	23.493	0.000	121.097
1034.000	86.718	25.230	0.000	123.089
1036.000	86.711	26.365	0.000	116.949
1038.000	86.722	26.792	0.000	108.723
1040.000	86.705	26.932	0.000	105.705
1042.000	86.720	27.955	0.000	99.597
1044.000	86.708	28.563	0.000	91.083
1046.000	86.711	28.921	0.000	82.935
1048.000	86.712	29.378	0.000	73.692
1050.000	86.707	29.757	0.000	64.320
1052.000	86.710	29.819	0.000	54.085
1054.000	86.706	29.488	0.000	42.842
1056.000	86.711	29.032	0.000	33.441
1058.000	86.700	28.669	0.000	25.237
1060.000	86.713	28.214	0.000	15.340
1062.000	86.699	27.267	0.000	5.858
1064.000	86.708	26.771	0.000	0.729
1066.000	86.706	26.669	0.000	-2.253
1068.000	86.699	26.396	0.000	-11.179
1070.000	86.710	25.877	0.000	-18.719
1072.000	86.698	25.250	0.000	-27.097
1074.000	86.706	24.967	0.000	-33.499
1076.000	86.700	24.842	0.000	-41.795
1078.000	86.705	24.184	0.000	-53.591
1080.000	86.699	22.652	0.000	-64.542
1082.000	86.705	21.380	0.000	-71.067
1084.000	86.701	20.599	0.000	-73.972
1086.000	86.698	20.914	0.000	-81.439
1088.000	86.708	20.154	0.000	-94.675
1090.000	86.693	20.247	0.000	-105.360
1092.000	86.708	20.829	0.000	-116.577
1094.000	86.698	21.337	0.000	-132.070
1096.000	86.700	21.942	0.000	-146.778
1098.000	86.705	22.534	0.000	-162.880
1100.000	86.697	23.758	0.000	-176.757
1102.000	86.705	24.966	0.000	168.308
1104.000	86.699	25.577	0.000	148.418
1106.000	86.703	26.276	0.000	131.504
1108.000	86.699	26.963	0.000	118.719
1110.000	86.705	27.696	0.000	107.187
1112.000	86.700	28.420	0.000	95.967
1114.000	86.702	28.754	0.000	85.012
1116.000	86.706	29.133	0.000	74.171
1118.000	86.696	29.524	0.000	62.407
1120.000	86.711	30.017	0.000	52.503
1122.000	86.698	30.462	0.000	42.770
1124.000	86.707	30.527	0.000	32.599
1126.000	86.707	30.631	0.000	21.861
1128.000	86.699	30.586	0.000	12.281
1130.000	86.713	30.560	0.000	4.143
1132.000	86.700	30.264	0.000	-2.439
1134.000	86.710	30.039	0.000	-9.940
1136.000	86.707	30.062	0.000	-18.326
1138.000	86.707	29.963	0.000	-25.204
1140.000	86.711	29.638	0.000	-32.764
1142.000	86.708	29.171	0.000	-39.697
1144.000	86.712	28.841	0.000	-45.557
1146.000	86.709	28.498	0.000	-50.994
1148.000	86.716	28.071	0.000	-55.948
1150.000	86.708	27.729	0.000	-59.943
1152.000	86.717	27.265	0.000	-62.213
1154.000	86.713	27.259	0.000	-64.662
1156.000	86.713	27.373	0.000	-67.634
1158.000	86.722	27.417	0.000	-71.640
1160.000	86.709	27.293	0.000	-76.365
1162.000	86.724	27.356	0.000	-81.464
1164.000	86.717	27.544	0.000	-85.994
1166.000	86.717	27.642	0.000	-89.427
1168.000	86.728	27.740	0.000	-92.929
1170.000	86.715	27.791	0.000	-99.890
1172.000	86.729	27.975	0.000	-106.105
1174.000	86.722	27.892	0.000	-110.399
1176.000	86.723	27.641	0.000	-115.829
1178.000	86.732	27.425	0.000	-124.126
1180.000	86.721	27.320	0.000	-130.480
1182.000	86.735	26.952	0.000	-136.647
1184.000	86.728	26.714	0.000	-143.132
1186.000	86.732	26.320	0.000	-150.151
1188.000	86.735	25.970	0.000	-156.835
1190.000	86.731	25.650	0.000	-162.774
1192.000	86.739	25.350	0.000	-170.285
1194.000	86.735	25.190	0.000	-175.579
1196.000	86.739	25.024	0.000	176.432
1198.000	86.739	24.594	0.000	165.739
1200.000	86.740	24.054	0.000	156.301
1202.000	86.741	23.881	0.000	143.992
1204.000	86.743	23.584	0.000	133.090
1206.000	86.744	22.484	0.000	120.249
1208.000	86.743	21.269	0.000	103.693
1210.000	86.747	20.539	0.000	85.365
1212.000	86.744	19.772	0.000	64.351
1214.000	86.748	19.427	0.000	41.855
1216.000	86.750	18.901	0.000	23.268
1218.000	86.746	18.983	0.000	0.468
1220.000	86.755	19.690	0.000	-20.694
1222.000	86.749	20.398	0.000	-38.904
1224.000	86.754	20.729	0.000	-56.195
1226.000	86.758	21.510	0.000	-71.184
1228.000	86.752	21.986	0.000	-81.928
1230.000	86.764	22.539	0.000	-94.209
1232.000	86.755	23.035	0.000	-107.656
1234.000	86.763	22.898	0.000	-120.952
1236.000	86.765	22.782	0.000	-131.661
1238.000	86.761	22.557	0.000	-139.384
1240.000	86.772	22.128	0.000	-149.368
1242.000	86.764	21.716	0.000	-157.384
1244.000	86.771	21.106	0.000	-161.915
1246.000	86.774	21.263	0.000	-165.504
1248.000	86.768	20.755	0.000	-168.849
1250.000	86.781	20.350	0.000	-174.567
1252.000	86.772	20.552	0.000	-179.181
1254.000	86.781	20.294	0.000	177.310
1256.000	86.782	20.486	0.000	171.954
1258.000	86.777	20.732	0.000	168.431
1260.000	86.790	20.750	0.000	164.214
1262.000	86.781	20.567	0.000	160.499
1264.000	86.790	20.035	0.000	155.527
1266.000	86.791	19.898	0.000	151.087
1268.000	86.788	20.280	0.000	146.129
1270.000	86.798	19.814	0.000	136.376
1272.000	86.792	19.177	0.000	128.768
1274.000	86.799	19.577	0.000	126.563
1276.000	86.801	19.006	0.000	126.096
1278.000	86.798	18.333	0.000	124.921
1280.000	86.808	18.006	0.000	123.331
1282.000	86.802	18.253	0.000	120.441
1284.000	86.809	18.719	0.000	118.375
1286.000	86.809	18.684	0.000	117.226
1288.000	86.810	18.738	0.000	111.063
1290.000	86.815	19.455	0.000	106.858
1292.000	86.813	19.907	0.000	96.852
1294.000	86.819	19.786	0.000	85.954
1296.000	86.819	19.769	0.000	74.689
1298.000	86.822	19.440	0.000	66.756
1300.000	86.823	19.256	0.000	55.917
1302.000	86.826	19.054	0.000	44.579
1304.000	86.828	18.267	0.000	30.934
1306.000	86.829	16.984	0.000	13.574
1308.000	86.834	16.610	0.000	2.078
1310.000	86.831	15.549	0.000	-6.080
1312.000	86.838	14.762	0.000	-25.589
1314.000	86.838	14.159	0.000	-35.932
1316.000	86.838	13.238	0.000	-35.101
1318.000	86.849	11.867	0.000	-32.774
1320.000	86.838	11.347	0.000	-53.802
1322.000	86.853	10.415	0.000	-62.215
1324.000	86.847	10.117	0.000	-33.726
1326.000	86.849	10.543	0.000	-36.999
1328.000	86.860	11.569	0.000	-41.912
1330.000	86.848	11.113	0.000	-19.533
1332.000	86.865	10.350	0.000	21.536
1334.000	86.858	9.928	0.000	-87.893
1336.000	86.860	10.781	0.000	-78.866
1338.000	86.872	10.083	0.000	-28.496
1340.000	86.859	9.923	0.000	-29.232
1342.000	86.877	10.322	0.000	-76.628
1344.000	86.869	10.671	0.000	-33.722
1346.000	86.874	11.247	0.000	-30.821
1348.000	86.880	10.499	0.000	-29.835
1350.000	86.875	9.800	0.000	-12.557
1352.000	86.885	10.484	0.000	-32.978
1354.000	86.881	10.418	0.000	-35.690
1356.000	86.888	10.930	0.000	-37.457
1358.000	86.887	11.479	0.000	-40.829
1360.000	86.893	11.294	0.000	-49.728
1362.000	86.892	10.186	0.000	-68.295
1364.000	86.895	10.998	0.000	-67.542
1366.000	86.901	11.361	0.000	-82.487
1368.000	86.894	10.054	0.000	-93.758
1370.000	86.910	11.278	0.000	-81.391
1372.000	86.900	11.468	0.000	-93.037
1374.000	86.909	11.487	0.000	-102.305
1376.000	86.913	11.043	0.000	-86.190
1378.000	86.905	10.658	0.000	-87.708
1380.000	86.924	11.078	0.000	-72.702
1382.000	86.910	10.957	0.000	-70.195
1384.000	86.923	11.688	0.000	-84.739
1386.000	86.922	13.067	0.000	-93.232
1388.000	86.922	13.237	0.000	-88.561
1390.000	86.930	13.832	0.000	-93.483
1392.000	86.927	13.844	0.000	-100.609
1394.000	86.934	14.548	0.000	-113.794
1396.000	86.932	15.949	0.000	-114.426
1398.000	86.941	16.352	0.000	-124.997
1400.000	86.935	16.992	0.000	-139.791
1402.000	86.946	16.635	0.000	-148.292
1404.000	86.944	16.640	0.000	-150.882
1406.000	86.943	16.249	0.000	-157.311
1408.000	86.957	16.803	0.000	-167.440
1410.000	86.942	17.130	0.000	-176.789
1412.000	86.962	17.211	0.000	170.234
1414.000	86.953	16.566	0.000	166.541
1416.000	86.960	15.278	0.000	163.945
1418.000	86.964	15.944	0.000	150.049
1420.000	86.962	16.289	0.000	146.027
1422.000	86.969	16.203	0.000	143.290
1424.000	86.968	15.319	0.000	136.239
1426.000	86.976	14.461	0.000	128.337
1428.000	86.969	14.257	0.000	120.249
1430.000	86.984	13.435	0.000	126.908
1432.000	86.975	13.086	0.000	131.975
1434.000	86.985	13.166	0.000	120.723
1436.000	86.989	13.007	0.000	114.198
1438.000	86.981	13.290	0.000	108.525
1440.000	86.999	12.738	0.000	102.654
1442.000	86.986	12.380	0.000	91.174
1444.000	87.001	11.537	0.000	105.268
1446.000	86.996	11.997	0.000	115.263
1448.000	87.004	12.754	0.000	124.361
1450.000	87.001	11.960	0.000	126.869
1452.000	87.009	10.916	0.000	125.071
1454.000	87.009	11.657	0.000	131.774
1456.000	87.008	10.786	0.000	116.216
1458.000	87.022	10.885	0.000	117.507
1460.000	87.008	11.010	0.000	112.565
1462.000	87.028	10.817	0.000	104.934
1464.000	87.018	10.645	0.000	96.392
1466.000	87.027	11.197	0.000	101.509
1468.000	87.028	11.032	0.000	96.855
1470.000	87.031	10.297	0.000	101.277
1472.000	87.034	9.733	0.000	100.323
1474.000	87.034	10.902	0.000	110.443
1476.000	87.044	9.862	0.000	98.081
1478.000	87.033	10.021	0.000	86.672
1480.000	87.054	11.414	0.000	100.181
1482.000	87.039	11.375	0.000	108.145
1484.000	87.055	11.198	0.000	103.817
1486.000	87.050	10.526	0.000	118.766
1488.000	87.057	10.875	0.000	107.537
1490.000	87.057	10.728	0.000	96.451
1492.000	87.062	10.435	0.000	97.986
1494.000	87.065	10.405	0.000	87.289
1496.000	87.061	10.513	0.000	66.612
1498.000	87.077	10.035	0.000	56.694
1500.000	87.063	9.901	0.000	91.007
1502.000	87.083	10.607	0.000	73.380
1504.000	87.072	10.512	0.000	77.361
1506.000	87.084	9.955	0.000	88.358
1508.000	87.080	10.268	0.000	83.699
1510.000	87.089	10.794	0.000	76.591
1512.000	87.086	10.774	0.000	59.267
1514.000	87.092	10.938	0.000	57.573
1516.000	87.098	11.352	0.000	72.163
1518.000	87.090	10.944	0.000	89.901
1520.000	87.109	11.110	0.000	88.546
1522.000	87.095	11.014	0.000	64.954
1524.000	87.112	10.923	0.000	57.968
1526.000	87.103	9.820	0.000	73.372
1528.000	87.118	9.050	0.000	114.517
1530.000	87.106	9.830	0.000	95.087
1532.000	87.124	9.377	0.000	105.761
1534.000	87.116	9.659	0.000	91.711
1536.000	87.123	10.237	0.000	41.193
1538.000	87.128	9.509	0.000	47.890
1540.000	87.125	9.691	0.000	70.258
1542.000	87.134	10.317	0.000	83.160
1544.000	87.130	9.128	0.000	93.106
1546.000	87.144	10.619	0.000	95.557
1548.000	87.130	10.662	0.000	81.596
1550.000	87.154	9.319	0.000	60.965
1552.000	87.136	10.211	0.000	59.267
1554.000	87.156	10.488	0.000	72.914
1556.000	87.145	9.543	0.000	97.235
1558.000	87.160	8.654	0.000	98.682
1560.000	87.150	9.551	0.000	68.255
1562.000	87.166	10.140	0.000	75.042
1564.000	87.159	10.000	0.000	78.700
1566.000	87.166	9.897	0.000	63.911
1568.000	87.171	8.929	0.000	65.566
1570.000	87.169	9.540	0.000	53.251
1572.000	87.177	10.038	0.000	55.663
1574.000	87.174	9.661	0.000	87.607
1576.000	87.187	9.982	0.000	60.655
1578.000	87.175	10.842	0.000	53.537
1580.000	87.196	9.860	0.000	48.857
1582.000	87.181	9.530	0.000	3.030
1584.000	87.200	10.517	0.000	30.939
1586.000	87.188	10.599	0.000	47.034
1588.000	87.207	8.881	0.000	39.776
1590.000	87.191	9.591	0.000	66.273
1592.000	87.213	10.847	0.000	61.315
1594.000	87.201	10.851	0.000	56.961
1596.000	87.214	9.592	0.000	40.230
1598.000	87.210	9.911	0.000	30.685
1600.000	87.220	11.185	0.000	56.095
1602.000	87.216	10.351	0.000	95.721
1604.000	87.223	9.505	0.000	83.860
1606.000	87.226	8.823	0.000	53.720
1608.000	87.225	9.955	0.000	30.462
1610.000	87.235	9.769	0.000	28.526
1612.000	87.231	9.133	0.000	8.944
1614.000	87.241	8.837	0.000	78.269
1616.000	87.233	9.904	0.000	140.566
1618.000	87.252	9.606	0.000	72.660
1620.000	87.236	8.750	0.000	70.366
1622.000	87.258	9.672	0.000	24.788
1624.000	87.244	9.864	0.000	26.506
1626.000	87.264	9.416	0.000	40.934
1628.000	87.248	11.231	0.000	52.717
1630.000	87.273	11.041	0.000	80.409
1632.000	87.254	10.956	0.000	-22.695
1634.000	87.276	10.543	0.000	-75.730
1636.000	87.262	9.016	0.000	-7.201
1638.000	87.283	8.945	0.000	-1.151
1640.000	87.266	8.563	0.000	-49.375
1642.000	87.289	8.310	0.000	-47.850
1644.000	87.275	9.089	0.000	-85.732
1646.000	87.291	8.890	0.000	-71.145
1648.000	87.283	9.323	0.000	4.266
1650.000	87.298	9.115	0.000	35.569
1652.000	87.288	9.211	0.000	62.878
1654.000	87.303	9.709	0.000	52.797
1656.000	87.298	9.580	0.000	51.972
1658.000	87.306	8.519	0.000	40.319
1660.000	87.304	9.139	0.000	-100.049
1662.000	87.313	9.538	0.000	118.201
1664.000	87.311	9.058	0.000	91.092
1666.000	87.315	9.026	0.000	16.043
1668.000	87.321	9.301	0.000	-108.537
1670.000	87.321	9.748	0.000	39.510
1672.000	87.326	9.942	0.000	-1.051
1674.000	87.327	9.734	0.000	10.233
1676.000	87.335	9.128	0.000	33.777
1678.000	87.331	9.941	0.000	5.858
1680.000	87.342	10.227	0.000	-3.652
1682.000	87.338	10.023	0.000	-6.958
1684.000	87.347	10.255	0.000	0.303
1686.000	87.342	10.269	0.000	-22.523
1688.000	87.356	9.056	0.000	66.511
1690.000	87.348	8.972	0.000	44.343
1692.000	87.361	9.970	0.000	24.823
1694.000	87.355	10.220	0.000	64.308
1696.000	87.368	10.234	0.000	35.625
1698.000	87.360	9.571	0.000	9.810
1700.000	87.375	9.313	0.000	5.827
1702.000	87.367	8.584	0.000	28.568
1704.000	87.380	8.895	0.000	51.334
1706.000	87.372	9.162	0.000	39.738
1708.000	87.388	9.147	0.000	-17.319
1710.000	87.377	8.711	0.000	-11.362
1712.000	87.393	9.248	0.000	16.413
1714.000	87.385	9.549	0.000	39.314
1716.000	87.400	9.637	0.000	41.024
1718.000	87.390	9.793	0.000	31.438
1720.000	87.406	9.891	0.000	-33.453
1722.000	87.398	8.784	0.000	81.751
1724.000	87.411	8.526	0.000	33.998
1726.000	87.404	7.452	0.000	13.002
1728.000	87.419	8.800	0.000	-15.977
1730.000	87.410	8.985	0.000	0.270
1732.000	87.423	9.534	0.000	13.887
1734.000	87.418	8.084	0.000	1.948
1736.000	87.429	7.972	0.000	-33.950
1738.000	87.424	9.708	0.000	-66.352
1740.000	87.434	10.451	0.000	-20.258
1742.000	87.434	9.137	0.000	-76.658
1744.000	87.438	9.228	0.000	-69.296
1746.000	87.440	9.779	0.000	-46.714
1748.000	87.445	10.147	0.000	-35.082
1750.000	87.448	10.062	0.000	12.922
1752.000	87.448	9.955	0.000	-10.760
1754.000	87.456	9.852	0.000	-50.746
1756.000	87.454	9.405	0.000	-30.562
1758.000	87.462	9.031	0.000	-27.479
1760.000	87.458	8.803	0.000	7.813
1762.000	87.472	10.404	0.000	-35.051
1764.000	87.463	10.110	0.000	-110.595
1766.000	87.479	9.041	0.000	-95.224
1768.000	87.468	9.347	0.000	-102.265
1770.000	87.488	9.679	0.000	-66.769
1772.000	87.472	8.482	0.000	-53.749
1774.000	87.495	8.021	0.000	-110.211
1776.000	87.478	8.691	0.000	-96.337
1778.000	87.503	9.450	0.000	-102.231
1780.000	87.482	9.498	0.000	-85.201
1782.000	87.511	10.101	0.000	-91.886
1784.000	87.488	9.467	0.000	-79.515
1786.000	87.518	9.161	0.000	-78.557
1788.000	87.493	10.010	0.000	-51.777
1790.000	87.525	9.493	0.000	-112.797
1792.000	87.500	9.220	0.000	-135.154
1794.000	87.529	10.040	0.000	94.523
1796.000	87.508	9.755	0.000	-86.977
1798.000	87.535	9.346	0.000	-58.318
1800.000	87.516	8.342	0.000	-30.096
1802.000	87.539	8.848	0.000	43.799
1804.000	87.527	9.849	0.000	-8.903
1806.000	87.543	9.735	0.000	-60.670
1808.000	87.535	9.283	0.000	-144.842
1810.000	87.545	10.377	0.000	-12.838
1812.000	87.547	10.228	0.000	40.437
1814.000	87.547	8.749	0.000	113.830
1816.000	87.556	9.325	0.000	111.372
1818.000	87.551	10.360	0.000	19.136
1820.000	87.567	8.783	0.000	-123.956
1822.000	87.552	9.216	0.000	-145.434
1824.000	87.577	9.159	0.000	-9.245
1826.000	87.557	9.362	0.000	96.297
1828.000	87.586	8.309	0.000	20.166
1830.000	87.561	8.469	0.000	-7.379
1832.000	87.594	9.145	0.000	-15.681
1834.000	87.569	9.762	0.000	2.030
1836.000	87.599	9.629	0.000	24.336
1838.000	87.575	10.240	0.000	-42.710
1840.000	87.605	9.702	0.000	-21.187
1842.000	87.586	8.891	0.000	-23.019
1844.000	87.607	9.653	0.000	20.823
1846.000	87.597	10.304	0.000	-116.530
1848.000	87.609	8.752	0.000	-139.959
1850.000	87.609	7.701	0.000	-86.233
1852.000	87.609	8.140	0.000	37.329
1854.000	87.622	9.084	0.000	32.410
1856.000	87.610	10.056	0.000	7.718
1858.000	87.634	10.068	0.000	10.337
1860.000	87.611	10.022	0.000	-30.009
1862.000	87.644	9.689	0.000	-38.616
1864.000	87.617	9.152	0.000	32.787
1866.000	87.651	10.077	0.000	-25.671
1868.000	87.624	9.466	0.000	-18.450
1870.000	87.656	9.059	0.000	-16.770
1872.000	87.635	9.885	0.000	-55.998
1874.000	87.658	9.376	0.000	-50.763
1876.000	87.647	9.330	0.000	-68.722
1878.000	87.658	9.580	0.000	-85.546
1880.000	87.662	9.500	0.000	-78.880
1882.000	87.657	8.733	0.000	-129.504
1884.000	87.675	9.793	0.000	167.940
1886.000	87.658	9.153	0.000	-45.691
1888.000	87.687	10.417	0.000	-66.785
1890.000	87.661	9.376	0.000	-103.025
1892.000	87.696	9.262	0.000	-99.641
1894.000	87.668	10.565	0.000	-93.498
1896.000	87.701	10.194	0.000	-112.248
1898.000	87.678	10.341	0.000	-99.605
1900.000	87.703	9.671	0.000	-95.199
1902.000	87.693	8.700	0.000	-118.519
1904.000	87.701	9.119	0.000	-135.665
1906.000	87.708	9.195	0.000	-167.259
1908.000	87.699	9.121	0.000	-162.155
1910.000	87.723	9.699	0.000	-144.866
1912.000	87.699	9.192	0.000	-174.665
1914.000	87.734	10.096	0.000	171.590
1916.000	87.704	9.611	0.000	-170.679
1918.000	87.741	8.383	0.000	171.150
1920.000	87.714	10.285	0.000	168.376
1922.000	87.742	10.801	0.000	-177.100
1924.000	87.729	9.242	0.000	-173.733
1926.000	87.739	9.869	0.000	115.060
1928.000	87.747	10.624	0.000	128.344
1930.000	87.736	8.644	0.000	102.721
1932.000	87.763	8.364	0.000	118.167
1934.000	87.736	9.063	0.000	169.049
1936.000	87.773	9.097	0.000	129.084
1938.000	87.742	8.530	0.000	95.106
1940.000	87.779	9.455	0.000	65.015
1942.000	87.755	10.121	0.000	29.903
1944.000	87.777	8.971	0.000	35.822
1946.000	87.773	7.915	0.000	136.877
1948.000	87.772	7.743	0.000	-168.481
1950.000	87.791	7.477	0.000	-140.640
1952.000	87.769	8.298	0.000	-176.947
1954.000	87.805	8.229	0.000	143.791
1956.000	87.773	9.011	0.000	140.492
1958.000	87.812	9.554	0.000	134.496
1960.000	87.785	10.535	0.000	143.991
1962.000	87.811	10.778	0.000	164.015
1964.000	87.803	10.389	0.000	131.185
1966.000	87.806	9.889	0.000	115.043
1968.000	87.822	9.526	0.000	123.545
1970.000	87.802	9.731	0.000	136.037
1972.000	87.838	9.176	0.000	140.072
1974.000	87.805	9.292	0.000	143.547
1976.000	87.844	9.542	0.000	137.747
1978.000	87.817	8.104	0.000	135.669
1980.000	87.842	8.927	0.000	120.324
1982.000	87.837	10.111	0.000	142.275
1984.000	87.835	9.841	0.000	142.039
1986.000	87.857	8.722	0.000	116.512
1988.000	87.832	10.105	0.000	132.200
1990.000	87.872	10.388	0.000	126.890
1992.000	87.838	10.872	0.000	117.803
1994.000	87.875	12.302	0.000	114.333
1996.000	87.854	11.687	0.000	109.418
1998.000	87.869	10.908	0.000	103.959
2000.000	87.876	12.148	0.000	105.094
