2000.000	86.571	10.370	0.000	-70.682
2.000	86.577	10.128	0.000	-78.592
4.000	86.630	9.343	0.000	-42.476
6.000	86.586	10.184	0.000	7.746
8.000	86.587	11.752	0.000	-104.487
10.000	86.640	12.215	0.000	-142.129
12.000	86.598	12.369	0.000	-125.927
14.000	86.597	10.940	0.000	-129.821
16.000	86.651	11.169	0.000	-37.099
18.000	86.610	11.841	0.000	-83.877
20.000	86.607	11.378	0.000	-33.766
22.000	86.661	11.305	0.000	-76.322
24.000	86.621	11.750	0.000	-28.288
26.000	86.618	11.402	0.000	-86.312
28.000	86.673	11.665	0.000	-162.397
30.000	86.632	10.860	0.000	130.057
32.000	86.628	12.117	0.000	79.825
34.000	86.685	12.211	0.000	176.690
36.000	86.643	11.384	0.000	65.655
38.000	86.639	10.378	0.000	40.189
40.000	86.696	11.041	0.000	105.557
42.000	86.654	10.900	0.000	-158.162
44.000	86.652	10.921	0.000	-111.878
46.000	86.707	11.836	0.000	-144.365
48.000	86.664	10.786	0.000	-150.680
50.000	86.665	10.349	0.000	-163.529
52.000	86.717	12.068	0.000	100.062
54.000	86.673	11.837	0.000	81.058
56.000	86.679	12.122	0.000	-52.422
58.000	86.726	11.116	0.000	-110.474
60.000	86.681	11.681	0.000	-150.512
62.000	86.695	11.216	0.000	-138.487
64.000	86.736	11.123	0.000	-175.511
66.000	86.689	11.911	0.000	113.012
68.000	86.712	10.950	0.000	-75.415
70.000	86.746	11.749	0.000	-159.522
72.000	86.697	11.572	0.000	149.489
74.000	86.728	9.951	0.000	-104.746
76.000	86.754	11.174	0.000	-156.278
78.000	86.705	11.422	0.000	159.305
80.000	86.746	11.118	0.000	137.267
82.000	86.761	10.677	0.000	156.626
84.000	86.714	9.953	0.000	-99.811
86.000	86.764	10.766	0.000	-107.736
88.000	86.768	10.491	0.000	-95.321
90.000	86.725	9.747	0.000	99.703
92.000	86.780	10.860	0.000	137.167
94.000	86.772	10.589	0.000	-176.981
96.000	86.740	10.535	0.000	-134.378
98.000	86.796	10.379	0.000	-0.912
100.000	86.775	9.800	0.000	157.316
102.000	86.756	10.810	0.000	-173.575
104.000	86.810	11.844	0.000	-156.426
106.000	86.778	12.650	0.000	-169.328
108.000	86.775	12.123	0.000	-160.223
110.000	86.822	11.136	0.000	-159.394
112.000	86.781	11.199	0.000	-154.975
114.000	86.796	11.949	0.000	149.785
116.000	86.831	11.098	0.000	39.843
118.000	86.784	11.114	0.000	15.806
120.000	86.818	11.442	0.000	178.773
122.000	86.837	11.496	0.000	-58.786
124.000	86.792	9.840	0.000	-147.967
126.000	86.840	10.345	0.000	-103.767
128.000	86.839	11.781	0.000	-178.482
130.000	86.805	11.669	0.000	178.505
132.000	86.860	11.211	0.000	143.001
134.000	86.839	10.917	0.000	46.470
136.000	86.821	11.374	0.000	49.783
138.000	86.876	11.324	0.000	-42.129
140.000	86.840	10.123	0.000	-95.575
142.000	86.843	10.110	0.000	-27.648
144.000	86.886	11.216	0.000	-20.042
146.000	86.842	10.983	0.000	-28.311
148.000	86.868	10.855	0.000	-144.427
150.000	86.891	10.753	0.000	-135.211
152.000	86.849	10.454	0.000	-25.422
154.000	86.893	11.245	0.000	-76.213
156.000	86.890	10.002	0.000	-30.941
158.000	86.863	10.288	0.000	-103.670
160.000	86.914	11.222	0.000	-150.966
162.000	86.887	10.055	0.000	75.126
164.000	86.884	10.373	0.000	56.257
166.000	86.929	10.121	0.000	-65.217
168.000	86.885	9.821	0.000	-86.225
170.000	86.909	9.745	0.000	-65.903
172.000	86.935	10.411	0.000	157.603
174.000	86.890	11.028	0.000	-150.473
176.000	86.935	9.791	0.000	-98.262
178.000	86.933	9.630	0.000	18.521
180.000	86.904	11.713	0.000	1.472
182.000	86.957	11.349	0.000	-109.072
184.000	86.929	10.441	0.000	-151.321
186.000	86.927	9.450	0.000	72.824
188.000	86.969	10.614	0.000	-66.561
190.000	86.928	11.388	0.000	-64.603
192.000	86.955	10.422	0.000	22.389
194.000	86.970	10.950	0.000	-9.155
196.000	86.935	10.577	0.000	77.066
198.000	86.983	9.831	0.000	136.515
200.000	86.966	10.368	0.000	-102.774
202.000	86.955	10.711	0.000	-102.762
204.000	87.000	10.562	0.000	-111.590
206.000	86.961	10.177	0.000	-122.728
208.000	86.983	12.065	0.000	-78.257
210.000	87.005	11.351	0.000	-125.259
212.000	86.964	9.757	0.000	-140.706
214.000	87.012	9.983	0.000	-84.910
216.000	87.001	11.041	0.000	-79.141
218.000	86.982	10.285	0.000	-71.006
220.000	87.031	11.269	0.000	-93.155
222.000	86.995	11.112	0.000	176.867
224.000	87.012	11.664	0.000	146.177
226.000	87.037	10.541	0.000	127.781
228.000	86.998	9.886	0.000	-154.287
230.000	87.041	10.482	0.000	-100.529
232.000	87.030	10.713	0.000	6.807
234.000	87.017	10.765	0.000	17.759
236.000	87.060	11.517	0.000	47.750
238.000	87.023	10.792	0.000	28.701
240.000	87.048	9.548	0.000	13.997
242.000	87.063	10.933	0.000	-19.950
244.000	87.029	9.988	0.000	-141.566
246.000	87.077	9.035	0.000	-98.273
248.000	87.055	9.516	0.000	-98.154
250.000	87.052	9.561	0.000	75.684
252.000	87.091	9.920	0.000	34.458
254.000	87.050	9.817	0.000	-163.277
256.000	87.085	10.107	0.000	-120.540
258.000	87.089	11.411	0.000	-175.259
260.000	87.062	10.905	0.000	25.317
262.000	87.110	10.545	0.000	61.493
264.000	87.079	10.687	0.000	-31.083
266.000	87.092	10.982	0.000	-147.755
268.000	87.115	10.976	0.000	90.933
270.000	87.080	11.982	0.000	88.017
272.000	87.124	10.757	0.000	150.833
274.000	87.106	10.852	0.000	139.988
276.000	87.103	10.550	0.000	116.762
278.000	87.139	10.726	0.000	84.719
280.000	87.100	11.144	0.000	117.328
282.000	87.138	11.067	0.000	113.027
284.000	87.133	11.155	0.000	100.930
286.000	87.115	11.409	0.000	101.116
288.000	87.161	12.057	0.000	104.207
290.000	87.123	11.882	0.000	98.659
292.000	87.148	11.731	0.000	103.749
294.000	87.160	13.094	0.000	93.385
296.000	87.131	14.340	0.000	88.306
298.000	87.177	14.396	0.000	88.529
300.000	87.148	14.755	0.000	81.916
302.000	87.161	16.886	0.000	72.389
304.000	87.181	18.534	0.000	60.760
306.000	87.150	19.586	0.000	53.105
308.000	87.193	20.661	0.000	43.655
310.000	87.168	21.405	0.000	34.287
312.000	87.178	21.625	0.000	23.545
314.000	87.202	21.853	0.000	13.492
316.000	87.167	22.324	0.000	1.162
318.000	87.211	22.329	0.000	-8.012
320.000	87.190	22.952	0.000	-16.558
322.000	87.192	22.675	0.000	-22.567
324.000	87.223	22.210	0.000	-29.377
326.000	87.186	22.331	0.000	-34.691
328.000	87.228	22.726	0.000	-40.328
330.000	87.211	22.151	0.000	-44.247
332.000	87.209	21.903	0.000	-50.143
334.000	87.240	22.041	0.000	-51.777
336.000	87.206	21.908	0.000	-56.200
338.000	87.245	22.251	0.000	-60.208
340.000	87.228	22.340	0.000	-63.959
342.000	87.230	21.974	0.000	-62.585
344.000	87.257	22.032	0.000	-63.139
346.000	87.223	22.398	0.000	-66.121
348.000	87.264	22.265	0.000	-69.591
350.000	87.243	22.717	0.000	-71.217
352.000	87.249	23.436	0.000	-70.794
354.000	87.274	23.655	0.000	-72.408
356.000	87.240	24.306	0.000	-77.099
358.000	87.283	25.001	0.000	-81.856
360.000	87.260	25.529	0.000	-86.998
362.000	87.268	26.038	0.000	-91.398
364.000	87.289	26.421	0.000	-97.116
366.000	87.260	26.595	0.000	-101.238
368.000	87.300	27.064	0.000	-107.232
370.000	87.273	27.178	0.000	-110.934
372.000	87.291	27.473	0.000	-116.192
374.000	87.300	28.012	0.000	-122.848
376.000	87.280	28.188	0.000	-129.130
378.000	87.319	28.564	0.000	-134.037
380.000	87.285	28.561	0.000	-140.006
382.000	87.314	28.584	0.000	-149.375
384.000	87.312	28.647	0.000	-155.576
386.000	87.299	28.470	0.000	-161.839
388.000	87.335	28.101	0.000	-168.868
390.000	87.299	27.596	0.000	-174.434
392.000	87.335	27.357	0.000	-179.280
394.000	87.321	26.917	0.000	177.827
396.000	87.322	26.468	0.000	175.205
398.000	87.346	26.326	0.000	173.423
400.000	87.316	26.392	0.000	170.248
402.000	87.354	26.259	0.000	167.582
404.000	87.329	26.146	0.000	166.726
406.000	87.348	26.349	0.000	163.309
408.000	87.353	25.863	0.000	159.566
410.000	87.335	25.718	0.000	156.399
412.000	87.372	25.939	0.000	155.860
414.000	87.338	26.041	0.000	153.777
416.000	87.371	26.378	0.000	150.306
418.000	87.358	26.551	0.000	147.828
420.000	87.358	26.842	0.000	144.355
422.000	87.383	27.094	0.000	141.925
424.000	87.352	27.329	0.000	139.051
426.000	87.390	27.708	0.000	136.185
428.000	87.364	28.089	0.000	131.988
430.000	87.385	28.564	0.000	125.545
432.000	87.386	28.860	0.000	116.534
434.000	87.374	28.997	0.000	110.370
436.000	87.404	28.995	0.000	103.835
438.000	87.373	29.217	0.000	94.897
440.000	87.409	29.404	0.000	85.185
442.000	87.387	28.960	0.000	77.218
444.000	87.400	28.098	0.000	69.738
446.000	87.409	27.578	0.000	61.065
448.000	87.388	27.205	0.000	53.327
450.000	87.425	26.702	0.000	48.032
452.000	87.392	25.907	0.000	44.715
454.000	87.422	24.844	0.000	40.271
456.000	87.407	23.981	0.000	32.902
458.000	87.414	23.421	0.000	28.906
460.000	87.427	22.737	0.000	25.976
462.000	87.406	21.836	0.000	23.366
464.000	87.439	20.617	0.000	22.569
466.000	87.409	20.001	0.000	21.672
468.000	87.440	20.231	0.000	19.553
470.000	87.422	19.356	0.000	21.328
472.000	87.430	18.523	0.000	11.634
474.000	87.443	18.002	0.000	14.926
476.000	87.421	17.749	0.000	12.671
478.000	87.455	17.354	0.000	11.920
480.000	87.423	17.358	0.000	10.802
482.000	87.455	17.320	0.000	12.218
484.000	87.437	16.379	0.000	15.238
486.000	87.447	15.923	0.000	12.017
488.000	87.454	16.236	0.000	10.520
490.000	87.439	16.029	0.000	10.001
492.000	87.466	14.926	0.000	13.629
494.000	87.437	15.117	0.000	12.057
496.000	87.471	14.802	0.000	17.446
498.000	87.445	14.835	0.000	13.765
500.000	87.465	14.968	0.000	8.296
502.000	87.462	14.419	0.000	8.836
504.000	87.454	14.596	0.000	10.917
506.000	87.476	14.222	0.000	6.698
508.000	87.449	14.292	0.000	0.605
510.000	87.483	13.871	0.000	-0.526
512.000	87.454	13.433	0.000	6.474
514.000	87.479	13.482	0.000	7.420
516.000	87.466	14.234	0.000	15.611
518.000	87.473	13.951	0.000	16.177
520.000	87.479	14.003	0.000	7.988
522.000	87.464	13.134	0.000	-2.591
524.000	87.490	12.297	0.000	6.988
526.000	87.461	12.868	0.000	3.028
528.000	87.494	12.404	0.000	4.332
530.000	87.466	11.156	0.000	4.885
532.000	87.489	11.879	0.000	-14.779
534.000	87.479	12.243	0.000	-7.500
536.000	87.479	11.740	0.000	1.214
538.000	87.491	11.674	0.000	21.705
540.000	87.472	11.320	0.000	-2.923
542.000	87.498	12.196	0.000	-13.733
544.000	87.471	12.488	0.000	-5.970
546.000	87.500	11.073	0.000	-10.153
548.000	87.474	10.895	0.000	-5.536
550.000	87.497	11.951	0.000	-12.327
552.000	87.483	11.494	0.000	-0.146
554.000	87.488	11.108	0.000	1.271
556.000	87.494	11.810	0.000	-8.438
558.000	87.479	11.042	0.000	-4.931
560.000	87.503	11.287	0.000	-9.181
562.000	87.475	11.568	0.000	-39.832
564.000	87.503	11.402	0.000	-19.806
566.000	87.477	11.165	0.000	-0.364
568.000	87.501	12.146	0.000	-14.322
570.000	87.481	11.749	0.000	-18.323
572.000	87.493	11.753	0.000	11.114
574.000	87.490	11.539	0.000	7.663
576.000	87.486	11.709	0.000	-10.606
578.000	87.497	11.572	0.000	-15.832
580.000	87.477	12.246	0.000	-22.299
582.000	87.503	11.865	0.000	-11.802
584.000	87.474	11.325	0.000	13.702
586.000	87.501	10.459	0.000	-0.416
588.000	87.475	10.365	0.000	-14.400
590.000	87.497	11.474	0.000	-6.742
592.000	87.479	11.647	0.000	-13.890
594.000	87.488	10.948	0.000	-29.762
596.000	87.484	10.542	0.000	-13.803
598.000	87.481	10.242	0.000	-26.797
600.000	87.489	10.419	0.000	-12.776
602.000	87.471	10.487	0.000	-4.348
604.000	87.493	12.082	0.000	-24.931
606.000	87.466	12.072	0.000	-23.373
608.000	87.493	11.746	0.000	-28.319
610.000	87.463	10.437	0.000	-32.774
612.000	87.488	9.385	0.000	-19.770
614.000	87.465	10.313	0.000	7.963
616.000	87.480	11.340	0.000	-5.678
618.000	87.467	10.328	0.000	-5.172
620.000	87.472	11.849	0.000	-7.328
622.000	87.470	11.870	0.000	-23.498
624.000	87.463	10.498	0.000	-56.955
626.000	87.471	10.539	0.000	-35.413
628.000	87.454	10.173	0.000	-39.092
630.000	87.474	11.137	0.000	-39.252
632.000	87.446	10.947	0.000	-30.195
634.000	87.470	11.342	0.000	-37.531
636.000	87.443	11.778	0.000	-3.953
638.000	87.466	10.385	0.000	-21.664
640.000	87.440	10.055	0.000	-54.494
642.000	87.457	11.520	0.000	-29.109
644.000	87.440	10.741	0.000	-61.416
646.000	87.450	10.650	0.000	-99.355
648.000	87.437	10.021	0.000	-41.211
650.000	87.440	9.942	0.000	-28.171
652.000	87.439	9.314	0.000	-21.277
654.000	87.429	10.430	0.000	-18.186
656.000	87.437	11.621	0.000	-0.953
658.000	87.420	11.061	0.000	-2.085
660.000	87.437	9.820	0.000	13.529
662.000	87.411	11.229	0.000	-31.813
664.000	87.431	10.965	0.000	-45.761
666.000	87.406	9.401	0.000	-54.708
668.000	87.426	9.560	0.000	-90.127
670.000	87.398	8.795	0.000	-14.485
672.000	87.419	9.886	0.000	11.124
674.000	87.395	10.613	0.000	-1.218
676.000	87.411	9.849	0.000	5.507
678.000	87.388	9.841	0.000	-0.920
680.000	87.402	9.866	0.000	-17.231
682.000	87.387	10.105	0.000	-37.538
684.000	87.389	9.909	0.000	-54.763
686.000	87.383	10.866	0.000	-45.358
688.000	87.381	10.243	0.000	-19.914
690.000	87.379	10.480	0.000	101.474
692.000	87.369	10.303	0.000	57.148
694.000	87.374	10.065	0.000	5.767
696.000	87.360	10.535	0.000	-3.234
698.000	87.368	10.623	0.000	-19.778
700.000	87.348	10.537	0.000	-10.031
702.000	87.364	9.928	0.000	26.520
704.000	87.339	9.157	0.000	14.552
706.000	87.356	9.250	0.000	-20.255
708.000	87.330	10.530	0.000	-8.009
710.000	87.349	10.809	0.000	16.705
712.000	87.322	10.044	0.000	-35.993
714.000	87.339	9.662	0.000	-41.384
716.000	87.314	9.662	0.000	4.004
718.000	87.332	10.459	0.000	-5.815
720.000	87.304	9.708	0.000	-1.645
722.000	87.322	9.476	0.000	-55.337
724.000	87.298	10.629	0.000	-111.897
726.000	87.311	9.952	0.000	-17.287
728.000	87.289	10.242	0.000	-18.316
730.000	87.301	11.089	0.000	-1.960
732.000	87.283	10.884	0.000	38.619
734.000	87.289	10.698	0.000	7.014
736.000	87.274	11.159	0.000	-14.379
738.000	87.280	10.456	0.000	17.689
740.000	87.266	10.895	0.000	12.525
742.000	87.268	10.841	0.000	-26.986
744.000	87.258	10.469	0.000	37.261
746.000	87.258	10.376	0.000	24.973
748.000	87.249	10.779	0.000	26.638
750.000	87.246	9.127	0.000	-11.201
752.000	87.243	10.044	0.000	57.163
754.000	87.234	10.798	0.000	41.776
756.000	87.232	10.185	0.000	61.893
758.000	87.225	10.426	0.000	70.282
760.000	87.223	10.745	0.000	76.559
762.000	87.212	10.620	0.000	70.896
764.000	87.214	10.131	0.000	80.561
766.000	87.204	10.840	0.000	74.218
768.000	87.204	9.971	0.000	39.343
770.000	87.191	10.912	0.000	48.098
772.000	87.196	10.527	0.000	31.371
774.000	87.180	11.271	0.000	22.473
776.000	87.184	10.467	0.000	50.421
778.000	87.171	10.132	0.000	51.540
780.000	87.176	10.288	0.000	68.200
782.000	87.159	9.952	0.000	18.391
784.000	87.164	10.022	0.000	47.469
786.000	87.151	9.865	0.000	53.817
788.000	87.154	11.782	0.000	54.623
790.000	87.138	11.989	0.000	64.630
792.000	87.146	11.456	0.000	63.058
794.000	87.128	11.118	0.000	56.204
796.000	87.133	9.901	0.000	83.902
798.000	87.119	11.341	0.000	79.701
800.000	87.124	11.837	0.000	54.752
802.000	87.107	11.509	0.000	49.683
804.000	87.112	12.071	0.000	50.842
806.000	87.100	12.409	0.000	61.632
808.000	87.101	12.245	0.000	57.134
810.000	87.087	11.508	0.000	42.457
812.000	87.093	12.661	0.000	48.319
814.000	87.078	13.008	0.000	44.439
816.000	87.079	12.674	0.000	45.171
818.000	87.070	12.531	0.000	36.582
820.000	87.070	12.951	0.000	31.228
822.000	87.058	12.568	0.000	32.177
824.000	87.059	11.254	0.000	19.831
826.000	87.052	10.871	0.000	28.425
828.000	87.046	10.844	0.000	43.685
830.000	87.041	12.335	0.000	54.958
832.000	87.038	14.043	0.000	58.385
834.000	87.031	15.895	0.000	46.811
836.000	87.025	17.346	0.000	34.939
838.000	87.024	17.867	0.000	27.539
840.000	87.014	17.931	0.000	20.247
842.000	87.012	18.042	0.000	13.760
844.000	87.005	17.919	0.000	7.576
846.000	87.006	17.967	0.000	-1.773
848.000	86.990	17.031	0.000	-7.737
850.000	86.999	17.393	0.000	-9.117
852.000	86.982	16.750	0.000	-15.047
854.000	86.987	15.986	0.000	-16.010
856.000	86.971	16.184	0.000	-18.570
858.000	86.982	15.993	0.000	-24.897
860.000	86.960	15.123	0.000	-21.185
862.000	86.971	14.643	0.000	-19.703
864.000	86.953	15.276	0.000	-25.474
866.000	86.962	15.219	0.000	-25.776
868.000	86.941	14.839	0.000	-20.861
870.000	86.956	15.563	0.000	-25.351
872.000	86.932	14.928	0.000	-23.967
874.000	86.944	14.572	0.000	-25.073
876.000	86.926	14.363	0.000	-16.160
878.000	86.936	14.160	0.000	-13.954
880.000	86.915	13.786	0.000	-14.912
882.000	86.927	14.167	0.000	-10.809
884.000	86.910	15.551	0.000	-7.095
886.000	86.914	16.720	0.000	0.360
888.000	86.904	18.274	0.000	4.063
890.000	86.906	18.847	0.000	0.326
892.000	86.895	19.116	0.000	-5.914
894.000	86.896	20.129	0.000	-12.139
896.000	86.892	20.824	0.000	-17.992
898.000	86.884	20.987	0.000	-24.219
900.000	86.885	21.150	0.000	-29.427
902.000	86.877	21.664	0.000	-38.669
904.000	86.877	21.414	0.000	-44.196
906.000	86.865	21.202	0.000	-49.070
908.000	86.875	20.511	0.000	-56.056
910.000	86.854	20.209	0.000	-57.703
912.000	86.867	19.740	0.000	-58.278
914.000	86.849	19.310	0.000	-57.449
916.000	86.859	19.033	0.000	-55.751
918.000	86.840	19.413	0.000	-54.885
920.000	86.854	20.113	0.000	-57.281
922.000	86.834	20.119	0.000	-62.268
924.000	86.843	19.792	0.000	-66.567
926.000	86.832	19.886	0.000	-67.597
928.000	86.833	20.684	0.000	-68.708
930.000	86.825	21.226	0.000	-73.193
932.000	86.827	21.391	0.000	-75.018
934.000	86.821	21.615	0.000	-75.846
936.000	86.815	21.698	0.000	-78.400
938.000	86.820	21.966	0.000	-85.029
940.000	86.806	21.995	0.000	-88.253
942.000	86.813	22.147	0.000	-93.934
944.000	86.801	21.907	0.000	-95.927
946.000	86.809	21.645	0.000	-100.884
948.000	86.792	21.739	0.000	-102.763
950.000	86.806	21.870	0.000	-103.730
952.000	86.785	22.072	0.000	-110.091
954.000	86.797	22.196	0.000	-115.840
956.000	86.785	22.387	0.000	-119.047
958.000	86.788	22.782	0.000	-122.196
960.000	86.780	23.126	0.000	-126.215
962.000	86.783	23.676	0.000	-134.099
964.000	86.778	24.252	0.000	-141.660
966.000	86.772	24.087	0.000	-151.308
968.000	86.780	24.113	0.000	-160.920
970.000	86.762	24.144	0.000	-172.964
972.000	86.775	23.846	0.000	177.440
974.000	86.760	23.599	0.000	166.572
976.000	86.768	23.533	0.000	152.285
978.000	86.755	23.398	0.000	139.092
980.000	86.766	22.887	0.000	127.348
982.000	86.750	22.822	0.000	114.024
984.000	86.758	22.727	0.000	103.212
986.000	86.753	23.039	0.000	91.261
988.000	86.747	23.255	0.000	78.148
990.000	86.752	23.677	0.000	65.941
992.000	86.744	24.085	0.000	54.769
994.000	86.747	24.348	0.000	42.720
996.000	86.738	24.582	0.000	29.753
998.000	86.748	25.027	0.000	17.721
1000.000	86.730	25.228	0.000	5.890
1002.000	86.745	25.582	0.000	-5.893
1004.000	86.731	26.044	0.000	-18.220
1006.000	86.735	26.163	0.000	-29.408
1008.000	86.733	25.766	0.000	-40.868
1010.000	86.730	25.326	0.000	-52.073
1012.000	86.729	24.955	0.000	-62.834
1014.000	86.726	24.471	0.000	-69.328
1016.000	86.730	23.962	0.000	-76.055
1018.000	86.717	23.129	0.000	-80.343
1020.000	86.732	22.179	0.000	-83.113
1022.000	86.715	21.927	0.000	-81.617
1024.000	86.725	21.745	0.000	-83.250
1026.000	86.718	20.786	0.000	-86.104
1028.000	86.718	20.268	0.000	-85.616
1030.000	86.717	20.559	0.000	-85.031
1032.000	86.716	20.272	0.000	-84.751
1034.000	86.716	19.488	0.000	-82.686
1036.000	86.709	19.461	0.000	-77.545
1038.000	86.720	20.112	0.000	-66.239
1040.000	86.703	21.039	0.000	-62.981
1042.000	86.718	21.603	0.000	-59.644
1044.000	86.706	22.258	0.000	-57.840
1046.000	86.709	23.528	0.000	-59.349
1048.000	86.710	24.679	0.000	-60.573
1050.000	86.705	25.524	0.000	-66.280
1052.000	86.709	26.413	0.000	-71.753
1054.000	86.704	27.015	0.000	-78.748
1056.000	86.709	27.369	0.000	-81.928
1058.000	86.699	27.631	0.000	-84.698
1060.000	86.711	28.209	0.000	-87.536
1062.000	86.697	28.490	0.000	-90.430
1064.000	86.706	28.938	0.000	-95.070
1066.000	86.704	29.349	0.000	-100.178
1068.000	86.697	29.981	0.000	-104.158
1070.000	86.708	30.434	0.000	-108.629
1072.000	86.696	30.813	0.000	-114.182
1074.000	86.705	31.477	0.000	-119.876
1076.000	86.698	31.920	0.000	-124.072
1078.000	86.703	31.873	0.000	-130.406
1080.000	86.697	31.953	0.000	-135.701
1082.000	86.703	32.210	0.000	-141.797
1084.000	86.699	32.359	0.000	-148.250
1086.000	86.697	32.280	0.000	-154.005
1088.000	86.706	32.119	0.000	-158.747
1090.000	86.691	32.000	0.000	-163.247
1092.000	86.706	32.023	0.000	-168.611
1094.000	86.696	31.962	0.000	-172.535
1096.000	86.698	31.706	0.000	-177.279
1098.000	86.703	31.462	0.000	176.450
1100.000	86.695	31.286	0.000	171.552
1102.000	86.703	31.009	0.000	167.224
1104.000	86.697	30.858	0.000	162.578
1106.000	86.702	30.842	0.000	157.380
1108.000	86.698	30.653	0.000	151.755
1110.000	86.703	30.267	0.000	143.879
1112.000	86.698	29.818	0.000	136.014
1114.000	86.701	29.153	0.000	130.486
1116.000	86.705	28.119	0.000	122.912
1118.000	86.695	26.605	0.000	114.699
1120.000	86.710	24.539	0.000	106.070
1122.000	86.696	21.788	0.000	104.747
1124.000	86.705	17.919	0.000	117.417
1126.000	86.705	15.052	0.000	160.941
1128.000	86.698	17.211	0.000	-161.430
1130.000	86.711	21.169	0.000	-155.314
1132.000	86.698	24.294	0.000	-159.075
1134.000	86.709	26.216	0.000	-163.449
1136.000	86.705	27.726	0.000	-169.746
1138.000	86.705	28.916	0.000	-176.550
1140.000	86.709	29.869	0.000	177.515
1142.000	86.706	30.537	0.000	168.896
1144.000	86.710	31.077	0.000	160.797
1146.000	86.707	31.476	0.000	153.040
1148.000	86.714	31.605	0.000	145.312
1150.000	86.706	31.677	0.000	137.083
1152.000	86.716	31.619	0.000	129.767
1154.000	86.711	31.580	0.000	121.206
1156.000	86.711	31.339	0.000	113.808
1158.000	86.721	31.046	0.000	107.214
1160.000	86.708	30.657	0.000	100.142
1162.000	86.723	29.994	0.000	91.507
1164.000	86.715	28.839	0.000	83.052
1166.000	86.716	27.810	0.000	76.798
1168.000	86.726	26.228	0.000	73.908
1170.000	86.713	24.051	0.000	73.174
1172.000	86.728	22.139	0.000	78.525
1174.000	86.721	20.976	0.000	93.025
1176.000	86.722	21.345	0.000	106.746
1178.000	86.730	23.163	0.000	116.102
1180.000	86.720	24.521	0.000	120.457
1182.000	86.733	25.742	0.000	116.463
1184.000	86.726	26.442	0.000	113.256
1186.000	86.730	27.032	0.000	109.425
1188.000	86.734	27.516	0.000	106.478
1190.000	86.729	27.681	0.000	101.400
1192.000	86.737	27.921	0.000	98.018
1194.000	86.733	28.672	0.000	93.235
1196.000	86.737	29.132	0.000	88.843
1198.000	86.738	29.350	0.000	83.321
1200.000	86.739	29.747	0.000	77.213
1202.000	86.740	30.032	0.000	69.543
1204.000	86.741	30.193	0.000	60.800
1206.000	86.742	30.141	0.000	54.381
1208.000	86.741	30.050	0.000	46.037
1210.000	86.745	29.624	0.000	37.785
1212.000	86.743	29.143	0.000	29.793
1214.000	86.746	28.639	0.000	23.204
1216.000	86.748	27.918	0.000	17.946
1218.000	86.744	26.942	0.000	11.742
1220.000	86.753	26.315	0.000	5.935
1222.000	86.747	25.561	0.000	1.294
1224.000	86.753	24.624	0.000	-5.162
1226.000	86.756	23.818	0.000	-9.727
1228.000	86.750	22.866	0.000	-12.622
1230.000	86.762	21.582	0.000	-15.339
1232.000	86.754	21.086	0.000	-18.226
1234.000	86.762	20.737	0.000	-20.486
1236.000	86.763	20.512	0.000	-22.941
1238.000	86.759	20.305	0.000	-23.672
1240.000	86.770	20.189	0.000	-29.249
1242.000	86.762	20.191	0.000	-39.038
1244.000	86.770	20.164	0.000	-46.952
1246.000	86.772	19.973	0.000	-54.127
1248.000	86.767	18.989	0.000	-63.369
1250.000	86.780	18.772	0.000	-75.629
1252.000	86.770	18.686	0.000	-89.268
1254.000	86.779	18.545	0.000	-103.709
1256.000	86.781	18.413	0.000	-124.834
1258.000	86.775	18.656	0.000	-142.756
1260.000	86.789	20.093	0.000	-160.781
1262.000	86.779	20.411	0.000	-175.956
1264.000	86.788	20.835	0.000	169.486
1266.000	86.789	20.645	0.000	157.193
1268.000	86.786	20.887	0.000	147.857
1270.000	86.797	21.430	0.000	138.015
1272.000	86.790	21.348	0.000	129.710
1274.000	86.797	21.906	0.000	117.994
1276.000	86.799	22.236	0.000	109.918
1278.000	86.796	22.204	0.000	104.061
1280.000	86.806	22.787	0.000	99.116
1282.000	86.800	23.355	0.000	90.635
1284.000	86.807	23.725	0.000	83.467
1286.000	86.808	23.894	0.000	78.489
1288.000	86.808	24.202	0.000	77.720
1290.000	86.814	24.516	0.000	68.181
1292.000	86.812	25.070	0.000	58.675
1294.000	86.817	25.119	0.000	50.232
1296.000	86.817	25.413	0.000	42.686
1298.000	86.820	25.331	0.000	35.602
1300.000	86.822	25.246	0.000	25.785
1302.000	86.824	25.125	0.000	14.770
1304.000	86.826	24.885	0.000	5.386
1306.000	86.827	24.109	0.000	-3.990
1308.000	86.832	23.401	0.000	-13.549
1310.000	86.830	23.168	0.000	-21.854
1312.000	86.837	22.327	0.000	-32.930
1314.000	86.837	21.283	0.000	-39.935
1316.000	86.836	20.128	0.000	-48.261
1318.000	86.847	18.625	0.000	-57.322
1320.000	86.836	17.143	0.000	-65.812
1322.000	86.851	16.351	0.000	-69.779
1324.000	86.845	14.990	0.000	-78.147
1326.000	86.847	14.310	0.000	-89.918
1328.000	86.859	13.256	0.000	-109.947
1330.000	86.846	12.219	0.000	-114.334
1332.000	86.863	11.932	0.000	-131.014
1334.000	86.856	10.247	0.000	-157.075
1336.000	86.858	9.880	0.000	-150.322
1338.000	86.870	10.891	0.000	-153.384
1340.000	86.857	10.774	0.000	167.582
1342.000	86.875	11.394	0.000	163.298
1344.000	86.867	10.518	0.000	163.886
1346.000	86.872	11.516	0.000	143.845
1348.000	86.878	12.580	0.000	140.890
1350.000	86.873	12.830	0.000	138.323
1352.000	86.883	13.985	0.000	135.068
1354.000	86.880	15.135	0.000	131.906
1356.000	86.886	15.560	0.000	121.231
1358.000	86.885	15.843	0.000	111.859
1360.000	86.891	17.076	0.000	102.901
1362.000	86.890	17.784	0.000	96.069
1364.000	86.893	17.386	0.000	97.057
1366.000	86.899	18.128	0.000	91.861
1368.000	86.892	18.592	0.000	88.634
1370.000	86.908	18.589	0.000	83.473
1372.000	86.897	18.463	0.000	77.894
1374.000	86.907	17.930	0.000	80.979
1376.000	86.911	18.970	0.000	75.406
1378.000	86.903	19.322	0.000	73.082
1380.000	86.922	20.122	0.000	68.927
1382.000	86.908	20.730	0.000	65.439
1384.000	86.922	20.914	0.000	64.513
1386.000	86.920	21.282	0.000	60.218
1388.000	86.920	21.271	0.000	57.553
1390.000	86.928	21.578	0.000	56.172
1392.000	86.925	22.112	0.000	52.799
1394.000	86.932	22.662	0.000	48.566
1396.000	86.930	22.992	0.000	43.568
1398.000	86.939	23.262	0.000	38.401
1400.000	86.933	23.488	0.000	30.730
1402.000	86.944	23.794	0.000	24.778
1404.000	86.942	23.876	0.000	20.504
1406.000	86.941	24.071	0.000	17.152
1408.000	86.956	24.615	0.000	10.511
1410.000	86.941	24.295	0.000	2.709
1412.000	86.960	24.004	0.000	-7.014
1414.000	86.951	23.664	0.000	-12.384
1416.000	86.958	23.567	0.000	-17.849
1418.000	86.962	23.227	0.000	-23.837
1420.000	86.961	22.613	0.000	-31.680
1422.000	86.968	22.151	0.000	-36.447
1424.000	86.965	21.438	0.000	-39.860
1426.000	86.974	20.871	0.000	-42.044
1428.000	86.967	20.626	0.000	-46.253
1430.000	86.982	19.957	0.000	-52.474
1432.000	86.973	18.886	0.000	-52.686
1434.000	86.982	17.690	0.000	-51.179
1436.000	86.987	17.690	0.000	-53.620
1438.000	86.979	17.226	0.000	-55.800
1440.000	86.997	16.717	0.000	-55.188
1442.000	86.984	15.617	0.000	-54.068
1444.000	86.999	15.669	0.000	-57.964
1446.000	86.993	15.814	0.000	-57.902
1448.000	87.002	15.422	0.000	-57.719
1450.000	86.999	14.227	0.000	-63.026
1452.000	87.007	14.870	0.000	-61.179
1454.000	87.007	14.817	0.000	-50.534
1456.000	87.006	13.890	0.000	-56.170
1458.000	87.020	13.937	0.000	-64.211
1460.000	87.006	13.883	0.000	-63.592
1462.000	87.026	13.157	0.000	-62.472
1464.000	87.016	12.570	0.000	-56.324
1466.000	87.025	12.050	0.000	-50.996
1468.000	87.026	11.655	0.000	-51.705
1470.000	87.029	12.254	0.000	-53.739
1472.000	87.032	12.447	0.000	-45.450
1474.000	87.032	12.796	0.000	-46.617
1476.000	87.042	12.653	0.000	-49.567
1478.000	87.031	12.972	0.000	-46.456
1480.000	87.052	13.187	0.000	-45.617
1482.000	87.036	13.083	0.000	-42.918
1484.000	87.053	13.046	0.000	-36.721
1486.000	87.048	13.113	0.000	-43.282
1488.000	87.055	11.823	0.000	-57.008
1490.000	87.055	11.552	0.000	-48.048
1492.000	87.059	11.511	0.000	-40.406
1494.000	87.063	12.350	0.000	-46.544
1496.000	87.060	12.613	0.000	-44.018
1498.000	87.075	13.045	0.000	-43.567
1500.000	87.061	12.358	0.000	-52.376
1502.000	87.081	12.044	0.000	-45.658
1504.000	87.070	11.894	0.000	-33.969
1506.000	87.082	12.194	0.000	-34.748
1508.000	87.078	12.350	0.000	-37.148
1510.000	87.087	12.839	0.000	-34.362
1512.000	87.084	11.583	0.000	-37.207
1514.000	87.090	12.402	0.000	-48.164
1516.000	87.096	11.496	0.000	-41.275
1518.000	87.088	11.382	0.000	-28.262
1520.000	87.106	11.168	0.000	-29.613
1522.000	87.093	11.418	0.000	-31.785
1524.000	87.110	11.451	0.000	-36.215
1526.000	87.100	12.092	0.000	-47.968
1528.000	87.116	12.570	0.000	-40.747
1530.000	87.104	11.856	0.000	-45.476
1532.000	87.122	12.916	0.000	-41.465
1534.000	87.114	12.251	0.000	-43.337
1536.000	87.120	11.630	0.000	-30.262
1538.000	87.126	12.249	0.000	-33.543
1540.000	87.123	13.013	0.000	-39.319
1542.000	87.132	12.550	0.000	-40.165
1544.000	87.128	12.319	0.000	-29.175
1546.000	87.142	13.234	0.000	-34.116
1548.000	87.128	13.037	0.000	-32.799
1550.000	87.151	12.191	0.000	-36.020
1552.000	87.134	11.484	0.000	-47.902
1554.000	87.153	11.416	0.000	-49.239
1556.000	87.143	11.470	0.000	-57.142
1558.000	87.158	12.108	0.000	-52.504
1560.000	87.148	12.318	0.000	-45.228
1562.000	87.164	12.188	0.000	-45.491
1564.000	87.157	12.387	0.000	-43.164
1566.000	87.164	12.226	0.000	-38.681
1568.000	87.169	12.792	0.000	-41.505
1570.000	87.167	11.801	0.000	-52.605
1572.000	87.175	11.743	0.000	-41.136
1574.000	87.171	11.054	0.000	-38.144
1576.000	87.184	11.009	0.000	-36.692
1578.000	87.172	12.560	0.000	-48.990
1580.000	87.194	13.267	0.000	-53.032
1582.000	87.178	13.311	0.000	-49.999
1584.000	87.197	12.710	0.000	-57.976
1586.000	87.185	12.306	0.000	-56.337
1588.000	87.204	13.716	0.000	-51.246
1590.000	87.189	12.794	0.000	-54.083
1592.000	87.211	12.399	0.000	-54.840
1594.000	87.198	12.535	0.000	-52.760
1596.000	87.212	10.984	0.000	-57.612
1598.000	87.207	12.122	0.000	-57.930
1600.000	87.217	12.787	0.000	-60.197
1602.000	87.213	13.205	0.000	-53.768
1604.000	87.221	12.206	0.000	-51.619
1606.000	87.224	11.788	0.000	-60.786
1608.000	87.222	13.175	0.000	-68.887
1610.000	87.232	12.122	0.000	-73.808
1612.000	87.228	11.815	0.000	-74.183
1614.000	87.239	11.263	0.000	-77.354
1616.000	87.231	11.496	0.000	-73.302
1618.000	87.249	11.525	0.000	-70.693
1620.000	87.233	12.167	0.000	-76.151
1622.000	87.255	11.719	0.000	-61.103
1624.000	87.241	11.525	0.000	-67.740
1626.000	87.261	12.177	0.000	-79.005
1628.000	87.245	11.960	0.000	-71.169
1630.000	87.270	11.012	0.000	-64.962
1632.000	87.251	12.226	0.000	-75.481
1634.000	87.274	12.078	0.000	-64.606
1636.000	87.259	11.254	0.000	-58.832
1638.000	87.280	10.775	0.000	-66.058
1640.000	87.263	12.118	0.000	-62.981
1642.000	87.286	12.001	0.000	-69.885
1644.000	87.272	11.654	0.000	-80.815
1646.000	87.289	11.583	0.000	-72.546
1648.000	87.280	11.742	0.000	-77.702
1650.000	87.296	12.853	0.000	-77.579
1652.000	87.285	11.990	0.000	-71.534
1654.000	87.300	11.392	0.000	-74.891
1656.000	87.295	10.578	0.000	-79.889
1658.000	87.303	11.051	0.000	-73.423
1660.000	87.301	11.814	0.000	-73.783
1662.000	87.310	11.254	0.000	-61.990
1664.000	87.309	11.631	0.000	-73.685
1666.000	87.313	12.194	0.000	-75.324
1668.000	87.318	10.936	0.000	-67.514
1670.000	87.318	11.506	0.000	-71.418
1672.000	87.323	11.430	0.000	-68.552
1674.000	87.324	12.015	0.000	-71.138
1676.000	87.331	11.731	0.000	-65.325
1678.000	87.328	11.417	0.000	-71.708
1680.000	87.338	11.398	0.000	-82.983
1682.000	87.335	11.589	0.000	-88.495
1684.000	87.344	12.612	0.000	-78.829
1686.000	87.339	12.103	0.000	-66.377
1688.000	87.353	11.862	0.000	-72.518
1690.000	87.345	11.150	0.000	-66.937
1692.000	87.358	10.883	0.000	-51.615
1694.000	87.352	11.289	0.000	-65.897
1696.000	87.365	11.651	0.000	-55.254
1698.000	87.356	11.846	0.000	-60.020
1700.000	87.371	11.225	0.000	-68.167
1702.000	87.364	11.368	0.000	-66.826
1704.000	87.377	11.189	0.000	-67.904
1706.000	87.369	12.213	0.000	-81.835
1708.000	87.385	11.493	0.000	-77.473
1710.000	87.374	11.601	0.000	-74.339
1712.000	87.390	11.547	0.000	-75.814
1714.000	87.382	11.273	0.000	-71.575
1716.000	87.397	12.001	0.000	-70.486
1718.000	87.386	12.087	0.000	-62.841
1720.000	87.403	11.855	0.000	-60.464
1722.000	87.395	12.365	0.000	-57.706
1724.000	87.408	12.066	0.000	-71.373
1726.000	87.400	11.919	0.000	-69.761
1728.000	87.415	11.071	0.000	-61.160
1730.000	87.406	10.398	0.000	-73.014
1732.000	87.419	11.499	0.000	-66.316
1734.000	87.415	12.011	0.000	-59.270
1736.000	87.425	12.582	0.000	-73.823
1738.000	87.421	12.223	0.000	-76.444
1740.000	87.430	12.655	0.000	-69.758
1742.000	87.430	12.049	0.000	-64.221
1744.000	87.435	11.744	0.000	-69.163
1746.000	87.436	12.182	0.000	-71.050
1748.000	87.441	11.612	0.000	-70.244
1750.000	87.444	11.435	0.000	-57.250
1752.000	87.445	10.366	0.000	-71.240
1754.000	87.452	10.966	0.000	-81.864
1756.000	87.451	10.951	0.000	-87.598
1758.000	87.459	10.922	0.000	-69.903
1760.000	87.454	11.788	0.000	-74.850
1762.000	87.468	11.521	0.000	-71.226
1764.000	87.459	10.630	0.000	-63.576
1766.000	87.475	10.840	0.000	-76.301
1768.000	87.464	12.000	0.000	-96.015
1770.000	87.484	12.028	0.000	-97.210
1772.000	87.468	12.694	0.000	-84.510
1774.000	87.491	12.472	0.000	-80.212
1776.000	87.474	12.173	0.000	-80.409
1778.000	87.499	11.912	0.000	-76.591
1780.000	87.478	10.845	0.000	-72.787
1782.000	87.507	10.682	0.000	-90.511
1784.000	87.484	10.474	0.000	-94.033
1786.000	87.514	10.565	0.000	-83.420
1788.000	87.489	10.611	0.000	-95.474
1790.000	87.521	10.359	0.000	-93.934
1792.000	87.496	11.336	0.000	-80.188
1794.000	87.525	11.692	0.000	-80.679
1796.000	87.505	11.783	0.000	-95.802
1798.000	87.531	11.882	0.000	-98.011
1800.000	87.512	11.323	0.000	-87.826
1802.000	87.534	12.132	0.000	-102.541
1804.000	87.522	11.225	0.000	-91.180
1806.000	87.538	11.177	0.000	-87.054
1808.000	87.531	11.531	0.000	-83.188
1810.000	87.541	12.003	0.000	-86.259
1812.000	87.542	11.248	0.000	-91.076
1814.000	87.543	11.638	0.000	-92.231
1816.000	87.552	11.290	0.000	-92.504
1818.000	87.546	11.458	0.000	-106.889
1820.000	87.563	11.826	0.000	-110.773
1822.000	87.548	11.142	0.000	-106.521
1824.000	87.573	11.677	0.000	-98.054
1826.000	87.553	11.475	0.000	-101.041
1828.000	87.581	10.873	0.000	-100.985
1830.000	87.557	12.281	0.000	-98.983
1832.000	87.589	11.196	0.000	-104.083
1834.000	87.564	10.404	0.000	-92.937
1836.000	87.595	11.066	0.000	-99.683
1838.000	87.571	11.310	0.000	-114.646
1840.000	87.600	11.168	0.000	-119.990
1842.000	87.581	10.298	0.000	-139.728
1844.000	87.602	10.286	0.000	-136.081
1846.000	87.592	10.388	0.000	-127.143
1848.000	87.604	10.492	0.000	-122.613
1850.000	87.605	11.230	0.000	-100.677
1852.000	87.604	10.549	0.000	-116.462
1854.000	87.617	9.957	0.000	-124.593
1856.000	87.605	9.321	0.000	-135.649
1858.000	87.629	9.173	0.000	-135.889
1860.000	87.607	9.549	0.000	-120.692
1862.000	87.640	9.196	0.000	-124.291
1864.000	87.612	9.612	0.000	-109.269
1866.000	87.646	9.286	0.000	-96.123
1868.000	87.619	8.332	0.000	158.435
1870.000	87.651	9.474	0.000	-125.434
1872.000	87.630	9.495	0.000	-104.394
1874.000	87.653	9.472	0.000	-88.191
1876.000	87.642	9.009	0.000	-54.753
1878.000	87.653	9.934	0.000	-126.238
1880.000	87.657	10.001	0.000	-117.022
1882.000	87.652	9.064	0.000	-87.470
1884.000	87.670	9.390	0.000	-31.573
1886.000	87.653	10.079	0.000	-6.596
1888.000	87.682	10.161	0.000	18.186
1890.000	87.656	10.781	0.000	-3.004
1892.000	87.691	10.859	0.000	-7.317
1894.000	87.663	11.009	0.000	7.816
1896.000	87.696	10.871	0.000	8.775
1898.000	87.673	10.654	0.000	-5.552
1900.000	87.697	11.073	0.000	-2.083
1902.000	87.687	10.997	0.000	-5.571
1904.000	87.695	10.500	0.000	5.718
1906.000	87.703	11.603	0.000	-10.567
1908.000	87.694	11.651	0.000	-11.405
1910.000	87.717	11.776	0.000	-1.282
1912.000	87.694	13.162	0.000	-7.296
1914.000	87.729	13.550	0.000	-15.823
1916.000	87.699	14.683	0.000	-10.618
1918.000	87.736	14.808	0.000	-11.077
1920.000	87.708	15.226	0.000	-21.842
1922.000	87.736	15.144	0.000	-18.743
1924.000	87.724	14.327	0.000	-26.853
1926.000	87.734	15.727	0.000	-37.749
1928.000	87.741	16.775	0.000	-38.832
1930.000	87.730	15.992	0.000	-44.560
1932.000	87.757	15.871	0.000	-50.516
1934.000	87.731	16.161	0.000	-52.193
1936.000	87.768	16.240	0.000	-56.155
1938.000	87.736	15.896	0.000	-60.123
1940.000	87.773	15.767	0.000	-61.786
1942.000	87.749	16.465	0.000	-63.357
1944.000	87.771	15.376	0.000	-58.618
1946.000	87.767	15.359	0.000	-64.188
1948.000	87.766	15.115	0.000	-71.961
1950.000	87.785	14.674	0.000	-71.453
1952.000	87.763	15.519	0.000	-69.087
1954.000	87.799	15.840	0.000	-72.733
1956.000	87.767	14.997	0.000	-73.927
1958.000	87.806	15.063	0.000	-70.229
1960.000	87.779	14.744	0.000	-65.720
1962.000	87.805	15.436	0.000	-66.888
1964.000	87.797	15.691	0.000	-68.202
1966.000	87.800	15.720	0.000	-70.979
1968.000	87.816	14.948	0.000	-73.849
1970.000	87.796	15.675	0.000	-79.590
1972.000	87.832	15.635	0.000	-80.827
1974.000	87.799	15.520	0.000	-83.055
1976.000	87.838	15.361	0.000	-89.696
1978.000	87.811	14.302	0.000	-84.142
1980.000	87.836	14.386	0.000	-87.416
1982.000	87.831	14.280	0.000	-84.357
1984.000	87.829	13.048	0.000	-83.394
1986.000	87.851	13.442	0.000	-73.541
1988.000	87.826	13.182	0.000	-61.367
1990.000	87.865	12.919	0.000	-75.894
1992.000	87.832	12.670	0.000	-70.541
1994.000	87.868	13.374	0.000	-54.144
1996.000	87.848	13.811	0.000	-52.214
1998.000	87.863	14.707	0.000	-48.897
2000.000	87.870	15.469	0.000	-45.619
