2000.000	86.131	12.047	0.000	-101.159
2.000	86.136	11.508	0.000	-65.275
4.000	86.190	10.881	0.000	15.142
6.000	86.146	11.884	0.000	46.490
8.000	86.147	11.212	0.000	-52.274
10.000	86.200	10.543	0.000	10.519
12.000	86.159	10.051	0.000	72.842
14.000	86.158	11.444	0.000	-30.508
16.000	86.212	10.802	0.000	-52.000
18.000	86.172	11.655	0.000	-125.495
20.000	86.169	11.631	0.000	-117.296
22.000	86.224	10.399	0.000	-120.792
24.000	86.184	10.512	0.000	-142.441
26.000	86.181	10.477	0.000	-168.777
28.000	86.237	10.519	0.000	145.591
30.000	86.196	10.548	0.000	77.523
32.000	86.192	10.591	0.000	-66.882
34.000	86.250	10.537	0.000	-80.230
36.000	86.208	11.143	0.000	-64.277
38.000	86.204	10.086	0.000	-50.791
40.000	86.261	10.509	0.000	-104.742
42.000	86.220	10.346	0.000	93.507
44.000	86.217	11.972	0.000	-46.275
46.000	86.273	11.267	0.000	-3.427
48.000	86.231	10.791	0.000	-49.106
50.000	86.232	11.331	0.000	-123.012
52.000	86.285	11.173	0.000	-67.788
54.000	86.241	10.655	0.000	-88.139
56.000	86.247	10.721	0.000	-117.424
58.000	86.295	11.667	0.000	-121.694
60.000	86.251	11.670	0.000	-134.917
62.000	86.264	11.239	0.000	-68.808
64.000	86.305	12.123	0.000	-91.512
66.000	86.259	11.537	0.000	-89.735
68.000	86.282	11.271	0.000	-58.678
70.000	86.316	9.547	0.000	-83.531
72.000	86.268	11.037	0.000	-51.536
74.000	86.300	11.240	0.000	-1.071
76.000	86.325	10.104	0.000	10.314
78.000	86.277	9.731	0.000	122.933
80.000	86.318	10.857	0.000	-20.622
82.000	86.333	11.004	0.000	-94.974
84.000	86.287	9.913	0.000	11.991
86.000	86.336	9.002	0.000	-109.721
88.000	86.341	10.743	0.000	-115.637
90.000	86.299	11.714	0.000	-75.843
92.000	86.354	11.285	0.000	-83.881
94.000	86.346	9.587	0.000	179.323
96.000	86.314	10.859	0.000	-158.063
98.000	86.371	12.220	0.000	-64.114
100.000	86.350	11.278	0.000	-34.677
102.000	86.331	10.739	0.000	25.274
104.000	86.386	10.860	0.000	-96.971
106.000	86.355	11.386	0.000	-61.236
108.000	86.351	11.184	0.000	119.906
110.000	86.398	10.137	0.000	57.025
112.000	86.358	10.804	0.000	-105.629
114.000	86.374	10.145	0.000	-146.714
116.000	86.409	9.737	0.000	-158.174
118.000	86.363	10.814	0.000	-147.783
120.000	86.396	10.456	0.000	-149.440
122.000	86.416	10.785	0.000	-143.082
124.000	86.372	11.385	0.000	174.953
126.000	86.419	10.978	0.000	89.429
128.000	86.419	11.488	0.000	-122.300
130.000	86.385	11.256	0.000	-146.120
132.000	86.441	11.602	0.000	-139.511
134.000	86.420	10.910	0.000	-156.956
136.000	86.402	11.466	0.000	-124.200
138.000	86.457	12.011	0.000	-141.962
140.000	86.422	10.953	0.000	179.766
142.000	86.425	10.457	0.000	169.551
144.000	86.468	11.497	0.000	-125.216
146.000	86.425	10.649	0.000	-140.338
148.000	86.451	10.035	0.000	147.231
150.000	86.474	10.869	0.000	128.853
152.000	86.432	11.262	0.000	-74.536
154.000	86.476	11.404	0.000	-7.276
156.000	86.474	11.310	0.000	146.642
158.000	86.448	10.643	0.000	-157.734
160.000	86.498	11.098	0.000	-127.306
162.000	86.472	10.966	0.000	-58.113
164.000	86.469	9.630	0.000	-58.799
166.000	86.515	10.276	0.000	-67.196
168.000	86.472	9.356	0.000	-121.246
170.000	86.495	10.296	0.000	-99.022
172.000	86.522	11.067	0.000	12.685
174.000	86.478	9.623	0.000	-24.319
176.000	86.523	10.399	0.000	-21.966
178.000	86.521	10.730	0.000	-106.462
180.000	86.492	10.189	0.000	-143.032
182.000	86.545	9.594	0.000	131.578
184.000	86.518	9.451	0.000	75.192
186.000	86.516	9.506	0.000	-114.616
188.000	86.558	9.633	0.000	-164.647
190.000	86.518	9.908	0.000	154.058
192.000	86.546	10.248	0.000	-168.615
194.000	86.561	9.985	0.000	-126.621
196.000	86.526	10.035	0.000	-137.665
198.000	86.574	10.788	0.000	-93.752
200.000	86.558	10.585	0.000	-67.238
202.000	86.547	9.430	0.000	-126.086
204.000	86.592	9.022	0.000	-116.469
206.000	86.554	10.173	0.000	-15.530
208.000	86.576	10.444	0.000	11.043
210.000	86.599	10.789	0.000	129.103
212.000	86.558	10.504	0.000	72.679
214.000	86.606	10.137	0.000	-45.405
216.000	86.595	11.369	0.000	-154.711
218.000	86.577	11.354	0.000	-126.694
220.000	86.626	11.553	0.000	143.987
222.000	86.590	10.992	0.000	149.414
224.000	86.607	9.786	0.000	170.974
226.000	86.632	10.568	0.000	-172.647
228.000	86.594	10.843	0.000	-179.680
230.000	86.637	10.548	0.000	-18.173
232.000	86.627	10.579	0.000	-144.894
234.000	86.614	11.973	0.000	81.372
236.000	86.657	11.565	0.000	88.582
238.000	86.621	10.901	0.000	169.859
240.000	86.646	10.952	0.000	169.759
242.000	86.661	9.549	0.000	-166.243
244.000	86.628	9.509	0.000	103.179
246.000	86.676	10.775	0.000	127.903
248.000	86.654	10.763	0.000	168.918
250.000	86.652	10.527	0.000	-77.795
252.000	86.692	10.875	0.000	-64.826
254.000	86.650	11.341	0.000	-54.483
256.000	86.686	11.599	0.000	72.613
258.000	86.690	9.597	0.000	111.485
260.000	86.664	10.247	0.000	25.133
262.000	86.711	10.819	0.000	-86.135
264.000	86.681	12.021	0.000	-70.238
266.000	86.695	10.563	0.000	121.633
268.000	86.718	9.447	0.000	159.518
270.000	86.684	10.677	0.000	129.531
272.000	86.728	10.277	0.000	13.412
274.000	86.710	9.588	0.000	16.977
276.000	86.708	10.827	0.000	164.106
278.000	86.743	10.314	0.000	143.891
280.000	86.705	9.589	0.000	140.460
282.000	86.743	10.702	0.000	146.957
284.000	86.738	10.613	0.000	109.066
286.000	86.721	10.831	0.000	-158.575
288.000	86.766	10.625	0.000	-141.296
290.000	86.730	10.992	0.000	46.372
292.000	86.754	11.051	0.000	4.680
294.000	86.767	10.767	0.000	-0.013
296.000	86.739	11.469	0.000	-39.815
298.000	86.784	10.994	0.000	24.338
300.000	86.756	9.803	0.000	72.170
302.000	86.770	10.753	0.000	54.274
304.000	86.790	10.322	0.000	74.519
306.000	86.759	9.694	0.000	72.808
308.000	86.802	9.544	0.000	27.006
310.000	86.778	11.441	0.000	19.029
312.000	86.788	10.261	0.000	62.317
314.000	86.812	9.943	0.000	61.953
316.000	86.777	10.156	0.000	96.652
318.000	86.822	10.240	0.000	148.060
320.000	86.801	10.952	0.000	-90.296
322.000	86.804	11.818	0.000	-154.135
324.000	86.834	11.082	0.000	156.690
326.000	86.797	11.326	0.000	104.850
328.000	86.839	10.946	0.000	78.632
330.000	86.824	10.555	0.000	-7.343
332.000	86.822	11.273	0.000	33.414
334.000	86.853	10.977	0.000	27.412
336.000	86.820	10.347	0.000	25.121
338.000	86.858	10.620	0.000	28.939
340.000	86.841	11.589	0.000	23.541
342.000	86.844	11.485	0.000	10.628
344.000	86.871	12.266	0.000	-10.377
346.000	86.838	13.411	0.000	-27.371
348.000	86.879	12.633	0.000	-45.929
350.000	86.858	12.005	0.000	-60.239
352.000	86.865	11.864	0.000	-75.629
354.000	86.890	12.531	0.000	-86.043
356.000	86.856	12.320	0.000	-90.759
358.000	86.899	11.752	0.000	-106.485
360.000	86.877	11.016	0.000	-81.997
362.000	86.885	11.771	0.000	-61.428
364.000	86.905	11.694	0.000	-38.346
366.000	86.877	12.167	0.000	-62.005
368.000	86.918	12.209	0.000	-58.729
370.000	86.891	11.862	0.000	-73.466
372.000	86.909	10.431	0.000	-93.129
374.000	86.918	11.394	0.000	-92.680
376.000	86.898	11.693	0.000	-103.436
378.000	86.937	11.756	0.000	-133.571
380.000	86.904	11.929	0.000	-144.487
382.000	86.934	11.833	0.000	-145.751
384.000	86.931	10.414	0.000	-141.410
386.000	86.918	10.890	0.000	-178.812
388.000	86.955	11.579	0.000	-164.731
390.000	86.920	11.873	0.000	176.269
392.000	86.956	10.881	0.000	-168.443
394.000	86.942	11.176	0.000	152.706
396.000	86.942	11.087	0.000	126.412
398.000	86.967	10.693	0.000	-178.548
400.000	86.938	10.829	0.000	59.984
402.000	86.976	11.350	0.000	-94.941
404.000	86.951	12.276	0.000	-148.713
406.000	86.970	11.299	0.000	159.996
408.000	86.975	10.555	0.000	153.710
410.000	86.958	11.812	0.000	173.432
412.000	86.994	11.123	0.000	163.166
414.000	86.961	11.045	0.000	132.556
416.000	86.994	10.888	0.000	114.830
418.000	86.982	10.153	0.000	84.278
420.000	86.981	10.794	0.000	88.526
422.000	87.006	10.313	0.000	84.789
424.000	86.976	9.791	0.000	67.274
426.000	87.014	10.431	0.000	62.953
428.000	86.989	10.830	0.000	44.923
430.000	87.008	11.986	0.000	94.216
432.000	87.010	11.407	0.000	-92.625
434.000	86.999	11.254	0.000	-94.643
436.000	87.029	11.114	0.000	-53.285
438.000	86.997	10.262	0.000	-121.625
440.000	87.034	11.037	0.000	-63.898
442.000	87.011	10.852	0.000	-87.593
444.000	87.024	10.770	0.000	-117.162
446.000	87.034	10.959	0.000	-95.496
448.000	87.013	10.642	0.000	-152.869
450.000	87.049	10.767	0.000	-178.937
452.000	87.017	11.200	0.000	164.875
454.000	87.048	10.953	0.000	174.185
456.000	87.033	9.992	0.000	148.760
458.000	87.040	9.962	0.000	-102.887
460.000	87.053	10.324	0.000	-27.531
462.000	87.032	9.960	0.000	5.192
464.000	87.065	9.717	0.000	-16.957
466.000	87.035	10.159	0.000	-3.371
468.000	87.066	10.410	0.000	135.355
470.000	87.048	11.539	0.000	176.402
472.000	87.056	10.878	0.000	168.200
474.000	87.069	9.927	0.000	99.684
476.000	87.047	9.817	0.000	109.725
478.000	87.081	9.770	0.000	-137.464
480.000	87.050	10.018	0.000	-123.968
482.000	87.081	10.740	0.000	139.212
484.000	87.063	10.476	0.000	173.592
486.000	87.072	10.138	0.000	142.242
488.000	87.080	10.584	0.000	-95.358
490.000	87.065	10.572	0.000	-166.544
492.000	87.092	9.725	0.000	18.362
494.000	87.063	9.608	0.000	64.317
496.000	87.097	9.855	0.000	105.145
498.000	87.071	9.993	0.000	91.342
500.000	87.090	10.375	0.000	60.922
502.000	87.088	8.964	0.000	44.878
504.000	87.080	10.426	0.000	-107.444
506.000	87.102	11.343	0.000	160.813
508.000	87.074	10.274	0.000	107.500
510.000	87.108	9.245	0.000	-166.512
512.000	87.080	8.932	0.000	-119.959
514.000	87.104	8.952	0.000	-40.622
516.000	87.090	9.443	0.000	-93.668
518.000	87.097	9.827	0.000	-125.237
520.000	87.103	10.506	0.000	112.739
522.000	87.088	10.874	0.000	90.415
524.000	87.115	10.652	0.000	-28.463
526.000	87.085	10.990	0.000	-79.597
528.000	87.118	10.082	0.000	-140.515
530.000	87.090	9.281	0.000	-128.542
532.000	87.112	9.500	0.000	157.808
534.000	87.102	9.506	0.000	-10.613
536.000	87.102	8.944	0.000	-17.523
538.000	87.114	10.784	0.000	-46.845
540.000	87.096	10.782	0.000	-25.666
542.000	87.121	9.926	0.000	43.697
544.000	87.093	9.613	0.000	23.665
546.000	87.123	9.277	0.000	18.554
548.000	87.096	10.284	0.000	-23.081
550.000	87.118	10.624	0.000	-149.227
552.000	87.104	10.720	0.000	-126.713
554.000	87.109	10.897	0.000	-131.146
556.000	87.115	10.531	0.000	-10.868
558.000	87.099	9.685	0.000	-0.763
560.000	87.123	10.435	0.000	9.122
562.000	87.095	9.789	0.000	5.733
564.000	87.123	9.548	0.000	-9.468
566.000	87.096	10.220	0.000	-28.444
568.000	87.120	9.547	0.000	-29.922
570.000	87.100	7.715	0.000	-109.721
572.000	87.112	9.322	0.000	116.416
574.000	87.108	10.674	0.000	175.613
576.000	87.104	10.684	0.000	-176.508
578.000	87.115	9.749	0.000	-162.825
580.000	87.094	8.956	0.000	31.576
582.000	87.120	9.852	0.000	-88.556
584.000	87.090	10.715	0.000	-92.303
586.000	87.118	10.307	0.000	-23.369
588.000	87.091	11.372	0.000	-33.003
590.000	87.112	10.973	0.000	-60.137
592.000	87.094	9.926	0.000	-46.278
594.000	87.103	10.176	0.000	-22.995
596.000	87.098	10.637	0.000	-76.643
598.000	87.095	9.684	0.000	-51.675
600.000	87.103	10.735	0.000	-39.674
602.000	87.084	10.494	0.000	-104.284
604.000	87.106	11.022	0.000	-99.618
606.000	87.078	11.492	0.000	154.637
608.000	87.105	11.038	0.000	56.203
610.000	87.075	10.035	0.000	-90.815
612.000	87.099	10.607	0.000	-130.532
614.000	87.076	11.192	0.000	-66.053
616.000	87.090	11.294	0.000	0.985
618.000	87.077	9.801	0.000	75.940
620.000	87.081	9.360	0.000	-114.209
622.000	87.079	10.176	0.000	-115.389
624.000	87.071	10.514	0.000	-76.118
626.000	87.079	10.245	0.000	-87.805
628.000	87.061	11.044	0.000	-83.518
630.000	87.081	11.239	0.000	-105.490
632.000	87.053	10.412	0.000	-115.125
634.000	87.077	9.648	0.000	-90.130
636.000	87.048	8.545	0.000	-101.317
638.000	87.071	8.781	0.000	-81.111
640.000	87.044	10.473	0.000	-105.410
642.000	87.062	10.963	0.000	-96.649
644.000	87.043	11.006	0.000	-91.966
646.000	87.053	11.105	0.000	-104.218
648.000	87.040	10.070	0.000	-112.359
650.000	87.043	9.971	0.000	-120.835
652.000	87.041	9.910	0.000	-113.067
654.000	87.031	10.472	0.000	-142.165
656.000	87.038	10.385	0.000	-118.663
658.000	87.020	9.976	0.000	-164.784
660.000	87.037	10.318	0.000	15.974
662.000	87.010	10.484	0.000	-157.066
664.000	87.030	10.536	0.000	-133.730
666.000	87.004	10.737	0.000	-132.829
668.000	87.024	10.760	0.000	-115.440
670.000	86.995	10.574	0.000	-135.774
672.000	87.016	9.455	0.000	-134.305
674.000	86.990	9.268	0.000	-125.339
676.000	87.007	9.106	0.000	-106.189
678.000	86.984	8.631	0.000	-129.083
680.000	86.997	10.115	0.000	-103.351
682.000	86.981	11.170	0.000	-113.569
684.000	86.984	10.507	0.000	-113.632
686.000	86.976	9.491	0.000	-109.798
688.000	86.973	8.909	0.000	-122.838
690.000	86.971	9.812	0.000	-137.022
692.000	86.961	11.041	0.000	-160.969
694.000	86.965	10.789	0.000	-156.174
696.000	86.951	10.216	0.000	-144.322
698.000	86.959	11.016	0.000	-155.916
700.000	86.938	11.411	0.000	-179.122
702.000	86.954	11.102	0.000	-160.050
704.000	86.928	11.050	0.000	-166.305
706.000	86.944	10.381	0.000	-171.028
708.000	86.918	10.724	0.000	-146.335
710.000	86.936	10.704	0.000	-177.751
712.000	86.908	10.395	0.000	160.108
714.000	86.926	11.042	0.000	167.482
716.000	86.899	11.433	0.000	-173.959
718.000	86.917	10.498	0.000	-164.547
720.000	86.889	10.894	0.000	163.721
722.000	86.906	10.356	0.000	168.115
724.000	86.881	10.007	0.000	153.858
726.000	86.895	10.851	0.000	143.703
728.000	86.872	9.986	0.000	138.056
730.000	86.883	9.776	0.000	147.976
732.000	86.864	10.726	0.000	162.307
734.000	86.870	11.381	0.000	154.753
736.000	86.855	11.343	0.000	168.021
738.000	86.860	10.976	0.000	-167.639
740.000	86.845	10.048	0.000	151.828
742.000	86.847	10.132	0.000	168.736
744.000	86.837	10.052	0.000	163.192
746.000	86.836	9.205	0.000	150.720
748.000	86.827	9.947	0.000	165.527
750.000	86.824	10.405	0.000	154.714
752.000	86.820	10.004	0.000	142.206
754.000	86.811	10.312	0.000	142.888
756.000	86.808	10.989	0.000	169.700
758.000	86.801	10.554	0.000	146.870
760.000	86.799	10.159	0.000	141.314
762.000	86.788	11.462	0.000	146.940
764.000	86.789	11.164	0.000	135.430
766.000	86.778	9.994	0.000	114.795
768.000	86.778	10.129	0.000	111.801
770.000	86.764	9.787	0.000	103.823
772.000	86.770	10.021	0.000	114.079
774.000	86.754	10.771	0.000	120.885
776.000	86.757	10.784	0.000	109.739
778.000	86.743	10.212	0.000	102.757
780.000	86.748	9.839	0.000	106.511
782.000	86.731	9.901	0.000	125.286
784.000	86.736	9.670	0.000	97.595
786.000	86.722	9.433	0.000	108.120
788.000	86.725	10.407	0.000	129.123
790.000	86.708	10.350	0.000	98.152
792.000	86.716	10.044	0.000	81.694
794.000	86.698	10.647	0.000	62.705
796.000	86.703	10.621	0.000	64.287
798.000	86.688	10.185	0.000	71.031
800.000	86.693	10.920	0.000	78.550
802.000	86.676	10.717	0.000	70.730
804.000	86.681	10.456	0.000	55.419
806.000	86.668	10.439	0.000	79.092
808.000	86.669	11.002	0.000	73.183
810.000	86.656	12.270	0.000	53.720
812.000	86.661	12.142	0.000	60.406
814.000	86.646	11.699	0.000	52.091
816.000	86.647	10.753	0.000	50.399
818.000	86.637	11.062	0.000	66.552
820.000	86.638	10.490	0.000	49.316
822.000	86.625	10.352	0.000	33.409
824.000	86.625	9.695	0.000	59.181
826.000	86.618	10.576	0.000	72.373
828.000	86.612	10.144	0.000	50.752
830.000	86.607	12.248	0.000	63.885
832.000	86.604	12.871	0.000	64.016
834.000	86.597	12.147	0.000	69.481
836.000	86.591	12.415	0.000	58.848
838.000	86.590	12.589	0.000	59.381
840.000	86.580	12.715	0.000	65.754
842.000	86.578	12.291	0.000	40.695
844.000	86.570	14.011	0.000	26.963
846.000	86.572	14.931	0.000	15.276
848.000	86.556	14.854	0.000	-0.895
850.000	86.564	14.474	0.000	-14.015
852.000	86.547	13.864	0.000	-24.280
854.000	86.553	12.984	0.000	-45.093
856.000	86.536	12.514	0.000	-49.222
858.000	86.547	11.731	0.000	-45.420
860.000	86.525	10.481	0.000	-38.496
862.000	86.536	10.779	0.000	-38.839
864.000	86.518	11.596	0.000	-30.591
866.000	86.527	11.290	0.000	-31.718
868.000	86.506	11.844	0.000	-26.230
870.000	86.521	12.233	0.000	-11.444
872.000	86.497	11.175	0.000	-23.781
874.000	86.509	11.880	0.000	-30.914
876.000	86.490	13.067	0.000	-28.293
878.000	86.501	13.600	0.000	-40.831
880.000	86.479	13.861	0.000	-49.742
882.000	86.492	14.991	0.000	-49.837
884.000	86.475	15.564	0.000	-57.920
886.000	86.479	15.773	0.000	-67.280
888.000	86.469	16.020	0.000	-84.266
890.000	86.471	16.738	0.000	-91.417
892.000	86.460	17.173	0.000	-111.091
894.000	86.461	17.188	0.000	-128.721
896.000	86.456	16.623	0.000	-141.356
898.000	86.449	16.032	0.000	-158.054
900.000	86.450	15.653	0.000	-174.048
902.000	86.441	15.787	0.000	174.680
904.000	86.443	15.792	0.000	144.020
906.000	86.430	16.215	0.000	114.015
908.000	86.440	16.263	0.000	93.519
910.000	86.419	16.586	0.000	73.718
912.000	86.433	17.216	0.000	50.303
914.000	86.414	17.754	0.000	33.811
916.000	86.425	17.880	0.000	20.316
918.000	86.406	18.756	0.000	2.677
920.000	86.420	19.204	0.000	-5.409
922.000	86.400	19.549	0.000	-17.057
924.000	86.409	20.081	0.000	-27.680
926.000	86.398	20.507	0.000	-36.080
928.000	86.399	20.875	0.000	-44.684
930.000	86.392	21.634	0.000	-55.728
932.000	86.393	22.120	0.000	-64.741
934.000	86.387	22.872	0.000	-75.314
936.000	86.382	23.561	0.000	-86.122
938.000	86.387	24.145	0.000	-96.187
940.000	86.373	24.442	0.000	-105.850
942.000	86.381	24.882	0.000	-116.186
944.000	86.368	25.183	0.000	-130.496
946.000	86.376	24.834	0.000	-143.981
948.000	86.359	24.372	0.000	-159.221
950.000	86.374	23.551	0.000	-170.963
952.000	86.354	22.518	0.000	179.885
954.000	86.365	21.640	0.000	169.490
956.000	86.353	21.272	0.000	158.755
958.000	86.357	20.937	0.000	146.121
960.000	86.349	20.130	0.000	130.786
962.000	86.352	18.975	0.000	109.998
964.000	86.347	16.939	0.000	80.880
966.000	86.341	15.200	0.000	39.581
968.000	86.349	14.678	0.000	-11.436
970.000	86.332	17.186	0.000	-43.057
972.000	86.345	19.312	0.000	-60.798
974.000	86.331	21.063	0.000	-77.526
976.000	86.339	23.119	0.000	-92.493
978.000	86.326	24.635	0.000	-106.701
980.000	86.337	26.198	0.000	-121.332
982.000	86.321	27.639	0.000	-135.173
984.000	86.329	28.792	0.000	-146.933
986.000	86.325	29.568	0.000	-160.657
988.000	86.319	30.213	0.000	-174.549
990.000	86.324	30.786	0.000	171.605
992.000	86.316	30.912	0.000	160.229
994.000	86.320	31.169	0.000	147.343
996.000	86.311	31.070	0.000	137.082
998.000	86.321	30.920	0.000	126.415
1000.000	86.304	30.940	0.000	118.134
1002.000	86.318	30.908	0.000	109.424
1004.000	86.305	31.068	0.000	99.537
1006.000	86.309	30.978	0.000	91.267
1008.000	86.307	30.532	0.000	82.119
1010.000	86.305	30.147	0.000	73.331
1012.000	86.304	29.938	0.000	67.752
1014.000	86.301	29.753	0.000	62.566
1016.000	86.306	29.427	0.000	57.323
1018.000	86.293	29.479	0.000	54.616
1020.000	86.308	29.859	0.000	51.650
1022.000	86.291	30.238	0.000	45.492
1024.000	86.301	30.650	0.000	38.111
1026.000	86.295	31.223	0.000	30.532
1028.000	86.295	31.668	0.000	22.303
1030.000	86.294	32.085	0.000	13.054
1032.000	86.294	32.060	0.000	3.698
1034.000	86.294	32.109	0.000	-6.871
1036.000	86.288	31.845	0.000	-17.999
1038.000	86.299	31.580	0.000	-28.191
1040.000	86.282	31.110	0.000	-37.425
1042.000	86.297	30.704	0.000	-44.402
1044.000	86.285	30.221	0.000	-51.132
1046.000	86.289	29.633	0.000	-58.478
1048.000	86.290	28.961	0.000	-64.587
1050.000	86.286	28.632	0.000	-69.478
1052.000	86.289	28.634	0.000	-74.865
1054.000	86.285	28.312	0.000	-81.291
1056.000	86.291	27.773	0.000	-85.682
1058.000	86.280	27.628	0.000	-89.029
1060.000	86.293	27.343	0.000	-93.783
1062.000	86.279	27.238	0.000	-98.556
1064.000	86.288	27.182	0.000	-103.576
1066.000	86.286	27.050	0.000	-108.602
1068.000	86.280	26.820	0.000	-115.220
1070.000	86.291	26.870	0.000	-120.912
1072.000	86.279	26.874	0.000	-127.173
1074.000	86.288	26.675	0.000	-133.501
1076.000	86.282	26.426	0.000	-137.739
1078.000	86.287	26.384	0.000	-144.585
1080.000	86.282	26.219	0.000	-151.396
1082.000	86.288	25.904	0.000	-156.716
1084.000	86.284	25.488	0.000	-161.022
1086.000	86.282	25.395	0.000	-167.219
1088.000	86.292	25.194	0.000	-173.152
1090.000	86.277	24.695	0.000	-175.786
1092.000	86.293	24.237	0.000	-178.640
1094.000	86.283	24.299	0.000	-179.603
1096.000	86.285	24.204	0.000	178.132
1098.000	86.291	24.379	0.000	174.445
1100.000	86.283	24.621	0.000	169.639
1102.000	86.291	24.856	0.000	165.066
1104.000	86.286	25.355	0.000	161.171
1106.000	86.290	25.838	0.000	153.379
1108.000	86.287	26.380	0.000	145.336
1110.000	86.292	26.611	0.000	135.862
1112.000	86.288	26.597	0.000	124.609
1114.000	86.291	26.537	0.000	114.655
1116.000	86.295	26.253	0.000	105.503
1118.000	86.285	25.684	0.000	95.653
1120.000	86.300	24.961	0.000	85.901
1122.000	86.287	24.232	0.000	80.048
1124.000	86.296	23.223	0.000	71.986
1126.000	86.297	22.531	0.000	65.393
1128.000	86.290	21.804	0.000	63.699
1130.000	86.304	21.553	0.000	62.690
1132.000	86.291	21.053	0.000	58.088
1134.000	86.302	20.497	0.000	51.959
1136.000	86.299	20.068	0.000	50.245
1138.000	86.299	19.944	0.000	46.887
1140.000	86.303	19.266	0.000	40.105
1142.000	86.301	18.633	0.000	32.928
1144.000	86.305	18.389	0.000	29.929
1146.000	86.302	17.950	0.000	30.811
1148.000	86.309	17.536	0.000	27.289
1150.000	86.302	18.088	0.000	30.608
1152.000	86.312	18.011	0.000	35.849
1154.000	86.307	18.228	0.000	30.196
1156.000	86.307	18.341	0.000	27.074
1158.000	86.317	19.239	0.000	25.509
1160.000	86.305	20.112	0.000	21.185
1162.000	86.320	19.941	0.000	13.150
1164.000	86.313	20.167	0.000	7.057
1166.000	86.314	20.734	0.000	-1.089
1168.000	86.324	21.308	0.000	-5.479
1170.000	86.311	21.492	0.000	-11.703
1172.000	86.327	21.734	0.000	-23.876
1174.000	86.320	22.132	0.000	-37.919
1176.000	86.322	21.632	0.000	-46.462
1178.000	86.331	20.886	0.000	-54.881
1180.000	86.320	20.714	0.000	-63.267
1182.000	86.334	19.768	0.000	-70.454
1184.000	86.327	18.169	0.000	-77.411
1186.000	86.331	17.745	0.000	-84.865
1188.000	86.336	16.912	0.000	-87.909
1190.000	86.332	15.801	0.000	-89.399
1192.000	86.340	15.762	0.000	-88.535
1194.000	86.336	15.984	0.000	-81.754
1196.000	86.340	15.493	0.000	-85.017
1198.000	86.341	15.571	0.000	-87.786
1200.000	86.343	15.810	0.000	-86.492
1202.000	86.344	16.251	0.000	-98.905
1204.000	86.346	16.938	0.000	-105.559
1206.000	86.348	17.365	0.000	-107.981
1208.000	86.347	16.969	0.000	-111.122
1210.000	86.352	17.508	0.000	-116.857
1212.000	86.349	17.582	0.000	-127.820
1214.000	86.352	16.493	0.000	-140.439
1216.000	86.355	16.342	0.000	-146.943
1218.000	86.351	16.585	0.000	-151.933
1220.000	86.360	16.779	0.000	-158.997
1222.000	86.355	16.523	0.000	-166.098
1224.000	86.360	16.517	0.000	-176.520
1226.000	86.364	17.006	0.000	-177.065
1228.000	86.358	15.396	0.000	177.307
1230.000	86.371	15.103	0.000	164.160
1232.000	86.362	14.996	0.000	157.383
1234.000	86.371	14.574	0.000	150.745
1236.000	86.372	14.444	0.000	143.133
1238.000	86.368	13.682	0.000	124.823
1240.000	86.380	13.591	0.000	118.536
1242.000	86.372	12.484	0.000	120.635
1244.000	86.380	9.886	0.000	108.622
1246.000	86.382	10.506	0.000	88.898
1248.000	86.377	10.593	0.000	83.492
1250.000	86.391	10.240	0.000	119.075
1252.000	86.381	10.593	0.000	133.526
1254.000	86.391	9.896	0.000	57.042
1256.000	86.393	10.005	0.000	10.217
1258.000	86.388	10.495	0.000	-119.541
1260.000	86.401	10.577	0.000	-136.007
1262.000	86.392	9.613	0.000	-120.030
1264.000	86.401	10.283	0.000	-107.621
1266.000	86.403	10.132	0.000	-140.279
1268.000	86.399	9.296	0.000	-153.820
1270.000	86.410	9.814	0.000	-142.419
1272.000	86.404	10.318	0.000	-104.457
1274.000	86.411	11.049	0.000	-117.803
1276.000	86.414	10.567	0.000	-112.175
1278.000	86.410	10.456	0.000	-123.880
1280.000	86.421	11.181	0.000	-145.343
1282.000	86.415	10.182	0.000	-138.151
1284.000	86.423	10.506	0.000	-161.335
1286.000	86.423	11.043	0.000	-160.073
1288.000	86.424	10.406	0.000	-169.572
1290.000	86.430	11.331	0.000	-162.052
1292.000	86.428	11.308	0.000	169.349
1294.000	86.434	9.599	0.000	167.800
1296.000	86.434	11.524	0.000	170.992
1298.000	86.437	12.502	0.000	-166.830
1300.000	86.439	11.757	0.000	178.510
1302.000	86.442	11.724	0.000	166.464
1304.000	86.444	11.567	0.000	164.539
1306.000	86.445	10.805	0.000	173.091
1308.000	86.451	10.914	0.000	170.322
1310.000	86.448	12.139	0.000	158.070
1312.000	86.456	11.983	0.000	152.174
1314.000	86.456	12.429	0.000	134.358
1316.000	86.456	12.659	0.000	135.263
1318.000	86.466	12.325	0.000	132.253
1320.000	86.456	11.765	0.000	132.332
1322.000	86.471	11.439	0.000	116.197
1324.000	86.466	11.861	0.000	113.790
1326.000	86.468	11.710	0.000	109.028
1328.000	86.479	12.344	0.000	116.595
1330.000	86.467	12.433	0.000	122.854
1332.000	86.484	12.683	0.000	107.550
1334.000	86.478	12.109	0.000	103.786
1336.000	86.480	12.074	0.000	104.191
1338.000	86.492	11.376	0.000	93.980
1340.000	86.479	11.110	0.000	81.106
1342.000	86.497	10.347	0.000	75.815
1344.000	86.490	11.173	0.000	83.822
1346.000	86.495	11.920	0.000	64.793
1348.000	86.501	11.690	0.000	55.350
1350.000	86.496	12.170	0.000	50.616
1352.000	86.506	11.225	0.000	67.248
1354.000	86.503	11.034	0.000	91.383
1356.000	86.510	11.527	0.000	60.177
1358.000	86.509	11.159	0.000	40.079
1360.000	86.515	10.918	0.000	51.690
1362.000	86.515	9.478	0.000	53.626
1364.000	86.518	10.630	0.000	37.072
1366.000	86.524	10.619	0.000	37.524
1368.000	86.518	10.234	0.000	31.353
1370.000	86.534	10.975	0.000	25.921
1372.000	86.524	11.971	0.000	25.315
1374.000	86.534	10.551	0.000	29.114
1376.000	86.538	10.138	0.000	27.074
1378.000	86.530	9.928	0.000	34.824
1380.000	86.549	10.756	0.000	14.281
1382.000	86.535	10.200	0.000	1.374
1384.000	86.549	10.118	0.000	3.529
1386.000	86.548	11.261	0.000	11.316
1388.000	86.549	11.108	0.000	-3.167
1390.000	86.556	9.839	0.000	-0.073
1392.000	86.554	10.816	0.000	-6.662
1394.000	86.561	9.618	0.000	-13.707
1396.000	86.559	9.852	0.000	-10.447
1398.000	86.568	10.454	0.000	-7.907
1400.000	86.562	10.153	0.000	-16.579
1402.000	86.573	10.526	0.000	-12.479
1404.000	86.572	11.597	0.000	6.414
1406.000	86.571	10.983	0.000	-12.860
1408.000	86.586	10.281	0.000	-24.066
1410.000	86.571	9.747	0.000	-23.692
1412.000	86.591	9.987	0.000	-26.084
1414.000	86.582	10.989	0.000	-40.385
1416.000	86.589	10.818	0.000	-47.216
1418.000	86.594	9.765	0.000	-56.310
1420.000	86.592	10.240	0.000	-47.681
1422.000	86.599	11.032	0.000	-51.390
1424.000	86.598	9.545	0.000	-53.911
1426.000	86.606	9.226	0.000	-50.707
1428.000	86.600	10.251	0.000	-34.987
1430.000	86.615	10.988	0.000	-47.763
1432.000	86.606	10.959	0.000	-24.723
1434.000	86.616	11.514	0.000	-32.487
1436.000	86.620	11.924	0.000	-47.942
1438.000	86.613	11.434	0.000	-36.045
1440.000	86.631	11.078	0.000	-44.896
1442.000	86.618	11.216	0.000	-45.594
1444.000	86.633	10.262	0.000	-35.558
1446.000	86.628	9.413	0.000	-44.800
1448.000	86.637	9.273	0.000	-50.535
1450.000	86.633	10.131	0.000	-70.000
1452.000	86.643	10.603	0.000	-74.366
1454.000	86.642	10.680	0.000	-71.403
1456.000	86.642	12.085	0.000	-69.739
1458.000	86.656	11.349	0.000	-59.760
1460.000	86.642	11.150	0.000	-57.652
1462.000	86.662	12.011	0.000	-66.763
1464.000	86.653	11.515	0.000	-62.620
1466.000	86.661	11.491	0.000	-64.594
1468.000	86.663	11.817	0.000	-78.641
1470.000	86.666	11.150	0.000	-91.213
1472.000	86.669	10.911	0.000	-77.115
1474.000	86.670	10.750	0.000	-76.323
1476.000	86.680	9.509	0.000	-94.587
1478.000	86.669	9.803	0.000	-83.754
1480.000	86.690	10.522	0.000	-81.527
1482.000	86.675	11.505	0.000	-85.975
1484.000	86.692	11.030	0.000	-92.557
1486.000	86.687	12.005	0.000	-93.799
1488.000	86.694	12.394	0.000	-85.274
1490.000	86.694	11.794	0.000	-79.637
1492.000	86.699	12.487	0.000	-88.988
1494.000	86.703	11.913	0.000	-98.543
1496.000	86.700	11.345	0.000	-108.830
1498.000	86.715	10.558	0.000	-113.839
1500.000	86.701	11.545	0.000	-121.122
1502.000	86.721	11.855	0.000	-121.125
1504.000	86.711	11.657	0.000	-124.612
1506.000	86.723	12.193	0.000	-127.239
1508.000	86.720	11.835	0.000	-121.122
1510.000	86.729	12.268	0.000	-132.252
1512.000	86.726	11.917	0.000	-130.280
1514.000	86.732	11.821	0.000	-134.566
1516.000	86.738	12.529	0.000	-123.426
1518.000	86.731	11.889	0.000	-125.394
1520.000	86.749	11.953	0.000	-126.737
1522.000	86.736	12.126	0.000	-127.770
1524.000	86.753	11.530	0.000	-133.331
1526.000	86.744	11.511	0.000	-144.272
1528.000	86.760	11.664	0.000	-149.223
1530.000	86.749	11.580	0.000	-147.088
1532.000	86.766	11.724	0.000	-149.259
1534.000	86.759	12.253	0.000	-157.678
1536.000	86.765	12.184	0.000	-156.983
1538.000	86.771	12.103	0.000	-155.920
1540.000	86.769	10.886	0.000	-165.315
1542.000	86.778	10.678	0.000	-168.934
1544.000	86.774	11.321	0.000	-169.668
1546.000	86.787	10.771	0.000	171.981
1548.000	86.775	12.230	0.000	159.025
1550.000	86.798	12.221	0.000	176.888
1552.000	86.781	12.304	0.000	-165.237
1554.000	86.801	11.991	0.000	172.842
1556.000	86.791	12.139	0.000	158.371
1558.000	86.806	12.547	0.000	172.492
1560.000	86.796	12.570	0.000	167.811
1562.000	86.813	12.067	0.000	178.500
1564.000	86.806	11.521	0.000	174.141
1566.000	86.812	12.679	0.000	166.763
1568.000	86.818	12.599	0.000	163.732
1570.000	86.816	11.878	0.000	150.525
1572.000	86.824	11.773	0.000	153.479
1574.000	86.822	12.359	0.000	153.506
1576.000	86.834	12.177	0.000	143.156
1578.000	86.823	12.019	0.000	136.918
1580.000	86.844	11.883	0.000	134.398
1582.000	86.829	11.226	0.000	138.943
1584.000	86.848	11.689	0.000	140.861
1586.000	86.837	12.309	0.000	139.398
1588.000	86.856	11.564	0.000	124.511
1590.000	86.841	11.536	0.000	110.866
1592.000	86.863	11.803	0.000	112.169
1594.000	86.851	11.297	0.000	100.905
1596.000	86.864	11.533	0.000	103.298
1598.000	86.860	10.607	0.000	119.841
1600.000	86.870	10.594	0.000	102.673
1602.000	86.866	10.771	0.000	115.739
1604.000	86.874	10.829	0.000	114.590
1606.000	86.878	9.952	0.000	116.904
1608.000	86.876	10.833	0.000	103.118
1610.000	86.886	10.846	0.000	100.341
1612.000	86.883	10.287	0.000	96.620
1614.000	86.893	10.726	0.000	87.902
1616.000	86.886	11.033	0.000	89.366
1618.000	86.905	10.547	0.000	88.892
1620.000	86.889	10.279	0.000	94.324
1622.000	86.911	9.862	0.000	94.937
1624.000	86.898	9.326	0.000	90.370
1626.000	86.917	10.548	0.000	83.389
1628.000	86.901	10.738	0.000	85.443
1630.000	86.926	11.444	0.000	73.938
1632.000	86.908	11.036	0.000	75.858
1634.000	86.930	10.754	0.000	96.327
1636.000	86.917	10.829	0.000	66.192
1638.000	86.938	10.706	0.000	78.973
1640.000	86.921	10.780	0.000	90.962
1642.000	86.945	9.882	0.000	62.057
1644.000	86.931	10.033	0.000	16.129
1646.000	86.947	11.311	0.000	28.083
1648.000	86.939	11.471	0.000	32.569
1650.000	86.955	8.901	0.000	56.744
1652.000	86.944	9.859	0.000	23.572
1654.000	86.960	10.284	0.000	46.621
1656.000	86.955	9.791	0.000	45.490
1658.000	86.964	10.005	0.000	20.365
1660.000	86.962	10.433	0.000	21.008
1662.000	86.971	9.825	0.000	53.254
1664.000	86.970	9.795	0.000	38.233
1666.000	86.974	10.307	0.000	29.237
1668.000	86.980	10.071	0.000	29.372
1670.000	86.980	9.551	0.000	2.571
1672.000	86.985	9.534	0.000	-4.390
1674.000	86.987	11.653	0.000	-2.818
1676.000	86.994	11.912	0.000	-11.539
1678.000	86.991	10.577	0.000	-1.961
1680.000	87.002	10.404	0.000	20.407
1682.000	86.999	10.005	0.000	-0.925
1684.000	87.008	10.282	0.000	-16.764
1686.000	87.004	9.936	0.000	-14.013
1688.000	87.018	10.345	0.000	3.089
1690.000	87.010	10.416	0.000	-10.959
1692.000	87.023	9.792	0.000	-33.014
1694.000	87.018	9.952	0.000	-26.721
1696.000	87.031	9.155	0.000	-36.672
1698.000	87.022	9.485	0.000	-68.293
1700.000	87.038	10.688	0.000	-27.686
1702.000	87.031	10.510	0.000	-7.856
1704.000	87.043	10.294	0.000	-34.262
1706.000	87.036	9.757	0.000	-28.651
1708.000	87.053	10.224	0.000	-137.919
1710.000	87.042	9.931	0.000	-90.025
1712.000	87.058	10.525	0.000	-45.551
1714.000	87.051	10.178	0.000	-46.646
1716.000	87.065	10.175	0.000	-48.923
1718.000	87.055	10.102	0.000	-60.390
1720.000	87.072	9.805	0.000	-53.420
1722.000	87.064	9.672	0.000	-57.802
1724.000	87.077	9.505	0.000	-83.581
1726.000	87.071	10.155	0.000	-81.665
1728.000	87.086	10.782	0.000	-70.740
1730.000	87.077	9.417	0.000	-94.891
1732.000	87.091	9.419	0.000	-69.577
1734.000	87.087	9.685	0.000	-84.214
1736.000	87.097	10.216	0.000	-93.704
1738.000	87.093	9.770	0.000	-105.349
1740.000	87.103	9.280	0.000	-79.533
1742.000	87.103	10.394	0.000	-90.023
1744.000	87.108	10.354	0.000	-106.811
1746.000	87.109	10.094	0.000	-95.736
1748.000	87.115	8.893	0.000	-108.811
1750.000	87.118	9.603	0.000	-108.976
1752.000	87.119	9.519	0.000	-87.328
1754.000	87.127	10.098	0.000	-73.014
1756.000	87.126	9.451	0.000	-96.529
1758.000	87.134	8.863	0.000	-119.597
1760.000	87.130	9.218	0.000	-125.083
1762.000	87.145	8.874	0.000	-100.954
1764.000	87.135	9.755	0.000	-106.608
1766.000	87.151	9.694	0.000	-117.319
1768.000	87.141	8.923	0.000	-120.082
1770.000	87.161	9.698	0.000	-121.269
1772.000	87.145	10.404	0.000	-120.666
1774.000	87.169	10.697	0.000	-104.533
1776.000	87.153	9.590	0.000	-108.103
1778.000	87.178	8.885	0.000	-100.549
1780.000	87.157	10.426	0.000	-104.593
1782.000	87.186	9.567	0.000	-137.613
1784.000	87.164	8.567	0.000	-133.678
1786.000	87.193	9.047	0.000	-108.995
1788.000	87.169	8.195	0.000	-170.819
1790.000	87.202	9.815	0.000	173.538
1792.000	87.177	9.747	0.000	136.959
1794.000	87.206	10.182	0.000	-170.864
1796.000	87.186	9.916	0.000	-126.945
1798.000	87.213	9.932	0.000	-135.365
1800.000	87.194	9.484	0.000	-164.188
1802.000	87.217	10.316	0.000	-167.467
1804.000	87.205	11.036	0.000	-145.357
1806.000	87.221	11.594	0.000	-121.878
1808.000	87.214	11.406	0.000	-117.127
1810.000	87.225	11.147	0.000	-125.416
1812.000	87.226	11.251	0.000	-138.116
1814.000	87.227	11.409	0.000	-146.146
1816.000	87.236	9.888	0.000	-104.341
1818.000	87.231	9.582	0.000	-121.699
1820.000	87.248	8.837	0.000	-148.804
1822.000	87.233	8.844	0.000	-153.380
1824.000	87.258	9.838	0.000	-132.135
1826.000	87.239	8.497	0.000	-146.994
1828.000	87.267	9.212	0.000	179.766
1830.000	87.243	9.919	0.000	-155.323
1832.000	87.276	8.848	0.000	-148.824
1834.000	87.251	9.674	0.000	-146.422
1836.000	87.282	10.055	0.000	-145.521
1838.000	87.259	10.704	0.000	-148.740
1840.000	87.288	11.185	0.000	-138.028
1842.000	87.269	10.209	0.000	-164.224
1844.000	87.291	9.165	0.000	178.902
1846.000	87.281	7.589	0.000	-109.868
1848.000	87.294	9.582	0.000	-120.377
1850.000	87.294	9.811	0.000	-112.150
1852.000	87.294	9.820	0.000	-152.426
1854.000	87.308	9.968	0.000	-169.533
1856.000	87.296	9.968	0.000	-101.709
1858.000	87.320	10.670	0.000	-148.384
1860.000	87.298	8.642	0.000	-147.348
1862.000	87.331	8.291	0.000	-140.481
1864.000	87.304	9.292	0.000	144.612
1866.000	87.338	9.073	0.000	179.245
1868.000	87.311	9.292	0.000	-145.681
1870.000	87.344	9.395	0.000	65.963
1872.000	87.323	10.013	0.000	159.496
1874.000	87.346	9.593	0.000	146.622
1876.000	87.336	9.931	0.000	-173.104
1878.000	87.347	10.375	0.000	171.564
1880.000	87.351	9.911	0.000	142.821
1882.000	87.346	9.286	0.000	-149.922
1884.000	87.365	9.377	0.000	-145.712
1886.000	87.349	9.804	0.000	-179.637
1888.000	87.377	10.261	0.000	-177.516
1890.000	87.351	9.995	0.000	173.550
1892.000	87.387	9.219	0.000	162.815
1894.000	87.359	9.450	0.000	134.193
1896.000	87.393	8.398	0.000	-54.460
1898.000	87.369	8.728	0.000	-173.880
1900.000	87.394	8.399	0.000	-174.590
1902.000	87.385	8.792	0.000	-149.707
1904.000	87.393	8.503	0.000	-117.862
1906.000	87.400	8.498	0.000	158.553
1908.000	87.392	9.161	0.000	-177.547
1910.000	87.416	8.959	0.000	175.534
1912.000	87.392	9.458	0.000	159.007
1914.000	87.428	9.122	0.000	178.719
1916.000	87.398	10.067	0.000	-172.048
1918.000	87.435	9.429	0.000	164.542
1920.000	87.408	8.638	0.000	143.167
1922.000	87.436	9.866	0.000	156.236
1924.000	87.425	10.303	0.000	177.582
1926.000	87.435	10.789	0.000	-169.641
1928.000	87.442	10.688	0.000	117.846
1930.000	87.432	10.070	0.000	106.658
1932.000	87.459	9.411	0.000	33.947
1934.000	87.432	8.317	0.000	-22.351
1936.000	87.470	9.274	0.000	-60.686
1938.000	87.439	9.054	0.000	-77.361
1940.000	87.476	9.781	0.000	-78.758
1942.000	87.453	10.141	0.000	-83.327
1944.000	87.474	10.028	0.000	-87.377
1946.000	87.471	9.919	0.000	-98.140
1948.000	87.471	9.453	0.000	-148.174
1950.000	87.490	9.878	0.000	-141.492
1952.000	87.468	10.127	0.000	-156.764
1954.000	87.504	10.087	0.000	-120.849
1956.000	87.473	9.213	0.000	-121.838
1958.000	87.511	10.209	0.000	-120.228
1960.000	87.485	9.921	0.000	-130.214
1962.000	87.511	8.880	0.000	-165.785
1964.000	87.503	10.155	0.000	-166.345
1966.000	87.507	9.966	0.000	-166.818
1968.000	87.523	10.564	0.000	-177.285
1970.000	87.503	10.084	0.000	170.855
1972.000	87.540	9.903	0.000	-175.513
1974.000	87.507	10.365	0.000	-159.977
1976.000	87.547	10.227	0.000	-174.309
1978.000	87.520	10.834	0.000	163.057
1980.000	87.545	10.338	0.000	178.738
1982.000	87.541	9.696	0.000	165.095
1984.000	87.539	10.590	0.000	127.647
1986.000	87.562	9.748	0.000	116.270
1988.000	87.536	10.015	0.000	127.572
1990.000	87.576	9.557	0.000	135.638
1992.000	87.542	9.151	0.000	154.646
1994.000	87.580	9.146	0.000	161.083
1996.000	87.559	9.411	0.000	120.918
1998.000	87.575	10.467	0.000	135.248
2000.000	87.582	9.768	0.000	124.070
