2000.000	86.576	12.087	0.000	-129.827
2.000	86.582	11.155	0.000	-79.782
4.000	86.635	9.982	0.000	23.728
6.000	86.591	11.254	0.000	-47.766
8.000	86.592	11.089	0.000	-33.573
10.000	86.645	10.586	0.000	-132.447
12.000	86.603	10.549	0.000	-134.089
14.000	86.602	11.116	0.000	-122.153
16.000	86.656	11.593	0.000	-114.339
18.000	86.616	11.793	0.000	-64.418
20.000	86.612	9.875	0.000	-91.790
22.000	86.667	10.657	0.000	-105.322
24.000	86.627	10.705	0.000	-77.773
26.000	86.623	10.560	0.000	-141.024
28.000	86.679	10.051	0.000	143.997
30.000	86.638	9.944	0.000	155.625
32.000	86.634	10.521	0.000	-70.156
34.000	86.691	10.743	0.000	-67.812
36.000	86.649	11.118	0.000	-107.110
38.000	86.645	10.969	0.000	-91.135
40.000	86.702	11.430	0.000	-85.947
42.000	86.660	11.012	0.000	-73.299
44.000	86.658	11.579	0.000	-45.231
46.000	86.713	11.604	0.000	-49.327
48.000	86.670	10.353	0.000	-98.782
50.000	86.671	10.504	0.000	-121.945
52.000	86.723	10.350	0.000	-82.870
54.000	86.679	9.888	0.000	-118.170
56.000	86.685	10.605	0.000	-109.283
58.000	86.733	10.971	0.000	-122.664
60.000	86.688	10.582	0.000	-109.775
62.000	86.702	10.652	0.000	-130.537
64.000	86.743	10.846	0.000	2.986
66.000	86.696	10.020	0.000	12.060
68.000	86.718	10.029	0.000	-120.030
70.000	86.752	9.960	0.000	-108.711
72.000	86.704	10.925	0.000	-124.120
74.000	86.735	10.329	0.000	158.686
76.000	86.761	9.780	0.000	-43.816
78.000	86.712	9.475	0.000	-143.326
80.000	86.753	10.771	0.000	-97.867
82.000	86.768	11.400	0.000	-92.174
84.000	86.721	11.740	0.000	-111.542
86.000	86.771	11.203	0.000	-171.649
88.000	86.775	10.800	0.000	174.142
90.000	86.733	10.172	0.000	-118.097
92.000	86.787	11.180	0.000	-87.169
94.000	86.780	11.719	0.000	-91.625
96.000	86.747	11.364	0.000	-123.273
98.000	86.803	11.123	0.000	-109.767
100.000	86.783	11.369	0.000	-175.967
102.000	86.763	10.935	0.000	174.229
104.000	86.818	11.789	0.000	-50.070
106.000	86.786	11.130	0.000	-55.612
108.000	86.782	11.439	0.000	-89.095
110.000	86.830	10.833	0.000	-68.667
112.000	86.789	9.561	0.000	139.499
114.000	86.804	10.936	0.000	50.598
116.000	86.839	10.498	0.000	17.168
118.000	86.793	10.640	0.000	105.847
120.000	86.826	10.138	0.000	-141.705
122.000	86.845	10.705	0.000	-45.902
124.000	86.801	11.225	0.000	-37.689
126.000	86.848	10.252	0.000	-42.277
128.000	86.847	10.163	0.000	-17.568
130.000	86.813	10.213	0.000	-29.170
132.000	86.869	9.952	0.000	53.777
134.000	86.848	10.706	0.000	-19.340
136.000	86.830	12.121	0.000	-177.216
138.000	86.884	11.229	0.000	144.176
140.000	86.849	10.612	0.000	-18.666
142.000	86.852	10.874	0.000	-90.340
144.000	86.895	10.724	0.000	-76.037
146.000	86.851	10.476	0.000	-119.422
148.000	86.877	11.182	0.000	-119.984
150.000	86.900	11.037	0.000	-84.795
152.000	86.858	10.323	0.000	-94.185
154.000	86.901	10.755	0.000	-166.145
156.000	86.899	11.048	0.000	-52.978
158.000	86.872	11.240	0.000	-8.684
160.000	86.923	9.580	0.000	24.390
162.000	86.896	11.014	0.000	-67.554
164.000	86.893	12.493	0.000	-78.709
166.000	86.938	12.172	0.000	-117.998
168.000	86.895	10.364	0.000	96.722
170.000	86.918	9.041	0.000	-87.101
172.000	86.944	8.915	0.000	4.387
174.000	86.900	10.279	0.000	-132.474
176.000	86.945	11.025	0.000	-150.800
178.000	86.943	9.998	0.000	-139.614
180.000	86.914	11.124	0.000	-93.955
182.000	86.967	11.754	0.000	-85.284
184.000	86.939	11.316	0.000	-111.032
186.000	86.937	10.694	0.000	-151.494
188.000	86.979	9.728	0.000	-100.249
190.000	86.938	11.043	0.000	-108.125
192.000	86.966	11.241	0.000	-105.696
194.000	86.981	11.118	0.000	-46.623
196.000	86.946	10.183	0.000	-160.214
198.000	86.993	11.113	0.000	-99.397
200.000	86.976	11.655	0.000	-72.335
202.000	86.965	12.137	0.000	-79.969
204.000	87.011	12.327	0.000	-139.324
206.000	86.972	11.216	0.000	-103.280
208.000	86.994	11.696	0.000	-108.298
210.000	87.016	11.233	0.000	-92.546
212.000	86.975	10.578	0.000	-95.801
214.000	87.023	10.654	0.000	-98.441
216.000	87.012	10.594	0.000	-105.264
218.000	86.993	10.696	0.000	-96.338
220.000	87.042	10.558	0.000	-87.539
222.000	87.006	10.826	0.000	-76.949
224.000	87.022	9.481	0.000	-83.735
226.000	87.048	10.562	0.000	-108.560
228.000	87.009	11.509	0.000	-106.786
230.000	87.052	11.840	0.000	-93.810
232.000	87.042	11.627	0.000	-89.088
234.000	87.028	10.674	0.000	-115.775
236.000	87.071	11.121	0.000	-75.964
238.000	87.035	11.969	0.000	-88.367
240.000	87.059	11.011	0.000	-109.135
242.000	87.074	11.665	0.000	-140.032
244.000	87.040	12.307	0.000	-113.214
246.000	87.088	12.474	0.000	-111.783
248.000	87.066	12.643	0.000	-88.643
250.000	87.064	12.256	0.000	-88.182
252.000	87.103	10.483	0.000	-108.807
254.000	87.062	11.525	0.000	-101.189
256.000	87.097	11.811	0.000	-109.521
258.000	87.100	11.343	0.000	-124.538
260.000	87.074	11.837	0.000	-119.789
262.000	87.121	11.462	0.000	-129.915
264.000	87.091	11.564	0.000	-143.990
266.000	87.104	11.877	0.000	-124.901
268.000	87.127	11.852	0.000	-128.216
270.000	87.093	11.170	0.000	-138.310
272.000	87.136	10.600	0.000	-131.547
274.000	87.118	11.508	0.000	-130.519
276.000	87.116	11.384	0.000	-116.617
278.000	87.151	10.711	0.000	-141.099
280.000	87.112	10.696	0.000	-114.169
282.000	87.150	11.061	0.000	-177.717
284.000	87.145	11.695	0.000	-176.531
286.000	87.127	11.130	0.000	-158.429
288.000	87.173	10.318	0.000	177.691
290.000	87.135	10.429	0.000	175.991
292.000	87.160	11.113	0.000	152.617
294.000	87.172	10.932	0.000	142.632
296.000	87.144	11.310	0.000	115.758
298.000	87.189	12.283	0.000	111.274
300.000	87.160	11.536	0.000	95.464
302.000	87.174	12.997	0.000	84.873
304.000	87.194	15.386	0.000	69.727
306.000	87.163	16.178	0.000	58.282
308.000	87.205	17.066	0.000	36.997
310.000	87.182	18.180	0.000	15.133
312.000	87.191	18.755	0.000	-5.159
314.000	87.215	18.988	0.000	-19.620
316.000	87.180	18.998	0.000	-26.592
318.000	87.224	19.680	0.000	-43.853
320.000	87.203	19.941	0.000	-59.465
322.000	87.206	19.523	0.000	-67.647
324.000	87.236	19.294	0.000	-72.637
326.000	87.199	18.891	0.000	-81.003
328.000	87.240	18.854	0.000	-86.838
330.000	87.224	18.487	0.000	-91.975
332.000	87.222	18.699	0.000	-96.026
334.000	87.253	18.511	0.000	-100.773
336.000	87.219	18.022	0.000	-102.503
338.000	87.258	17.468	0.000	-106.203
340.000	87.241	17.604	0.000	-100.270
342.000	87.243	17.919	0.000	-104.365
344.000	87.270	17.703	0.000	-100.757
346.000	87.236	18.192	0.000	-101.652
348.000	87.277	19.341	0.000	-112.336
350.000	87.256	19.910	0.000	-117.148
352.000	87.262	20.180	0.000	-120.693
354.000	87.287	20.626	0.000	-128.263
356.000	87.253	20.439	0.000	-135.333
358.000	87.296	19.992	0.000	-142.629
360.000	87.273	20.252	0.000	-150.372
362.000	87.282	19.901	0.000	-155.478
364.000	87.302	18.995	0.000	-161.567
366.000	87.273	17.714	0.000	-163.712
368.000	87.314	16.771	0.000	-162.593
370.000	87.286	16.391	0.000	-169.913
372.000	87.304	14.853	0.000	-169.489
374.000	87.314	14.895	0.000	-150.553
376.000	87.293	14.542	0.000	-137.441
378.000	87.332	14.674	0.000	-129.638
380.000	87.298	16.983	0.000	-126.942
382.000	87.328	18.014	0.000	-125.153
384.000	87.325	19.057	0.000	-129.219
386.000	87.312	20.452	0.000	-132.858
388.000	87.348	21.138	0.000	-137.226
390.000	87.313	21.881	0.000	-143.571
392.000	87.348	22.459	0.000	-148.489
394.000	87.335	22.840	0.000	-157.496
396.000	87.335	22.941	0.000	-164.607
398.000	87.359	23.441	0.000	-171.385
400.000	87.330	23.517	0.000	-177.737
402.000	87.368	23.032	0.000	174.987
404.000	87.342	23.063	0.000	170.599
406.000	87.361	23.215	0.000	165.682
408.000	87.366	22.779	0.000	160.817
410.000	87.349	22.492	0.000	156.792
412.000	87.386	22.513	0.000	151.926
414.000	87.351	22.514	0.000	147.835
416.000	87.385	22.228	0.000	143.375
418.000	87.372	21.764	0.000	139.007
420.000	87.372	21.398	0.000	141.268
422.000	87.396	21.678	0.000	138.593
424.000	87.366	21.714	0.000	133.342
426.000	87.404	21.472	0.000	128.568
428.000	87.378	21.189	0.000	124.654
430.000	87.398	20.564	0.000	121.006
432.000	87.399	19.306	0.000	120.555
434.000	87.388	18.584	0.000	123.081
436.000	87.418	18.378	0.000	127.055
438.000	87.386	18.125	0.000	130.301
440.000	87.423	18.263	0.000	136.274
442.000	87.400	18.892	0.000	137.099
444.000	87.413	19.954	0.000	139.926
446.000	87.423	21.117	0.000	136.871
448.000	87.402	21.923	0.000	135.877
450.000	87.438	22.607	0.000	130.300
452.000	87.405	23.032	0.000	124.136
454.000	87.436	23.515	0.000	117.877
456.000	87.422	23.659	0.000	111.337
458.000	87.428	24.069	0.000	102.528
460.000	87.441	24.325	0.000	96.436
462.000	87.420	24.364	0.000	88.351
464.000	87.453	24.312	0.000	79.376
466.000	87.423	23.622	0.000	72.400
468.000	87.454	23.010	0.000	64.813
470.000	87.436	22.382	0.000	60.300
472.000	87.444	21.842	0.000	56.477
474.000	87.457	21.062	0.000	53.604
476.000	87.435	20.687	0.000	51.044
478.000	87.469	20.395	0.000	52.254
480.000	87.438	19.950	0.000	48.165
482.000	87.469	19.748	0.000	45.937
484.000	87.451	18.538	0.000	38.854
486.000	87.461	18.269	0.000	36.672
488.000	87.468	18.176	0.000	38.750
490.000	87.453	18.712	0.000	33.402
492.000	87.481	18.461	0.000	32.304
494.000	87.452	17.415	0.000	30.906
496.000	87.485	17.181	0.000	26.829
498.000	87.460	16.720	0.000	26.706
500.000	87.479	16.367	0.000	21.120
502.000	87.477	16.722	0.000	11.036
504.000	87.468	16.450	0.000	16.017
506.000	87.491	16.112	0.000	18.043
508.000	87.464	16.190	0.000	16.297
510.000	87.498	15.927	0.000	11.434
512.000	87.469	14.999	0.000	19.273
514.000	87.494	15.175	0.000	15.343
516.000	87.480	14.949	0.000	15.576
518.000	87.487	14.398	0.000	7.514
520.000	87.494	14.708	0.000	1.358
522.000	87.479	15.046	0.000	7.409
524.000	87.505	13.985	0.000	7.641
526.000	87.476	13.748	0.000	2.146
528.000	87.509	13.996	0.000	0.639
530.000	87.481	12.734	0.000	-4.954
532.000	87.504	12.158	0.000	-10.536
534.000	87.494	13.085	0.000	-11.939
536.000	87.494	12.702	0.000	-5.610
538.000	87.506	13.680	0.000	-7.905
540.000	87.488	13.309	0.000	-12.367
542.000	87.514	13.445	0.000	0.370
544.000	87.486	13.099	0.000	-2.824
546.000	87.516	12.275	0.000	-11.755
548.000	87.489	12.020	0.000	-23.779
550.000	87.512	12.362	0.000	-12.636
552.000	87.499	13.150	0.000	-16.215
554.000	87.503	11.865	0.000	-14.369
556.000	87.510	12.825	0.000	-23.280
558.000	87.494	12.955	0.000	-32.041
560.000	87.519	12.372	0.000	-44.729
562.000	87.490	12.038	0.000	-46.617
564.000	87.520	11.299	0.000	-22.947
566.000	87.493	11.169	0.000	-8.789
568.000	87.517	10.268	0.000	-4.344
570.000	87.498	11.172	0.000	-17.328
572.000	87.510	11.813	0.000	-36.692
574.000	87.506	11.654	0.000	-56.192
576.000	87.502	11.764	0.000	-36.813
578.000	87.513	11.031	0.000	-40.669
580.000	87.493	11.495	0.000	-56.633
582.000	87.520	10.852	0.000	-38.471
584.000	87.490	11.670	0.000	-47.817
586.000	87.518	11.117	0.000	-60.947
588.000	87.491	11.788	0.000	-49.613
590.000	87.514	11.897	0.000	-19.797
592.000	87.496	11.655	0.000	-26.737
594.000	87.505	12.032	0.000	-16.913
596.000	87.501	11.989	0.000	-52.283
598.000	87.498	12.340	0.000	-81.259
600.000	87.506	10.676	0.000	-67.939
602.000	87.489	10.344	0.000	-26.907
604.000	87.510	10.959	0.000	-50.450
606.000	87.483	10.573	0.000	-93.306
608.000	87.510	10.211	0.000	-84.992
610.000	87.481	10.523	0.000	-83.152
612.000	87.505	10.140	0.000	-63.032
614.000	87.483	10.153	0.000	-58.779
616.000	87.498	10.933	0.000	-83.336
618.000	87.484	9.804	0.000	-81.738
620.000	87.489	9.917	0.000	-67.082
622.000	87.488	10.450	0.000	-60.485
624.000	87.481	9.927	0.000	-54.241
626.000	87.489	9.449	0.000	-78.107
628.000	87.472	9.540	0.000	-90.545
630.000	87.492	10.118	0.000	-107.919
632.000	87.464	10.542	0.000	-99.320
634.000	87.489	10.059	0.000	-57.787
636.000	87.461	9.804	0.000	-101.948
638.000	87.485	10.506	0.000	-136.517
640.000	87.458	10.203	0.000	-168.641
642.000	87.476	10.641	0.000	-111.882
644.000	87.458	10.845	0.000	-102.062
646.000	87.469	10.139	0.000	-98.476
648.000	87.456	10.036	0.000	-83.011
650.000	87.459	9.480	0.000	-107.773
652.000	87.458	9.557	0.000	-39.400
654.000	87.448	11.294	0.000	-85.781
656.000	87.456	10.841	0.000	-102.207
658.000	87.439	10.013	0.000	-132.584
660.000	87.456	10.342	0.000	-137.811
662.000	87.430	10.536	0.000	-128.095
664.000	87.451	10.371	0.000	-101.241
666.000	87.425	11.669	0.000	-111.462
668.000	87.446	11.171	0.000	-134.296
670.000	87.417	11.252	0.000	-141.785
672.000	87.439	11.441	0.000	-116.445
674.000	87.414	10.718	0.000	-105.185
676.000	87.431	9.913	0.000	-146.927
678.000	87.408	11.031	0.000	-118.337
680.000	87.422	10.876	0.000	-132.984
682.000	87.407	10.931	0.000	-125.019
684.000	87.410	11.262	0.000	-126.334
686.000	87.403	9.323	0.000	-143.618
688.000	87.401	9.542	0.000	-125.249
690.000	87.398	9.664	0.000	-127.038
692.000	87.389	10.020	0.000	175.416
694.000	87.394	8.460	0.000	159.255
696.000	87.380	9.471	0.000	-166.169
698.000	87.389	10.911	0.000	-132.782
700.000	87.369	10.828	0.000	-144.146
702.000	87.385	10.028	0.000	-167.802
704.000	87.359	10.245	0.000	-167.215
706.000	87.377	10.494	0.000	-176.295
708.000	87.351	10.541	0.000	179.665
710.000	87.370	10.750	0.000	-162.327
712.000	87.342	11.415	0.000	-166.003
714.000	87.360	10.632	0.000	-167.075
716.000	87.335	10.341	0.000	-179.290
718.000	87.352	9.304	0.000	-136.271
720.000	87.325	10.255	0.000	-166.595
722.000	87.343	10.562	0.000	170.174
724.000	87.318	10.305	0.000	-159.680
726.000	87.332	11.879	0.000	-160.344
728.000	87.310	11.639	0.000	-163.809
730.000	87.322	11.144	0.000	179.413
732.000	87.304	9.601	0.000	-175.933
734.000	87.310	10.379	0.000	-176.864
736.000	87.295	10.968	0.000	-169.266
738.000	87.301	11.044	0.000	177.548
740.000	87.287	11.304	0.000	174.583
742.000	87.289	9.882	0.000	176.732
744.000	87.279	10.346	0.000	153.394
746.000	87.279	11.533	0.000	141.260
748.000	87.270	12.767	0.000	150.093
750.000	87.267	11.541	0.000	155.213
752.000	87.264	11.959	0.000	156.071
754.000	87.256	12.814	0.000	168.388
756.000	87.253	11.546	0.000	171.291
758.000	87.247	12.243	0.000	173.967
760.000	87.245	11.801	0.000	176.139
762.000	87.234	10.880	0.000	166.982
764.000	87.236	12.191	0.000	157.563
766.000	87.225	12.412	0.000	162.762
768.000	87.225	12.316	0.000	159.634
770.000	87.212	13.203	0.000	151.973
772.000	87.218	12.553	0.000	146.604
774.000	87.202	12.024	0.000	150.365
776.000	87.206	12.490	0.000	155.872
778.000	87.193	12.914	0.000	154.208
780.000	87.198	13.571	0.000	136.011
782.000	87.181	13.206	0.000	139.536
784.000	87.187	11.815	0.000	143.060
786.000	87.173	12.771	0.000	135.884
788.000	87.176	14.064	0.000	138.859
790.000	87.160	13.676	0.000	137.472
792.000	87.168	14.094	0.000	126.472
794.000	87.150	14.205	0.000	129.000
796.000	87.155	13.160	0.000	137.256
798.000	87.141	13.150	0.000	132.998
800.000	87.146	13.772	0.000	135.949
802.000	87.129	14.562	0.000	125.429
804.000	87.135	15.220	0.000	124.326
806.000	87.122	14.712	0.000	123.139
808.000	87.123	14.627	0.000	123.540
810.000	87.110	14.162	0.000	115.613
812.000	87.115	15.164	0.000	104.123
814.000	87.101	15.335	0.000	104.369
816.000	87.102	14.455	0.000	97.637
818.000	87.092	13.723	0.000	87.520
820.000	87.093	13.447	0.000	83.750
822.000	87.081	13.485	0.000	90.101
824.000	87.082	13.162	0.000	97.272
826.000	87.074	12.178	0.000	111.680
828.000	87.069	12.754	0.000	127.060
830.000	87.064	14.585	0.000	124.762
832.000	87.061	16.059	0.000	112.250
834.000	87.054	16.741	0.000	102.702
836.000	87.048	16.888	0.000	88.499
838.000	87.047	15.802	0.000	81.785
840.000	87.038	15.364	0.000	75.514
842.000	87.036	15.264	0.000	73.857
844.000	87.028	14.717	0.000	70.205
846.000	87.030	13.802	0.000	65.785
848.000	87.014	13.717	0.000	54.278
850.000	87.022	12.867	0.000	51.715
852.000	87.006	12.863	0.000	72.686
854.000	87.011	11.950	0.000	86.589
856.000	86.995	11.015	0.000	112.404
858.000	87.005	11.848	0.000	120.372
860.000	86.983	12.359	0.000	119.755
862.000	86.995	13.834	0.000	112.625
864.000	86.977	13.810	0.000	120.275
866.000	86.986	14.979	0.000	115.611
868.000	86.965	16.050	0.000	103.676
870.000	86.980	16.226	0.000	96.288
872.000	86.956	16.029	0.000	92.432
874.000	86.968	16.579	0.000	96.944
876.000	86.949	16.959	0.000	99.320
878.000	86.960	17.555	0.000	96.565
880.000	86.939	17.300	0.000	97.102
882.000	86.951	18.029	0.000	89.093
884.000	86.934	19.472	0.000	82.238
886.000	86.938	20.210	0.000	80.758
888.000	86.928	20.246	0.000	70.580
890.000	86.930	20.815	0.000	65.890
892.000	86.919	21.109	0.000	57.811
894.000	86.920	20.450	0.000	47.356
896.000	86.916	20.077	0.000	39.051
898.000	86.908	20.215	0.000	30.741
900.000	86.909	19.884	0.000	20.723
902.000	86.901	19.298	0.000	15.438
904.000	86.902	18.686	0.000	11.835
906.000	86.890	17.888	0.000	11.317
908.000	86.899	16.370	0.000	15.894
910.000	86.879	16.208	0.000	16.944
912.000	86.892	15.670	0.000	19.453
914.000	86.874	16.067	0.000	14.675
916.000	86.884	17.360	0.000	18.831
918.000	86.865	17.620	0.000	17.183
920.000	86.879	18.411	0.000	11.650
922.000	86.858	18.473	0.000	-0.490
924.000	86.868	18.655	0.000	-10.110
926.000	86.856	18.619	0.000	-13.492
928.000	86.858	18.275	0.000	-22.001
930.000	86.850	17.511	0.000	-29.100
932.000	86.851	16.536	0.000	-34.200
934.000	86.845	15.041	0.000	-36.201
936.000	86.840	14.768	0.000	-41.877
938.000	86.844	15.310	0.000	-49.124
940.000	86.831	15.208	0.000	-47.895
942.000	86.838	14.607	0.000	-50.996
944.000	86.826	13.596	0.000	-56.873
946.000	86.833	11.885	0.000	-59.797
948.000	86.816	9.904	0.000	-59.566
950.000	86.831	10.578	0.000	-61.930
952.000	86.810	9.866	0.000	-45.479
954.000	86.822	10.968	0.000	-27.082
956.000	86.810	13.480	0.000	-23.678
958.000	86.813	14.742	0.000	-25.151
960.000	86.805	14.636	0.000	-37.992
962.000	86.807	15.811	0.000	-52.505
964.000	86.803	15.818	0.000	-57.459
966.000	86.797	16.257	0.000	-68.312
968.000	86.804	17.989	0.000	-77.092
970.000	86.787	18.377	0.000	-86.945
972.000	86.800	18.700	0.000	-100.027
974.000	86.785	20.162	0.000	-111.362
976.000	86.793	21.363	0.000	-121.897
978.000	86.780	22.489	0.000	-135.262
980.000	86.791	23.332	0.000	-150.573
982.000	86.775	23.643	0.000	-162.931
984.000	86.783	23.849	0.000	-177.536
986.000	86.778	23.350	0.000	168.602
988.000	86.772	22.713	0.000	160.635
990.000	86.777	22.730	0.000	153.078
992.000	86.769	22.663	0.000	148.597
994.000	86.772	22.973	0.000	145.508
996.000	86.763	23.344	0.000	142.399
998.000	86.773	23.617	0.000	138.561
1000.000	86.755	24.722	0.000	133.461
1002.000	86.770	25.469	0.000	128.051
1004.000	86.756	26.036	0.000	121.329
1006.000	86.760	27.174	0.000	113.375
1008.000	86.758	27.856	0.000	105.430
1010.000	86.755	28.319	0.000	96.181
1012.000	86.754	28.726	0.000	85.793
1014.000	86.751	28.791	0.000	77.379
1016.000	86.755	28.859	0.000	69.314
1018.000	86.742	28.422	0.000	62.153
1020.000	86.757	28.102	0.000	54.013
1022.000	86.739	27.817	0.000	45.577
1024.000	86.750	27.517	0.000	38.691
1026.000	86.743	26.993	0.000	34.188
1028.000	86.743	26.180	0.000	29.303
1030.000	86.742	25.666	0.000	23.241
1032.000	86.741	24.814	0.000	18.807
1034.000	86.741	23.241	0.000	17.357
1036.000	86.734	22.316	0.000	19.779
1038.000	86.745	21.189	0.000	28.485
1040.000	86.728	20.474	0.000	37.597
1042.000	86.743	21.208	0.000	47.703
1044.000	86.731	22.814	0.000	56.266
1046.000	86.735	24.308	0.000	56.260
1048.000	86.735	25.744	0.000	58.094
1050.000	86.730	27.355	0.000	54.987
1052.000	86.734	28.670	0.000	49.721
1054.000	86.728	29.513	0.000	42.367
1056.000	86.734	30.230	0.000	35.278
1058.000	86.724	30.826	0.000	29.603
1060.000	86.736	31.170	0.000	23.695
1062.000	86.722	31.521	0.000	17.088
1064.000	86.731	31.938	0.000	12.221
1066.000	86.729	32.207	0.000	6.837
1068.000	86.722	32.548	0.000	0.995
1070.000	86.733	32.982	0.000	-5.515
1072.000	86.721	33.320	0.000	-11.372
1074.000	86.729	33.534	0.000	-18.142
1076.000	86.723	33.605	0.000	-25.119
1078.000	86.728	33.747	0.000	-32.019
1080.000	86.722	33.757	0.000	-38.938
1082.000	86.728	33.597	0.000	-45.593
1084.000	86.724	33.385	0.000	-51.978
1086.000	86.721	33.162	0.000	-59.790
1088.000	86.731	32.819	0.000	-66.558
1090.000	86.716	32.287	0.000	-72.350
1092.000	86.731	31.812	0.000	-78.110
1094.000	86.721	31.066	0.000	-84.483
1096.000	86.723	30.079	0.000	-88.424
1098.000	86.728	28.785	0.000	-90.426
1100.000	86.720	27.665	0.000	-90.587
1102.000	86.728	26.874	0.000	-87.488
1104.000	86.722	26.545	0.000	-82.021
1106.000	86.726	26.969	0.000	-78.114
1108.000	86.722	27.488	0.000	-76.690
1110.000	86.728	27.911	0.000	-74.187
1112.000	86.723	28.660	0.000	-75.328
1114.000	86.725	29.476	0.000	-76.482
1116.000	86.729	30.027	0.000	-80.333
1118.000	86.719	30.597	0.000	-85.382
1120.000	86.734	30.986	0.000	-90.587
1122.000	86.721	31.273	0.000	-96.287
1124.000	86.730	31.537	0.000	-103.066
1126.000	86.730	31.625	0.000	-109.448
1128.000	86.722	31.454	0.000	-115.218
1130.000	86.736	31.245	0.000	-120.235
1132.000	86.723	31.046	0.000	-125.131
1134.000	86.733	30.751	0.000	-130.225
1136.000	86.730	30.587	0.000	-134.483
1138.000	86.730	30.361	0.000	-137.809
1140.000	86.733	30.412	0.000	-141.828
1142.000	86.731	30.265	0.000	-144.904
1144.000	86.735	30.102	0.000	-149.887
1146.000	86.731	29.955	0.000	-154.433
1148.000	86.738	29.740	0.000	-159.395
1150.000	86.731	29.660	0.000	-164.670
1152.000	86.740	29.395	0.000	-170.572
1154.000	86.736	29.058	0.000	-176.557
1156.000	86.735	28.505	0.000	178.049
1158.000	86.745	27.937	0.000	172.578
1160.000	86.732	27.087	0.000	168.487
1162.000	86.747	26.009	0.000	165.912
1164.000	86.739	24.935	0.000	165.278
1166.000	86.740	23.982	0.000	163.918
1168.000	86.750	23.853	0.000	167.116
1170.000	86.737	23.524	0.000	171.157
1172.000	86.752	23.251	0.000	172.868
1174.000	86.745	23.302	0.000	172.573
1176.000	86.746	23.752	0.000	172.642
1178.000	86.755	24.195	0.000	172.334
1180.000	86.744	24.149	0.000	168.634
1182.000	86.757	24.210	0.000	164.019
1184.000	86.750	24.488	0.000	161.515
1186.000	86.754	24.688	0.000	158.511
1188.000	86.758	24.679	0.000	155.269
1190.000	86.754	24.732	0.000	148.782
1192.000	86.761	24.916	0.000	144.915
1194.000	86.758	25.199	0.000	138.648
1196.000	86.761	25.470	0.000	131.266
1198.000	86.762	25.578	0.000	123.329
1200.000	86.763	25.455	0.000	114.966
1202.000	86.764	24.832	0.000	104.462
1204.000	86.765	24.106	0.000	92.887
1206.000	86.766	23.461	0.000	80.335
1208.000	86.765	22.499	0.000	66.145
1210.000	86.769	20.972	0.000	52.893
1212.000	86.767	19.538	0.000	40.761
1214.000	86.770	17.964	0.000	28.311
1216.000	86.772	15.876	0.000	9.108
1218.000	86.768	13.830	0.000	-13.363
1220.000	86.777	13.144	0.000	-46.419
1222.000	86.771	12.706	0.000	-99.946
1224.000	86.777	12.485	0.000	-124.209
1226.000	86.780	11.615	0.000	-142.781
1228.000	86.774	11.539	0.000	-161.469
1230.000	86.786	10.946	0.000	163.180
1232.000	86.777	11.230	0.000	166.699
1234.000	86.785	10.561	0.000	-165.386
1236.000	86.787	11.119	0.000	-124.777
1238.000	86.783	10.956	0.000	-122.175
1240.000	86.794	13.058	0.000	-110.715
1242.000	86.786	15.622	0.000	-100.850
1244.000	86.794	17.514	0.000	-108.882
1246.000	86.796	19.141	0.000	-121.365
1248.000	86.790	20.946	0.000	-131.067
1250.000	86.803	22.260	0.000	-136.224
1252.000	86.794	23.354	0.000	-143.004
1254.000	86.802	24.893	0.000	-151.404
1256.000	86.804	26.206	0.000	-159.650
1258.000	86.799	27.081	0.000	-168.721
1260.000	86.813	27.670	0.000	-177.669
1262.000	86.803	28.182	0.000	172.541
1264.000	86.812	28.638	0.000	160.868
1266.000	86.813	28.895	0.000	151.673
1268.000	86.809	29.067	0.000	144.087
1270.000	86.820	29.104	0.000	137.170
1272.000	86.814	29.307	0.000	129.862
1274.000	86.820	29.386	0.000	121.904
1276.000	86.823	29.371	0.000	115.220
1278.000	86.819	29.589	0.000	108.874
1280.000	86.829	29.704	0.000	102.822
1282.000	86.823	29.789	0.000	95.812
1284.000	86.831	29.969	0.000	89.122
1286.000	86.831	30.289	0.000	81.298
1288.000	86.831	30.511	0.000	73.105
1290.000	86.837	30.418	0.000	64.682
1292.000	86.835	30.270	0.000	56.252
1294.000	86.840	30.116	0.000	47.941
1296.000	86.840	29.872	0.000	39.317
1298.000	86.843	29.511	0.000	31.191
1300.000	86.845	29.070	0.000	22.315
1302.000	86.847	28.691	0.000	14.160
1304.000	86.850	28.040	0.000	5.171
1306.000	86.850	27.414	0.000	-3.603
1308.000	86.856	26.560	0.000	-8.846
1310.000	86.853	25.353	0.000	-13.361
1312.000	86.860	24.280	0.000	-19.589
1314.000	86.860	22.999	0.000	-25.103
1316.000	86.860	21.911	0.000	-28.396
1318.000	86.870	20.997	0.000	-29.442
1320.000	86.860	19.408	0.000	-28.150
1322.000	86.875	18.604	0.000	-28.137
1324.000	86.869	18.133	0.000	-24.861
1326.000	86.871	17.953	0.000	-17.186
1328.000	86.882	17.579	0.000	-13.899
1330.000	86.869	17.398	0.000	-13.988
1332.000	86.886	17.819	0.000	-9.823
1334.000	86.880	17.714	0.000	-5.920
1336.000	86.882	18.570	0.000	-2.244
1338.000	86.894	19.622	0.000	-0.255
1340.000	86.880	19.743	0.000	1.183
1342.000	86.898	20.537	0.000	2.339
1344.000	86.890	21.230	0.000	-3.514
1346.000	86.895	21.823	0.000	-4.268
1348.000	86.901	22.493	0.000	-6.480
1350.000	86.896	23.505	0.000	-11.921
1352.000	86.906	24.112	0.000	-17.102
1354.000	86.903	24.196	0.000	-24.029
1356.000	86.909	24.735	0.000	-30.521
1358.000	86.908	25.123	0.000	-37.344
1360.000	86.914	25.164	0.000	-40.699
1362.000	86.913	25.288	0.000	-45.270
1364.000	86.916	25.504	0.000	-51.580
1366.000	86.922	25.565	0.000	-55.820
1368.000	86.915	26.085	0.000	-62.373
1370.000	86.931	26.187	0.000	-66.997
1372.000	86.921	26.595	0.000	-73.266
1374.000	86.930	26.966	0.000	-79.985
1376.000	86.934	27.109	0.000	-86.224
1378.000	86.926	26.995	0.000	-92.734
1380.000	86.945	26.667	0.000	-99.712
1382.000	86.931	26.591	0.000	-104.363
1384.000	86.944	26.731	0.000	-109.322
1386.000	86.943	26.884	0.000	-112.824
1388.000	86.943	26.547	0.000	-115.934
1390.000	86.951	26.502	0.000	-121.984
1392.000	86.948	26.766	0.000	-125.762
1394.000	86.955	27.199	0.000	-128.746
1396.000	86.952	27.280	0.000	-133.902
1398.000	86.962	27.626	0.000	-140.512
1400.000	86.955	27.587	0.000	-147.020
1402.000	86.966	27.793	0.000	-153.498
1404.000	86.965	28.080	0.000	-157.329
1406.000	86.964	28.201	0.000	-163.566
1408.000	86.978	28.251	0.000	-171.788
1410.000	86.963	28.157	0.000	-179.693
1412.000	86.983	28.341	0.000	171.402
1414.000	86.974	28.284	0.000	161.320
1416.000	86.981	28.047	0.000	153.146
1418.000	86.985	27.659	0.000	146.404
1420.000	86.983	26.885	0.000	138.261
1422.000	86.990	26.259	0.000	129.156
1424.000	86.988	25.361	0.000	122.513
1426.000	86.997	24.713	0.000	118.305
1428.000	86.990	24.188	0.000	112.703
1430.000	87.005	23.727	0.000	108.218
1432.000	86.996	23.040	0.000	104.056
1434.000	87.005	22.294	0.000	100.002
1436.000	87.009	21.576	0.000	96.121
1438.000	87.002	21.589	0.000	93.551
1440.000	87.020	21.332	0.000	91.048
1442.000	87.007	21.234	0.000	89.068
1444.000	87.022	20.549	0.000	87.089
1446.000	87.016	19.685	0.000	85.520
1448.000	87.025	19.105	0.000	77.338
1450.000	87.021	18.368	0.000	74.796
1452.000	87.030	18.437	0.000	70.986
1454.000	87.030	17.902	0.000	69.841
1456.000	87.029	17.746	0.000	65.871
1458.000	87.043	17.390	0.000	65.352
1460.000	87.029	17.584	0.000	60.716
1462.000	87.048	16.776	0.000	59.132
1464.000	87.039	16.754	0.000	59.087
1466.000	87.047	16.911	0.000	57.502
1468.000	87.049	15.864	0.000	54.211
1470.000	87.051	16.012	0.000	54.130
1472.000	87.054	15.495	0.000	44.151
1474.000	87.055	15.288	0.000	35.912
1476.000	87.065	14.660	0.000	36.203
1478.000	87.054	14.552	0.000	38.103
1480.000	87.075	14.717	0.000	39.935
1482.000	87.059	14.730	0.000	40.316
1484.000	87.076	14.370	0.000	41.565
1486.000	87.071	14.166	0.000	36.704
1488.000	87.077	14.409	0.000	39.696
1490.000	87.078	13.736	0.000	34.194
1492.000	87.082	14.368	0.000	25.371
1494.000	87.086	13.640	0.000	25.216
1496.000	87.082	12.700	0.000	28.502
1498.000	87.098	13.042	0.000	18.793
1500.000	87.083	13.336	0.000	23.607
1502.000	87.103	13.181	0.000	21.240
1504.000	87.093	12.959	0.000	24.185
1506.000	87.104	13.185	0.000	22.263
1508.000	87.101	13.081	0.000	17.217
1510.000	87.110	12.428	0.000	25.722
1512.000	87.107	11.386	0.000	23.261
1514.000	87.112	12.471	0.000	14.695
1516.000	87.118	12.569	0.000	14.099
1518.000	87.111	13.036	0.000	14.044
1520.000	87.129	14.091	0.000	11.122
1522.000	87.116	12.900	0.000	-2.106
1524.000	87.132	11.411	0.000	7.257
1526.000	87.123	11.445	0.000	8.663
1528.000	87.139	11.396	0.000	9.871
1530.000	87.127	11.379	0.000	22.937
1532.000	87.144	11.993	0.000	16.112
1534.000	87.137	12.365	0.000	14.733
1536.000	87.143	12.533	0.000	-6.638
1538.000	87.149	12.443	0.000	-14.692
1540.000	87.146	12.584	0.000	-5.645
1542.000	87.155	11.564	0.000	-1.554
1544.000	87.151	11.749	0.000	-7.461
1546.000	87.164	12.236	0.000	0.948
1548.000	87.151	12.265	0.000	0.322
1550.000	87.174	11.604	0.000	-2.968
1552.000	87.157	10.843	0.000	-16.279
1554.000	87.176	10.575	0.000	-2.041
1556.000	87.166	10.834	0.000	3.004
1558.000	87.181	11.335	0.000	8.315
1560.000	87.171	11.341	0.000	13.041
1562.000	87.187	10.867	0.000	13.309
1564.000	87.180	10.277	0.000	-0.707
1566.000	87.186	11.478	0.000	-23.769
1568.000	87.191	10.856	0.000	-26.485
1570.000	87.189	10.365	0.000	-20.806
1572.000	87.197	10.809	0.000	-26.856
1574.000	87.194	11.383	0.000	-18.770
1576.000	87.207	10.308	0.000	-16.202
1578.000	87.195	11.607	0.000	-0.038
1580.000	87.216	12.431	0.000	-5.210
1582.000	87.201	11.943	0.000	-26.710
1584.000	87.220	11.280	0.000	-22.594
1586.000	87.208	11.346	0.000	-29.858
1588.000	87.227	11.424	0.000	-37.329
1590.000	87.212	10.778	0.000	-16.075
1592.000	87.234	11.680	0.000	-21.706
1594.000	87.221	12.212	0.000	-22.610
1596.000	87.235	12.628	0.000	-24.368
1598.000	87.230	12.059	0.000	-38.893
1600.000	87.240	12.812	0.000	-25.783
1602.000	87.236	13.008	0.000	-24.989
1604.000	87.244	11.687	0.000	-28.025
1606.000	87.247	9.783	0.000	-27.427
1608.000	87.245	10.628	0.000	-36.276
1610.000	87.255	11.474	0.000	-38.026
1612.000	87.251	12.093	0.000	-48.451
1614.000	87.261	11.537	0.000	-43.255
1616.000	87.254	11.021	0.000	-34.427
1618.000	87.272	11.293	0.000	-37.155
1620.000	87.257	11.809	0.000	-28.270
1622.000	87.278	12.214	0.000	-41.512
1624.000	87.265	11.640	0.000	-45.250
1626.000	87.284	11.792	0.000	-45.828
1628.000	87.268	12.171	0.000	-52.140
1630.000	87.293	12.412	0.000	-54.243
1632.000	87.274	11.434	0.000	-49.236
1634.000	87.296	11.703	0.000	-43.587
1636.000	87.282	12.735	0.000	-31.747
1638.000	87.303	12.333	0.000	-25.316
1640.000	87.286	11.748	0.000	-36.841
1642.000	87.310	11.254	0.000	-38.188
1644.000	87.295	11.813	0.000	-49.122
1646.000	87.312	11.599	0.000	-52.494
1648.000	87.303	11.459	0.000	-47.125
1650.000	87.319	12.930	0.000	-50.395
1652.000	87.308	12.172	0.000	-54.156
1654.000	87.323	12.116	0.000	-75.166
1656.000	87.319	12.501	0.000	-82.251
1658.000	87.326	12.551	0.000	-65.800
1660.000	87.325	12.293	0.000	-63.925
1662.000	87.334	12.796	0.000	-74.024
1664.000	87.332	12.020	0.000	-64.905
1666.000	87.336	11.163	0.000	-55.399
1668.000	87.342	11.569	0.000	-63.369
1670.000	87.342	10.791	0.000	-57.058
1672.000	87.346	10.894	0.000	-72.661
1674.000	87.348	11.119	0.000	-70.685
1676.000	87.355	12.132	0.000	-73.454
1678.000	87.351	11.206	0.000	-65.772
1680.000	87.362	10.287	0.000	-58.880
1682.000	87.359	11.961	0.000	-58.208
1684.000	87.367	11.791	0.000	-73.416
1686.000	87.363	10.641	0.000	-70.994
1688.000	87.377	10.965	0.000	-75.216
1690.000	87.368	11.057	0.000	-89.051
1692.000	87.381	10.705	0.000	-81.909
1694.000	87.376	11.254	0.000	-88.688
1696.000	87.388	11.069	0.000	-66.049
1698.000	87.380	11.319	0.000	-81.364
1700.000	87.395	10.476	0.000	-93.152
1702.000	87.388	11.022	0.000	-98.576
1704.000	87.400	11.882	0.000	-77.603
1706.000	87.392	11.097	0.000	-96.167
1708.000	87.409	10.784	0.000	-108.656
1710.000	87.398	11.060	0.000	-101.892
1712.000	87.413	9.867	0.000	-87.471
1714.000	87.406	10.675	0.000	-71.835
1716.000	87.421	10.686	0.000	-91.970
1718.000	87.410	11.154	0.000	-98.605
1720.000	87.427	11.283	0.000	-89.046
1722.000	87.419	10.739	0.000	-101.648
1724.000	87.431	10.373	0.000	-107.519
1726.000	87.424	10.649	0.000	-76.167
1728.000	87.439	11.515	0.000	-97.802
1730.000	87.431	10.629	0.000	-96.166
1732.000	87.443	10.463	0.000	-92.788
1734.000	87.439	10.877	0.000	-107.674
1736.000	87.450	10.689	0.000	-86.828
1738.000	87.445	9.636	0.000	-70.929
1740.000	87.455	9.409	0.000	-122.805
1742.000	87.454	9.871	0.000	-101.072
1744.000	87.459	11.237	0.000	-100.879
1746.000	87.460	10.206	0.000	-111.384
1748.000	87.465	9.531	0.000	-102.589
1750.000	87.468	8.882	0.000	-121.665
1752.000	87.469	9.339	0.000	-108.403
1754.000	87.476	9.522	0.000	-76.506
1756.000	87.475	9.011	0.000	-55.809
1758.000	87.483	8.665	0.000	-55.016
1760.000	87.479	9.002	0.000	-11.777
1762.000	87.493	9.804	0.000	-65.958
1764.000	87.484	11.608	0.000	-95.545
1766.000	87.499	9.544	0.000	-104.077
1768.000	87.489	8.930	0.000	-97.143
1770.000	87.508	10.593	0.000	-65.277
1772.000	87.493	10.511	0.000	-92.995
1774.000	87.516	10.195	0.000	-96.587
1776.000	87.499	9.865	0.000	-106.391
1778.000	87.524	9.195	0.000	-84.498
1780.000	87.502	9.817	0.000	-74.553
1782.000	87.532	10.743	0.000	-65.778
1784.000	87.509	11.188	0.000	-80.347
1786.000	87.538	10.057	0.000	-84.280
1788.000	87.514	9.782	0.000	-108.134
1790.000	87.546	10.952	0.000	-19.027
1792.000	87.521	10.695	0.000	-23.291
1794.000	87.550	9.793	0.000	-32.336
1796.000	87.530	10.074	0.000	-50.190
1798.000	87.556	10.127	0.000	-28.526
1800.000	87.537	9.342	0.000	-51.456
1802.000	87.559	8.732	0.000	-85.733
1804.000	87.547	10.444	0.000	-60.076
1806.000	87.563	10.008	0.000	-27.871
1808.000	87.556	10.310	0.000	-38.893
1810.000	87.566	9.938	0.000	-45.727
1812.000	87.568	11.079	0.000	-40.618
1814.000	87.568	10.126	0.000	-31.257
1816.000	87.577	10.161	0.000	-36.136
1818.000	87.572	10.968	0.000	-30.377
1820.000	87.588	11.323	0.000	-30.165
1822.000	87.574	11.431	0.000	-38.854
1824.000	87.598	10.342	0.000	-51.204
1826.000	87.579	10.195	0.000	-50.425
1828.000	87.607	11.139	0.000	-43.879
1830.000	87.582	10.983	0.000	-32.397
1832.000	87.615	11.339	0.000	-33.239
1834.000	87.590	11.237	0.000	-57.478
1836.000	87.621	11.626	0.000	-58.677
1838.000	87.596	11.040	0.000	-50.912
1840.000	87.626	10.859	0.000	-40.066
1842.000	87.607	12.278	0.000	-45.639
1844.000	87.628	12.277	0.000	-45.914
1846.000	87.618	12.197	0.000	-46.306
1848.000	87.630	12.078	0.000	-49.457
1850.000	87.630	12.607	0.000	-53.340
1852.000	87.630	11.458	0.000	-55.996
1854.000	87.643	11.239	0.000	-54.977
1856.000	87.631	12.681	0.000	-58.866
1858.000	87.655	13.083	0.000	-62.706
1860.000	87.633	12.937	0.000	-66.154
1862.000	87.666	12.885	0.000	-67.785
1864.000	87.638	12.716	0.000	-61.964
1866.000	87.672	12.728	0.000	-63.434
1868.000	87.645	13.726	0.000	-68.503
1870.000	87.678	14.139	0.000	-70.609
1872.000	87.656	14.239	0.000	-71.189
1874.000	87.679	13.756	0.000	-75.871
1876.000	87.669	13.888	0.000	-77.338
1878.000	87.680	13.942	0.000	-70.556
1880.000	87.683	13.981	0.000	-65.672
1882.000	87.678	14.145	0.000	-73.075
1884.000	87.697	14.565	0.000	-75.397
1886.000	87.680	13.653	0.000	-87.320
1888.000	87.708	13.439	0.000	-84.078
1890.000	87.682	14.515	0.000	-75.838
1892.000	87.718	14.613	0.000	-82.588
1894.000	87.689	14.135	0.000	-83.544
1896.000	87.723	14.827	0.000	-81.853
1898.000	87.699	15.986	0.000	-86.094
1900.000	87.724	15.791	0.000	-86.774
1902.000	87.714	15.736	0.000	-89.102
1904.000	87.722	15.577	0.000	-91.152
1906.000	87.729	15.189	0.000	-95.112
1908.000	87.721	14.902	0.000	-98.202
1910.000	87.745	15.546	0.000	-101.888
1912.000	87.721	15.724	0.000	-108.026
1914.000	87.756	15.676	0.000	-107.991
1916.000	87.726	15.781	0.000	-115.291
1918.000	87.763	15.382	0.000	-111.375
1920.000	87.735	14.874	0.000	-115.332
1922.000	87.763	15.521	0.000	-115.104
1924.000	87.751	14.941	0.000	-113.038
1926.000	87.761	15.399	0.000	-112.256
1928.000	87.768	14.565	0.000	-116.518
1930.000	87.757	15.068	0.000	-121.095
1932.000	87.785	15.353	0.000	-121.989
1934.000	87.758	15.191	0.000	-130.177
1936.000	87.795	15.274	0.000	-136.800
1938.000	87.764	15.393	0.000	-125.872
1940.000	87.801	15.497	0.000	-124.944
1942.000	87.777	15.256	0.000	-129.474
1944.000	87.798	15.816	0.000	-130.671
1946.000	87.794	16.065	0.000	-129.946
1948.000	87.794	16.449	0.000	-132.312
1950.000	87.813	15.926	0.000	-137.113
1952.000	87.791	15.475	0.000	-133.180
1954.000	87.827	15.821	0.000	-140.864
1956.000	87.795	15.447	0.000	-140.441
1958.000	87.834	15.403	0.000	-144.489
1960.000	87.807	15.864	0.000	-145.792
1962.000	87.833	14.927	0.000	-146.593
1964.000	87.825	15.479	0.000	-147.852
1966.000	87.828	15.584	0.000	-155.189
1968.000	87.845	15.102	0.000	-149.763
1970.000	87.824	15.284	0.000	-144.205
1972.000	87.860	15.519	0.000	-143.256
1974.000	87.827	15.122	0.000	-146.501
1976.000	87.867	15.182	0.000	-144.946
1978.000	87.839	15.280	0.000	-143.217
1980.000	87.864	14.943	0.000	-143.404
1982.000	87.860	15.608	0.000	-137.426
1984.000	87.858	15.499	0.000	-136.667
1986.000	87.880	15.892	0.000	-143.227
1988.000	87.854	17.020	0.000	-141.982
1990.000	87.894	17.165	0.000	-141.732
1992.000	87.860	17.364	0.000	-140.933
1994.000	87.897	18.072	0.000	-142.776
1996.000	87.876	18.931	0.000	-148.013
1998.000	87.892	18.812	0.000	-153.522
2000.000	87.899	18.912	0.000	-154.119
