2000.000	86.111	10.626	0.000	171.473
2.000	86.116	9.970	0.000	-134.186
4.000	86.170	10.236	0.000	52.304
6.000	86.126	10.262	0.000	138.270
8.000	86.127	10.767	0.000	-145.434
10.000	86.181	11.018	0.000	-117.685
12.000	86.139	10.549	0.000	-90.780
14.000	86.138	11.083	0.000	-149.082
16.000	86.192	11.187	0.000	-35.468
18.000	86.152	10.670	0.000	118.654
20.000	86.150	11.147	0.000	155.043
22.000	86.205	11.290	0.000	-91.835
24.000	86.165	11.121	0.000	-65.206
26.000	86.162	9.708	0.000	-135.962
28.000	86.217	10.550	0.000	161.514
30.000	86.176	10.372	0.000	83.203
32.000	86.173	10.323	0.000	32.218
34.000	86.230	11.388	0.000	38.600
36.000	86.188	11.475	0.000	173.861
38.000	86.184	12.224	0.000	-177.682
40.000	86.242	12.008	0.000	-57.596
42.000	86.200	10.440	0.000	129.328
44.000	86.198	10.098	0.000	-178.072
46.000	86.253	10.012	0.000	164.628
48.000	86.211	10.657	0.000	-99.212
50.000	86.212	10.366	0.000	-71.189
52.000	86.265	10.528	0.000	-39.519
54.000	86.221	9.810	0.000	12.941
56.000	86.227	9.644	0.000	-24.452
58.000	86.275	10.566	0.000	38.353
60.000	86.231	11.183	0.000	-165.490
62.000	86.245	11.388	0.000	-62.262
64.000	86.286	11.775	0.000	-80.765
66.000	86.239	11.173	0.000	0.571
68.000	86.262	9.902	0.000	32.603
70.000	86.296	10.291	0.000	36.996
72.000	86.248	10.233	0.000	11.915
74.000	86.280	10.318	0.000	16.973
76.000	86.305	10.175	0.000	28.933
78.000	86.257	9.554	0.000	-5.435
80.000	86.299	10.434	0.000	-161.852
82.000	86.314	9.534	0.000	6.813
84.000	86.267	9.169	0.000	5.129
86.000	86.317	9.573	0.000	18.465
88.000	86.322	10.514	0.000	44.841
90.000	86.280	10.584	0.000	141.891
92.000	86.334	10.202	0.000	4.413
94.000	86.327	9.929	0.000	39.093
96.000	86.294	10.657	0.000	-18.610
98.000	86.351	10.804	0.000	-117.139
100.000	86.331	9.989	0.000	65.641
102.000	86.311	9.704	0.000	161.961
104.000	86.367	10.972	0.000	0.422
106.000	86.335	10.678	0.000	-60.418
108.000	86.331	10.121	0.000	-57.225
110.000	86.379	10.769	0.000	64.504
112.000	86.338	10.291	0.000	78.597
114.000	86.354	10.064	0.000	8.508
116.000	86.389	9.823	0.000	-72.127
118.000	86.343	9.945	0.000	-83.194
120.000	86.377	10.979	0.000	-26.811
122.000	86.396	10.515	0.000	11.278
124.000	86.352	10.881	0.000	-18.760
126.000	86.400	10.749	0.000	-63.727
128.000	86.399	10.199	0.000	-78.604
130.000	86.365	10.857	0.000	104.340
132.000	86.421	10.630	0.000	-81.451
134.000	86.401	11.091	0.000	178.249
136.000	86.383	11.188	0.000	178.575
138.000	86.438	10.451	0.000	84.131
140.000	86.402	11.133	0.000	-3.868
142.000	86.406	10.335	0.000	-44.930
144.000	86.449	10.447	0.000	-30.993
146.000	86.405	10.469	0.000	-84.255
148.000	86.432	10.430	0.000	-44.382
150.000	86.455	11.439	0.000	-77.197
152.000	86.413	10.815	0.000	-125.371
154.000	86.457	10.713	0.000	-31.403
156.000	86.455	10.802	0.000	-6.489
158.000	86.428	10.135	0.000	134.895
160.000	86.479	10.761	0.000	-26.539
162.000	86.452	11.061	0.000	-62.555
164.000	86.449	11.515	0.000	-109.077
166.000	86.495	10.938	0.000	-64.868
168.000	86.452	10.154	0.000	-50.772
170.000	86.476	10.315	0.000	-72.667
172.000	86.502	10.699	0.000	-69.233
174.000	86.458	10.683	0.000	-94.709
176.000	86.503	9.534	0.000	-96.959
178.000	86.502	10.646	0.000	-25.543
180.000	86.472	10.977	0.000	-20.272
182.000	86.526	10.118	0.000	-17.606
184.000	86.499	10.974	0.000	-133.132
186.000	86.496	11.540	0.000	-63.513
188.000	86.539	11.504	0.000	-64.514
190.000	86.499	11.691	0.000	-93.451
192.000	86.526	11.954	0.000	-90.386
194.000	86.542	10.842	0.000	-114.688
196.000	86.507	10.476	0.000	-63.380
198.000	86.554	11.203	0.000	-44.000
200.000	86.538	11.679	0.000	-42.857
202.000	86.527	10.716	0.000	-73.250
204.000	86.573	9.872	0.000	-68.290
206.000	86.534	11.302	0.000	-84.729
208.000	86.557	10.643	0.000	-109.034
210.000	86.579	10.622	0.000	-81.225
212.000	86.538	11.111	0.000	168.666
214.000	86.587	11.056	0.000	-98.737
216.000	86.576	9.833	0.000	-72.685
218.000	86.557	10.193	0.000	-78.446
220.000	86.607	10.929	0.000	-56.865
222.000	86.570	10.862	0.000	-41.811
224.000	86.587	11.164	0.000	-43.566
226.000	86.613	11.444	0.000	-54.484
228.000	86.574	12.019	0.000	-95.751
230.000	86.618	10.869	0.000	-106.653
232.000	86.608	9.875	0.000	-123.914
234.000	86.594	11.457	0.000	-43.805
236.000	86.638	11.090	0.000	-77.879
238.000	86.601	9.595	0.000	-97.181
240.000	86.626	10.412	0.000	-64.602
242.000	86.642	10.538	0.000	-78.790
244.000	86.607	10.567	0.000	-83.535
246.000	86.657	10.969	0.000	-73.866
248.000	86.634	11.484	0.000	-42.261
250.000	86.632	11.191	0.000	-65.860
252.000	86.672	9.748	0.000	-99.441
254.000	86.630	10.033	0.000	-93.186
256.000	86.666	10.340	0.000	-82.557
258.000	86.670	10.580	0.000	-79.946
260.000	86.643	8.921	0.000	4.191
262.000	86.691	10.269	0.000	-75.495
264.000	86.661	11.317	0.000	-79.188
266.000	86.674	11.342	0.000	-82.621
268.000	86.697	11.523	0.000	-68.467
270.000	86.663	12.305	0.000	-63.218
272.000	86.707	10.778	0.000	-89.604
274.000	86.689	10.825	0.000	-85.069
276.000	86.687	11.730	0.000	-110.062
278.000	86.723	10.951	0.000	-87.395
280.000	86.684	10.729	0.000	-75.706
282.000	86.722	11.311	0.000	-52.987
284.000	86.718	11.252	0.000	-63.718
286.000	86.700	10.928	0.000	-68.716
288.000	86.746	10.461	0.000	-79.063
290.000	86.709	10.862	0.000	-78.514
292.000	86.733	10.983	0.000	-105.877
294.000	86.746	10.827	0.000	-104.880
296.000	86.717	11.712	0.000	-106.218
298.000	86.763	11.858	0.000	-98.483
300.000	86.734	11.200	0.000	-98.986
302.000	86.748	11.453	0.000	-117.306
304.000	86.769	11.923	0.000	-121.940
306.000	86.738	12.373	0.000	-135.403
308.000	86.781	11.973	0.000	-153.579
310.000	86.756	11.905	0.000	-156.559
312.000	86.766	12.871	0.000	-161.250
314.000	86.791	12.244	0.000	172.718
316.000	86.755	11.587	0.000	163.910
318.000	86.800	12.244	0.000	157.911
320.000	86.779	13.491	0.000	129.832
322.000	86.782	14.357	0.000	111.035
324.000	86.812	14.906	0.000	102.775
326.000	86.775	14.650	0.000	89.349
328.000	86.817	14.595	0.000	79.510
330.000	86.801	15.759	0.000	60.121
332.000	86.800	16.332	0.000	43.580
334.000	86.830	16.801	0.000	32.531
336.000	86.797	16.806	0.000	23.192
338.000	86.835	17.548	0.000	13.012
340.000	86.818	17.798	0.000	4.147
342.000	86.821	18.456	0.000	-5.156
344.000	86.848	18.775	0.000	-11.878
346.000	86.814	18.653	0.000	-18.747
348.000	86.856	18.858	0.000	-26.050
350.000	86.835	19.604	0.000	-29.507
352.000	86.841	19.870	0.000	-35.529
354.000	86.866	20.140	0.000	-38.445
356.000	86.832	20.761	0.000	-37.936
358.000	86.875	21.621	0.000	-44.033
360.000	86.852	22.045	0.000	-52.883
362.000	86.860	23.079	0.000	-55.544
364.000	86.881	23.886	0.000	-58.914
366.000	86.852	24.490	0.000	-67.709
368.000	86.893	25.235	0.000	-77.578
370.000	86.866	25.833	0.000	-85.952
372.000	86.884	26.322	0.000	-95.413
374.000	86.893	26.941	0.000	-104.214
376.000	86.873	27.271	0.000	-111.256
378.000	86.912	27.206	0.000	-120.145
380.000	86.877	27.224	0.000	-128.557
382.000	86.908	27.269	0.000	-139.136
384.000	86.905	27.366	0.000	-147.876
386.000	86.892	26.892	0.000	-153.985
388.000	86.928	26.426	0.000	-160.033
390.000	86.892	26.169	0.000	-168.811
392.000	86.928	25.557	0.000	-176.101
394.000	86.915	24.989	0.000	179.499
396.000	86.915	24.667	0.000	175.539
398.000	86.939	24.375	0.000	171.033
400.000	86.909	24.136	0.000	167.988
402.000	86.948	23.977	0.000	167.283
404.000	86.922	23.822	0.000	163.297
406.000	86.941	23.716	0.000	159.851
408.000	86.946	23.125	0.000	157.259
410.000	86.928	23.029	0.000	152.845
412.000	86.965	23.140	0.000	151.838
414.000	86.931	22.795	0.000	149.141
416.000	86.964	22.739	0.000	145.806
418.000	86.951	22.866	0.000	143.723
420.000	86.950	22.569	0.000	145.121
422.000	86.975	22.617	0.000	142.437
424.000	86.945	23.201	0.000	138.679
426.000	86.982	23.539	0.000	138.606
428.000	86.956	23.929	0.000	134.431
430.000	86.976	24.551	0.000	128.904
432.000	86.977	24.926	0.000	122.253
434.000	86.966	25.183	0.000	117.172
436.000	86.995	25.611	0.000	110.606
438.000	86.963	25.648	0.000	102.045
440.000	87.000	25.800	0.000	93.854
442.000	86.978	25.818	0.000	85.913
444.000	86.990	25.500	0.000	77.894
446.000	87.000	25.177	0.000	69.886
448.000	86.979	24.655	0.000	61.550
450.000	87.015	24.118	0.000	54.496
452.000	86.981	23.219	0.000	48.734
454.000	87.012	22.988	0.000	42.710
456.000	86.997	22.125	0.000	36.602
458.000	87.003	20.972	0.000	36.789
460.000	87.015	20.285	0.000	34.837
462.000	86.994	19.776	0.000	30.643
464.000	87.026	19.393	0.000	26.742
466.000	86.996	18.150	0.000	25.580
468.000	87.027	17.867	0.000	24.169
470.000	87.009	16.798	0.000	24.784
472.000	87.016	17.039	0.000	19.396
474.000	87.029	17.332	0.000	14.481
476.000	87.006	16.920	0.000	16.085
478.000	87.040	17.182	0.000	12.895
480.000	87.008	16.609	0.000	18.649
482.000	87.038	17.033	0.000	18.716
484.000	87.021	16.223	0.000	15.697
486.000	87.029	15.673	0.000	15.760
488.000	87.036	15.024	0.000	12.621
490.000	87.020	15.885	0.000	7.814
492.000	87.048	15.467	0.000	5.186
494.000	87.018	14.414	0.000	-3.141
496.000	87.051	14.600	0.000	-7.705
498.000	87.024	15.419	0.000	-3.670
500.000	87.043	14.800	0.000	-8.138
502.000	87.041	14.085	0.000	-8.781
504.000	87.032	13.932	0.000	-7.974
506.000	87.053	14.418	0.000	-18.106
508.000	87.026	13.864	0.000	-13.540
510.000	87.059	13.792	0.000	-10.862
512.000	87.029	12.411	0.000	-15.993
514.000	87.053	12.442	0.000	-27.402
516.000	87.039	11.936	0.000	-24.222
518.000	87.046	12.757	0.000	-28.557
520.000	87.051	12.630	0.000	-21.703
522.000	87.035	12.455	0.000	-16.906
524.000	87.061	12.256	0.000	-15.318
526.000	87.031	12.374	0.000	-25.380
528.000	87.063	11.491	0.000	-17.496
530.000	87.034	11.605	0.000	-12.888
532.000	87.056	12.264	0.000	-17.964
534.000	87.046	12.209	0.000	-37.143
536.000	87.045	12.684	0.000	-51.799
538.000	87.055	11.516	0.000	-49.219
540.000	87.037	10.029	0.000	-54.608
542.000	87.062	11.148	0.000	-45.612
544.000	87.033	11.002	0.000	-34.659
546.000	87.061	9.922	0.000	-35.495
548.000	87.034	11.201	0.000	-42.563
550.000	87.056	10.547	0.000	-26.068
552.000	87.042	10.455	0.000	-28.415
554.000	87.045	11.511	0.000	-35.020
556.000	87.051	11.299	0.000	-30.658
558.000	87.034	10.760	0.000	-50.956
560.000	87.058	11.502	0.000	-65.910
562.000	87.028	10.980	0.000	-34.722
564.000	87.056	9.940	0.000	-51.336
566.000	87.029	10.230	0.000	-82.299
568.000	87.052	11.781	0.000	-54.823
570.000	87.031	12.528	0.000	-41.878
572.000	87.042	12.402	0.000	-38.481
574.000	87.037	11.478	0.000	-62.937
576.000	87.032	11.054	0.000	-85.738
578.000	87.042	11.776	0.000	-56.267
580.000	87.020	12.218	0.000	-53.139
582.000	87.046	11.979	0.000	-58.860
584.000	87.016	11.253	0.000	-52.738
586.000	87.042	9.885	0.000	-11.603
588.000	87.014	9.960	0.000	-39.451
590.000	87.035	9.695	0.000	-65.574
592.000	87.017	9.327	0.000	-66.919
594.000	87.024	9.965	0.000	-123.518
596.000	87.019	11.256	0.000	-72.769
598.000	87.015	10.762	0.000	-90.402
600.000	87.022	11.175	0.000	-88.439
602.000	87.003	11.074	0.000	-69.197
604.000	87.023	10.782	0.000	-58.638
606.000	86.995	10.338	0.000	-87.791
608.000	87.020	9.976	0.000	-69.831
610.000	86.990	10.731	0.000	-76.383
612.000	87.013	10.712	0.000	-61.594
614.000	86.990	10.759	0.000	-71.250
616.000	87.003	10.833	0.000	-30.773
618.000	86.988	10.440	0.000	-19.962
620.000	86.992	9.472	0.000	-94.563
622.000	86.989	10.839	0.000	-83.412
624.000	86.981	12.172	0.000	-80.753
626.000	86.988	11.905	0.000	-80.344
628.000	86.969	11.107	0.000	-74.823
630.000	86.988	10.561	0.000	-86.140
632.000	86.959	10.652	0.000	-111.307
634.000	86.982	9.699	0.000	-77.096
636.000	86.953	10.303	0.000	-70.089
638.000	86.975	10.702	0.000	-64.031
640.000	86.948	10.250	0.000	-54.215
642.000	86.964	10.408	0.000	-70.513
644.000	86.945	10.904	0.000	-91.322
646.000	86.954	9.489	0.000	-83.619
648.000	86.940	10.322	0.000	-74.577
650.000	86.942	11.269	0.000	-43.940
652.000	86.940	10.985	0.000	-53.159
654.000	86.929	11.097	0.000	-59.626
656.000	86.935	11.345	0.000	-34.154
658.000	86.917	10.678	0.000	-58.535
660.000	86.932	11.632	0.000	-104.872
662.000	86.905	10.550	0.000	-81.798
664.000	86.924	9.639	0.000	-83.035
666.000	86.898	9.779	0.000	-122.138
668.000	86.917	10.575	0.000	-97.554
670.000	86.887	10.278	0.000	-128.089
672.000	86.908	10.523	0.000	-113.023
674.000	86.881	10.573	0.000	-102.147
676.000	86.897	11.881	0.000	-78.499
678.000	86.873	12.310	0.000	-83.052
680.000	86.885	11.239	0.000	-74.370
682.000	86.869	10.997	0.000	-74.614
684.000	86.870	10.405	0.000	-87.068
686.000	86.862	10.191	0.000	-91.189
688.000	86.859	9.914	0.000	-68.862
690.000	86.856	10.528	0.000	-35.469
692.000	86.845	10.596	0.000	-71.032
694.000	86.849	10.252	0.000	-41.604
696.000	86.834	10.140	0.000	-59.154
698.000	86.841	10.357	0.000	-82.119
700.000	86.820	9.738	0.000	-82.836
702.000	86.835	10.822	0.000	-98.647
704.000	86.808	10.892	0.000	-111.337
706.000	86.824	10.598	0.000	-117.464
708.000	86.797	10.962	0.000	-119.684
710.000	86.815	10.694	0.000	-89.008
712.000	86.787	10.212	0.000	-69.295
714.000	86.803	10.115	0.000	-65.306
716.000	86.777	9.647	0.000	-122.322
718.000	86.793	10.675	0.000	-98.670
720.000	86.765	10.202	0.000	-54.571
722.000	86.781	10.336	0.000	-65.689
724.000	86.756	10.842	0.000	-65.229
726.000	86.769	10.176	0.000	-89.423
728.000	86.746	10.401	0.000	-57.559
730.000	86.757	10.152	0.000	-103.666
732.000	86.738	10.590	0.000	-121.989
734.000	86.743	11.023	0.000	-99.046
736.000	86.727	11.627	0.000	-122.118
738.000	86.732	11.357	0.000	-126.905
740.000	86.717	10.955	0.000	-113.698
742.000	86.718	10.340	0.000	-99.741
744.000	86.708	11.089	0.000	-110.888
746.000	86.707	10.741	0.000	-110.260
748.000	86.696	9.686	0.000	-120.259
750.000	86.693	11.403	0.000	-111.772
752.000	86.689	10.609	0.000	-103.548
754.000	86.680	10.925	0.000	-85.080
756.000	86.676	10.718	0.000	-90.592
758.000	86.669	11.377	0.000	-97.957
760.000	86.667	11.233	0.000	-100.920
762.000	86.655	11.479	0.000	-96.895
764.000	86.656	11.643	0.000	-105.204
766.000	86.645	10.521	0.000	-80.638
768.000	86.644	10.080	0.000	-115.132
770.000	86.631	10.317	0.000	-119.230
772.000	86.636	10.961	0.000	-116.331
774.000	86.619	10.143	0.000	-141.870
776.000	86.622	10.413	0.000	-128.556
778.000	86.609	10.601	0.000	-147.960
780.000	86.613	10.746	0.000	-141.090
782.000	86.595	10.328	0.000	-147.021
784.000	86.601	11.297	0.000	-162.117
786.000	86.587	11.712	0.000	-177.457
788.000	86.589	11.466	0.000	-170.877
790.000	86.573	10.455	0.000	-174.840
792.000	86.581	11.070	0.000	-179.297
794.000	86.562	11.197	0.000	162.342
796.000	86.566	10.765	0.000	172.147
798.000	86.552	10.164	0.000	-173.042
800.000	86.557	10.445	0.000	-158.887
802.000	86.539	10.153	0.000	-141.053
804.000	86.545	10.817	0.000	143.305
806.000	86.532	10.934	0.000	139.247
808.000	86.532	10.616	0.000	148.519
810.000	86.519	10.090	0.000	156.139
812.000	86.524	10.778	0.000	149.758
814.000	86.509	10.787	0.000	124.542
816.000	86.510	9.702	0.000	96.192
818.000	86.500	9.492	0.000	9.639
820.000	86.500	10.383	0.000	102.882
822.000	86.488	10.683	0.000	46.929
824.000	86.489	10.726	0.000	19.255
826.000	86.481	10.025	0.000	-68.352
828.000	86.475	10.044	0.000	-77.986
830.000	86.471	10.812	0.000	-55.160
832.000	86.468	12.516	0.000	-59.603
834.000	86.460	11.660	0.000	-81.676
836.000	86.454	11.237	0.000	-107.384
838.000	86.454	11.008	0.000	-143.327
840.000	86.444	11.863	0.000	-163.766
842.000	86.442	11.690	0.000	-170.125
844.000	86.434	9.773	0.000	171.726
846.000	86.436	10.063	0.000	169.942
848.000	86.420	10.392	0.000	154.868
850.000	86.428	9.116	0.000	122.156
852.000	86.412	9.973	0.000	101.219
854.000	86.417	10.484	0.000	88.989
856.000	86.401	11.338	0.000	62.376
858.000	86.412	10.991	0.000	73.990
860.000	86.390	9.501	0.000	41.491
862.000	86.401	11.323	0.000	40.600
864.000	86.384	12.408	0.000	3.601
866.000	86.392	12.264	0.000	-2.843
868.000	86.371	12.721	0.000	-17.903
870.000	86.387	12.820	0.000	-12.407
872.000	86.363	13.084	0.000	-24.989
874.000	86.375	12.943	0.000	-31.883
876.000	86.357	12.394	0.000	-35.245
878.000	86.368	12.682	0.000	-37.806
880.000	86.347	12.323	0.000	-37.750
882.000	86.360	12.361	0.000	-37.096
884.000	86.342	12.372	0.000	-36.711
886.000	86.346	12.551	0.000	-40.784
888.000	86.337	12.803	0.000	-32.390
890.000	86.339	13.731	0.000	-24.736
892.000	86.328	14.620	0.000	-22.020
894.000	86.330	14.515	0.000	-28.103
896.000	86.326	15.273	0.000	-32.483
898.000	86.317	15.884	0.000	-40.069
900.000	86.319	16.163	0.000	-46.095
902.000	86.311	17.059	0.000	-52.388
904.000	86.312	16.504	0.000	-58.802
906.000	86.301	15.807	0.000	-59.249
908.000	86.311	16.873	0.000	-58.307
910.000	86.290	16.973	0.000	-60.863
912.000	86.304	17.350	0.000	-68.382
914.000	86.286	17.671	0.000	-71.603
916.000	86.296	18.428	0.000	-78.015
918.000	86.278	19.006	0.000	-77.490
920.000	86.292	18.705	0.000	-80.611
922.000	86.272	18.250	0.000	-81.700
924.000	86.282	18.784	0.000	-83.270
926.000	86.272	19.560	0.000	-87.101
928.000	86.273	19.890	0.000	-88.175
930.000	86.266	20.321	0.000	-91.994
932.000	86.268	20.548	0.000	-95.027
934.000	86.262	20.582	0.000	-95.329
936.000	86.257	21.312	0.000	-97.992
938.000	86.262	22.157	0.000	-103.370
940.000	86.249	22.770	0.000	-106.248
942.000	86.257	22.598	0.000	-111.811
944.000	86.245	22.332	0.000	-116.482
946.000	86.253	22.201	0.000	-120.693
948.000	86.237	22.422	0.000	-123.102
950.000	86.252	22.946	0.000	-125.427
952.000	86.231	23.256	0.000	-128.790
954.000	86.243	23.740	0.000	-127.812
956.000	86.232	24.250	0.000	-129.894
958.000	86.236	24.183	0.000	-133.447
960.000	86.229	24.450	0.000	-135.717
962.000	86.231	24.924	0.000	-140.471
964.000	86.227	25.061	0.000	-141.638
966.000	86.222	25.097	0.000	-142.843
968.000	86.230	25.351	0.000	-144.957
970.000	86.213	26.001	0.000	-146.731
972.000	86.226	26.604	0.000	-146.766
974.000	86.212	27.375	0.000	-147.795
976.000	86.221	28.709	0.000	-150.697
978.000	86.208	29.899	0.000	-156.949
980.000	86.220	30.973	0.000	-163.832
982.000	86.205	31.990	0.000	-172.044
984.000	86.213	32.633	0.000	179.428
986.000	86.209	32.990	0.000	169.272
988.000	86.203	33.221	0.000	159.433
990.000	86.209	33.278	0.000	149.654
992.000	86.201	33.095	0.000	139.990
994.000	86.205	33.040	0.000	131.023
996.000	86.197	32.792	0.000	123.685
998.000	86.207	32.554	0.000	117.065
1000.000	86.190	32.310	0.000	109.164
1002.000	86.205	32.136	0.000	100.848
1004.000	86.193	31.880	0.000	93.637
1006.000	86.196	31.369	0.000	86.307
1008.000	86.195	31.008	0.000	79.128
1010.000	86.193	30.527	0.000	72.327
1012.000	86.192	29.694	0.000	65.693
1014.000	86.191	28.826	0.000	59.556
1016.000	86.195	27.946	0.000	53.624
1018.000	86.183	26.862	0.000	52.413
1020.000	86.198	25.869	0.000	49.767
1022.000	86.181	25.342	0.000	51.135
1024.000	86.192	24.722	0.000	50.483
1026.000	86.186	24.531	0.000	51.725
1028.000	86.187	24.278	0.000	50.938
1030.000	86.186	24.223	0.000	48.906
1032.000	86.186	24.274	0.000	46.892
1034.000	86.186	24.207	0.000	47.690
1036.000	86.180	24.646	0.000	46.871
1038.000	86.192	24.443	0.000	44.881
1040.000	86.175	24.455	0.000	43.323
1042.000	86.191	25.543	0.000	40.062
1044.000	86.179	26.002	0.000	35.632
1046.000	86.184	25.970	0.000	29.855
1048.000	86.184	26.111	0.000	23.909
1050.000	86.180	26.282	0.000	19.305
1052.000	86.185	26.347	0.000	15.210
1054.000	86.180	26.246	0.000	9.248
1056.000	86.186	26.615	0.000	4.478
1058.000	86.176	26.968	0.000	-1.481
1060.000	86.190	27.316	0.000	-7.535
1062.000	86.176	27.558	0.000	-14.555
1064.000	86.185	27.970	0.000	-23.067
1066.000	86.184	28.161	0.000	-31.411
1068.000	86.178	28.156	0.000	-41.944
1070.000	86.189	28.298	0.000	-49.777
1072.000	86.178	28.336	0.000	-59.004
1074.000	86.187	28.310	0.000	-68.409
1076.000	86.181	27.987	0.000	-76.165
1078.000	86.187	27.519	0.000	-87.198
1080.000	86.182	27.339	0.000	-97.154
1082.000	86.188	26.929	0.000	-105.182
1084.000	86.185	26.524	0.000	-114.360
1086.000	86.183	25.619	0.000	-122.872
1088.000	86.193	24.838	0.000	-130.368
1090.000	86.179	23.925	0.000	-132.078
1092.000	86.195	23.591	0.000	-135.907
1094.000	86.185	23.405	0.000	-140.153
1096.000	86.188	22.653	0.000	-140.309
1098.000	86.193	22.598	0.000	-143.479
1100.000	86.185	23.467	0.000	-148.582
1102.000	86.194	23.689	0.000	-151.526
1104.000	86.189	23.607	0.000	-154.899
1106.000	86.194	23.807	0.000	-160.090
1108.000	86.190	24.293	0.000	-164.510
1110.000	86.197	24.189	0.000	-168.552
1112.000	86.192	24.534	0.000	-177.519
1114.000	86.195	24.860	0.000	175.463
1116.000	86.200	24.865	0.000	167.082
1118.000	86.191	24.884	0.000	161.127
1120.000	86.206	24.570	0.000	151.473
1122.000	86.193	24.422	0.000	144.335
1124.000	86.203	23.659	0.000	140.794
1126.000	86.204	23.112	0.000	134.142
1128.000	86.197	22.462	0.000	129.409
1130.000	86.211	21.726	0.000	121.993
1132.000	86.199	21.663	0.000	114.814
1134.000	86.210	21.401	0.000	113.597
1136.000	86.206	20.739	0.000	109.078
1138.000	86.207	20.542	0.000	98.948
1140.000	86.211	19.659	0.000	89.165
1142.000	86.209	17.680	0.000	74.111
1144.000	86.214	16.230	0.000	63.010
1146.000	86.211	13.530	0.000	50.335
1148.000	86.219	11.233	0.000	-6.645
1150.000	86.212	13.219	0.000	-117.891
1152.000	86.222	16.800	0.000	-140.516
1154.000	86.218	18.879	0.000	-151.191
1156.000	86.218	20.012	0.000	-163.325
1158.000	86.228	21.422	0.000	-170.645
1160.000	86.216	22.347	0.000	-177.852
1162.000	86.231	22.915	0.000	177.274
1164.000	86.224	23.406	0.000	173.441
1166.000	86.225	24.187	0.000	171.294
1168.000	86.236	25.107	0.000	166.572
1170.000	86.224	26.041	0.000	162.943
1172.000	86.239	26.743	0.000	157.255
1174.000	86.233	27.398	0.000	152.166
1176.000	86.234	28.100	0.000	148.868
1178.000	86.244	28.955	0.000	142.085
1180.000	86.233	29.645	0.000	135.504
1182.000	86.247	29.816	0.000	128.730
1184.000	86.240	30.026	0.000	122.178
1186.000	86.245	30.358	0.000	115.640
1188.000	86.250	30.525	0.000	109.801
1190.000	86.245	30.548	0.000	104.835
1192.000	86.254	30.728	0.000	101.304
1194.000	86.251	30.788	0.000	97.194
1196.000	86.256	31.007	0.000	94.518
1198.000	86.257	31.268	0.000	89.288
1200.000	86.259	31.625	0.000	84.870
1202.000	86.261	31.924	0.000	79.962
1204.000	86.263	32.098	0.000	73.992
1206.000	86.265	32.152	0.000	67.882
1208.000	86.265	32.298	0.000	62.732
1210.000	86.270	32.468	0.000	57.608
1212.000	86.269	32.331	0.000	51.895
1214.000	86.272	32.288	0.000	44.416
1216.000	86.275	32.227	0.000	37.280
1218.000	86.271	31.913	0.000	31.453
1220.000	86.280	31.443	0.000	25.247
1222.000	86.274	30.822	0.000	19.969
1224.000	86.280	30.015	0.000	15.155
1226.000	86.283	29.229	0.000	10.731
1228.000	86.277	28.376	0.000	9.021
1230.000	86.290	27.463	0.000	8.544
1232.000	86.282	26.437	0.000	9.458
1234.000	86.290	25.734	0.000	12.181
1236.000	86.292	25.246	0.000	15.045
1238.000	86.288	25.417	0.000	17.518
1240.000	86.300	25.614	0.000	20.254
1242.000	86.292	26.152	0.000	21.269
1244.000	86.300	26.289	0.000	21.014
1246.000	86.303	26.451	0.000	21.488
1248.000	86.298	26.776	0.000	21.795
1250.000	86.312	27.087	0.000	19.905
1252.000	86.303	27.031	0.000	19.711
1254.000	86.312	26.993	0.000	18.881
1256.000	86.314	27.165	0.000	19.537
1258.000	86.309	27.389	0.000	19.653
1260.000	86.323	28.056	0.000	18.489
1262.000	86.314	28.430	0.000	18.110
1264.000	86.324	29.105	0.000	16.193
1266.000	86.325	29.409	0.000	13.310
1268.000	86.322	29.879	0.000	9.687
1270.000	86.333	30.257	0.000	4.996
1272.000	86.327	30.472	0.000	2.061
1274.000	86.334	30.583	0.000	-2.334
1276.000	86.337	30.648	0.000	-6.035
1278.000	86.334	30.475	0.000	-11.045
1280.000	86.344	30.172	0.000	-14.766
1282.000	86.339	29.981	0.000	-16.407
1284.000	86.347	30.050	0.000	-18.380
1286.000	86.347	29.970	0.000	-20.220
1288.000	86.348	29.903	0.000	-21.643
1290.000	86.354	30.061	0.000	-24.554
1292.000	86.353	30.181	0.000	-25.423
1294.000	86.358	30.400	0.000	-27.073
1296.000	86.359	30.525	0.000	-30.628
1298.000	86.363	30.546	0.000	-33.159
1300.000	86.364	30.631	0.000	-35.472
1302.000	86.367	30.582	0.000	-38.556
1304.000	86.370	30.749	0.000	-40.747
1306.000	86.371	30.863	0.000	-42.669
1308.000	86.377	30.910	0.000	-44.963
1310.000	86.374	31.272	0.000	-48.567
1312.000	86.382	31.351	0.000	-51.834
1314.000	86.382	31.418	0.000	-55.131
1316.000	86.382	31.549	0.000	-57.782
1318.000	86.393	31.521	0.000	-62.456
1320.000	86.383	31.432	0.000	-67.053
1322.000	86.398	31.435	0.000	-71.572
1324.000	86.393	31.131	0.000	-75.910
1326.000	86.395	30.650	0.000	-79.838
1328.000	86.407	30.539	0.000	-83.023
1330.000	86.395	30.304	0.000	-86.184
1332.000	86.412	30.120	0.000	-88.842
1334.000	86.406	29.746	0.000	-92.361
1336.000	86.408	29.205	0.000	-94.779
1338.000	86.420	28.604	0.000	-96.122
1340.000	86.407	28.440	0.000	-97.605
1342.000	86.426	28.192	0.000	-98.840
1344.000	86.418	27.881	0.000	-99.274
1346.000	86.423	27.735	0.000	-99.214
1348.000	86.430	27.565	0.000	-98.181
1350.000	86.425	27.237	0.000	-98.267
1352.000	86.436	27.244	0.000	-99.979
1354.000	86.432	27.245	0.000	-101.901
1356.000	86.439	27.383	0.000	-102.997
1358.000	86.439	27.190	0.000	-104.236
1360.000	86.445	27.099	0.000	-106.168
1362.000	86.444	26.927	0.000	-107.821
1364.000	86.448	26.598	0.000	-107.521
1366.000	86.455	26.317	0.000	-108.383
1368.000	86.448	26.542	0.000	-108.289
1370.000	86.464	26.370	0.000	-107.183
1372.000	86.454	26.665	0.000	-108.518
1374.000	86.464	26.689	0.000	-108.322
1376.000	86.468	26.717	0.000	-108.303
1378.000	86.460	27.185	0.000	-107.146
1380.000	86.479	27.416	0.000	-107.284
1382.000	86.466	27.813	0.000	-108.887
1384.000	86.480	28.160	0.000	-112.533
1386.000	86.479	28.485	0.000	-116.252
1388.000	86.480	28.898	0.000	-118.965
1390.000	86.487	29.243	0.000	-123.113
1392.000	86.485	29.245	0.000	-128.150
1394.000	86.493	29.245	0.000	-132.019
1396.000	86.490	28.989	0.000	-135.330
1398.000	86.500	29.077	0.000	-138.996
1400.000	86.494	29.078	0.000	-142.538
1402.000	86.505	28.853	0.000	-145.527
1404.000	86.504	28.601	0.000	-149.722
1406.000	86.503	28.489	0.000	-153.420
1408.000	86.518	28.477	0.000	-155.392
1410.000	86.503	28.534	0.000	-157.627
1412.000	86.524	28.633	0.000	-160.437
1414.000	86.514	28.619	0.000	-164.521
1416.000	86.522	28.685	0.000	-169.137
1418.000	86.526	28.696	0.000	-174.214
1420.000	86.525	28.780	0.000	-179.680
1422.000	86.532	28.665	0.000	174.520
1424.000	86.530	28.079	0.000	169.393
1426.000	86.539	27.585	0.000	164.214
1428.000	86.533	27.130	0.000	157.717
1430.000	86.548	26.247	0.000	152.833
1432.000	86.539	25.592	0.000	148.548
1434.000	86.549	24.884	0.000	144.881
1436.000	86.554	24.128	0.000	143.642
1438.000	86.546	23.294	0.000	141.637
1440.000	86.564	22.735	0.000	139.123
1442.000	86.552	21.784	0.000	137.165
1444.000	86.567	20.996	0.000	140.454
1446.000	86.562	20.602	0.000	137.250
1448.000	86.571	20.376	0.000	137.104
1450.000	86.567	19.661	0.000	136.609
1452.000	86.577	18.830	0.000	136.418
1454.000	86.577	17.962	0.000	136.577
1456.000	86.576	18.296	0.000	139.009
1458.000	86.590	18.350	0.000	138.322
1460.000	86.577	18.409	0.000	142.203
1462.000	86.597	17.113	0.000	145.375
1464.000	86.587	16.924	0.000	141.399
1466.000	86.596	16.562	0.000	141.000
1468.000	86.597	16.681	0.000	145.722
1470.000	86.600	16.507	0.000	145.206
1472.000	86.604	15.131	0.000	147.268
1474.000	86.605	14.640	0.000	151.128
1476.000	86.615	15.280	0.000	149.260
1478.000	86.604	15.479	0.000	146.143
1480.000	86.626	15.883	0.000	148.919
1482.000	86.610	14.934	0.000	154.140
1484.000	86.627	14.180	0.000	155.975
1486.000	86.622	14.290	0.000	150.211
1488.000	86.629	12.941	0.000	152.230
1490.000	86.630	13.941	0.000	153.172
1492.000	86.635	14.556	0.000	155.253
1494.000	86.639	13.645	0.000	161.623
1496.000	86.635	13.237	0.000	157.621
1498.000	86.651	12.983	0.000	158.641
1500.000	86.637	13.734	0.000	161.880
1502.000	86.657	12.787	0.000	160.324
1504.000	86.647	13.542	0.000	157.895
1506.000	86.659	13.630	0.000	161.096
1508.000	86.656	13.388	0.000	161.397
1510.000	86.665	12.919	0.000	169.069
1512.000	86.662	13.601	0.000	163.104
1514.000	86.668	14.075	0.000	166.546
1516.000	86.675	13.566	0.000	168.292
1518.000	86.667	13.198	0.000	167.374
1520.000	86.686	12.853	0.000	173.760
1522.000	86.673	12.924	0.000	175.234
1524.000	86.690	12.851	0.000	168.194
1526.000	86.681	12.538	0.000	162.772
1528.000	86.697	13.615	0.000	166.075
1530.000	86.685	13.263	0.000	165.655
1532.000	86.703	13.009	0.000	171.364
1534.000	86.696	13.627	0.000	-177.031
1536.000	86.702	14.380	0.000	176.078
1538.000	86.708	14.545	0.000	174.367
1540.000	86.706	13.897	0.000	171.400
1542.000	86.715	13.741	0.000	170.168
1544.000	86.711	14.670	0.000	170.092
1546.000	86.725	14.562	0.000	177.048
1548.000	86.712	14.377	0.000	173.726
1550.000	86.735	13.868	0.000	162.337
1552.000	86.718	13.523	0.000	161.371
1554.000	86.738	13.519	0.000	169.648
1556.000	86.728	13.712	0.000	175.213
1558.000	86.744	14.887	0.000	169.502
1560.000	86.734	14.654	0.000	164.668
1562.000	86.750	14.530	0.000	178.059
1564.000	86.743	14.674	0.000	-179.648
1566.000	86.750	14.030	0.000	176.086
1568.000	86.755	14.203	0.000	167.881
1570.000	86.754	14.072	0.000	163.661
1572.000	86.762	14.392	0.000	167.970
1574.000	86.759	14.553	0.000	173.780
1576.000	86.773	15.072	0.000	171.279
1578.000	86.760	15.486	0.000	168.627
1580.000	86.783	15.355	0.000	165.641
1582.000	86.767	14.473	0.000	164.801
1584.000	86.787	13.977	0.000	162.998
1586.000	86.775	14.526	0.000	161.626
1588.000	86.795	14.912	0.000	157.844
1590.000	86.779	15.248	0.000	152.944
1592.000	86.801	15.621	0.000	153.528
1594.000	86.788	15.297	0.000	158.835
1596.000	86.803	14.850	0.000	154.146
1598.000	86.798	14.275	0.000	150.047
1600.000	86.809	15.361	0.000	145.835
1602.000	86.805	15.273	0.000	147.642
1604.000	86.813	15.184	0.000	150.412
1606.000	86.816	15.091	0.000	147.997
1608.000	86.814	15.196	0.000	145.633
1610.000	86.825	15.283	0.000	145.961
1612.000	86.821	14.744	0.000	141.764
1614.000	86.832	14.726	0.000	144.205
1616.000	86.824	14.905	0.000	149.207
1618.000	86.843	15.004	0.000	138.177
1620.000	86.828	15.223	0.000	137.208
1622.000	86.850	15.525	0.000	141.878
1624.000	86.836	15.421	0.000	147.317
1626.000	86.856	14.588	0.000	151.156
1628.000	86.840	14.266	0.000	148.001
1630.000	86.865	14.206	0.000	142.253
1632.000	86.847	14.807	0.000	138.750
1634.000	86.870	14.364	0.000	148.082
1636.000	86.855	14.537	0.000	148.416
1638.000	86.877	14.872	0.000	144.829
1640.000	86.860	14.455	0.000	134.903
1642.000	86.884	15.074	0.000	132.497
1644.000	86.869	15.406	0.000	135.083
1646.000	86.887	14.934	0.000	135.071
1648.000	86.878	14.675	0.000	136.906
1650.000	86.894	14.629	0.000	138.598
1652.000	86.884	14.878	0.000	137.972
1654.000	86.899	14.923	0.000	137.603
1656.000	86.894	14.004	0.000	137.547
1658.000	86.903	14.514	0.000	131.311
1660.000	86.901	14.027	0.000	137.188
1662.000	86.910	14.139	0.000	131.980
1664.000	86.909	14.673	0.000	131.823
1666.000	86.914	14.619	0.000	129.631
1668.000	86.919	14.015	0.000	134.593
1670.000	86.919	14.713	0.000	134.640
1672.000	86.925	15.448	0.000	134.075
1674.000	86.926	14.948	0.000	132.080
1676.000	86.934	15.313	0.000	126.563
1678.000	86.931	14.547	0.000	133.429
1680.000	86.941	14.857	0.000	133.147
1682.000	86.938	15.669	0.000	126.656
1684.000	86.948	15.675	0.000	125.130
1686.000	86.943	15.207	0.000	128.076
1688.000	86.957	14.990	0.000	127.267
1690.000	86.950	15.446	0.000	121.881
1692.000	86.963	14.831	0.000	127.316
1694.000	86.957	15.026	0.000	123.532
1696.000	86.970	15.800	0.000	120.384
1698.000	86.962	15.790	0.000	119.542
1700.000	86.978	15.047	0.000	121.413
1702.000	86.970	15.167	0.000	121.168
1704.000	86.983	15.605	0.000	116.040
1706.000	86.976	15.285	0.000	118.634
1708.000	86.993	15.351	0.000	122.942
1710.000	86.982	15.810	0.000	122.648
1712.000	86.998	15.992	0.000	117.061
1714.000	86.990	15.761	0.000	111.575
1716.000	87.005	15.951	0.000	114.957
1718.000	86.995	15.485	0.000	114.356
1720.000	87.012	14.234	0.000	117.708
1722.000	87.004	14.675	0.000	116.860
1724.000	87.018	14.923	0.000	113.172
1726.000	87.010	15.373	0.000	104.107
1728.000	87.026	15.696	0.000	105.678
1730.000	87.018	15.805	0.000	109.748
1732.000	87.031	15.286	0.000	107.323
1734.000	87.026	15.360	0.000	106.966
1736.000	87.037	15.845	0.000	103.767
1738.000	87.033	15.414	0.000	108.569
1740.000	87.043	15.649	0.000	104.144
1742.000	87.043	15.209	0.000	100.609
1744.000	87.048	14.811	0.000	103.732
1746.000	87.050	15.183	0.000	103.501
1748.000	87.055	15.816	0.000	102.936
1750.000	87.058	15.522	0.000	98.740
1752.000	87.059	16.017	0.000	103.933
1754.000	87.067	15.204	0.000	97.922
1756.000	87.066	14.652	0.000	92.694
1758.000	87.074	14.543	0.000	93.190
1760.000	87.070	15.587	0.000	89.994
1762.000	87.085	15.849	0.000	95.223
1764.000	87.076	15.840	0.000	89.641
1766.000	87.092	15.898	0.000	87.631
1768.000	87.081	15.371	0.000	94.008
1770.000	87.101	15.794	0.000	92.844
1772.000	87.086	15.276	0.000	90.599
1774.000	87.109	15.413	0.000	86.384
1776.000	87.093	15.588	0.000	84.215
1778.000	87.118	15.575	0.000	83.211
1780.000	87.097	15.927	0.000	85.475
1782.000	87.127	15.588	0.000	83.537
1784.000	87.104	16.239	0.000	82.852
1786.000	87.134	16.162	0.000	80.920
1788.000	87.109	16.027	0.000	80.496
1790.000	87.142	16.175	0.000	78.857
1792.000	87.117	15.558	0.000	81.869
1794.000	87.146	15.987	0.000	83.483
1796.000	87.126	16.299	0.000	77.150
1798.000	87.153	15.460	0.000	72.686
1800.000	87.134	15.811	0.000	73.925
1802.000	87.157	16.044	0.000	70.232
1804.000	87.145	15.574	0.000	71.716
1806.000	87.161	16.393	0.000	72.574
1808.000	87.155	16.403	0.000	65.738
1810.000	87.165	16.306	0.000	61.467
1812.000	87.167	16.656	0.000	65.826
1814.000	87.168	16.592	0.000	70.350
1816.000	87.177	15.934	0.000	65.508
1818.000	87.171	16.062	0.000	63.390
1820.000	87.188	16.070	0.000	61.416
1822.000	87.174	15.392	0.000	63.467
1824.000	87.199	15.309	0.000	60.779
1826.000	87.179	15.570	0.000	60.501
1828.000	87.208	16.056	0.000	62.009
1830.000	87.184	15.896	0.000	58.778
1832.000	87.216	15.154	0.000	60.358
1834.000	87.192	15.675	0.000	51.647
1836.000	87.223	16.019	0.000	58.317
1838.000	87.199	15.562	0.000	61.194
1840.000	87.229	15.667	0.000	57.078
1842.000	87.210	15.769	0.000	61.004
1844.000	87.231	15.522	0.000	53.051
1846.000	87.222	15.256	0.000	53.697
1848.000	87.234	15.224	0.000	56.155
1850.000	87.234	15.842	0.000	54.292
1852.000	87.234	16.053	0.000	53.080
1854.000	87.248	16.420	0.000	55.655
1856.000	87.236	16.174	0.000	54.952
1858.000	87.260	16.033	0.000	54.888
1860.000	87.238	16.391	0.000	51.962
1862.000	87.272	15.735	0.000	49.783
1864.000	87.244	15.745	0.000	52.891
1866.000	87.278	15.775	0.000	56.252
1868.000	87.252	16.401	0.000	58.764
1870.000	87.284	16.262	0.000	59.217
1872.000	87.263	16.199	0.000	57.227
1874.000	87.286	16.680	0.000	58.102
1876.000	87.276	17.194	0.000	55.294
1878.000	87.287	16.238	0.000	51.117
1880.000	87.291	16.187	0.000	54.756
1882.000	87.287	17.362	0.000	52.771
1884.000	87.305	17.297	0.000	51.760
1886.000	87.289	17.070	0.000	49.727
1888.000	87.317	17.065	0.000	51.257
1890.000	87.292	16.881	0.000	49.092
1892.000	87.327	17.178	0.000	47.006
1894.000	87.299	17.260	0.000	44.617
1896.000	87.333	17.660	0.000	47.381
1898.000	87.310	18.058	0.000	50.148
1900.000	87.334	18.144	0.000	47.755
1902.000	87.325	18.556	0.000	51.254
1904.000	87.333	18.986	0.000	48.741
1906.000	87.341	19.820	0.000	49.475
1908.000	87.332	19.711	0.000	51.544
1910.000	87.357	19.228	0.000	48.344
1912.000	87.333	19.258	0.000	43.909
1914.000	87.368	20.261	0.000	41.385
1916.000	87.338	20.595	0.000	41.188
1918.000	87.376	20.968	0.000	37.173
1920.000	87.349	21.028	0.000	33.231
1922.000	87.377	21.111	0.000	29.482
1924.000	87.365	20.874	0.000	25.027
1926.000	87.375	21.454	0.000	25.871
1928.000	87.383	21.833	0.000	24.852
1930.000	87.372	21.965	0.000	21.349
1932.000	87.399	21.725	0.000	18.739
1934.000	87.373	21.343	0.000	13.999
1936.000	87.410	21.182	0.000	10.042
1938.000	87.379	21.461	0.000	9.451
1940.000	87.416	21.552	0.000	6.657
1942.000	87.393	21.392	0.000	4.091
1944.000	87.415	21.724	0.000	1.942
1946.000	87.411	21.684	0.000	1.987
1948.000	87.411	21.789	0.000	-0.268
1950.000	87.430	21.356	0.000	0.804
1952.000	87.409	21.288	0.000	2.032
1954.000	87.445	21.530	0.000	-0.148
1956.000	87.413	20.981	0.000	-4.332
1958.000	87.452	21.030	0.000	-7.543
1960.000	87.425	20.802	0.000	-9.662
1962.000	87.451	21.236	0.000	-11.623
1964.000	87.444	21.006	0.000	-11.188
1966.000	87.447	20.788	0.000	-9.974
1968.000	87.464	21.058	0.000	-13.090
1970.000	87.443	21.070	0.000	-13.304
1972.000	87.480	20.856	0.000	-15.245
1974.000	87.448	21.239	0.000	-16.386
1976.000	87.487	21.264	0.000	-17.377
1978.000	87.461	21.417	0.000	-17.873
1980.000	87.485	21.542	0.000	-22.264
1982.000	87.481	21.187	0.000	-22.663
1984.000	87.479	21.158	0.000	-27.882
1986.000	87.502	20.701	0.000	-30.190
1988.000	87.477	20.417	0.000	-30.638
1990.000	87.516	20.563	0.000	-34.033
1992.000	87.483	20.558	0.000	-37.018
1994.000	87.520	19.789	0.000	-34.278
1996.000	87.500	19.752	0.000	-34.958
1998.000	87.515	19.937	0.000	-38.076
2000.000	87.523	19.721	0.000	-40.775
