2000.000	86.022	10.966	0.000	-129.432
2.000	86.028	10.963	0.000	148.991
4.000	86.081	10.751	0.000	21.497
6.000	86.038	10.555	0.000	-106.338
8.000	86.039	10.539	0.000	-126.979
10.000	86.092	10.745	0.000	-174.875
12.000	86.051	10.254	0.000	-142.257
14.000	86.050	12.032	0.000	-117.672
16.000	86.104	11.340	0.000	-127.092
18.000	86.064	11.471	0.000	-64.115
20.000	86.062	11.180	0.000	-128.978
22.000	86.116	9.405	0.000	-137.212
24.000	86.077	10.919	0.000	-68.777
26.000	86.074	11.157	0.000	-61.127
28.000	86.129	10.946	0.000	-45.298
30.000	86.088	11.069	0.000	-133.985
32.000	86.085	11.083	0.000	-84.776
34.000	86.142	10.004	0.000	-26.012
36.000	86.101	9.457	0.000	-20.288
38.000	86.097	10.668	0.000	-57.254
40.000	86.154	11.060	0.000	-77.803
42.000	86.113	10.871	0.000	-110.632
44.000	86.111	12.384	0.000	-89.776
46.000	86.166	11.544	0.000	-81.018
48.000	86.124	11.466	0.000	-68.815
50.000	86.125	11.993	0.000	-136.071
52.000	86.178	11.546	0.000	106.178
54.000	86.135	10.529	0.000	-28.222
56.000	86.141	10.577	0.000	-60.789
58.000	86.188	11.378	0.000	-132.982
60.000	86.144	11.125	0.000	-86.120
62.000	86.158	11.611	0.000	-88.065
64.000	86.199	11.023	0.000	-99.180
66.000	86.153	10.839	0.000	-47.860
68.000	86.176	11.113	0.000	-6.407
70.000	86.210	11.953	0.000	16.817
72.000	86.161	11.702	0.000	-5.270
74.000	86.194	10.959	0.000	-54.232
76.000	86.219	10.327	0.000	-13.887
78.000	86.171	10.475	0.000	45.149
80.000	86.213	10.482	0.000	164.384
82.000	86.228	10.890	0.000	41.143
84.000	86.181	10.161	0.000	50.743
86.000	86.231	9.925	0.000	-137.866
88.000	86.236	9.726	0.000	-86.168
90.000	86.194	11.354	0.000	7.223
92.000	86.248	12.347	0.000	11.782
94.000	86.242	12.096	0.000	-114.167
96.000	86.209	10.950	0.000	-130.383
98.000	86.266	11.442	0.000	-156.052
100.000	86.246	11.268	0.000	-110.217
102.000	86.227	11.219	0.000	99.295
104.000	86.281	10.626	0.000	-73.125
106.000	86.250	10.860	0.000	-157.414
108.000	86.247	10.785	0.000	-103.723
110.000	86.294	10.249	0.000	-97.482
112.000	86.254	10.152	0.000	-125.976
114.000	86.269	11.756	0.000	-109.978
116.000	86.305	12.124	0.000	-88.044
118.000	86.259	11.212	0.000	-40.115
120.000	86.293	11.658	0.000	79.577
122.000	86.312	11.309	0.000	-66.164
124.000	86.268	10.990	0.000	-140.901
126.000	86.315	11.940	0.000	-132.705
128.000	86.315	11.417	0.000	-100.613
130.000	86.281	11.083	0.000	-53.236
132.000	86.337	10.701	0.000	-51.015
134.000	86.317	10.516	0.000	-17.841
136.000	86.299	10.063	0.000	-62.746
138.000	86.354	11.095	0.000	-66.648
140.000	86.319	11.027	0.000	-83.645
142.000	86.322	11.185	0.000	-118.308
144.000	86.365	11.176	0.000	-127.272
146.000	86.322	10.158	0.000	-134.078
148.000	86.348	10.843	0.000	-104.820
150.000	86.371	11.380	0.000	-113.961
152.000	86.330	11.177	0.000	-132.473
154.000	86.373	12.306	0.000	-112.532
156.000	86.372	11.674	0.000	-119.307
158.000	86.345	10.855	0.000	-153.100
160.000	86.396	10.656	0.000	-105.141
162.000	86.369	10.969	0.000	-44.592
164.000	86.367	10.562	0.000	-18.411
166.000	86.412	11.056	0.000	-69.929
168.000	86.369	10.375	0.000	-178.061
170.000	86.393	10.312	0.000	-131.606
172.000	86.420	10.337	0.000	-147.513
174.000	86.376	10.803	0.000	-104.248
176.000	86.421	10.639	0.000	-148.010
178.000	86.419	10.972	0.000	-162.401
180.000	86.390	10.284	0.000	-174.019
182.000	86.444	10.281	0.000	176.145
184.000	86.416	9.592	0.000	-97.833
186.000	86.414	9.543	0.000	-170.103
188.000	86.457	10.617	0.000	-152.806
190.000	86.417	11.459	0.000	-140.420
192.000	86.445	11.478	0.000	-132.953
194.000	86.460	11.523	0.000	144.780
196.000	86.425	11.521	0.000	-2.483
198.000	86.473	10.241	0.000	-67.231
200.000	86.456	11.075	0.000	-114.047
202.000	86.446	11.510	0.000	176.736
204.000	86.491	11.707	0.000	-127.096
206.000	86.453	10.807	0.000	-120.096
208.000	86.475	11.300	0.000	-92.916
210.000	86.498	10.141	0.000	-79.132
212.000	86.457	10.198	0.000	-117.374
214.000	86.505	11.576	0.000	173.002
216.000	86.495	10.793	0.000	75.300
218.000	86.476	10.050	0.000	82.763
220.000	86.526	11.425	0.000	-142.004
222.000	86.490	12.115	0.000	147.460
224.000	86.507	11.982	0.000	63.418
226.000	86.532	11.718	0.000	-154.936
228.000	86.494	10.766	0.000	-176.413
230.000	86.537	10.514	0.000	162.289
232.000	86.527	10.775	0.000	-159.597
234.000	86.514	11.107	0.000	-173.173
236.000	86.557	9.996	0.000	91.536
238.000	86.521	11.230	0.000	62.079
240.000	86.546	11.976	0.000	-78.044
242.000	86.562	11.043	0.000	-114.682
244.000	86.528	10.636	0.000	-157.836
246.000	86.577	11.742	0.000	-140.629
248.000	86.555	10.743	0.000	-139.982
250.000	86.552	10.355	0.000	-146.740
252.000	86.592	10.139	0.000	-107.322
254.000	86.551	11.488	0.000	-146.898
256.000	86.586	11.716	0.000	164.477
258.000	86.590	10.859	0.000	98.322
260.000	86.564	11.353	0.000	123.478
262.000	86.612	10.794	0.000	177.749
264.000	86.582	10.418	0.000	131.157
266.000	86.596	9.914	0.000	150.479
268.000	86.618	11.211	0.000	-100.935
270.000	86.585	11.150	0.000	22.568
272.000	86.628	9.840	0.000	128.935
274.000	86.610	9.764	0.000	132.262
276.000	86.609	10.417	0.000	-91.501
278.000	86.644	10.629	0.000	-122.013
280.000	86.606	9.957	0.000	-172.148
282.000	86.644	10.108	0.000	-61.782
284.000	86.640	10.081	0.000	-80.311
286.000	86.622	9.851	0.000	119.544
288.000	86.668	10.051	0.000	94.955
290.000	86.631	9.169	0.000	177.641
292.000	86.656	9.961	0.000	-105.824
294.000	86.668	10.518	0.000	98.052
296.000	86.640	10.457	0.000	105.964
298.000	86.686	10.846	0.000	112.928
300.000	86.657	10.471	0.000	133.247
302.000	86.671	10.583	0.000	118.314
304.000	86.691	10.788	0.000	-179.276
306.000	86.661	10.678	0.000	-147.441
308.000	86.704	10.183	0.000	93.720
310.000	86.680	11.514	0.000	94.670
312.000	86.690	10.852	0.000	120.955
314.000	86.714	11.665	0.000	86.852
316.000	86.679	11.902	0.000	72.045
318.000	86.724	12.162	0.000	66.009
320.000	86.703	11.582	0.000	62.120
322.000	86.706	11.771	0.000	66.336
324.000	86.736	12.068	0.000	36.684
326.000	86.699	12.270	0.000	23.829
328.000	86.741	11.908	0.000	26.398
330.000	86.726	11.679	0.000	0.351
332.000	86.724	12.449	0.000	-14.692
334.000	86.755	11.814	0.000	-21.126
336.000	86.722	12.041	0.000	-34.671
338.000	86.760	12.544	0.000	-58.441
340.000	86.743	12.671	0.000	-87.219
342.000	86.746	12.110	0.000	-103.191
344.000	86.773	12.050	0.000	-143.731
346.000	86.740	13.568	0.000	177.460
348.000	86.782	12.943	0.000	159.771
350.000	86.761	12.612	0.000	124.281
352.000	86.767	13.465	0.000	97.309
354.000	86.792	14.664	0.000	77.077
356.000	86.758	15.277	0.000	66.106
358.000	86.801	14.424	0.000	48.004
360.000	86.779	14.696	0.000	22.412
362.000	86.787	14.968	0.000	-1.480
364.000	86.808	15.838	0.000	-10.075
366.000	86.779	16.780	0.000	-23.550
368.000	86.820	16.455	0.000	-43.227
370.000	86.793	15.291	0.000	-63.300
372.000	86.811	15.756	0.000	-81.586
374.000	86.820	15.165	0.000	-94.485
376.000	86.800	14.735	0.000	-104.075
378.000	86.839	14.692	0.000	-110.047
380.000	86.806	14.277	0.000	-123.235
382.000	86.836	13.161	0.000	-118.914
384.000	86.833	11.607	0.000	-127.453
386.000	86.820	11.676	0.000	-158.038
388.000	86.856	11.311	0.000	177.617
390.000	86.821	10.343	0.000	158.449
392.000	86.857	10.101	0.000	149.035
394.000	86.843	10.762	0.000	165.670
396.000	86.844	10.383	0.000	-145.038
398.000	86.868	10.192	0.000	98.805
400.000	86.839	10.821	0.000	156.588
402.000	86.877	11.632	0.000	-87.535
404.000	86.852	11.389	0.000	-80.245
406.000	86.871	11.311	0.000	-94.462
408.000	86.876	10.898	0.000	-151.133
410.000	86.859	11.272	0.000	-179.355
412.000	86.896	11.045	0.000	-167.632
414.000	86.862	11.213	0.000	-179.917
416.000	86.895	9.916	0.000	142.114
418.000	86.883	10.796	0.000	111.171
420.000	86.882	10.549	0.000	121.132
422.000	86.907	9.449	0.000	128.028
424.000	86.877	10.359	0.000	97.494
426.000	86.915	11.326	0.000	138.819
428.000	86.889	11.177	0.000	97.694
430.000	86.909	10.329	0.000	76.570
432.000	86.910	9.225	0.000	-54.093
434.000	86.899	10.158	0.000	-28.313
436.000	86.929	10.641	0.000	-102.368
438.000	86.897	10.715	0.000	-68.597
440.000	86.934	10.603	0.000	-83.906
442.000	86.911	10.503	0.000	-66.759
444.000	86.924	11.561	0.000	-106.573
446.000	86.934	10.653	0.000	174.383
448.000	86.913	10.201	0.000	155.742
450.000	86.949	10.176	0.000	-161.360
452.000	86.916	11.472	0.000	-153.446
454.000	86.947	10.956	0.000	129.650
456.000	86.932	9.917	0.000	-175.165
458.000	86.938	9.249	0.000	-100.615
460.000	86.951	9.397	0.000	-159.233
462.000	86.930	10.088	0.000	-154.830
464.000	86.963	11.123	0.000	-159.451
466.000	86.933	11.177	0.000	-97.632
468.000	86.964	10.836	0.000	-51.642
470.000	86.946	10.560	0.000	177.820
472.000	86.954	11.362	0.000	166.284
474.000	86.967	10.605	0.000	-131.563
476.000	86.944	10.718	0.000	-136.729
478.000	86.978	10.794	0.000	136.834
480.000	86.947	10.687	0.000	-145.571
482.000	86.978	10.614	0.000	-147.047
484.000	86.960	10.156	0.000	139.811
486.000	86.969	9.862	0.000	154.416
488.000	86.976	11.002	0.000	-162.428
490.000	86.961	11.709	0.000	-175.154
492.000	86.988	11.225	0.000	-145.222
494.000	86.959	10.425	0.000	-136.711
496.000	86.992	10.021	0.000	-147.853
498.000	86.966	10.197	0.000	-128.519
500.000	86.985	10.654	0.000	5.902
502.000	86.983	10.219	0.000	-4.110
504.000	86.974	10.420	0.000	134.931
506.000	86.996	10.264	0.000	-110.799
508.000	86.969	10.815	0.000	-116.270
510.000	87.002	9.914	0.000	-87.402
512.000	86.973	10.308	0.000	-47.685
514.000	86.997	10.766	0.000	79.796
516.000	86.984	10.811	0.000	129.149
518.000	86.991	10.564	0.000	-64.577
520.000	86.996	10.405	0.000	-37.811
522.000	86.981	10.652	0.000	-1.976
524.000	87.007	10.102	0.000	-37.971
526.000	86.977	10.406	0.000	-68.300
528.000	87.010	9.210	0.000	-44.854
530.000	86.981	9.816	0.000	-89.796
532.000	87.003	10.282	0.000	-72.216
534.000	86.993	10.072	0.000	-17.567
536.000	86.993	11.039	0.000	-60.899
538.000	87.004	10.441	0.000	-144.907
540.000	86.985	9.364	0.000	-92.367
542.000	87.010	10.487	0.000	133.989
544.000	86.982	10.025	0.000	106.903
546.000	87.012	11.010	0.000	173.658
548.000	86.984	10.208	0.000	-94.508
550.000	87.007	10.886	0.000	-96.358
552.000	86.993	11.107	0.000	-120.122
554.000	86.997	10.278	0.000	-104.075
556.000	87.002	10.599	0.000	-92.422
558.000	86.986	9.689	0.000	-106.960
560.000	87.010	10.030	0.000	-138.012
562.000	86.981	9.403	0.000	-152.277
564.000	87.009	9.661	0.000	-131.351
566.000	86.982	10.175	0.000	-83.950
568.000	87.006	9.322	0.000	-74.692
570.000	86.986	9.624	0.000	-60.938
572.000	86.997	9.822	0.000	-78.589
574.000	86.993	10.968	0.000	-85.741
576.000	86.988	10.304	0.000	-45.321
578.000	86.999	10.078	0.000	-101.783
580.000	86.977	9.430	0.000	-110.884
582.000	87.003	9.926	0.000	-160.838
584.000	86.973	9.896	0.000	-132.841
586.000	87.000	10.165	0.000	-121.881
588.000	86.973	11.147	0.000	-83.774
590.000	86.994	11.205	0.000	-135.007
592.000	86.976	10.775	0.000	-139.589
594.000	86.984	10.152	0.000	-116.873
596.000	86.979	8.415	0.000	-178.153
598.000	86.975	9.051	0.000	-120.475
600.000	86.983	9.909	0.000	-50.937
602.000	86.964	9.149	0.000	-132.769
604.000	86.985	10.059	0.000	-154.669
606.000	86.957	10.678	0.000	-168.742
608.000	86.983	10.243	0.000	-159.009
610.000	86.953	9.902	0.000	-146.897
612.000	86.977	9.592	0.000	155.203
614.000	86.953	10.468	0.000	-177.811
616.000	86.968	10.126	0.000	146.912
618.000	86.954	9.630	0.000	146.437
620.000	86.958	9.965	0.000	-130.464
622.000	86.955	11.023	0.000	-133.262
624.000	86.947	11.047	0.000	-154.634
626.000	86.955	10.875	0.000	-148.025
628.000	86.936	11.132	0.000	-152.044
630.000	86.956	11.131	0.000	-149.980
632.000	86.927	10.653	0.000	-124.527
634.000	86.951	10.487	0.000	-176.110
636.000	86.922	11.233	0.000	166.474
638.000	86.944	11.122	0.000	-173.351
640.000	86.917	10.912	0.000	-147.493
642.000	86.934	11.252	0.000	-166.273
644.000	86.915	10.517	0.000	-168.768
646.000	86.925	10.498	0.000	-157.487
648.000	86.912	11.347	0.000	154.335
650.000	86.914	10.640	0.000	167.431
652.000	86.912	9.772	0.000	160.385
654.000	86.901	10.066	0.000	161.613
656.000	86.908	11.131	0.000	155.571
658.000	86.890	10.748	0.000	160.940
660.000	86.906	10.113	0.000	174.695
662.000	86.879	10.545	0.000	149.010
664.000	86.899	10.208	0.000	132.057
666.000	86.873	11.565	0.000	141.876
668.000	86.892	11.413	0.000	156.916
670.000	86.863	10.659	0.000	158.660
672.000	86.883	9.992	0.000	157.725
674.000	86.857	11.160	0.000	145.329
676.000	86.873	11.658	0.000	135.235
678.000	86.850	11.303	0.000	136.984
680.000	86.863	10.455	0.000	135.152
682.000	86.846	10.485	0.000	162.672
684.000	86.848	10.695	0.000	145.531
686.000	86.841	10.975	0.000	117.825
688.000	86.838	11.725	0.000	120.167
690.000	86.835	10.660	0.000	129.739
692.000	86.825	10.456	0.000	155.878
694.000	86.829	10.479	0.000	147.314
696.000	86.814	11.397	0.000	104.806
698.000	86.821	10.980	0.000	99.113
700.000	86.801	9.987	0.000	104.506
702.000	86.816	10.351	0.000	122.620
704.000	86.789	10.262	0.000	125.352
706.000	86.806	10.297	0.000	123.181
708.000	86.779	10.296	0.000	64.971
710.000	86.797	10.972	0.000	100.922
712.000	86.769	10.689	0.000	124.755
714.000	86.786	10.142	0.000	114.738
716.000	86.760	10.571	0.000	70.327
718.000	86.777	9.940	0.000	76.350
720.000	86.748	10.380	0.000	61.771
722.000	86.765	10.709	0.000	41.131
724.000	86.740	10.245	0.000	56.189
726.000	86.753	11.033	0.000	96.628
728.000	86.730	10.161	0.000	83.805
730.000	86.742	9.751	0.000	51.291
732.000	86.722	10.268	0.000	-126.484
734.000	86.728	11.096	0.000	36.390
736.000	86.712	10.868	0.000	43.468
738.000	86.718	9.963	0.000	42.403
740.000	86.702	10.360	0.000	39.213
742.000	86.704	10.389	0.000	-15.129
744.000	86.694	10.780	0.000	95.586
746.000	86.693	10.761	0.000	66.948
748.000	86.683	10.251	0.000	137.767
750.000	86.679	9.307	0.000	147.656
752.000	86.675	10.139	0.000	47.516
754.000	86.667	10.738	0.000	-38.842
756.000	86.663	10.653	0.000	-58.179
758.000	86.656	10.580	0.000	13.978
760.000	86.654	9.978	0.000	44.028
762.000	86.642	10.039	0.000	48.217
764.000	86.643	10.551	0.000	57.556
766.000	86.632	8.864	0.000	57.279
768.000	86.632	10.427	0.000	72.358
770.000	86.618	9.323	0.000	75.620
772.000	86.624	9.947	0.000	17.683
774.000	86.607	12.148	0.000	-15.348
776.000	86.610	11.964	0.000	13.358
778.000	86.596	10.576	0.000	33.637
780.000	86.601	9.712	0.000	40.358
782.000	86.583	10.166	0.000	36.196
784.000	86.589	10.159	0.000	70.504
786.000	86.574	9.628	0.000	72.572
788.000	86.577	10.350	0.000	72.989
790.000	86.561	10.306	0.000	48.467
792.000	86.568	10.154	0.000	34.275
794.000	86.550	10.280	0.000	20.497
796.000	86.555	9.943	0.000	1.405
798.000	86.540	10.402	0.000	-24.040
800.000	86.545	10.860	0.000	-14.396
802.000	86.527	11.315	0.000	7.492
804.000	86.532	10.834	0.000	35.213
806.000	86.520	9.975	0.000	19.664
808.000	86.520	10.687	0.000	27.613
810.000	86.507	11.448	0.000	9.889
812.000	86.512	12.233	0.000	11.027
814.000	86.497	12.067	0.000	19.502
816.000	86.498	11.779	0.000	24.438
818.000	86.488	11.426	0.000	16.097
820.000	86.488	11.461	0.000	8.782
822.000	86.476	10.731	0.000	-13.211
824.000	86.476	9.813	0.000	-17.555
826.000	86.469	11.030	0.000	-19.351
828.000	86.463	11.043	0.000	-19.950
830.000	86.458	11.213	0.000	-30.216
832.000	86.455	11.197	0.000	-36.765
834.000	86.448	10.846	0.000	-13.665
836.000	86.441	10.507	0.000	2.353
838.000	86.441	11.477	0.000	2.680
840.000	86.431	11.635	0.000	11.635
842.000	86.429	10.604	0.000	13.635
844.000	86.421	11.642	0.000	15.620
846.000	86.422	12.507	0.000	13.853
848.000	86.406	12.437	0.000	4.045
850.000	86.414	13.226	0.000	-10.237
852.000	86.398	13.960	0.000	-25.398
854.000	86.403	13.923	0.000	-29.688
856.000	86.387	13.945	0.000	-52.231
858.000	86.397	13.712	0.000	-59.336
860.000	86.375	12.782	0.000	-57.661
862.000	86.387	12.467	0.000	-70.053
864.000	86.369	12.770	0.000	-70.673
866.000	86.378	12.209	0.000	-67.368
868.000	86.356	11.595	0.000	-55.737
870.000	86.372	12.544	0.000	-38.392
872.000	86.347	12.394	0.000	-37.173
874.000	86.360	12.384	0.000	-55.787
876.000	86.341	13.411	0.000	-57.371
878.000	86.352	13.166	0.000	-58.317
880.000	86.330	13.409	0.000	-57.367
882.000	86.343	14.579	0.000	-65.280
884.000	86.326	14.145	0.000	-74.141
886.000	86.330	14.530	0.000	-75.092
888.000	86.320	14.742	0.000	-77.150
890.000	86.322	14.318	0.000	-81.402
892.000	86.311	14.463	0.000	-89.127
894.000	86.312	15.528	0.000	-99.058
896.000	86.308	14.794	0.000	-101.650
898.000	86.300	14.085	0.000	-99.233
900.000	86.301	14.886	0.000	-97.865
902.000	86.293	14.822	0.000	-104.249
904.000	86.294	14.902	0.000	-115.498
906.000	86.282	14.317	0.000	-120.097
908.000	86.292	13.857	0.000	-115.634
910.000	86.272	12.929	0.000	-117.634
912.000	86.285	13.647	0.000	-126.726
914.000	86.267	13.249	0.000	-125.622
916.000	86.277	12.805	0.000	-117.237
918.000	86.258	13.381	0.000	-108.435
920.000	86.272	13.644	0.000	-107.149
922.000	86.252	13.847	0.000	-101.528
924.000	86.262	15.115	0.000	-97.987
926.000	86.251	17.112	0.000	-101.739
928.000	86.252	18.448	0.000	-105.168
930.000	86.245	19.546	0.000	-112.943
932.000	86.247	21.255	0.000	-119.504
934.000	86.241	21.896	0.000	-129.418
936.000	86.236	22.227	0.000	-141.837
938.000	86.240	22.977	0.000	-148.435
940.000	86.227	23.303	0.000	-157.687
942.000	86.235	24.241	0.000	-166.908
944.000	86.222	24.652	0.000	-176.336
946.000	86.230	24.916	0.000	173.209
948.000	86.214	24.920	0.000	162.892
950.000	86.229	24.871	0.000	150.124
952.000	86.208	24.718	0.000	139.524
954.000	86.220	23.907	0.000	128.800
956.000	86.208	22.457	0.000	119.924
958.000	86.212	20.851	0.000	111.712
960.000	86.204	19.754	0.000	109.435
962.000	86.207	18.439	0.000	112.072
964.000	86.203	18.066	0.000	125.857
966.000	86.197	18.470	0.000	139.772
968.000	86.205	19.438	0.000	140.464
970.000	86.188	20.846	0.000	135.933
972.000	86.201	21.892	0.000	136.054
974.000	86.186	23.086	0.000	135.001
976.000	86.195	24.140	0.000	127.077
978.000	86.182	25.294	0.000	117.572
980.000	86.193	26.336	0.000	110.894
982.000	86.178	27.373	0.000	99.510
984.000	86.186	28.058	0.000	88.200
986.000	86.182	28.514	0.000	75.819
988.000	86.176	29.007	0.000	63.907
990.000	86.181	29.265	0.000	51.591
992.000	86.173	29.169	0.000	37.337
994.000	86.177	28.723	0.000	24.106
996.000	86.169	28.167	0.000	10.061
998.000	86.179	27.801	0.000	-3.017
1000.000	86.162	26.859	0.000	-18.019
1002.000	86.177	25.491	0.000	-34.468
1004.000	86.164	23.933	0.000	-51.854
1006.000	86.167	22.797	0.000	-72.275
1008.000	86.166	21.221	0.000	-97.192
1010.000	86.164	20.130	0.000	-129.867
1012.000	86.163	20.072	0.000	-172.116
1014.000	86.161	21.523	0.000	151.810
1016.000	86.165	22.788	0.000	124.686
1018.000	86.153	24.085	0.000	102.833
1020.000	86.168	25.272	0.000	83.523
1022.000	86.151	26.282	0.000	67.055
1024.000	86.162	27.042	0.000	52.616
1026.000	86.155	27.390	0.000	39.543
1028.000	86.156	27.805	0.000	27.435
1030.000	86.155	27.891	0.000	16.054
1032.000	86.155	27.637	0.000	4.749
1034.000	86.155	27.506	0.000	-3.279
1036.000	86.149	26.873	0.000	-9.253
1038.000	86.160	26.414	0.000	-16.738
1040.000	86.143	26.125	0.000	-21.374
1042.000	86.159	25.869	0.000	-21.426
1044.000	86.147	25.880	0.000	-24.315
1046.000	86.151	26.132	0.000	-26.741
1048.000	86.152	26.518	0.000	-29.673
1050.000	86.148	26.946	0.000	-35.461
1052.000	86.152	26.734	0.000	-41.971
1054.000	86.147	27.007	0.000	-47.877
1056.000	86.153	27.185	0.000	-56.047
1058.000	86.143	26.942	0.000	-61.031
1060.000	86.156	26.299	0.000	-65.739
1062.000	86.142	25.947	0.000	-66.370
1064.000	86.152	25.640	0.000	-68.274
1066.000	86.150	25.398	0.000	-67.562
1068.000	86.144	25.735	0.000	-69.596
1070.000	86.155	26.057	0.000	-73.308
1072.000	86.143	26.117	0.000	-77.577
1074.000	86.152	26.300	0.000	-79.525
1076.000	86.147	26.591	0.000	-84.263
1078.000	86.151	26.626	0.000	-87.400
1080.000	86.146	26.838	0.000	-89.064
1082.000	86.152	27.260	0.000	-90.705
1084.000	86.149	27.469	0.000	-92.025
1086.000	86.147	27.387	0.000	-96.222
1088.000	86.157	27.760	0.000	-98.473
1090.000	86.143	28.280	0.000	-101.305
1092.000	86.158	28.575	0.000	-106.994
1094.000	86.149	28.910	0.000	-112.016
1096.000	86.151	29.217	0.000	-114.400
1098.000	86.157	29.631	0.000	-118.032
1100.000	86.149	30.161	0.000	-124.010
1102.000	86.157	30.686	0.000	-130.432
1104.000	86.152	31.043	0.000	-138.140
1106.000	86.157	31.342	0.000	-145.547
1108.000	86.154	31.407	0.000	-152.866
1110.000	86.160	31.554	0.000	-161.194
1112.000	86.155	31.417	0.000	-168.887
1114.000	86.158	31.306	0.000	-176.230
1116.000	86.162	31.063	0.000	175.967
1118.000	86.153	30.882	0.000	168.754
1120.000	86.168	30.437	0.000	161.786
1122.000	86.155	29.879	0.000	155.094
1124.000	86.164	29.264	0.000	149.403
1126.000	86.166	28.571	0.000	143.651
1128.000	86.158	27.683	0.000	137.109
1130.000	86.172	26.633	0.000	133.026
1132.000	86.160	25.867	0.000	130.809
1134.000	86.171	24.849	0.000	131.956
1136.000	86.168	24.248	0.000	136.007
1138.000	86.168	23.991	0.000	137.442
1140.000	86.173	24.496	0.000	139.577
1142.000	86.170	25.051	0.000	141.008
1144.000	86.174	25.760	0.000	139.123
1146.000	86.172	26.018	0.000	135.925
1148.000	86.179	26.409	0.000	132.205
1150.000	86.172	26.414	0.000	127.093
1152.000	86.182	26.593	0.000	121.122
1154.000	86.178	26.617	0.000	116.679
1156.000	86.178	26.679	0.000	111.649
1158.000	86.188	27.011	0.000	106.366
1160.000	86.176	27.140	0.000	103.511
1162.000	86.192	27.362	0.000	97.213
1164.000	86.184	27.516	0.000	90.541
1166.000	86.185	27.479	0.000	82.776
1168.000	86.196	27.223	0.000	75.625
1170.000	86.183	26.925	0.000	66.593
1172.000	86.198	26.835	0.000	58.288
1174.000	86.192	26.403	0.000	52.110
1176.000	86.193	25.409	0.000	43.044
1178.000	86.203	24.817	0.000	35.320
1180.000	86.193	23.842	0.000	29.962
1182.000	86.206	22.802	0.000	24.088
1184.000	86.200	21.419	0.000	21.266
1186.000	86.204	20.348	0.000	20.168
1188.000	86.208	18.680	0.000	22.714
1190.000	86.204	17.904	0.000	30.440
1192.000	86.213	17.256	0.000	36.752
1194.000	86.210	17.419	0.000	39.542
1196.000	86.214	17.422	0.000	43.851
1198.000	86.215	18.831	0.000	40.648
1200.000	86.217	19.720	0.000	39.310
1202.000	86.219	20.310	0.000	35.334
1204.000	86.221	20.950	0.000	28.368
1206.000	86.223	20.963	0.000	21.100
1208.000	86.222	21.044	0.000	13.946
1210.000	86.227	20.364	0.000	3.288
1212.000	86.225	19.734	0.000	-6.293
1214.000	86.228	18.799	0.000	-13.195
1216.000	86.231	18.004	0.000	-23.344
1218.000	86.227	17.773	0.000	-26.964
1220.000	86.236	16.638	0.000	-36.121
1222.000	86.231	15.536	0.000	-45.881
1224.000	86.236	14.568	0.000	-56.245
1226.000	86.240	13.436	0.000	-53.700
1228.000	86.234	11.917	0.000	-44.423
1230.000	86.247	9.912	0.000	-12.107
1232.000	86.238	10.369	0.000	37.246
1234.000	86.247	11.959	0.000	62.551
1236.000	86.248	13.557	0.000	48.579
1238.000	86.245	13.589	0.000	37.192
1240.000	86.256	14.245	0.000	31.818
1242.000	86.249	15.130	0.000	22.143
1244.000	86.257	14.517	0.000	13.672
1246.000	86.260	15.666	0.000	9.480
1248.000	86.255	15.890	0.000	2.385
1250.000	86.268	15.103	0.000	0.942
1252.000	86.259	14.689	0.000	-4.242
1254.000	86.268	14.993	0.000	-13.408
1256.000	86.270	14.669	0.000	-17.698
1258.000	86.265	14.216	0.000	-19.631
1260.000	86.279	14.083	0.000	-23.878
1262.000	86.270	13.733	0.000	-24.594
1264.000	86.280	13.597	0.000	-23.755
1266.000	86.281	13.763	0.000	-18.886
1268.000	86.278	13.910	0.000	-24.879
1270.000	86.289	14.867	0.000	-27.922
1272.000	86.283	14.843	0.000	-19.430
1274.000	86.290	14.036	0.000	-10.548
1276.000	86.293	14.218	0.000	-21.885
1278.000	86.289	14.446	0.000	-32.055
1280.000	86.300	14.668	0.000	-26.759
1282.000	86.294	13.976	0.000	-28.695
1284.000	86.302	14.118	0.000	-33.522
1286.000	86.303	14.539	0.000	-28.443
1288.000	86.304	14.595	0.000	-36.265
1290.000	86.310	14.843	0.000	-42.282
1292.000	86.308	14.121	0.000	-42.863
1294.000	86.314	14.078	0.000	-41.983
1296.000	86.314	14.989	0.000	-45.883
1298.000	86.318	14.671	0.000	-48.298
1300.000	86.319	14.451	0.000	-48.571
1302.000	86.323	15.167	0.000	-57.976
1304.000	86.325	16.046	0.000	-64.049
1306.000	86.326	15.325	0.000	-78.558
1308.000	86.332	14.029	0.000	-82.120
1310.000	86.330	14.354	0.000	-76.201
1312.000	86.337	15.536	0.000	-82.128
1314.000	86.337	14.612	0.000	-94.119
1316.000	86.337	14.011	0.000	-92.314
1318.000	86.348	13.596	0.000	-84.085
1320.000	86.338	13.521	0.000	-84.067
1322.000	86.353	13.202	0.000	-88.976
1324.000	86.348	13.060	0.000	-82.425
1326.000	86.350	11.890	0.000	-86.834
1328.000	86.362	10.754	0.000	-87.208
1330.000	86.350	12.664	0.000	-91.910
1332.000	86.367	12.950	0.000	-90.569
1334.000	86.360	13.001	0.000	-85.730
1336.000	86.363	13.788	0.000	-88.519
1338.000	86.375	13.349	0.000	-82.206
1340.000	86.362	13.266	0.000	-85.970
1342.000	86.380	14.339	0.000	-83.561
1344.000	86.373	13.822	0.000	-89.348
1346.000	86.378	13.412	0.000	-94.795
1348.000	86.385	13.457	0.000	-86.640
1350.000	86.380	13.301	0.000	-94.303
1352.000	86.390	12.861	0.000	-101.960
1354.000	86.387	14.222	0.000	-104.566
1356.000	86.394	14.426	0.000	-106.258
1358.000	86.393	14.273	0.000	-110.342
1360.000	86.399	14.435	0.000	-113.000
1362.000	86.399	13.601	0.000	-110.926
1364.000	86.403	13.837	0.000	-122.806
1366.000	86.409	13.481	0.000	-124.700
1368.000	86.402	13.249	0.000	-122.712
1370.000	86.418	14.133	0.000	-127.397
1372.000	86.408	13.056	0.000	-130.850
1374.000	86.418	13.093	0.000	-130.113
1376.000	86.423	13.153	0.000	-128.807
1378.000	86.415	12.710	0.000	-124.080
1380.000	86.434	13.029	0.000	-139.707
1382.000	86.421	13.606	0.000	-131.849
1384.000	86.434	13.548	0.000	-131.569
1386.000	86.433	13.428	0.000	-145.540
1388.000	86.434	13.527	0.000	-145.560
1390.000	86.442	13.180	0.000	-146.676
1392.000	86.440	13.437	0.000	-147.430
1394.000	86.447	13.025	0.000	-157.780
1396.000	86.445	13.319	0.000	-154.244
1398.000	86.455	12.574	0.000	-146.113
1400.000	86.448	12.267	0.000	-150.020
1402.000	86.460	12.793	0.000	-135.529
1404.000	86.458	13.076	0.000	-153.193
1406.000	86.457	12.773	0.000	-169.889
1408.000	86.472	12.902	0.000	-168.991
1410.000	86.458	12.093	0.000	-175.610
1412.000	86.478	11.596	0.000	-174.507
1414.000	86.469	12.920	0.000	-163.459
1416.000	86.476	12.670	0.000	-166.571
1418.000	86.480	10.848	0.000	-162.109
1420.000	86.479	11.936	0.000	-169.931
1422.000	86.486	12.519	0.000	177.328
1424.000	86.485	12.941	0.000	-162.525
1426.000	86.494	12.316	0.000	-174.380
1428.000	86.488	12.586	0.000	175.433
1430.000	86.503	12.602	0.000	175.140
1432.000	86.494	12.218	0.000	176.571
1434.000	86.504	12.769	0.000	172.061
1436.000	86.508	12.378	0.000	172.726
1438.000	86.501	11.266	0.000	160.620
1440.000	86.519	11.242	0.000	160.309
1442.000	86.506	11.260	0.000	157.170
1444.000	86.521	11.776	0.000	165.096
1446.000	86.516	13.036	0.000	158.094
1448.000	86.525	12.145	0.000	144.152
1450.000	86.522	11.624	0.000	152.594
1452.000	86.531	11.432	0.000	161.966
1454.000	86.531	10.146	0.000	153.413
1456.000	86.531	11.456	0.000	141.077
1458.000	86.545	11.098	0.000	153.513
1460.000	86.531	10.969	0.000	167.239
1462.000	86.551	11.620	0.000	139.213
1464.000	86.542	12.057	0.000	134.289
1466.000	86.551	11.536	0.000	131.265
1468.000	86.552	10.919	0.000	156.050
1470.000	86.555	11.196	0.000	142.425
1472.000	86.559	12.143	0.000	132.837
1474.000	86.559	11.783	0.000	140.108
1476.000	86.570	11.506	0.000	128.442
1478.000	86.559	12.587	0.000	115.199
1480.000	86.581	11.702	0.000	94.485
1482.000	86.565	9.891	0.000	67.820
1484.000	86.582	10.649	0.000	89.800
1486.000	86.577	11.058	0.000	118.241
1488.000	86.584	9.501	0.000	122.879
1490.000	86.585	9.900	0.000	93.742
1492.000	86.590	9.554	0.000	91.175
1494.000	86.593	10.503	0.000	95.268
1496.000	86.590	11.465	0.000	96.424
1498.000	86.606	11.037	0.000	98.201
1500.000	86.592	10.425	0.000	100.000
1502.000	86.612	9.864	0.000	98.152
1504.000	86.603	11.615	0.000	79.612
1506.000	86.614	10.476	0.000	88.853
1508.000	86.611	10.283	0.000	89.667
1510.000	86.620	11.321	0.000	78.971
1512.000	86.617	10.935	0.000	71.835
1514.000	86.623	11.389	0.000	89.477
1516.000	86.630	10.391	0.000	93.201
1518.000	86.622	10.569	0.000	63.370
1520.000	86.641	11.895	0.000	60.275
1522.000	86.628	11.554	0.000	51.483
1524.000	86.645	10.958	0.000	66.319
1526.000	86.636	10.647	0.000	71.772
1528.000	86.652	10.548	0.000	37.949
1530.000	86.641	9.902	0.000	34.312
1532.000	86.658	10.613	0.000	60.127
1534.000	86.651	10.687	0.000	61.573
1536.000	86.658	10.341	0.000	52.678
1538.000	86.664	10.358	0.000	26.634
1540.000	86.661	8.976	0.000	1.027
1542.000	86.670	9.462	0.000	-5.035
1544.000	86.667	10.314	0.000	13.624
1546.000	86.680	9.219	0.000	-24.192
1548.000	86.668	9.838	0.000	-20.359
1550.000	86.691	9.931	0.000	13.748
1552.000	86.674	10.636	0.000	9.524
1554.000	86.694	11.314	0.000	-8.666
1556.000	86.684	11.143	0.000	-17.881
1558.000	86.699	10.628	0.000	-14.548
1560.000	86.690	9.984	0.000	-9.794
1562.000	86.706	8.638	0.000	-7.082
1564.000	86.699	10.242	0.000	-4.157
1566.000	86.706	10.568	0.000	-12.777
1568.000	86.712	10.338	0.000	-21.213
1570.000	86.710	9.432	0.000	-34.384
1572.000	86.718	10.574	0.000	-33.750
1574.000	86.716	11.324	0.000	-20.322
1576.000	86.729	8.393	0.000	-52.740
1578.000	86.717	8.977	0.000	-49.791
1580.000	86.739	11.063	0.000	-46.466
1582.000	86.724	10.953	0.000	-56.900
1584.000	86.743	10.855	0.000	-36.869
1586.000	86.732	10.469	0.000	-34.598
1588.000	86.751	10.992	0.000	-11.714
1590.000	86.735	9.794	0.000	-64.350
1592.000	86.758	10.400	0.000	-65.115
1594.000	86.745	11.235	0.000	-58.044
1596.000	86.759	9.938	0.000	-24.915
1598.000	86.755	9.994	0.000	-55.727
1600.000	86.765	9.303	0.000	-62.831
1602.000	86.762	9.380	0.000	-51.882
1604.000	86.770	10.656	0.000	-34.587
1606.000	86.773	11.373	0.000	-66.604
1608.000	86.771	10.450	0.000	-64.095
1610.000	86.782	9.023	0.000	-42.925
1612.000	86.778	9.557	0.000	-95.351
1614.000	86.789	10.048	0.000	-77.222
1616.000	86.782	10.200	0.000	-72.348
1618.000	86.800	9.591	0.000	-112.065
1620.000	86.785	9.674	0.000	41.806
1622.000	86.807	10.774	0.000	66.172
1624.000	86.794	9.857	0.000	-76.814
1626.000	86.813	8.659	0.000	-115.092
1628.000	86.798	10.602	0.000	-103.580
1630.000	86.823	10.781	0.000	-125.684
1632.000	86.804	10.168	0.000	-142.074
1634.000	86.827	9.324	0.000	-102.788
1636.000	86.813	9.522	0.000	-59.655
1638.000	86.834	9.639	0.000	-81.587
1640.000	86.818	9.342	0.000	-92.312
1642.000	86.841	9.008	0.000	156.274
1644.000	86.827	10.153	0.000	-129.526
1646.000	86.844	10.769	0.000	-58.546
1648.000	86.836	10.180	0.000	-129.916
1650.000	86.852	10.599	0.000	-85.677
1652.000	86.842	9.920	0.000	-47.639
1654.000	86.857	9.723	0.000	-78.215
1656.000	86.852	9.452	0.000	-82.109
1658.000	86.861	9.086	0.000	-75.604
1660.000	86.859	9.071	0.000	-90.939
1662.000	86.869	9.259	0.000	-63.210
1664.000	86.867	8.649	0.000	-49.179
1666.000	86.872	8.945	0.000	-66.846
1668.000	86.878	11.027	0.000	-59.499
1670.000	86.878	11.267	0.000	-96.916
1672.000	86.883	10.838	0.000	-104.872
1674.000	86.885	10.636	0.000	-108.694
1676.000	86.892	10.502	0.000	-82.115
1678.000	86.889	9.997	0.000	-113.889
1680.000	86.900	10.564	0.000	-114.806
1682.000	86.897	11.712	0.000	-92.828
1684.000	86.906	11.015	0.000	-81.406
1686.000	86.902	10.295	0.000	-116.190
1688.000	86.916	9.901	0.000	-117.203
1690.000	86.908	10.471	0.000	-111.298
1692.000	86.921	10.768	0.000	-114.168
1694.000	86.916	10.525	0.000	-123.255
1696.000	86.929	10.003	0.000	-131.918
1698.000	86.921	9.823	0.000	-148.262
1700.000	86.937	10.090	0.000	-159.755
1702.000	86.930	8.718	0.000	-133.942
1704.000	86.943	9.033	0.000	-118.906
1706.000	86.935	10.403	0.000	-96.783
1708.000	86.952	9.655	0.000	-127.012
1710.000	86.942	10.234	0.000	-111.071
1712.000	86.957	10.357	0.000	-139.821
1714.000	86.950	9.592	0.000	-144.871
1716.000	86.965	10.295	0.000	-144.400
1718.000	86.955	9.168	0.000	-153.705
1720.000	86.972	8.983	0.000	-101.662
1722.000	86.964	9.275	0.000	-112.263
1724.000	86.977	10.690	0.000	167.515
1726.000	86.970	10.087	0.000	135.262
1728.000	86.986	10.302	0.000	-156.435
1730.000	86.977	9.870	0.000	-112.760
1732.000	86.991	9.785	0.000	-88.447
1734.000	86.987	9.791	0.000	-109.068
1736.000	86.998	10.628	0.000	-150.459
1738.000	86.993	9.552	0.000	-144.319
1740.000	87.003	9.148	0.000	171.487
1742.000	87.003	8.780	0.000	-176.171
1744.000	87.008	8.270	0.000	166.973
1746.000	87.010	9.754	0.000	-142.930
1748.000	87.016	10.679	0.000	-135.393
1750.000	87.019	9.791	0.000	-132.513
1752.000	87.020	9.855	0.000	-124.397
1754.000	87.028	9.433	0.000	-143.025
1756.000	87.027	9.654	0.000	-109.735
1758.000	87.035	10.447	0.000	-122.601
1760.000	87.031	9.087	0.000	-176.151
1762.000	87.046	9.765	0.000	-124.400
1764.000	87.037	10.660	0.000	-130.368
1766.000	87.053	10.531	0.000	-178.832
1768.000	87.043	10.811	0.000	-171.962
1770.000	87.062	9.904	0.000	-173.020
1772.000	87.047	10.093	0.000	169.641
1774.000	87.070	11.232	0.000	-170.278
1776.000	87.054	10.297	0.000	-135.625
1778.000	87.079	9.254	0.000	-169.295
1780.000	87.058	9.066	0.000	-158.652
1782.000	87.088	9.491	0.000	-152.588
1784.000	87.065	9.610	0.000	174.926
1786.000	87.095	10.691	0.000	-170.660
1788.000	87.071	9.569	0.000	178.983
1790.000	87.104	8.858	0.000	155.575
1792.000	87.079	9.582	0.000	165.510
1794.000	87.109	9.830	0.000	160.995
1796.000	87.088	10.161	0.000	136.449
1798.000	87.115	8.372	0.000	124.720
1800.000	87.096	8.644	0.000	161.389
1802.000	87.119	10.086	0.000	-170.000
1804.000	87.108	8.861	0.000	173.151
1806.000	87.124	8.547	0.000	148.866
1808.000	87.117	10.037	0.000	129.982
1810.000	87.127	8.773	0.000	161.833
1812.000	87.129	9.188	0.000	130.406
1814.000	87.130	9.963	0.000	159.626
1816.000	87.139	10.212	0.000	140.149
1818.000	87.134	9.646	0.000	164.915
1820.000	87.151	8.843	0.000	170.092
1822.000	87.137	7.672	0.000	127.264
1824.000	87.161	8.201	0.000	91.010
1826.000	87.142	8.915	0.000	157.099
1828.000	87.171	9.984	0.000	140.322
1830.000	87.147	11.284	0.000	124.507
1832.000	87.179	10.188	0.000	134.777
1834.000	87.155	10.531	0.000	141.630
1836.000	87.186	10.866	0.000	177.915
1838.000	87.162	9.843	0.000	146.121
1840.000	87.192	9.086	0.000	121.312
1842.000	87.173	9.206	0.000	108.588
1844.000	87.195	9.128	0.000	138.768
1846.000	87.185	7.843	0.000	90.262
1848.000	87.198	8.640	0.000	105.769
1850.000	87.198	9.560	0.000	106.242
1852.000	87.198	8.559	0.000	114.976
1854.000	87.212	8.723	0.000	142.946
1856.000	87.200	9.376	0.000	134.649
1858.000	87.224	9.681	0.000	-151.787
1860.000	87.202	9.816	0.000	124.237
1862.000	87.236	9.779	0.000	168.489
1864.000	87.209	9.084	0.000	170.669
1866.000	87.243	8.614	0.000	-115.643
1868.000	87.216	8.809	0.000	-130.172
1870.000	87.249	9.297	0.000	100.020
1872.000	87.228	10.020	0.000	70.466
1874.000	87.251	10.866	0.000	29.504
1876.000	87.241	10.043	0.000	57.925
1878.000	87.252	9.837	0.000	76.298
1880.000	87.256	9.958	0.000	122.575
1882.000	87.252	10.396	0.000	163.582
1884.000	87.270	9.566	0.000	131.661
1886.000	87.254	9.189	0.000	-106.954
1888.000	87.283	8.916	0.000	-157.954
1890.000	87.257	9.666	0.000	60.641
1892.000	87.293	10.184	0.000	48.098
1894.000	87.265	9.845	0.000	122.561
1896.000	87.298	9.585	0.000	164.700
1898.000	87.275	10.316	0.000	136.282
1900.000	87.300	9.530	0.000	101.948
1902.000	87.291	9.231	0.000	172.227
1904.000	87.299	9.771	0.000	-122.099
1906.000	87.307	9.809	0.000	108.007
1908.000	87.298	9.531	0.000	88.146
1910.000	87.323	10.083	0.000	-159.549
1912.000	87.299	10.082	0.000	177.878
1914.000	87.334	9.759	0.000	70.626
1916.000	87.305	10.095	0.000	35.185
1918.000	87.342	10.333	0.000	45.272
1920.000	87.315	10.736	0.000	55.281
1922.000	87.343	10.547	0.000	29.331
1924.000	87.331	9.808	0.000	26.725
1926.000	87.342	10.037	0.000	23.476
1928.000	87.349	11.428	0.000	26.515
1930.000	87.338	11.056	0.000	27.033
1932.000	87.366	10.370	0.000	28.334
1934.000	87.340	10.011	0.000	1.336
1936.000	87.377	10.843	0.000	-15.918
1938.000	87.346	10.420	0.000	-27.838
1940.000	87.383	11.251	0.000	-10.570
1942.000	87.360	11.421	0.000	-8.264
1944.000	87.382	10.383	0.000	-23.801
1946.000	87.378	10.420	0.000	-37.253
1948.000	87.378	10.664	0.000	-26.729
1950.000	87.398	10.959	0.000	-27.759
1952.000	87.376	10.323	0.000	-40.722
1954.000	87.412	8.752	0.000	-56.464
1956.000	87.381	9.799	0.000	-74.297
1958.000	87.420	9.305	0.000	-74.549
1960.000	87.393	10.164	0.000	-51.222
1962.000	87.419	9.949	0.000	-45.441
1964.000	87.412	10.719	0.000	-58.126
1966.000	87.415	10.865	0.000	-67.422
1968.000	87.432	10.661	0.000	-70.440
1970.000	87.412	9.825	0.000	-84.699
1972.000	87.448	10.568	0.000	-88.099
1974.000	87.416	9.964	0.000	-70.130
1976.000	87.456	10.911	0.000	-91.947
1978.000	87.429	11.153	0.000	-120.437
1980.000	87.454	11.212	0.000	-106.660
1982.000	87.450	9.927	0.000	-124.535
1984.000	87.448	10.267	0.000	-95.947
1986.000	87.471	10.493	0.000	-98.975
1988.000	87.445	11.045	0.000	-101.598
1990.000	87.486	11.055	0.000	-113.221
1992.000	87.452	11.273	0.000	-117.836
1994.000	87.489	9.833	0.000	-163.881
1996.000	87.469	8.814	0.000	-157.454
1998.000	87.485	9.623	0.000	-144.046
2000.000	87.492	10.676	0.000	-124.987
