2000.000	86.089	11.722	0.000	16.784
2.000	86.095	11.014	0.000	15.664
4.000	86.148	11.249	0.000	-3.220
6.000	86.105	11.802	0.000	-33.796
8.000	86.106	10.508	0.000	-120.031
10.000	86.159	10.613	0.000	-114.469
12.000	86.118	11.216	0.000	-60.520
14.000	86.117	9.857	0.000	19.432
16.000	86.171	10.983	0.000	22.852
18.000	86.131	12.181	0.000	77.883
20.000	86.128	12.034	0.000	61.494
22.000	86.183	10.663	0.000	-50.959
24.000	86.144	9.815	0.000	4.415
26.000	86.141	10.090	0.000	-55.541
28.000	86.196	12.026	0.000	-103.960
30.000	86.155	12.025	0.000	-120.418
32.000	86.152	11.395	0.000	-123.946
34.000	86.209	10.164	0.000	-159.446
36.000	86.168	10.868	0.000	-71.466
38.000	86.164	12.262	0.000	-31.288
40.000	86.221	11.752	0.000	-136.017
42.000	86.180	10.093	0.000	165.150
44.000	86.178	10.191	0.000	-114.431
46.000	86.233	10.453	0.000	-70.675
48.000	86.191	11.788	0.000	-8.805
50.000	86.192	11.775	0.000	-68.476
52.000	86.245	11.046	0.000	-80.541
54.000	86.202	10.190	0.000	-115.957
56.000	86.207	9.296	0.000	-107.125
58.000	86.255	9.877	0.000	63.906
60.000	86.211	10.154	0.000	37.685
62.000	86.225	9.371	0.000	10.167
64.000	86.266	9.758	0.000	-41.158
66.000	86.219	9.649	0.000	-106.177
68.000	86.243	11.222	0.000	-128.718
70.000	86.277	12.106	0.000	108.789
72.000	86.229	11.482	0.000	150.986
74.000	86.261	10.973	0.000	154.978
76.000	86.286	11.233	0.000	-109.342
78.000	86.238	11.783	0.000	-67.112
80.000	86.280	10.719	0.000	-16.691
82.000	86.295	9.896	0.000	-60.069
84.000	86.248	10.394	0.000	48.058
86.000	86.298	10.075	0.000	9.168
88.000	86.303	11.054	0.000	-30.892
90.000	86.261	9.789	0.000	63.401
92.000	86.315	9.476	0.000	131.253
94.000	86.308	9.717	0.000	-143.685
96.000	86.276	10.443	0.000	-138.829
98.000	86.333	9.913	0.000	7.586
100.000	86.313	10.062	0.000	168.122
102.000	86.293	10.421	0.000	-172.024
104.000	86.348	10.107	0.000	-31.109
106.000	86.317	10.206	0.000	-170.480
108.000	86.314	10.156	0.000	-154.239
110.000	86.361	9.325	0.000	-124.460
112.000	86.321	10.584	0.000	62.763
114.000	86.336	11.007	0.000	-113.905
116.000	86.371	10.722	0.000	-178.347
118.000	86.325	9.577	0.000	108.916
120.000	86.359	10.386	0.000	173.598
122.000	86.379	11.006	0.000	-43.812
124.000	86.335	11.020	0.000	-109.548
126.000	86.382	11.588	0.000	88.893
128.000	86.382	10.940	0.000	-89.776
130.000	86.348	11.180	0.000	-100.055
132.000	86.404	11.626	0.000	-155.392
134.000	86.384	11.075	0.000	132.280
136.000	86.366	11.181	0.000	-113.870
138.000	86.421	10.882	0.000	174.939
140.000	86.385	10.687	0.000	96.457
142.000	86.389	11.090	0.000	-47.364
144.000	86.432	12.519	0.000	-92.726
146.000	86.388	10.801	0.000	-84.971
148.000	86.415	9.632	0.000	-157.106
150.000	86.438	11.244	0.000	-173.502
152.000	86.396	10.552	0.000	72.166
154.000	86.441	10.422	0.000	87.008
156.000	86.439	10.280	0.000	119.738
158.000	86.412	10.819	0.000	132.806
160.000	86.463	10.182	0.000	-97.383
162.000	86.436	10.352	0.000	-49.555
164.000	86.434	10.745	0.000	143.033
166.000	86.479	10.591	0.000	167.003
168.000	86.436	10.881	0.000	-116.897
170.000	86.460	11.083	0.000	-71.067
172.000	86.486	11.430	0.000	-96.340
174.000	86.442	11.323	0.000	-115.898
176.000	86.488	11.196	0.000	-142.286
178.000	86.486	12.099	0.000	-123.492
180.000	86.457	11.379	0.000	87.995
182.000	86.511	10.450	0.000	65.590
184.000	86.483	11.080	0.000	-84.822
186.000	86.481	11.098	0.000	-141.724
188.000	86.524	10.732	0.000	-152.079
190.000	86.483	10.779	0.000	86.437
192.000	86.511	10.018	0.000	-82.680
194.000	86.527	9.862	0.000	-30.779
196.000	86.492	10.029	0.000	47.013
198.000	86.539	10.248	0.000	52.347
200.000	86.523	9.680	0.000	-138.768
202.000	86.512	9.148	0.000	-161.359
204.000	86.558	9.778	0.000	85.388
206.000	86.519	11.446	0.000	163.105
208.000	86.542	10.481	0.000	-144.876
210.000	86.565	11.963	0.000	-125.572
212.000	86.524	12.052	0.000	-121.944
214.000	86.572	11.076	0.000	-124.163
216.000	86.562	10.397	0.000	65.078
218.000	86.543	10.111	0.000	112.666
220.000	86.592	10.714	0.000	99.900
222.000	86.556	9.214	0.000	-119.270
224.000	86.573	10.549	0.000	-99.929
226.000	86.599	10.653	0.000	-123.861
228.000	86.560	11.100	0.000	-130.634
230.000	86.604	10.665	0.000	-102.578
232.000	86.594	11.052	0.000	175.164
234.000	86.581	10.998	0.000	-27.270
236.000	86.624	10.873	0.000	-55.996
238.000	86.588	10.819	0.000	5.781
240.000	86.613	11.479	0.000	22.712
242.000	86.628	10.959	0.000	-110.387
244.000	86.594	10.649	0.000	-141.433
246.000	86.643	10.310	0.000	-125.021
248.000	86.621	11.020	0.000	-61.741
250.000	86.618	10.790	0.000	-58.078
252.000	86.658	9.878	0.000	-64.440
254.000	86.617	10.321	0.000	-12.269
256.000	86.652	10.784	0.000	10.058
258.000	86.657	10.614	0.000	38.997
260.000	86.630	11.194	0.000	86.553
262.000	86.678	10.786	0.000	-32.352
264.000	86.648	10.860	0.000	-61.890
266.000	86.662	11.747	0.000	-53.221
268.000	86.684	10.699	0.000	-32.106
270.000	86.651	9.294	0.000	34.944
272.000	86.694	10.828	0.000	-81.170
274.000	86.676	11.362	0.000	-118.208
276.000	86.674	9.767	0.000	-94.681
278.000	86.710	11.028	0.000	-129.197
280.000	86.672	11.808	0.000	-29.043
282.000	86.710	10.886	0.000	101.790
284.000	86.705	9.940	0.000	-149.399
286.000	86.687	10.008	0.000	-113.352
288.000	86.734	10.872	0.000	-100.267
290.000	86.696	10.689	0.000	-42.374
292.000	86.721	12.238	0.000	-62.536
294.000	86.734	12.447	0.000	-45.724
296.000	86.705	11.097	0.000	-104.018
298.000	86.751	9.535	0.000	157.435
300.000	86.722	10.610	0.000	-169.694
302.000	86.736	10.972	0.000	-26.016
304.000	86.757	9.866	0.000	-65.264
306.000	86.726	10.717	0.000	-65.668
308.000	86.769	10.448	0.000	-100.006
310.000	86.745	10.865	0.000	-73.415
312.000	86.754	10.148	0.000	-41.335
314.000	86.779	10.595	0.000	-8.608
316.000	86.744	11.164	0.000	-73.746
318.000	86.788	11.602	0.000	-32.652
320.000	86.768	12.456	0.000	-34.728
322.000	86.770	13.087	0.000	-61.622
324.000	86.801	13.288	0.000	-77.499
326.000	86.764	13.836	0.000	-101.991
328.000	86.806	15.103	0.000	-113.838
330.000	86.790	14.848	0.000	-132.341
332.000	86.788	14.701	0.000	-148.890
334.000	86.819	14.989	0.000	-162.777
336.000	86.785	15.178	0.000	-179.021
338.000	86.824	15.091	0.000	171.727
340.000	86.807	15.149	0.000	149.144
342.000	86.810	14.504	0.000	130.617
344.000	86.837	12.873	0.000	103.848
346.000	86.803	12.664	0.000	83.949
348.000	86.845	13.269	0.000	60.252
350.000	86.824	13.458	0.000	40.975
352.000	86.830	12.817	0.000	9.857
354.000	86.855	13.181	0.000	-10.532
356.000	86.821	12.857	0.000	-24.414
358.000	86.864	12.694	0.000	-62.443
360.000	86.841	13.401	0.000	-105.367
362.000	86.850	13.720	0.000	-115.025
364.000	86.870	13.589	0.000	-134.942
366.000	86.842	13.649	0.000	-151.331
368.000	86.882	13.073	0.000	-160.043
370.000	86.855	13.781	0.000	-174.336
372.000	86.873	13.454	0.000	-175.842
374.000	86.882	11.997	0.000	173.568
376.000	86.862	12.028	0.000	157.153
378.000	86.901	12.348	0.000	132.628
380.000	86.867	10.889	0.000	129.105
382.000	86.897	10.518	0.000	132.114
384.000	86.894	11.735	0.000	123.896
386.000	86.881	10.806	0.000	145.086
388.000	86.917	11.076	0.000	151.374
390.000	86.882	11.260	0.000	127.527
392.000	86.918	11.876	0.000	112.605
394.000	86.904	12.039	0.000	102.707
396.000	86.904	12.760	0.000	102.830
398.000	86.928	12.018	0.000	84.912
400.000	86.899	11.794	0.000	76.395
402.000	86.937	11.661	0.000	74.166
404.000	86.911	11.913	0.000	59.208
406.000	86.930	11.875	0.000	39.356
408.000	86.935	12.475	0.000	42.732
410.000	86.918	12.526	0.000	31.418
412.000	86.955	11.826	0.000	15.339
414.000	86.920	12.842	0.000	1.517
416.000	86.953	13.433	0.000	-14.291
418.000	86.941	12.359	0.000	0.413
420.000	86.940	10.526	0.000	18.170
422.000	86.965	9.513	0.000	-33.919
424.000	86.934	10.744	0.000	-88.527
426.000	86.972	10.399	0.000	-85.832
428.000	86.946	9.841	0.000	-64.607
430.000	86.966	10.150	0.000	-68.861
432.000	86.967	10.306	0.000	-92.390
434.000	86.955	11.103	0.000	-167.938
436.000	86.985	9.690	0.000	122.998
438.000	86.953	9.115	0.000	49.280
440.000	86.989	9.851	0.000	-58.105
442.000	86.967	10.819	0.000	-162.460
444.000	86.979	11.186	0.000	-125.568
446.000	86.989	9.984	0.000	-23.678
448.000	86.968	10.356	0.000	-16.755
450.000	87.004	9.821	0.000	-79.601
452.000	86.971	7.447	0.000	-106.656
454.000	87.001	10.399	0.000	-150.776
456.000	86.986	11.314	0.000	-145.215
458.000	86.992	10.774	0.000	-56.697
460.000	87.004	11.454	0.000	120.057
462.000	86.983	10.599	0.000	-143.088
464.000	87.016	10.074	0.000	-131.037
466.000	86.985	9.908	0.000	-109.377
468.000	87.016	9.658	0.000	-95.214
470.000	86.998	10.471	0.000	10.672
472.000	87.005	10.653	0.000	63.895
474.000	87.018	10.617	0.000	174.777
476.000	86.995	10.556	0.000	-13.694
478.000	87.029	10.322	0.000	-28.772
480.000	86.997	9.236	0.000	-80.066
482.000	87.027	9.814	0.000	26.627
484.000	87.009	9.595	0.000	-45.794
486.000	87.018	10.868	0.000	23.909
488.000	87.025	10.848	0.000	-87.847
490.000	87.009	10.563	0.000	-99.551
492.000	87.036	11.037	0.000	-102.695
494.000	87.006	11.267	0.000	-74.821
496.000	87.039	10.468	0.000	-2.365
498.000	87.013	10.800	0.000	-46.620
500.000	87.032	10.881	0.000	-45.493
502.000	87.029	10.934	0.000	-75.860
504.000	87.020	10.927	0.000	-176.259
506.000	87.041	11.365	0.000	-115.208
508.000	87.014	10.536	0.000	-104.518
510.000	87.047	10.433	0.000	-91.453
512.000	87.018	9.903	0.000	-99.038
514.000	87.041	10.470	0.000	-89.478
516.000	87.027	10.299	0.000	-65.492
518.000	87.033	10.042	0.000	-55.462
520.000	87.039	10.236	0.000	-80.564
522.000	87.023	10.891	0.000	-108.650
524.000	87.048	10.266	0.000	-106.810
526.000	87.019	9.028	0.000	-60.862
528.000	87.051	10.457	0.000	-61.219
530.000	87.022	10.389	0.000	-116.284
532.000	87.043	10.156	0.000	172.253
534.000	87.033	10.484	0.000	-88.485
536.000	87.032	11.176	0.000	-115.696
538.000	87.043	11.149	0.000	-141.797
540.000	87.024	10.108	0.000	-142.270
542.000	87.048	9.935	0.000	-88.732
544.000	87.020	10.172	0.000	-160.948
546.000	87.049	9.899	0.000	-162.919
548.000	87.021	10.605	0.000	-103.106
550.000	87.043	10.528	0.000	-92.691
552.000	87.028	10.463	0.000	-106.347
554.000	87.032	11.143	0.000	-156.810
556.000	87.037	10.710	0.000	-164.413
558.000	87.021	10.348	0.000	-121.153
560.000	87.044	10.001	0.000	-99.114
562.000	87.015	10.316	0.000	-141.410
564.000	87.042	10.647	0.000	172.304
566.000	87.014	10.905	0.000	-152.036
568.000	87.038	10.698	0.000	-163.083
570.000	87.017	9.640	0.000	153.882
572.000	87.028	9.111	0.000	138.591
574.000	87.023	9.527	0.000	158.117
576.000	87.018	9.893	0.000	166.645
578.000	87.028	10.764	0.000	-89.389
580.000	87.006	9.258	0.000	-143.675
582.000	87.032	8.412	0.000	-163.440
584.000	87.001	9.989	0.000	-163.105
586.000	87.027	9.727	0.000	-138.456
588.000	86.999	10.192	0.000	-168.569
590.000	87.020	10.704	0.000	-161.740
592.000	87.002	10.410	0.000	-110.807
594.000	87.009	9.900	0.000	-114.866
596.000	87.004	9.877	0.000	152.209
598.000	87.000	10.567	0.000	-177.811
600.000	87.007	10.735	0.000	-161.064
602.000	86.987	10.666	0.000	-162.892
604.000	87.008	10.694	0.000	175.435
606.000	86.979	11.042	0.000	172.652
608.000	87.005	11.904	0.000	132.036
610.000	86.974	10.488	0.000	114.530
612.000	86.997	10.188	0.000	102.702
614.000	86.974	10.745	0.000	112.830
616.000	86.987	10.964	0.000	177.321
618.000	86.972	9.919	0.000	-121.282
620.000	86.976	9.708	0.000	-144.328
622.000	86.973	11.368	0.000	125.588
624.000	86.965	10.869	0.000	-175.683
626.000	86.972	10.710	0.000	-126.130
628.000	86.952	9.763	0.000	102.790
630.000	86.971	8.381	0.000	67.100
632.000	86.942	9.035	0.000	-118.365
634.000	86.965	10.169	0.000	45.560
636.000	86.936	10.070	0.000	78.595
638.000	86.958	10.552	0.000	51.190
640.000	86.931	10.712	0.000	-171.045
642.000	86.947	10.166	0.000	-141.995
644.000	86.928	8.920	0.000	-164.407
646.000	86.937	10.008	0.000	158.164
648.000	86.923	10.421	0.000	139.083
650.000	86.924	10.512	0.000	163.585
652.000	86.922	11.064	0.000	98.440
654.000	86.911	9.926	0.000	-137.189
656.000	86.918	9.996	0.000	134.946
658.000	86.899	11.149	0.000	66.839
660.000	86.914	10.805	0.000	106.654
662.000	86.887	9.238	0.000	9.431
664.000	86.906	9.851	0.000	-44.182
666.000	86.880	9.824	0.000	140.347
668.000	86.899	8.503	0.000	171.501
670.000	86.869	9.111	0.000	-163.730
672.000	86.889	9.765	0.000	163.840
674.000	86.863	10.463	0.000	123.109
676.000	86.878	10.474	0.000	136.504
678.000	86.854	10.356	0.000	157.340
680.000	86.867	8.977	0.000	-108.696
682.000	86.850	8.521	0.000	-123.683
684.000	86.852	9.890	0.000	147.583
686.000	86.843	10.226	0.000	109.831
688.000	86.840	10.014	0.000	97.544
690.000	86.837	10.119	0.000	119.551
692.000	86.826	10.124	0.000	162.271
694.000	86.830	10.406	0.000	35.648
696.000	86.815	9.989	0.000	77.885
698.000	86.822	9.695	0.000	110.043
700.000	86.800	10.207	0.000	61.982
702.000	86.815	9.969	0.000	48.907
704.000	86.789	10.413	0.000	66.820
706.000	86.805	10.350	0.000	85.418
708.000	86.778	10.425	0.000	26.076
710.000	86.796	10.684	0.000	8.265
712.000	86.767	11.335	0.000	67.092
714.000	86.784	10.101	0.000	-91.320
716.000	86.757	9.060	0.000	-53.445
718.000	86.774	9.195	0.000	90.857
720.000	86.745	10.613	0.000	79.395
722.000	86.762	10.197	0.000	38.748
724.000	86.736	9.474	0.000	67.601
726.000	86.749	9.950	0.000	69.895
728.000	86.726	11.250	0.000	34.455
730.000	86.737	11.024	0.000	35.990
732.000	86.718	8.598	0.000	23.166
734.000	86.723	9.379	0.000	-10.512
736.000	86.707	10.369	0.000	-76.156
738.000	86.712	10.690	0.000	42.334
740.000	86.697	10.618	0.000	16.092
742.000	86.698	9.725	0.000	17.660
744.000	86.688	9.992	0.000	-50.302
746.000	86.686	10.376	0.000	71.701
748.000	86.676	11.193	0.000	36.800
750.000	86.673	11.247	0.000	-35.883
752.000	86.669	10.220	0.000	-29.904
754.000	86.660	10.618	0.000	41.335
756.000	86.656	10.635	0.000	-8.795
758.000	86.649	11.393	0.000	-25.131
760.000	86.647	11.099	0.000	-12.226
762.000	86.635	10.637	0.000	-7.570
764.000	86.636	10.914	0.000	-0.573
766.000	86.625	12.168	0.000	27.692
768.000	86.624	10.931	0.000	28.549
770.000	86.611	9.920	0.000	38.674
772.000	86.616	10.442	0.000	31.696
774.000	86.599	10.889	0.000	10.358
776.000	86.602	10.445	0.000	45.643
778.000	86.588	10.437	0.000	42.825
780.000	86.593	10.050	0.000	0.846
782.000	86.575	10.262	0.000	14.557
784.000	86.580	11.299	0.000	31.329
786.000	86.566	10.222	0.000	35.025
788.000	86.569	10.848	0.000	13.387
790.000	86.552	11.249	0.000	21.151
792.000	86.560	10.401	0.000	46.043
794.000	86.542	9.564	0.000	-17.605
796.000	86.546	10.248	0.000	-6.036
798.000	86.532	9.926	0.000	-3.146
800.000	86.537	10.790	0.000	-10.467
802.000	86.520	11.590	0.000	6.496
804.000	86.524	11.334	0.000	-25.791
806.000	86.512	10.562	0.000	6.747
808.000	86.512	9.740	0.000	-6.103
810.000	86.499	10.702	0.000	-9.320
812.000	86.504	10.169	0.000	-26.737
814.000	86.489	9.978	0.000	-24.419
816.000	86.490	12.372	0.000	-22.074
818.000	86.480	11.794	0.000	-16.328
820.000	86.481	10.840	0.000	-23.689
822.000	86.468	12.554	0.000	-23.934
824.000	86.469	11.787	0.000	-23.070
826.000	86.462	12.399	0.000	-36.738
828.000	86.456	12.332	0.000	-42.074
830.000	86.451	12.475	0.000	-44.837
832.000	86.448	14.454	0.000	-41.145
834.000	86.441	14.183	0.000	-44.155
836.000	86.434	14.069	0.000	-63.828
838.000	86.434	12.336	0.000	-75.557
840.000	86.425	13.148	0.000	-86.374
842.000	86.422	12.553	0.000	-99.576
844.000	86.415	12.024	0.000	-115.665
846.000	86.416	11.440	0.000	-114.724
848.000	86.401	10.421	0.000	-117.886
850.000	86.409	10.517	0.000	-135.113
852.000	86.393	10.915	0.000	-102.420
854.000	86.398	11.275	0.000	-34.502
856.000	86.382	11.978	0.000	-53.653
858.000	86.393	12.972	0.000	-37.473
860.000	86.371	13.273	0.000	-46.783
862.000	86.382	13.037	0.000	-68.310
864.000	86.364	13.209	0.000	-82.680
866.000	86.374	13.631	0.000	-96.102
868.000	86.353	12.119	0.000	-103.043
870.000	86.368	10.509	0.000	-84.469
872.000	86.344	11.313	0.000	-67.228
874.000	86.357	12.018	0.000	-70.522
876.000	86.338	11.644	0.000	-63.281
878.000	86.349	12.351	0.000	-61.324
880.000	86.328	11.875	0.000	-64.211
882.000	86.341	12.547	0.000	-60.107
884.000	86.324	12.928	0.000	-64.754
886.000	86.328	13.599	0.000	-57.607
888.000	86.318	13.147	0.000	-49.960
890.000	86.321	14.188	0.000	-53.830
892.000	86.310	14.784	0.000	-58.478
894.000	86.311	14.841	0.000	-71.103
896.000	86.307	14.675	0.000	-68.222
898.000	86.299	15.639	0.000	-71.074
900.000	86.301	16.300	0.000	-75.785
902.000	86.293	16.522	0.000	-83.231
904.000	86.294	16.512	0.000	-86.045
906.000	86.283	17.634	0.000	-91.496
908.000	86.293	18.158	0.000	-99.791
910.000	86.273	17.768	0.000	-98.520
912.000	86.286	17.223	0.000	-103.262
914.000	86.268	17.334	0.000	-108.313
916.000	86.279	17.495	0.000	-105.131
918.000	86.260	17.402	0.000	-105.371
920.000	86.275	18.280	0.000	-108.812
922.000	86.255	18.973	0.000	-112.809
924.000	86.264	19.438	0.000	-114.471
926.000	86.254	19.521	0.000	-121.293
928.000	86.256	20.155	0.000	-123.867
930.000	86.248	20.294	0.000	-126.853
932.000	86.250	20.050	0.000	-131.561
934.000	86.245	19.596	0.000	-130.387
936.000	86.240	19.651	0.000	-126.983
938.000	86.245	19.679	0.000	-125.689
940.000	86.232	19.931	0.000	-127.123
942.000	86.240	21.352	0.000	-125.523
944.000	86.228	22.672	0.000	-125.788
946.000	86.236	23.810	0.000	-129.683
948.000	86.219	24.631	0.000	-134.693
950.000	86.235	25.651	0.000	-144.800
952.000	86.215	26.268	0.000	-153.562
954.000	86.227	26.727	0.000	-160.835
956.000	86.215	27.118	0.000	-167.195
958.000	86.219	27.410	0.000	-174.452
960.000	86.212	27.960	0.000	178.730
962.000	86.214	27.967	0.000	169.948
964.000	86.210	27.836	0.000	163.050
966.000	86.205	27.152	0.000	155.996
968.000	86.213	26.556	0.000	151.800
970.000	86.197	26.456	0.000	150.950
972.000	86.210	26.934	0.000	150.665
974.000	86.196	27.907	0.000	148.833
976.000	86.205	28.584	0.000	144.303
978.000	86.192	29.210	0.000	138.047
980.000	86.203	29.622	0.000	129.637
982.000	86.188	29.797	0.000	121.017
984.000	86.197	30.243	0.000	111.788
986.000	86.193	30.346	0.000	102.113
988.000	86.187	30.027	0.000	92.500
990.000	86.193	29.520	0.000	82.481
992.000	86.185	28.913	0.000	74.945
994.000	86.189	28.140	0.000	68.589
996.000	86.181	26.943	0.000	61.277
998.000	86.191	25.900	0.000	56.220
1000.000	86.174	24.755	0.000	53.730
1002.000	86.189	23.650	0.000	57.071
1004.000	86.177	22.403	0.000	63.458
1006.000	86.181	21.610	0.000	70.353
1008.000	86.180	22.414	0.000	76.259
1010.000	86.178	23.993	0.000	81.441
1012.000	86.177	24.814	0.000	82.119
1014.000	86.175	25.692	0.000	81.189
1016.000	86.180	26.862	0.000	79.565
1018.000	86.167	27.953	0.000	74.999
1020.000	86.183	29.155	0.000	70.864
1022.000	86.166	30.038	0.000	63.050
1024.000	86.177	30.807	0.000	54.807
1026.000	86.171	31.523	0.000	45.970
1028.000	86.172	31.886	0.000	37.017
1030.000	86.171	32.305	0.000	27.426
1032.000	86.171	32.485	0.000	17.619
1034.000	86.171	32.489	0.000	8.629
1036.000	86.166	32.267	0.000	-0.384
1038.000	86.177	32.075	0.000	-9.600
1040.000	86.160	31.573	0.000	-18.331
1042.000	86.176	31.047	0.000	-24.458
1044.000	86.165	30.671	0.000	-30.505
1046.000	86.169	30.403	0.000	-35.284
1048.000	86.170	30.100	0.000	-39.456
1050.000	86.166	29.853	0.000	-44.952
1052.000	86.170	29.654	0.000	-52.301
1054.000	86.166	29.488	0.000	-56.869
1056.000	86.172	29.454	0.000	-62.728
1058.000	86.162	29.393	0.000	-68.800
1060.000	86.176	29.345	0.000	-74.748
1062.000	86.162	29.044	0.000	-80.411
1064.000	86.171	28.882	0.000	-86.815
1066.000	86.170	28.517	0.000	-94.028
1068.000	86.164	28.208	0.000	-100.776
1070.000	86.175	27.829	0.000	-106.370
1072.000	86.164	27.625	0.000	-113.366
1074.000	86.173	27.214	0.000	-120.724
1076.000	86.168	26.693	0.000	-128.086
1078.000	86.173	26.334	0.000	-133.858
1080.000	86.168	25.489	0.000	-138.121
1082.000	86.174	24.966	0.000	-144.599
1084.000	86.171	24.408	0.000	-152.715
1086.000	86.169	23.869	0.000	-153.464
1088.000	86.179	23.322	0.000	-154.514
1090.000	86.165	23.010	0.000	-160.278
1092.000	86.181	22.102	0.000	-165.340
1094.000	86.171	21.145	0.000	-165.485
1096.000	86.174	20.617	0.000	-164.219
1098.000	86.180	20.757	0.000	-161.311
1100.000	86.172	20.884	0.000	-159.295
1102.000	86.181	21.646	0.000	-159.074
1104.000	86.176	22.985	0.000	-163.057
1106.000	86.181	24.146	0.000	-168.318
1108.000	86.177	25.253	0.000	-177.795
1110.000	86.184	25.902	0.000	173.585
1112.000	86.179	26.561	0.000	163.248
1114.000	86.183	27.081	0.000	151.448
1116.000	86.187	27.577	0.000	139.834
1118.000	86.178	28.037	0.000	127.841
1120.000	86.194	28.243	0.000	116.158
1122.000	86.180	28.434	0.000	105.876
1124.000	86.190	28.529	0.000	93.428
1126.000	86.191	28.479	0.000	81.527
1128.000	86.184	28.331	0.000	70.900
1130.000	86.198	28.450	0.000	60.317
1132.000	86.186	28.166	0.000	51.752
1134.000	86.197	28.142	0.000	41.055
1136.000	86.194	28.089	0.000	31.984
1138.000	86.195	27.995	0.000	22.811
1140.000	86.199	27.879	0.000	13.370
1142.000	86.197	27.973	0.000	6.926
1144.000	86.201	28.089	0.000	-1.085
1146.000	86.199	28.206	0.000	-9.955
1148.000	86.206	28.442	0.000	-17.781
1150.000	86.199	28.751	0.000	-26.811
1152.000	86.210	28.886	0.000	-35.735
1154.000	86.206	29.069	0.000	-45.983
1156.000	86.206	28.955	0.000	-56.897
1158.000	86.216	28.842	0.000	-66.207
1160.000	86.203	28.727	0.000	-76.349
1162.000	86.219	28.694	0.000	-85.983
1164.000	86.212	28.239	0.000	-96.028
1166.000	86.213	27.645	0.000	-104.356
1168.000	86.224	27.142	0.000	-113.943
1170.000	86.212	26.758	0.000	-120.960
1172.000	86.227	26.151	0.000	-127.827
1174.000	86.221	25.799	0.000	-135.734
1176.000	86.222	25.037	0.000	-143.811
1178.000	86.232	24.443	0.000	-151.020
1180.000	86.221	23.458	0.000	-156.518
1182.000	86.235	22.297	0.000	-159.191
1184.000	86.229	21.587	0.000	-164.300
1186.000	86.233	20.439	0.000	-166.145
1188.000	86.238	19.870	0.000	-168.259
1190.000	86.234	19.505	0.000	-169.577
1192.000	86.242	18.658	0.000	-174.918
1194.000	86.239	17.457	0.000	-175.129
1196.000	86.244	17.233	0.000	-170.519
1198.000	86.245	17.681	0.000	-166.635
1200.000	86.247	17.396	0.000	-169.352
1202.000	86.249	17.676	0.000	-163.373
1204.000	86.251	18.406	0.000	-167.135
1206.000	86.254	18.418	0.000	-178.242
1208.000	86.254	18.219	0.000	179.120
1210.000	86.259	17.908	0.000	177.588
1212.000	86.257	17.713	0.000	178.035
1214.000	86.261	17.522	0.000	179.097
1216.000	86.264	17.611	0.000	175.185
1218.000	86.260	17.706	0.000	171.375
1220.000	86.269	18.149	0.000	168.714
1222.000	86.264	19.289	0.000	160.222
1224.000	86.269	19.827	0.000	155.941
1226.000	86.272	19.486	0.000	146.189
1228.000	86.267	18.739	0.000	139.118
1230.000	86.279	18.564	0.000	131.688
1232.000	86.271	18.217	0.000	125.078
1234.000	86.279	17.818	0.000	125.750
1236.000	86.281	17.536	0.000	123.552
1238.000	86.277	16.821	0.000	117.175
1240.000	86.289	17.001	0.000	108.748
1242.000	86.281	16.889	0.000	107.024
1244.000	86.289	15.900	0.000	101.943
1246.000	86.292	15.722	0.000	91.964
1248.000	86.287	15.754	0.000	83.625
1250.000	86.301	15.488	0.000	74.911
1252.000	86.292	14.536	0.000	72.682
1254.000	86.301	13.548	0.000	63.705
1256.000	86.304	13.574	0.000	59.847
1258.000	86.299	12.830	0.000	41.251
1260.000	86.312	11.632	0.000	31.555
1262.000	86.303	11.699	0.000	17.197
1264.000	86.313	11.637	0.000	-5.797
1266.000	86.314	9.759	0.000	-30.641
1268.000	86.311	10.412	0.000	-36.989
1270.000	86.322	10.084	0.000	-58.276
1272.000	86.316	9.280	0.000	-128.740
1274.000	86.323	10.517	0.000	-135.001
1276.000	86.327	10.951	0.000	-172.586
1278.000	86.324	10.791	0.000	-171.017
1280.000	86.334	11.205	0.000	167.299
1282.000	86.328	10.870	0.000	164.446
1284.000	86.336	10.445	0.000	157.283
1286.000	86.337	10.964	0.000	144.439
1288.000	86.338	12.064	0.000	147.279
1290.000	86.344	11.513	0.000	135.061
1292.000	86.342	11.317	0.000	118.673
1294.000	86.348	12.211	0.000	122.941
1296.000	86.349	12.304	0.000	116.197
1298.000	86.352	10.541	0.000	100.538
1300.000	86.354	10.014	0.000	96.317
1302.000	86.357	10.584	0.000	84.948
1304.000	86.360	11.011	0.000	44.426
1306.000	86.361	10.741	0.000	20.161
1308.000	86.367	11.015	0.000	79.758
1310.000	86.364	11.464	0.000	114.215
1312.000	86.372	11.775	0.000	155.584
1314.000	86.372	10.368	0.000	160.575
1316.000	86.372	9.803	0.000	-174.105
1318.000	86.383	10.190	0.000	-171.564
1320.000	86.373	11.010	0.000	173.212
1322.000	86.388	12.012	0.000	143.881
1324.000	86.383	10.494	0.000	118.301
1326.000	86.385	11.374	0.000	128.177
1328.000	86.397	10.919	0.000	130.762
1330.000	86.385	11.846	0.000	121.798
1332.000	86.403	10.187	0.000	93.607
1334.000	86.396	10.471	0.000	87.163
1336.000	86.398	10.933	0.000	95.389
1338.000	86.411	11.364	0.000	87.194
1340.000	86.398	11.407	0.000	89.611
1342.000	86.416	11.440	0.000	89.509
1344.000	86.409	10.495	0.000	78.679
1346.000	86.414	11.865	0.000	59.015
1348.000	86.421	12.081	0.000	54.219
1350.000	86.416	11.104	0.000	71.047
1352.000	86.426	9.962	0.000	73.237
1354.000	86.423	9.707	0.000	60.843
1356.000	86.430	10.314	0.000	31.709
1358.000	86.429	10.300	0.000	29.570
1360.000	86.436	9.572	0.000	41.023
1362.000	86.435	10.610	0.000	38.783
1364.000	86.439	11.391	0.000	36.763
1366.000	86.445	10.477	0.000	56.300
1368.000	86.439	10.567	0.000	38.940
1370.000	86.455	10.854	0.000	56.944
1372.000	86.445	10.728	0.000	39.369
1374.000	86.455	10.127	0.000	24.057
1376.000	86.460	10.861	0.000	32.138
1378.000	86.452	10.979	0.000	23.735
1380.000	86.470	10.164	0.000	31.239
1382.000	86.457	9.879	0.000	43.771
1384.000	86.471	10.319	0.000	29.798
1386.000	86.470	9.663	0.000	19.647
1388.000	86.471	9.983	0.000	41.384
1390.000	86.478	10.828	0.000	45.492
1392.000	86.476	10.878	0.000	14.223
1394.000	86.484	10.647	0.000	16.457
1396.000	86.481	9.596	0.000	-3.705
1398.000	86.491	9.178	0.000	3.593
1400.000	86.485	9.326	0.000	23.598
1402.000	86.497	10.073	0.000	-1.489
1404.000	86.495	9.961	0.000	6.726
1406.000	86.494	10.224	0.000	2.519
1408.000	86.510	10.278	0.000	9.307
1410.000	86.495	10.428	0.000	13.711
1412.000	86.515	10.908	0.000	3.445
1414.000	86.506	10.585	0.000	3.727
1416.000	86.513	10.734	0.000	10.807
1418.000	86.518	10.679	0.000	-3.780
1420.000	86.516	10.286	0.000	-23.280
1422.000	86.524	10.666	0.000	-13.347
1424.000	86.522	11.520	0.000	-29.329
1426.000	86.531	10.782	0.000	-32.439
1428.000	86.525	11.039	0.000	-27.502
1430.000	86.540	12.235	0.000	-33.922
1432.000	86.531	11.097	0.000	-36.558
1434.000	86.541	10.122	0.000	-48.170
1436.000	86.546	10.750	0.000	-71.528
1438.000	86.538	11.807	0.000	-71.305
1440.000	86.556	10.869	0.000	-55.871
1442.000	86.544	10.192	0.000	-81.969
1444.000	86.559	9.754	0.000	-92.396
1446.000	86.554	9.258	0.000	-91.882
1448.000	86.563	9.878	0.000	-79.403
1450.000	86.560	9.697	0.000	-63.487
1452.000	86.569	9.510	0.000	-71.360
1454.000	86.569	9.943	0.000	-82.678
1456.000	86.568	9.795	0.000	-62.803
1458.000	86.583	8.591	0.000	-53.694
1460.000	86.569	9.592	0.000	-53.529
1462.000	86.589	9.991	0.000	-79.384
1464.000	86.579	9.727	0.000	-94.783
1466.000	86.589	10.268	0.000	-91.217
1468.000	86.590	9.975	0.000	-86.332
1470.000	86.593	7.482	0.000	-108.975
1472.000	86.597	9.901	0.000	-127.959
1474.000	86.597	10.638	0.000	-118.095
1476.000	86.607	10.065	0.000	-77.350
1478.000	86.597	9.730	0.000	-117.433
1480.000	86.618	9.203	0.000	-126.761
1482.000	86.603	10.084	0.000	-114.449
1484.000	86.620	10.021	0.000	-69.468
1486.000	86.615	9.826	0.000	178.461
1488.000	86.622	10.046	0.000	-134.983
1490.000	86.623	10.359	0.000	-121.438
1492.000	86.627	10.082	0.000	-66.812
1494.000	86.631	8.953	0.000	-65.613
1496.000	86.628	8.233	0.000	-26.300
1498.000	86.644	9.210	0.000	-8.707
1500.000	86.630	10.268	0.000	-47.619
1502.000	86.650	10.348	0.000	-75.332
1504.000	86.640	9.510	0.000	-157.832
1506.000	86.652	9.743	0.000	-164.740
1508.000	86.649	9.613	0.000	-90.133
1510.000	86.658	9.659	0.000	-136.163
1512.000	86.655	8.788	0.000	165.888
1514.000	86.661	10.267	0.000	129.850
1516.000	86.668	10.429	0.000	-178.786
1518.000	86.660	9.655	0.000	-120.311
1520.000	86.679	8.674	0.000	102.518
1522.000	86.666	8.889	0.000	-98.200
1524.000	86.683	8.532	0.000	-55.087
1526.000	86.674	9.632	0.000	-63.302
1528.000	86.690	10.635	0.000	-73.491
1530.000	86.679	9.675	0.000	-59.744
1532.000	86.696	10.315	0.000	-68.755
1534.000	86.689	9.530	0.000	-92.224
1536.000	86.696	9.382	0.000	-30.321
1538.000	86.702	10.789	0.000	-107.720
1540.000	86.699	10.091	0.000	-65.014
1542.000	86.708	8.602	0.000	-29.691
1544.000	86.705	9.118	0.000	-28.546
1546.000	86.719	10.052	0.000	-53.121
1548.000	86.706	10.228	0.000	-93.514
1550.000	86.729	10.342	0.000	-83.683
1552.000	86.712	10.005	0.000	-88.215
1554.000	86.732	10.154	0.000	-37.665
1556.000	86.722	10.001	0.000	-30.336
1558.000	86.737	9.419	0.000	-53.251
1560.000	86.727	9.591	0.000	-74.518
1562.000	86.744	9.564	0.000	-89.571
1564.000	86.737	8.730	0.000	-93.585
1566.000	86.744	8.233	0.000	-78.059
1568.000	86.749	8.324	0.000	-69.006
1570.000	86.748	8.951	0.000	-84.581
1572.000	86.756	10.390	0.000	-103.564
1574.000	86.753	9.742	0.000	-60.333
1576.000	86.767	9.427	0.000	-74.635
1578.000	86.754	10.072	0.000	-79.355
1580.000	86.776	9.444	0.000	-43.516
1582.000	86.761	9.339	0.000	-71.545
1584.000	86.781	10.434	0.000	-101.608
1586.000	86.769	10.004	0.000	-128.565
1588.000	86.789	9.300	0.000	-116.970
1590.000	86.773	8.945	0.000	-127.639
1592.000	86.795	9.359	0.000	-116.319
1594.000	86.783	9.698	0.000	-125.833
1596.000	86.797	10.304	0.000	-134.545
1598.000	86.793	10.294	0.000	-129.370
1600.000	86.803	9.217	0.000	-147.953
1602.000	86.799	9.722	0.000	-159.986
1604.000	86.807	9.939	0.000	-143.022
1606.000	86.811	9.010	0.000	-161.855
1608.000	86.809	9.201	0.000	-133.788
1610.000	86.819	9.484	0.000	-125.619
1612.000	86.816	9.739	0.000	-106.678
1614.000	86.826	10.102	0.000	-104.542
1616.000	86.819	9.741	0.000	-117.272
1618.000	86.838	10.041	0.000	-150.649
1620.000	86.823	9.357	0.000	-145.855
1622.000	86.844	8.350	0.000	-125.568
1624.000	86.831	9.178	0.000	-169.013
1626.000	86.851	10.300	0.000	-162.368
1628.000	86.835	10.662	0.000	-159.944
1630.000	86.860	10.894	0.000	-148.640
1632.000	86.842	10.344	0.000	-128.426
1634.000	86.864	9.745	0.000	-128.964
1636.000	86.850	9.257	0.000	-131.126
1638.000	86.872	9.897	0.000	-107.251
1640.000	86.855	11.211	0.000	-122.929
1642.000	86.879	10.158	0.000	-141.710
1644.000	86.865	10.060	0.000	-109.012
1646.000	86.882	9.955	0.000	-112.108
1648.000	86.873	9.693	0.000	-114.657
1650.000	86.889	9.584	0.000	-121.760
1652.000	86.879	10.391	0.000	-125.604
1654.000	86.894	10.488	0.000	-122.852
1656.000	86.890	10.049	0.000	-146.741
1658.000	86.898	9.769	0.000	-152.011
1660.000	86.897	10.419	0.000	-150.310
1662.000	86.906	10.222	0.000	-141.528
1664.000	86.905	9.884	0.000	-128.492
1666.000	86.909	9.936	0.000	-157.639
1668.000	86.915	9.803	0.000	-157.727
1670.000	86.915	9.119	0.000	-140.316
1672.000	86.921	8.405	0.000	-138.363
1674.000	86.922	8.273	0.000	158.362
1676.000	86.930	8.553	0.000	168.981
1678.000	86.926	10.278	0.000	172.806
1680.000	86.937	10.357	0.000	-171.844
1682.000	86.934	9.405	0.000	-173.630
1684.000	86.944	10.583	0.000	156.628
1686.000	86.939	10.335	0.000	153.207
1688.000	86.953	10.668	0.000	-179.127
1690.000	86.945	10.764	0.000	160.827
1692.000	86.958	10.034	0.000	159.658
1694.000	86.953	9.220	0.000	166.063
1696.000	86.966	9.237	0.000	-176.616
1698.000	86.958	10.180	0.000	142.356
1700.000	86.974	10.689	0.000	-173.287
1702.000	86.967	10.276	0.000	-149.004
1704.000	86.980	9.678	0.000	-169.031
1706.000	86.972	9.569	0.000	176.787
1708.000	86.989	8.842	0.000	140.395
1710.000	86.978	9.268	0.000	-171.111
1712.000	86.994	10.517	0.000	-30.701
1714.000	86.987	9.874	0.000	139.413
1716.000	87.002	10.267	0.000	167.177
1718.000	86.992	9.988	0.000	173.546
1720.000	87.009	8.970	0.000	164.605
1722.000	87.001	9.257	0.000	171.618
1724.000	87.014	9.626	0.000	144.179
1726.000	87.007	9.339	0.000	138.204
1728.000	87.023	9.080	0.000	-134.213
1730.000	87.014	8.734	0.000	168.676
1732.000	87.028	10.110	0.000	167.278
1734.000	87.023	10.338	0.000	155.526
1736.000	87.034	9.535	0.000	111.840
1738.000	87.030	8.391	0.000	174.978
1740.000	87.040	8.901	0.000	-164.097
1742.000	87.040	9.661	0.000	-151.787
1744.000	87.045	9.932	0.000	-179.859
1746.000	87.047	9.022	0.000	-164.984
1748.000	87.052	9.202	0.000	-171.439
1750.000	87.055	8.594	0.000	174.502
1752.000	87.056	9.200	0.000	164.019
1754.000	87.064	9.469	0.000	179.232
1756.000	87.063	9.597	0.000	158.714
1758.000	87.072	10.010	0.000	173.391
1760.000	87.067	9.420	0.000	127.930
1762.000	87.082	8.915	0.000	138.067
1764.000	87.073	9.365	0.000	-168.053
1766.000	87.089	9.510	0.000	151.229
1768.000	87.079	9.935	0.000	-164.481
1770.000	87.099	9.880	0.000	-148.762
1772.000	87.084	9.634	0.000	-144.658
1774.000	87.107	9.962	0.000	136.732
1776.000	87.090	10.010	0.000	136.019
1778.000	87.116	9.958	0.000	118.622
1780.000	87.095	9.256	0.000	114.541
1782.000	87.124	10.505	0.000	136.847
1784.000	87.102	9.952	0.000	113.458
1786.000	87.132	9.265	0.000	138.237
1788.000	87.108	9.051	0.000	163.238
1790.000	87.140	9.048	0.000	-71.107
1792.000	87.116	10.359	0.000	-126.547
1794.000	87.145	9.910	0.000	118.864
1796.000	87.124	9.339	0.000	140.078
1798.000	87.151	9.696	0.000	130.214
1800.000	87.133	9.325	0.000	132.967
1802.000	87.155	9.825	0.000	121.800
1804.000	87.144	9.567	0.000	92.583
1806.000	87.160	9.643	0.000	106.553
1808.000	87.153	9.183	0.000	123.904
1810.000	87.164	9.730	0.000	117.307
1812.000	87.165	9.550	0.000	102.396
1814.000	87.166	8.460	0.000	141.158
1816.000	87.175	8.694	0.000	107.446
1818.000	87.170	9.042	0.000	83.667
1820.000	87.188	10.468	0.000	140.068
1822.000	87.173	10.103	0.000	81.986
1824.000	87.198	10.625	0.000	120.927
1826.000	87.179	11.092	0.000	101.355
1828.000	87.207	9.038	0.000	72.585
1830.000	87.183	8.554	0.000	85.036
1832.000	87.215	8.849	0.000	77.316
1834.000	87.191	8.663	0.000	-83.618
1836.000	87.222	9.180	0.000	-43.752
1838.000	87.198	9.366	0.000	14.482
1840.000	87.228	10.772	0.000	110.006
1842.000	87.209	10.464	0.000	133.256
1844.000	87.231	9.385	0.000	34.191
1846.000	87.221	9.452	0.000	55.288
1848.000	87.234	9.795	0.000	48.114
1850.000	87.234	9.288	0.000	21.585
1852.000	87.234	8.711	0.000	24.035
1854.000	87.248	9.255	0.000	18.241
1856.000	87.236	9.398	0.000	96.079
1858.000	87.260	9.914	0.000	69.134
1860.000	87.238	8.873	0.000	-149.894
1862.000	87.272	8.841	0.000	-96.141
1864.000	87.245	10.267	0.000	-48.451
1866.000	87.279	10.381	0.000	162.153
1868.000	87.252	9.571	0.000	42.741
1870.000	87.285	8.766	0.000	145.091
1872.000	87.264	9.014	0.000	-104.888
1874.000	87.287	9.053	0.000	-58.864
1876.000	87.277	8.818	0.000	62.836
1878.000	87.288	9.674	0.000	-23.674
1880.000	87.292	9.853	0.000	-18.203
1882.000	87.287	9.790	0.000	-26.818
1884.000	87.306	9.509	0.000	-178.881
1886.000	87.289	9.515	0.000	-32.823
1888.000	87.318	9.340	0.000	-7.550
1890.000	87.292	9.408	0.000	63.450
1892.000	87.328	9.836	0.000	-171.079
1894.000	87.300	9.997	0.000	-103.534
1896.000	87.334	10.725	0.000	-83.412
1898.000	87.311	9.055	0.000	119.978
1900.000	87.336	9.263	0.000	114.084
1902.000	87.326	10.130	0.000	38.324
1904.000	87.335	10.149	0.000	-67.899
1906.000	87.342	10.462	0.000	-31.377
1908.000	87.334	10.073	0.000	1.783
1910.000	87.358	9.892	0.000	-32.548
1912.000	87.334	8.246	0.000	-151.220
1914.000	87.370	7.789	0.000	-69.461
1916.000	87.340	8.977	0.000	-85.187
1918.000	87.377	9.859	0.000	-52.072
1920.000	87.351	9.292	0.000	-16.075
1922.000	87.379	9.284	0.000	-84.234
1924.000	87.367	9.060	0.000	-53.968
1926.000	87.377	9.356	0.000	-11.982
1928.000	87.384	9.066	0.000	-178.441
1930.000	87.374	9.812	0.000	-128.413
1932.000	87.401	9.592	0.000	-176.341
1934.000	87.375	9.484	0.000	-155.622
1936.000	87.413	9.922	0.000	-169.714
1938.000	87.382	9.967	0.000	159.751
1940.000	87.418	10.020	0.000	-124.843
1942.000	87.395	9.789	0.000	-176.631
1944.000	87.417	10.183	0.000	-174.923
1946.000	87.414	8.737	0.000	-171.955
1948.000	87.414	9.008	0.000	114.078
1950.000	87.433	9.220	0.000	2.515
1952.000	87.411	9.011	0.000	6.215
1954.000	87.447	10.199	0.000	-115.384
1956.000	87.416	9.574	0.000	-54.268
1958.000	87.455	9.454	0.000	-44.516
1960.000	87.428	8.971	0.000	-23.503
1962.000	87.455	8.485	0.000	62.502
1964.000	87.447	9.160	0.000	59.324
1966.000	87.450	9.694	0.000	-64.515
1968.000	87.467	10.006	0.000	-83.035
1970.000	87.447	9.309	0.000	-106.875
1972.000	87.484	9.643	0.000	-94.936
1974.000	87.451	10.369	0.000	-76.626
1976.000	87.491	9.828	0.000	-69.503
1978.000	87.464	10.379	0.000	-111.319
1980.000	87.489	10.259	0.000	-121.186
1982.000	87.485	10.869	0.000	-101.887
1984.000	87.483	9.816	0.000	-126.986
1986.000	87.506	8.555	0.000	-124.858
1988.000	87.480	8.971	0.000	-142.263
1990.000	87.520	9.175	0.000	-168.785
1992.000	87.487	9.224	0.000	-142.434
1994.000	87.524	9.077	0.000	-146.175
1996.000	87.504	10.257	0.000	-146.018
1998.000	87.520	9.489	0.000	-139.242
2000.000	87.527	9.220	0.000	-133.321
