2000.000	86.582	10.332	0.000	-2.429
2.000	86.587	10.215	0.000	-37.311
4.000	86.641	10.744	0.000	139.152
6.000	86.597	11.654	0.000	138.737
8.000	86.597	11.620	0.000	-85.869
10.000	86.650	11.518	0.000	-52.990
12.000	86.609	11.339	0.000	166.781
14.000	86.607	11.757	0.000	-15.691
16.000	86.661	11.740	0.000	-36.118
18.000	86.621	10.959	0.000	-43.937
20.000	86.618	11.258	0.000	101.326
22.000	86.672	9.934	0.000	62.748
24.000	86.632	9.404	0.000	-155.025
26.000	86.629	9.785	0.000	111.546
28.000	86.684	9.863	0.000	95.694
30.000	86.643	10.707	0.000	-111.656
32.000	86.639	10.444	0.000	-93.856
34.000	86.696	10.841	0.000	-112.183
36.000	86.654	11.824	0.000	-90.185
38.000	86.650	11.559	0.000	-62.267
40.000	86.706	11.567	0.000	-122.007
42.000	86.665	10.875	0.000	-165.938
44.000	86.662	10.400	0.000	160.916
46.000	86.717	10.959	0.000	-78.161
48.000	86.674	11.347	0.000	-80.144
50.000	86.675	11.153	0.000	105.370
52.000	86.728	10.187	0.000	-157.907
54.000	86.684	10.647	0.000	-142.743
56.000	86.690	9.989	0.000	-119.543
58.000	86.737	10.104	0.000	-54.641
60.000	86.692	10.010	0.000	-28.781
62.000	86.706	9.011	0.000	-24.719
64.000	86.747	10.070	0.000	-148.662
66.000	86.700	10.183	0.000	-77.339
68.000	86.723	10.918	0.000	-24.352
70.000	86.756	11.991	0.000	4.977
72.000	86.707	11.184	0.000	-47.930
74.000	86.739	10.980	0.000	-124.982
76.000	86.765	10.627	0.000	-128.643
78.000	86.716	10.294	0.000	173.027
80.000	86.757	10.666	0.000	-144.394
82.000	86.772	12.354	0.000	-136.195
84.000	86.725	10.996	0.000	170.407
86.000	86.774	10.672	0.000	90.917
88.000	86.779	11.410	0.000	-118.450
90.000	86.736	10.955	0.000	-109.749
92.000	86.791	10.987	0.000	-150.819
94.000	86.783	10.553	0.000	-165.226
96.000	86.751	10.450	0.000	177.367
98.000	86.807	9.669	0.000	-117.668
100.000	86.786	9.295	0.000	-80.056
102.000	86.766	10.594	0.000	-73.178
104.000	86.821	10.522	0.000	-87.988
106.000	86.789	11.189	0.000	-92.703
108.000	86.785	10.376	0.000	-98.079
110.000	86.833	11.416	0.000	-102.148
112.000	86.792	11.871	0.000	-93.949
114.000	86.807	11.651	0.000	-37.771
116.000	86.842	10.974	0.000	-19.272
118.000	86.796	11.489	0.000	-58.801
120.000	86.829	12.027	0.000	-32.037
122.000	86.848	10.896	0.000	42.280
124.000	86.804	9.039	0.000	-179.063
126.000	86.851	10.238	0.000	-90.640
128.000	86.850	10.578	0.000	-164.258
130.000	86.816	10.660	0.000	162.619
132.000	86.871	10.237	0.000	-150.668
134.000	86.850	11.678	0.000	-113.129
136.000	86.832	9.995	0.000	-109.339
138.000	86.887	9.999	0.000	135.362
140.000	86.851	10.026	0.000	-133.582
142.000	86.854	10.886	0.000	-105.106
144.000	86.897	10.916	0.000	-118.096
146.000	86.853	10.264	0.000	-98.986
148.000	86.879	10.659	0.000	-82.387
150.000	86.902	12.516	0.000	-170.157
152.000	86.859	10.935	0.000	-133.552
154.000	86.904	10.491	0.000	-119.132
156.000	86.901	11.267	0.000	-122.176
158.000	86.874	11.016	0.000	-86.338
160.000	86.925	10.308	0.000	-39.550
162.000	86.898	9.443	0.000	-68.281
164.000	86.895	9.537	0.000	-90.822
166.000	86.940	9.168	0.000	-123.202
168.000	86.896	9.524	0.000	-133.639
170.000	86.920	10.985	0.000	34.366
172.000	86.946	11.741	0.000	82.659
174.000	86.901	11.007	0.000	144.281
176.000	86.946	11.011	0.000	169.701
178.000	86.944	11.072	0.000	-172.693
180.000	86.915	12.025	0.000	172.798
182.000	86.968	12.201	0.000	-121.424
184.000	86.940	11.096	0.000	-105.708
186.000	86.938	10.138	0.000	-123.760
188.000	86.980	10.745	0.000	157.477
190.000	86.939	10.385	0.000	135.389
192.000	86.967	10.035	0.000	80.661
194.000	86.982	10.694	0.000	-123.006
196.000	86.947	11.602	0.000	-177.939
198.000	86.994	11.103	0.000	150.923
200.000	86.977	10.779	0.000	140.284
202.000	86.966	10.874	0.000	144.729
204.000	87.012	10.988	0.000	-167.469
206.000	86.972	11.185	0.000	-174.120
208.000	86.995	11.252	0.000	-109.993
210.000	87.017	11.637	0.000	-178.753
212.000	86.976	10.734	0.000	111.146
214.000	87.024	10.137	0.000	-157.675
216.000	87.012	10.554	0.000	-158.283
218.000	86.994	10.643	0.000	177.141
220.000	87.043	10.446	0.000	168.454
222.000	87.006	10.126	0.000	98.436
224.000	87.023	10.573	0.000	176.380
226.000	87.048	10.440	0.000	-82.568
228.000	87.009	10.479	0.000	-144.322
230.000	87.053	10.679	0.000	-158.349
232.000	87.042	10.122	0.000	-164.293
234.000	87.028	9.640	0.000	178.382
236.000	87.071	9.954	0.000	176.370
238.000	87.035	10.248	0.000	166.402
240.000	87.059	10.042	0.000	-29.049
242.000	87.074	10.867	0.000	143.872
244.000	87.040	10.692	0.000	158.238
246.000	87.089	10.964	0.000	-66.099
248.000	87.066	11.079	0.000	-16.446
250.000	87.064	10.914	0.000	-77.845
252.000	87.103	10.931	0.000	-133.294
254.000	87.061	9.649	0.000	65.347
256.000	87.096	11.090	0.000	-45.559
258.000	87.100	11.616	0.000	26.896
260.000	87.073	10.862	0.000	91.455
262.000	87.121	9.989	0.000	164.912
264.000	87.090	9.794	0.000	167.162
266.000	87.103	10.032	0.000	152.616
268.000	87.126	10.947	0.000	144.126
270.000	87.092	10.883	0.000	130.648
272.000	87.135	10.121	0.000	165.377
274.000	87.117	10.157	0.000	-178.258
276.000	87.115	9.740	0.000	93.416
278.000	87.150	10.561	0.000	171.518
280.000	87.111	11.055	0.000	91.485
282.000	87.149	10.175	0.000	100.301
284.000	87.144	10.261	0.000	142.881
286.000	87.126	11.143	0.000	158.376
288.000	87.172	11.777	0.000	-176.668
290.000	87.134	10.857	0.000	131.752
292.000	87.159	10.319	0.000	149.061
294.000	87.171	11.332	0.000	127.119
296.000	87.142	11.068	0.000	85.762
298.000	87.188	11.307	0.000	108.244
300.000	87.159	11.316	0.000	114.129
302.000	87.172	11.486	0.000	121.601
304.000	87.193	10.560	0.000	98.952
306.000	87.161	10.740	0.000	65.258
308.000	87.204	11.582	0.000	49.822
310.000	87.180	10.068	0.000	24.475
312.000	87.189	10.009	0.000	17.473
314.000	87.213	11.237	0.000	-15.748
316.000	87.178	11.371	0.000	-57.798
318.000	87.222	10.831	0.000	-79.896
320.000	87.201	11.307	0.000	-89.276
322.000	87.203	12.005	0.000	-151.065
324.000	87.234	12.445	0.000	-173.570
326.000	87.197	12.732	0.000	-175.457
328.000	87.238	12.088	0.000	166.383
330.000	87.222	13.674	0.000	144.591
332.000	87.220	15.102	0.000	131.028
334.000	87.251	14.926	0.000	115.362
336.000	87.217	16.440	0.000	101.222
338.000	87.255	16.911	0.000	94.576
340.000	87.238	16.073	0.000	83.734
342.000	87.240	16.711	0.000	73.291
344.000	87.268	17.670	0.000	63.329
346.000	87.234	18.248	0.000	58.258
348.000	87.275	18.549	0.000	51.112
350.000	87.254	18.787	0.000	44.149
352.000	87.259	18.520	0.000	32.024
354.000	87.285	19.803	0.000	25.686
356.000	87.250	19.928	0.000	19.798
358.000	87.294	20.177	0.000	12.985
360.000	87.270	20.369	0.000	3.939
362.000	87.279	20.580	0.000	-3.308
364.000	87.299	20.441	0.000	-10.945
366.000	87.270	20.196	0.000	-18.002
368.000	87.311	20.629	0.000	-27.319
370.000	87.283	20.928	0.000	-30.387
372.000	87.301	21.151	0.000	-35.969
374.000	87.310	21.322	0.000	-37.692
376.000	87.290	21.586	0.000	-41.012
378.000	87.329	22.364	0.000	-47.046
380.000	87.295	22.923	0.000	-53.880
382.000	87.324	23.273	0.000	-58.795
384.000	87.322	23.291	0.000	-66.671
386.000	87.309	23.651	0.000	-76.149
388.000	87.345	23.383	0.000	-83.804
390.000	87.309	23.538	0.000	-90.049
392.000	87.345	23.756	0.000	-99.480
394.000	87.331	23.627	0.000	-111.448
396.000	87.331	23.653	0.000	-119.954
398.000	87.356	23.826	0.000	-127.126
400.000	87.326	23.224	0.000	-136.656
402.000	87.364	22.463	0.000	-141.992
404.000	87.338	22.415	0.000	-150.884
406.000	87.357	21.532	0.000	-158.501
408.000	87.362	20.587	0.000	-161.770
410.000	87.345	20.440	0.000	-166.948
412.000	87.382	20.043	0.000	-167.868
414.000	87.347	20.033	0.000	-170.615
416.000	87.381	19.608	0.000	-174.854
418.000	87.368	19.310	0.000	179.556
420.000	87.367	18.736	0.000	170.057
422.000	87.392	18.774	0.000	168.374
424.000	87.362	18.879	0.000	169.337
426.000	87.400	18.635	0.000	163.416
428.000	87.374	17.775	0.000	156.143
430.000	87.394	17.062	0.000	150.353
432.000	87.395	17.511	0.000	147.030
434.000	87.383	17.281	0.000	135.737
436.000	87.413	16.679	0.000	129.133
438.000	87.381	16.808	0.000	122.323
440.000	87.418	16.316	0.000	117.690
442.000	87.395	15.982	0.000	115.326
444.000	87.408	14.925	0.000	119.402
446.000	87.418	13.869	0.000	111.768
448.000	87.397	13.268	0.000	98.233
450.000	87.433	12.487	0.000	91.774
452.000	87.400	12.398	0.000	96.313
454.000	87.431	13.451	0.000	98.462
456.000	87.416	13.042	0.000	93.258
458.000	87.423	12.193	0.000	95.281
460.000	87.436	11.348	0.000	95.733
462.000	87.415	11.530	0.000	91.342
464.000	87.447	11.988	0.000	100.230
466.000	87.417	11.320	0.000	79.113
468.000	87.449	10.183	0.000	66.748
470.000	87.431	10.270	0.000	87.601
472.000	87.439	11.105	0.000	84.484
474.000	87.451	12.625	0.000	78.190
476.000	87.430	12.892	0.000	87.693
478.000	87.464	12.937	0.000	102.224
480.000	87.432	11.600	0.000	96.352
482.000	87.463	11.190	0.000	98.870
484.000	87.446	11.802	0.000	77.446
486.000	87.455	11.852	0.000	79.181
488.000	87.462	11.812	0.000	51.185
490.000	87.447	10.924	0.000	55.973
492.000	87.475	11.721	0.000	76.187
494.000	87.446	11.257	0.000	62.339
496.000	87.479	10.912	0.000	56.893
498.000	87.453	10.281	0.000	39.286
500.000	87.473	10.974	0.000	34.661
502.000	87.471	9.688	0.000	39.103
504.000	87.462	11.320	0.000	31.626
506.000	87.485	11.154	0.000	48.871
508.000	87.458	10.179	0.000	18.439
510.000	87.492	10.021	0.000	-8.159
512.000	87.463	9.437	0.000	39.834
514.000	87.487	11.113	0.000	-1.634
516.000	87.474	10.432	0.000	-5.928
518.000	87.481	10.270	0.000	19.380
520.000	87.487	10.584	0.000	69.024
522.000	87.472	11.219	0.000	6.919
524.000	87.499	11.097	0.000	-23.300
526.000	87.470	10.157	0.000	-23.414
528.000	87.502	10.085	0.000	-33.951
530.000	87.474	9.787	0.000	-94.544
532.000	87.497	10.868	0.000	-45.458
534.000	87.487	10.396	0.000	-20.763
536.000	87.488	9.696	0.000	-14.585
538.000	87.499	10.403	0.000	-53.020
540.000	87.481	10.797	0.000	-77.265
542.000	87.507	10.657	0.000	31.731
544.000	87.479	10.709	0.000	4.158
546.000	87.509	10.044	0.000	-44.163
548.000	87.482	10.403	0.000	10.262
550.000	87.505	10.667	0.000	25.400
552.000	87.492	10.412	0.000	-12.322
554.000	87.496	10.351	0.000	-30.930
556.000	87.502	10.685	0.000	-112.542
558.000	87.487	10.301	0.000	-69.377
560.000	87.512	10.004	0.000	-60.314
562.000	87.483	10.984	0.000	-107.252
564.000	87.512	11.631	0.000	-102.471
566.000	87.486	10.675	0.000	-81.197
568.000	87.510	9.072	0.000	-58.436
570.000	87.490	11.085	0.000	-109.405
572.000	87.502	11.709	0.000	-113.133
574.000	87.499	11.412	0.000	-105.082
576.000	87.495	11.247	0.000	-99.849
578.000	87.506	10.982	0.000	-85.425
580.000	87.485	10.915	0.000	-122.821
582.000	87.512	10.835	0.000	-115.625
584.000	87.483	8.881	0.000	-102.011
586.000	87.510	9.166	0.000	-104.485
588.000	87.483	9.947	0.000	-139.506
590.000	87.506	10.237	0.000	-118.095
592.000	87.489	10.816	0.000	-129.953
594.000	87.497	9.815	0.000	-145.864
596.000	87.493	10.556	0.000	-158.895
598.000	87.490	10.030	0.000	-112.270
600.000	87.499	10.367	0.000	-112.067
602.000	87.481	11.354	0.000	-109.236
604.000	87.502	10.895	0.000	-133.206
606.000	87.475	10.103	0.000	-145.727
608.000	87.502	9.760	0.000	-132.392
610.000	87.472	10.074	0.000	-146.170
612.000	87.497	10.842	0.000	-153.328
614.000	87.475	10.802	0.000	-137.002
616.000	87.490	10.125	0.000	-128.528
618.000	87.476	9.857	0.000	-125.960
620.000	87.481	11.408	0.000	-152.869
622.000	87.480	11.428	0.000	-132.883
624.000	87.472	10.766	0.000	-126.828
626.000	87.481	10.260	0.000	-150.944
628.000	87.463	10.301	0.000	-148.341
630.000	87.484	8.765	0.000	-173.115
632.000	87.456	8.475	0.000	-143.542
634.000	87.480	9.920	0.000	-150.202
636.000	87.453	10.151	0.000	-103.082
638.000	87.476	9.498	0.000	-86.198
640.000	87.450	10.255	0.000	-158.739
642.000	87.468	10.448	0.000	-153.984
644.000	87.450	9.414	0.000	-157.605
646.000	87.460	10.311	0.000	178.741
648.000	87.448	10.903	0.000	-168.476
650.000	87.451	10.938	0.000	-172.648
652.000	87.450	10.798	0.000	-165.364
654.000	87.440	10.470	0.000	-158.372
656.000	87.448	10.663	0.000	-169.899
658.000	87.431	11.528	0.000	-162.691
660.000	87.447	10.767	0.000	175.921
662.000	87.422	9.607	0.000	-154.097
664.000	87.442	10.082	0.000	-148.993
666.000	87.417	10.867	0.000	-145.682
668.000	87.437	10.567	0.000	-132.322
670.000	87.409	10.956	0.000	-148.169
672.000	87.430	11.813	0.000	159.158
674.000	87.405	11.180	0.000	147.386
676.000	87.422	11.394	0.000	-177.859
678.000	87.399	12.190	0.000	-175.867
680.000	87.413	11.826	0.000	176.845
682.000	87.398	11.290	0.000	-172.857
684.000	87.400	11.350	0.000	-175.135
686.000	87.394	11.160	0.000	164.939
688.000	87.392	10.758	0.000	145.861
690.000	87.389	10.564	0.000	175.621
692.000	87.380	11.695	0.000	154.714
694.000	87.385	11.293	0.000	149.709
696.000	87.371	12.041	0.000	146.897
698.000	87.380	11.441	0.000	148.284
700.000	87.360	10.546	0.000	129.329
702.000	87.376	11.195	0.000	141.386
704.000	87.351	10.497	0.000	157.438
706.000	87.367	10.542	0.000	176.959
708.000	87.342	11.268	0.000	156.870
710.000	87.361	11.388	0.000	139.844
712.000	87.333	11.232	0.000	145.411
714.000	87.351	12.064	0.000	158.100
716.000	87.326	11.358	0.000	156.851
718.000	87.343	11.610	0.000	148.307
720.000	87.316	11.470	0.000	135.168
722.000	87.334	10.569	0.000	125.777
724.000	87.310	11.438	0.000	127.396
726.000	87.323	12.081	0.000	133.731
728.000	87.301	11.956	0.000	128.188
730.000	87.313	12.089	0.000	122.839
732.000	87.295	11.908	0.000	130.939
734.000	87.301	10.577	0.000	115.931
736.000	87.286	9.928	0.000	101.885
738.000	87.292	11.818	0.000	136.047
740.000	87.278	12.994	0.000	116.480
742.000	87.280	11.692	0.000	120.941
744.000	87.270	11.865	0.000	119.568
746.000	87.270	11.595	0.000	112.160
748.000	87.261	11.437	0.000	98.018
750.000	87.258	11.309	0.000	95.472
752.000	87.255	12.084	0.000	117.950
754.000	87.247	11.017	0.000	130.713
756.000	87.244	10.693	0.000	113.595
758.000	87.237	11.101	0.000	105.507
760.000	87.236	11.669	0.000	107.446
762.000	87.225	12.252	0.000	97.478
764.000	87.226	12.952	0.000	98.924
766.000	87.216	12.088	0.000	92.301
768.000	87.216	12.192	0.000	99.173
770.000	87.203	11.611	0.000	101.750
772.000	87.209	12.740	0.000	92.225
774.000	87.193	11.952	0.000	79.237
776.000	87.197	10.309	0.000	76.514
778.000	87.183	10.064	0.000	87.804
780.000	87.188	11.055	0.000	83.070
782.000	87.171	11.562	0.000	77.337
784.000	87.177	11.704	0.000	94.058
786.000	87.163	11.796	0.000	89.600
788.000	87.166	10.464	0.000	77.883
790.000	87.150	10.714	0.000	90.790
792.000	87.159	11.364	0.000	88.207
794.000	87.141	11.801	0.000	81.910
796.000	87.146	11.462	0.000	76.690
798.000	87.132	12.039	0.000	66.645
800.000	87.137	12.691	0.000	72.209
802.000	87.120	12.191	0.000	86.477
804.000	87.125	11.804	0.000	77.632
806.000	87.113	11.319	0.000	63.439
808.000	87.114	11.513	0.000	59.975
810.000	87.100	13.010	0.000	52.592
812.000	87.106	13.652	0.000	54.674
814.000	87.091	13.217	0.000	58.056
816.000	87.092	13.002	0.000	36.564
818.000	87.083	12.687	0.000	33.631
820.000	87.083	13.413	0.000	10.958
822.000	87.071	13.360	0.000	-19.051
824.000	87.072	13.287	0.000	-27.878
826.000	87.065	12.277	0.000	-41.655
828.000	87.059	11.343	0.000	-61.256
830.000	87.054	11.151	0.000	-78.673
832.000	87.051	9.609	0.000	-97.580
834.000	87.044	10.049	0.000	-144.382
836.000	87.038	11.193	0.000	-167.109
838.000	87.038	10.952	0.000	-158.392
840.000	87.028	9.085	0.000	-83.171
842.000	87.026	10.781	0.000	-177.232
844.000	87.018	11.593	0.000	163.713
846.000	87.020	11.545	0.000	159.926
848.000	87.004	10.507	0.000	131.563
850.000	87.012	10.949	0.000	116.647
852.000	86.996	10.293	0.000	139.097
854.000	87.001	9.713	0.000	151.794
856.000	86.985	9.269	0.000	177.607
858.000	86.995	10.200	0.000	148.268
860.000	86.973	10.148	0.000	137.151
862.000	86.985	10.532	0.000	137.612
864.000	86.967	11.530	0.000	136.950
866.000	86.975	12.385	0.000	138.153
868.000	86.954	10.825	0.000	143.668
870.000	86.970	10.848	0.000	137.831
872.000	86.946	11.041	0.000	127.712
874.000	86.958	10.841	0.000	128.746
876.000	86.939	10.945	0.000	131.581
878.000	86.950	12.231	0.000	147.723
880.000	86.928	12.194	0.000	148.790
882.000	86.941	13.548	0.000	150.604
884.000	86.924	14.579	0.000	143.347
886.000	86.928	15.987	0.000	141.752
888.000	86.918	17.013	0.000	136.414
890.000	86.920	17.774	0.000	129.537
892.000	86.909	18.571	0.000	126.613
894.000	86.910	19.070	0.000	119.304
896.000	86.905	19.434	0.000	111.712
898.000	86.897	20.075	0.000	109.832
900.000	86.899	21.342	0.000	104.799
902.000	86.890	22.081	0.000	98.488
904.000	86.891	22.346	0.000	91.881
906.000	86.879	22.634	0.000	82.201
908.000	86.889	22.552	0.000	72.869
910.000	86.868	22.130	0.000	64.557
912.000	86.881	22.176	0.000	61.164
914.000	86.863	22.146	0.000	58.205
916.000	86.873	21.959	0.000	54.514
918.000	86.854	22.095	0.000	51.193
920.000	86.868	22.000	0.000	50.082
922.000	86.848	21.873	0.000	46.039
924.000	86.857	21.873	0.000	42.799
926.000	86.846	21.837	0.000	37.539
928.000	86.847	21.574	0.000	35.974
930.000	86.839	21.584	0.000	35.926
932.000	86.841	21.603	0.000	33.209
934.000	86.835	20.921	0.000	32.596
936.000	86.829	21.153	0.000	30.686
938.000	86.834	21.297	0.000	32.040
940.000	86.820	21.702	0.000	34.966
942.000	86.827	22.438	0.000	33.290
944.000	86.815	23.061	0.000	32.745
946.000	86.822	23.304	0.000	31.620
948.000	86.805	24.115	0.000	27.158
950.000	86.820	24.824	0.000	22.353
952.000	86.799	24.954	0.000	19.252
954.000	86.811	25.318	0.000	16.386
956.000	86.799	25.888	0.000	9.906
958.000	86.802	26.279	0.000	4.855
960.000	86.794	26.348	0.000	0.986
962.000	86.796	26.746	0.000	-2.395
964.000	86.792	27.373	0.000	-5.848
966.000	86.786	28.004	0.000	-10.232
968.000	86.793	28.403	0.000	-16.957
970.000	86.776	28.402	0.000	-24.832
972.000	86.789	28.643	0.000	-33.927
974.000	86.774	28.850	0.000	-44.452
976.000	86.782	28.868	0.000	-53.335
978.000	86.769	28.722	0.000	-62.928
980.000	86.780	28.212	0.000	-72.912
982.000	86.764	27.304	0.000	-83.558
984.000	86.772	26.438	0.000	-93.251
986.000	86.767	25.301	0.000	-103.175
988.000	86.761	23.426	0.000	-115.073
990.000	86.766	21.203	0.000	-129.352
992.000	86.758	18.214	0.000	-143.399
994.000	86.761	15.404	0.000	-179.574
996.000	86.752	14.936	0.000	115.856
998.000	86.762	16.669	0.000	65.223
1000.000	86.744	18.731	0.000	40.754
1002.000	86.758	20.480	0.000	26.302
1004.000	86.745	22.686	0.000	14.405
1006.000	86.748	23.605	0.000	4.318
1008.000	86.747	24.471	0.000	-4.560
1010.000	86.744	25.404	0.000	-11.927
1012.000	86.743	26.207	0.000	-17.181
1014.000	86.740	26.720	0.000	-22.019
1016.000	86.744	26.876	0.000	-27.367
1018.000	86.731	27.589	0.000	-31.967
1020.000	86.746	28.084	0.000	-37.080
1022.000	86.728	28.703	0.000	-41.309
1024.000	86.739	29.167	0.000	-45.074
1026.000	86.732	29.532	0.000	-50.658
1028.000	86.732	29.874	0.000	-56.394
1030.000	86.731	30.180	0.000	-61.665
1032.000	86.730	30.578	0.000	-67.323
1034.000	86.730	30.814	0.000	-74.353
1036.000	86.723	30.859	0.000	-80.457
1038.000	86.734	31.000	0.000	-87.894
1040.000	86.717	30.860	0.000	-94.379
1042.000	86.732	30.786	0.000	-100.294
1044.000	86.720	30.413	0.000	-106.034
1046.000	86.723	29.847	0.000	-109.918
1048.000	86.724	29.552	0.000	-114.962
1050.000	86.719	29.219	0.000	-117.922
1052.000	86.722	28.852	0.000	-120.251
1054.000	86.717	28.599	0.000	-124.685
1056.000	86.723	28.048	0.000	-128.343
1058.000	86.712	27.383	0.000	-129.074
1060.000	86.725	27.088	0.000	-127.120
1062.000	86.711	26.901	0.000	-128.903
1064.000	86.720	26.622	0.000	-129.482
1066.000	86.718	26.450	0.000	-128.683
1068.000	86.711	26.516	0.000	-130.649
1070.000	86.721	26.417	0.000	-132.587
1072.000	86.709	26.132	0.000	-132.710
1074.000	86.718	26.056	0.000	-134.124
1076.000	86.712	25.858	0.000	-131.550
1078.000	86.716	25.784	0.000	-128.454
1080.000	86.711	26.021	0.000	-126.638
1082.000	86.716	26.512	0.000	-123.309
1084.000	86.712	26.905	0.000	-120.370
1086.000	86.710	27.733	0.000	-119.793
1088.000	86.720	28.496	0.000	-122.108
1090.000	86.704	29.349	0.000	-122.589
1092.000	86.720	30.349	0.000	-126.983
1094.000	86.710	31.223	0.000	-131.058
1096.000	86.711	32.085	0.000	-135.486
1098.000	86.717	32.846	0.000	-144.384
1100.000	86.708	33.308	0.000	-151.830
1102.000	86.716	33.608	0.000	-158.306
1104.000	86.711	33.706	0.000	-165.779
1106.000	86.715	33.733	0.000	-173.897
1108.000	86.711	33.677	0.000	178.869
1110.000	86.717	33.368	0.000	171.659
1112.000	86.712	33.100	0.000	165.418
1114.000	86.714	32.699	0.000	159.578
1116.000	86.718	32.142	0.000	153.616
1118.000	86.708	31.751	0.000	148.079
1120.000	86.723	31.339	0.000	143.496
1122.000	86.709	30.801	0.000	141.084
1124.000	86.718	30.182	0.000	138.310
1126.000	86.719	29.816	0.000	135.471
1128.000	86.711	29.374	0.000	134.297
1130.000	86.725	29.039	0.000	133.767
1132.000	86.712	28.904	0.000	132.202
1134.000	86.722	28.954	0.000	130.496
1136.000	86.718	28.961	0.000	128.171
1138.000	86.718	28.752	0.000	124.139
1140.000	86.722	28.470	0.000	120.585
1142.000	86.719	28.154	0.000	118.717
1144.000	86.724	27.840	0.000	116.019
1146.000	86.720	27.711	0.000	113.001
1148.000	86.727	27.751	0.000	111.896
1150.000	86.719	27.621	0.000	110.294
1152.000	86.729	27.839	0.000	107.463
1154.000	86.724	27.693	0.000	106.166
1156.000	86.724	27.645	0.000	100.355
1158.000	86.734	27.646	0.000	94.353
1160.000	86.721	27.420	0.000	89.915
1162.000	86.736	27.461	0.000	85.458
1164.000	86.728	27.277	0.000	78.522
1166.000	86.729	26.699	0.000	72.241
1168.000	86.739	26.429	0.000	67.852
1170.000	86.726	25.424	0.000	61.316
1172.000	86.741	24.566	0.000	56.630
1174.000	86.734	23.853	0.000	51.094
1176.000	86.735	22.226	0.000	42.273
1178.000	86.743	20.536	0.000	37.398
1180.000	86.733	18.277	0.000	35.604
1182.000	86.746	15.628	0.000	34.697
1184.000	86.739	14.108	0.000	52.788
1186.000	86.743	13.052	0.000	95.397
1188.000	86.747	14.564	0.000	112.556
1190.000	86.742	16.415	0.000	117.127
1192.000	86.750	18.631	0.000	119.500
1194.000	86.746	19.780	0.000	118.088
1196.000	86.750	20.332	0.000	115.303
1198.000	86.750	20.887	0.000	110.575
1200.000	86.752	20.931	0.000	108.548
1202.000	86.752	21.463	0.000	103.367
1204.000	86.754	22.013	0.000	101.805
1206.000	86.755	21.856	0.000	98.683
1208.000	86.754	22.218	0.000	95.519
1210.000	86.758	22.499	0.000	92.800
1212.000	86.756	22.416	0.000	92.441
1214.000	86.759	22.485	0.000	91.678
1216.000	86.761	22.483	0.000	89.018
1218.000	86.757	22.700	0.000	87.205
1220.000	86.766	23.267	0.000	87.432
1222.000	86.760	23.866	0.000	86.757
1224.000	86.765	24.005	0.000	84.569
1226.000	86.768	24.401	0.000	82.694
1228.000	86.763	25.046	0.000	78.630
1230.000	86.775	25.200	0.000	73.173
1232.000	86.766	25.414	0.000	69.369
1234.000	86.774	25.617	0.000	62.145
1236.000	86.775	25.816	0.000	55.562
1238.000	86.771	25.514	0.000	50.499
1240.000	86.782	24.835	0.000	44.267
1242.000	86.775	23.819	0.000	42.816
1244.000	86.782	23.162	0.000	41.603
1246.000	86.785	23.285	0.000	41.719
1248.000	86.779	23.020	0.000	42.167
1250.000	86.792	22.896	0.000	43.595
1252.000	86.783	22.796	0.000	46.223
1254.000	86.792	23.031	0.000	46.338
1256.000	86.793	23.587	0.000	42.708
1258.000	86.788	23.936	0.000	40.437
1260.000	86.801	24.463	0.000	40.362
1262.000	86.791	24.495	0.000	35.315
1264.000	86.801	24.618	0.000	31.077
1266.000	86.802	24.759	0.000	27.345
1268.000	86.798	24.813	0.000	25.241
1270.000	86.809	24.742	0.000	20.362
1272.000	86.802	24.575	0.000	16.307
1274.000	86.809	24.685	0.000	15.192
1276.000	86.812	24.224	0.000	11.476
1278.000	86.808	24.373	0.000	9.006
1280.000	86.818	24.195	0.000	7.886
1282.000	86.812	24.153	0.000	5.546
1284.000	86.820	24.112	0.000	5.106
1286.000	86.820	24.135	0.000	2.332
1288.000	86.820	24.171	0.000	-1.512
1290.000	86.826	24.107	0.000	-0.578
1292.000	86.824	24.443	0.000	-3.292
1294.000	86.829	24.988	0.000	-7.044
1296.000	86.829	25.188	0.000	-9.594
1298.000	86.832	25.452	0.000	-15.335
1300.000	86.834	25.410	0.000	-21.657
1302.000	86.836	25.828	0.000	-24.879
1304.000	86.839	25.969	0.000	-30.768
1306.000	86.839	26.017	0.000	-35.344
1308.000	86.845	25.820	0.000	-41.501
1310.000	86.842	25.843	0.000	-47.701
1312.000	86.849	25.681	0.000	-52.912
1314.000	86.849	24.819	0.000	-60.721
1316.000	86.848	23.718	0.000	-64.049
1318.000	86.859	23.314	0.000	-68.499
1320.000	86.849	23.283	0.000	-71.091
1322.000	86.863	22.492	0.000	-75.499
1324.000	86.858	21.426	0.000	-78.866
1326.000	86.860	20.707	0.000	-82.033
1328.000	86.871	20.736	0.000	-82.886
1330.000	86.858	20.414	0.000	-84.587
1332.000	86.875	19.809	0.000	-84.366
1334.000	86.869	18.531	0.000	-84.476
1336.000	86.870	18.074	0.000	-81.756
1338.000	86.883	18.395	0.000	-79.764
1340.000	86.869	17.371	0.000	-81.249
1342.000	86.887	17.320	0.000	-80.002
1344.000	86.879	17.098	0.000	-81.632
1346.000	86.884	17.150	0.000	-82.396
1348.000	86.890	16.886	0.000	-75.675
1350.000	86.885	16.547	0.000	-77.357
1352.000	86.895	16.266	0.000	-75.193
1354.000	86.892	16.212	0.000	-75.731
1356.000	86.898	16.587	0.000	-75.942
1358.000	86.897	17.311	0.000	-76.070
1360.000	86.903	17.634	0.000	-78.726
1362.000	86.902	18.047	0.000	-80.305
1364.000	86.905	17.750	0.000	-83.524
1366.000	86.911	18.375	0.000	-82.131
1368.000	86.904	18.624	0.000	-84.704
1370.000	86.920	18.535	0.000	-87.802
1372.000	86.910	18.976	0.000	-86.534
1374.000	86.919	19.343	0.000	-94.616
1376.000	86.923	19.948	0.000	-100.153
1378.000	86.915	20.002	0.000	-101.632
1380.000	86.934	19.846	0.000	-107.885
1382.000	86.920	19.312	0.000	-113.252
1384.000	86.933	19.327	0.000	-116.375
1386.000	86.932	19.451	0.000	-120.649
1388.000	86.932	18.912	0.000	-122.364
1390.000	86.940	18.471	0.000	-126.796
1392.000	86.937	18.508	0.000	-127.369
1394.000	86.944	18.315	0.000	-133.455
1396.000	86.941	18.049	0.000	-138.188
1398.000	86.951	17.856	0.000	-137.524
1400.000	86.944	17.142	0.000	-138.657
1402.000	86.955	17.516	0.000	-144.235
1404.000	86.954	17.926	0.000	-146.780
1406.000	86.953	18.183	0.000	-148.264
1408.000	86.967	17.859	0.000	-152.648
1410.000	86.952	17.911	0.000	-159.574
1412.000	86.972	17.494	0.000	-166.113
1414.000	86.963	17.319	0.000	-176.881
1416.000	86.970	16.548	0.000	171.682
1418.000	86.974	16.524	0.000	167.776
1420.000	86.972	16.434	0.000	161.409
1422.000	86.979	15.785	0.000	161.292
1424.000	86.977	14.849	0.000	152.239
1426.000	86.986	14.407	0.000	143.780
1428.000	86.979	13.382	0.000	143.326
1430.000	86.994	12.594	0.000	139.422
1432.000	86.985	12.844	0.000	125.597
1434.000	86.994	12.772	0.000	140.741
1436.000	86.999	11.877	0.000	138.164
1438.000	86.991	10.512	0.000	135.202
1440.000	87.009	9.930	0.000	140.867
1442.000	86.996	10.925	0.000	139.804
1444.000	87.011	10.986	0.000	131.671
1446.000	87.005	10.598	0.000	140.738
1448.000	87.014	10.054	0.000	156.486
1450.000	87.010	9.519	0.000	139.454
1452.000	87.019	9.531	0.000	130.679
1454.000	87.019	9.613	0.000	163.544
1456.000	87.018	9.391	0.000	-177.357
1458.000	87.032	9.699	0.000	122.420
1460.000	87.018	10.394	0.000	157.134
1462.000	87.037	9.069	0.000	-172.601
1464.000	87.028	9.170	0.000	176.932
1466.000	87.037	10.975	0.000	-164.836
1468.000	87.037	9.936	0.000	-156.376
1470.000	87.040	9.238	0.000	-145.259
1472.000	87.043	10.196	0.000	178.134
1474.000	87.043	9.751	0.000	90.536
1476.000	87.054	10.388	0.000	-61.658
1478.000	87.043	10.951	0.000	-111.498
1480.000	87.064	10.145	0.000	-100.077
1482.000	87.048	8.873	0.000	32.479
1484.000	87.065	8.508	0.000	-174.348
1486.000	87.059	9.064	0.000	-156.161
1488.000	87.066	9.435	0.000	-105.549
1490.000	87.066	9.632	0.000	-93.578
1492.000	87.071	10.498	0.000	-146.485
1494.000	87.075	10.304	0.000	-76.260
1496.000	87.071	9.143	0.000	-98.374
1498.000	87.087	8.562	0.000	-126.617
1500.000	87.072	9.486	0.000	-80.284
1502.000	87.092	10.270	0.000	-76.829
1504.000	87.081	9.380	0.000	-90.180
1506.000	87.093	7.808	0.000	-66.740
1508.000	87.089	8.703	0.000	-111.746
1510.000	87.098	9.513	0.000	-143.085
1512.000	87.095	9.818	0.000	-128.242
1514.000	87.101	9.787	0.000	-173.351
1516.000	87.107	9.047	0.000	-105.306
1518.000	87.099	10.238	0.000	-81.334
1520.000	87.118	10.002	0.000	-109.730
1522.000	87.104	9.924	0.000	-133.338
1524.000	87.121	9.771	0.000	-86.190
1526.000	87.112	9.539	0.000	-66.173
1528.000	87.127	9.367	0.000	-98.301
1530.000	87.116	9.838	0.000	-68.691
1532.000	87.133	9.888	0.000	-109.194
1534.000	87.125	9.130	0.000	-158.426
1536.000	87.132	9.263	0.000	-174.655
1538.000	87.137	10.962	0.000	-93.544
1540.000	87.134	11.381	0.000	-98.817
1542.000	87.143	9.955	0.000	-121.504
1544.000	87.139	9.545	0.000	-114.636
1546.000	87.153	9.303	0.000	-108.392
1548.000	87.139	8.201	0.000	-91.573
1550.000	87.162	9.835	0.000	-165.507
1552.000	87.145	10.760	0.000	-124.314
1554.000	87.165	10.102	0.000	-113.808
1556.000	87.155	9.349	0.000	-114.026
1558.000	87.170	10.154	0.000	-83.486
1560.000	87.159	10.567	0.000	-83.588
1562.000	87.175	10.832	0.000	-104.166
1564.000	87.168	9.840	0.000	-126.285
1566.000	87.175	9.587	0.000	-144.976
1568.000	87.180	9.968	0.000	-123.935
1570.000	87.178	10.661	0.000	-117.422
1572.000	87.186	10.096	0.000	-129.202
1574.000	87.183	9.476	0.000	-149.998
1576.000	87.196	9.574	0.000	-129.091
1578.000	87.183	10.348	0.000	-100.668
1580.000	87.205	10.476	0.000	-91.660
1582.000	87.189	8.495	0.000	-132.773
1584.000	87.208	9.300	0.000	-104.497
1586.000	87.196	9.892	0.000	-121.360
1588.000	87.216	9.964	0.000	-129.228
1590.000	87.200	9.710	0.000	-91.366
1592.000	87.222	9.296	0.000	-106.922
1594.000	87.209	10.198	0.000	-124.213
1596.000	87.223	10.357	0.000	-122.371
1598.000	87.218	8.990	0.000	-78.979
1600.000	87.228	10.090	0.000	-75.509
1602.000	87.224	10.463	0.000	-104.178
1604.000	87.232	11.464	0.000	-111.612
1606.000	87.235	10.657	0.000	-101.247
1608.000	87.233	9.960	0.000	-109.407
1610.000	87.243	10.697	0.000	-123.542
1612.000	87.239	10.141	0.000	-114.848
1614.000	87.250	10.082	0.000	-118.550
1616.000	87.242	10.072	0.000	-154.465
1618.000	87.260	11.056	0.000	-147.312
1620.000	87.245	10.249	0.000	-136.553
1622.000	87.266	9.859	0.000	-132.214
1624.000	87.252	10.236	0.000	-116.516
1626.000	87.272	10.696	0.000	-122.703
1628.000	87.256	10.486	0.000	-125.700
1630.000	87.281	9.759	0.000	-136.142
1632.000	87.262	9.757	0.000	-139.071
1634.000	87.285	9.858	0.000	-150.405
1636.000	87.270	10.410	0.000	-148.424
1638.000	87.291	10.644	0.000	-161.500
1640.000	87.274	10.737	0.000	169.782
1642.000	87.297	9.589	0.000	177.442
1644.000	87.283	10.406	0.000	-148.725
1646.000	87.300	11.345	0.000	-120.272
1648.000	87.291	10.796	0.000	-144.130
1650.000	87.307	9.857	0.000	-141.563
1652.000	87.296	9.265	0.000	-139.395
1654.000	87.311	9.710	0.000	-162.816
1656.000	87.306	8.980	0.000	-175.692
1658.000	87.314	10.031	0.000	174.933
1660.000	87.312	10.034	0.000	171.076
1662.000	87.321	9.433	0.000	-151.939
1664.000	87.320	10.092	0.000	-175.382
1666.000	87.324	10.873	0.000	-176.011
1668.000	87.329	10.538	0.000	-164.652
1670.000	87.329	9.276	0.000	-159.107
1672.000	87.334	10.352	0.000	173.853
1674.000	87.335	10.823	0.000	173.946
1676.000	87.343	9.595	0.000	-161.335
1678.000	87.339	10.255	0.000	-149.970
1680.000	87.349	10.675	0.000	-161.151
1682.000	87.346	10.983	0.000	-170.459
1684.000	87.355	9.737	0.000	-152.314
1686.000	87.350	9.479	0.000	-155.634
1688.000	87.364	10.474	0.000	-149.576
1690.000	87.356	10.136	0.000	-148.298
1692.000	87.369	10.564	0.000	-160.854
1694.000	87.363	9.970	0.000	-166.066
1696.000	87.376	10.352	0.000	177.759
1698.000	87.367	9.989	0.000	154.297
1700.000	87.382	9.829	0.000	151.258
1702.000	87.375	9.748	0.000	175.748
1704.000	87.388	10.400	0.000	-151.078
1706.000	87.380	10.439	0.000	-146.048
1708.000	87.396	11.414	0.000	-160.063
1710.000	87.385	11.264	0.000	-156.656
1712.000	87.401	9.505	0.000	175.687
1714.000	87.393	10.085	0.000	-178.009
1716.000	87.408	10.361	0.000	-147.740
1718.000	87.397	11.146	0.000	-147.889
1720.000	87.414	11.021	0.000	-157.475
1722.000	87.405	10.548	0.000	-163.523
1724.000	87.419	10.293	0.000	-149.470
1726.000	87.411	10.935	0.000	-164.852
1728.000	87.426	9.745	0.000	-162.407
1730.000	87.417	10.527	0.000	-169.833
1732.000	87.430	10.694	0.000	-170.543
1734.000	87.426	10.747	0.000	-157.465
1736.000	87.436	10.267	0.000	179.010
1738.000	87.432	9.769	0.000	172.975
1740.000	87.441	10.274	0.000	-165.138
1742.000	87.441	10.365	0.000	178.276
1744.000	87.446	9.169	0.000	177.004
1746.000	87.447	10.107	0.000	-174.272
1748.000	87.452	10.545	0.000	-176.802
1750.000	87.455	11.081	0.000	178.619
1752.000	87.455	10.787	0.000	175.465
1754.000	87.463	9.857	0.000	150.995
1756.000	87.462	9.971	0.000	170.340
1758.000	87.470	9.850	0.000	151.732
1760.000	87.465	9.833	0.000	172.986
1762.000	87.479	10.224	0.000	168.666
1764.000	87.470	10.646	0.000	153.025
1766.000	87.486	10.329	0.000	179.066
1768.000	87.475	10.472	0.000	175.068
1770.000	87.495	10.924	0.000	165.516
1772.000	87.479	10.255	0.000	170.115
1774.000	87.502	9.854	0.000	151.609
1776.000	87.485	10.842	0.000	156.832
1778.000	87.510	10.758	0.000	164.110
1780.000	87.489	9.788	0.000	172.024
1782.000	87.518	10.162	0.000	151.971
1784.000	87.495	10.289	0.000	140.155
1786.000	87.524	9.899	0.000	151.155
1788.000	87.500	10.390	0.000	165.604
1790.000	87.532	10.053	0.000	141.676
1792.000	87.507	10.618	0.000	133.209
1794.000	87.536	9.916	0.000	131.663
1796.000	87.515	8.556	0.000	131.326
1798.000	87.542	9.185	0.000	115.065
1800.000	87.523	9.996	0.000	110.168
1802.000	87.545	9.703	0.000	107.023
1804.000	87.533	9.250	0.000	124.429
1806.000	87.549	9.929	0.000	130.760
1808.000	87.542	10.674	0.000	155.599
1810.000	87.552	10.175	0.000	137.667
1812.000	87.553	10.276	0.000	120.493
1814.000	87.554	9.560	0.000	119.281
1816.000	87.563	9.071	0.000	85.839
1818.000	87.557	9.952	0.000	117.269
1820.000	87.574	9.468	0.000	140.256
1822.000	87.559	8.735	0.000	120.247
1824.000	87.583	9.013	0.000	113.008
1826.000	87.564	9.072	0.000	124.343
1828.000	87.592	10.513	0.000	134.092
1830.000	87.568	11.050	0.000	115.527
1832.000	87.600	11.083	0.000	111.225
1834.000	87.575	10.742	0.000	100.105
1836.000	87.606	9.707	0.000	105.513
1838.000	87.582	10.964	0.000	122.724
1840.000	87.611	10.468	0.000	117.379
1842.000	87.592	10.566	0.000	113.164
1844.000	87.613	10.656	0.000	70.052
1846.000	87.603	9.699	0.000	92.000
1848.000	87.615	9.186	0.000	114.474
1850.000	87.615	9.172	0.000	35.887
1852.000	87.615	9.025	0.000	54.476
1854.000	87.628	8.398	0.000	149.420
1856.000	87.616	9.496	0.000	163.526
1858.000	87.640	9.316	0.000	27.781
1860.000	87.618	9.098	0.000	86.033
1862.000	87.651	9.909	0.000	88.222
1864.000	87.623	9.950	0.000	95.807
1866.000	87.657	9.548	0.000	124.550
1868.000	87.630	8.666	0.000	107.181
1870.000	87.662	8.455	0.000	16.074
1872.000	87.641	8.825	0.000	42.415
1874.000	87.663	8.253	0.000	76.265
1876.000	87.653	9.298	0.000	105.702
1878.000	87.664	9.663	0.000	111.837
1880.000	87.667	9.520	0.000	-113.904
1882.000	87.663	9.656	0.000	-31.388
1884.000	87.681	8.917	0.000	95.557
1886.000	87.664	8.922	0.000	-169.257
1888.000	87.693	7.721	0.000	9.473
1890.000	87.666	8.117	0.000	-77.025
1892.000	87.702	8.172	0.000	105.245
1894.000	87.673	9.180	0.000	151.049
1896.000	87.707	9.269	0.000	148.125
1898.000	87.683	9.919	0.000	92.013
1900.000	87.708	9.520	0.000	-78.103
1902.000	87.698	8.879	0.000	-83.870
1904.000	87.706	8.734	0.000	176.474
1906.000	87.713	9.559	0.000	147.583
1908.000	87.705	10.346	0.000	167.260
1910.000	87.728	9.605	0.000	135.401
1912.000	87.704	10.106	0.000	140.729
1914.000	87.740	11.468	0.000	146.082
1916.000	87.709	10.913	0.000	138.456
1918.000	87.746	10.468	0.000	129.764
1920.000	87.719	10.672	0.000	140.067
1922.000	87.747	11.646	0.000	132.808
1924.000	87.735	12.196	0.000	123.649
1926.000	87.744	11.457	0.000	121.108
1928.000	87.752	10.352	0.000	103.105
1930.000	87.741	11.687	0.000	98.724
1932.000	87.768	12.562	0.000	96.559
1934.000	87.741	12.497	0.000	73.083
1936.000	87.779	12.973	0.000	68.350
1938.000	87.747	12.031	0.000	63.198
1940.000	87.784	11.389	0.000	54.140
1942.000	87.760	11.821	0.000	47.584
1944.000	87.782	11.884	0.000	41.408
1946.000	87.778	12.201	0.000	31.741
1948.000	87.777	12.832	0.000	28.934
1950.000	87.796	12.138	0.000	17.461
1952.000	87.774	11.797	0.000	10.648
1954.000	87.810	12.133	0.000	11.429
1956.000	87.778	13.400	0.000	5.146
1958.000	87.816	13.154	0.000	-2.279
1960.000	87.790	12.294	0.000	-5.019
1962.000	87.815	12.397	0.000	-17.718
1964.000	87.808	12.570	0.000	-14.343
1966.000	87.810	12.014	0.000	-22.722
1968.000	87.827	12.169	0.000	-29.800
1970.000	87.806	12.036	0.000	-31.475
1972.000	87.843	12.645	0.000	-39.688
1974.000	87.810	11.831	0.000	-41.062
1976.000	87.849	10.691	0.000	-48.891
1978.000	87.822	11.608	0.000	-46.074
1980.000	87.846	12.620	0.000	-49.906
1982.000	87.842	12.253	0.000	-60.272
1984.000	87.840	10.789	0.000	-59.419
1986.000	87.862	11.631	0.000	-64.547
1988.000	87.836	11.722	0.000	-67.032
1990.000	87.876	11.556	0.000	-73.275
1992.000	87.842	11.824	0.000	-88.995
1994.000	87.879	11.147	0.000	-100.236
1996.000	87.858	11.022	0.000	-87.689
1998.000	87.874	10.300	0.000	-83.158
2000.000	87.880	9.132	0.000	-108.115
