2000.000	86.113	10.755	0.000	23.886
2.000	86.118	11.554	0.000	8.903
4.000	86.172	12.092	0.000	14.842
6.000	86.128	11.571	0.000	-15.407
8.000	86.130	10.977	0.000	-100.396
10.000	86.183	10.696	0.000	-171.106
12.000	86.142	10.630	0.000	-120.189
14.000	86.141	9.807	0.000	-33.951
16.000	86.195	11.026	0.000	-27.826
18.000	86.155	11.131	0.000	-175.604
20.000	86.152	11.406	0.000	-41.735
22.000	86.207	11.691	0.000	-125.831
24.000	86.168	11.922	0.000	-145.950
26.000	86.165	10.954	0.000	-159.870
28.000	86.220	10.112	0.000	-132.162
30.000	86.180	10.625	0.000	-139.882
32.000	86.176	10.866	0.000	58.482
34.000	86.234	10.919	0.000	28.086
36.000	86.192	10.591	0.000	102.355
38.000	86.188	11.015	0.000	-17.036
40.000	86.246	11.601	0.000	-110.942
42.000	86.204	9.912	0.000	-115.840
44.000	86.202	10.658	0.000	-111.143
46.000	86.257	11.745	0.000	-90.510
48.000	86.215	10.981	0.000	21.526
50.000	86.217	11.077	0.000	32.110
52.000	86.269	11.284	0.000	22.746
54.000	86.226	11.798	0.000	82.000
56.000	86.232	10.535	0.000	127.923
58.000	86.280	9.053	0.000	91.777
60.000	86.236	9.448	0.000	-15.667
62.000	86.250	10.092	0.000	-75.317
64.000	86.291	11.322	0.000	-112.471
66.000	86.245	11.588	0.000	-102.222
68.000	86.268	11.296	0.000	-112.919
70.000	86.302	11.333	0.000	-15.762
72.000	86.254	11.391	0.000	-138.246
74.000	86.286	11.301	0.000	-165.365
76.000	86.312	11.391	0.000	-170.231
78.000	86.263	11.997	0.000	-143.216
80.000	86.305	10.391	0.000	-137.117
82.000	86.320	10.459	0.000	32.462
84.000	86.273	10.946	0.000	-15.061
86.000	86.323	10.821	0.000	-74.028
88.000	86.328	10.966	0.000	-62.123
90.000	86.287	11.217	0.000	-68.542
92.000	86.341	10.540	0.000	-51.794
94.000	86.334	10.886	0.000	-87.170
96.000	86.302	11.599	0.000	172.456
98.000	86.358	11.377	0.000	-52.328
100.000	86.339	9.481	0.000	138.139
102.000	86.319	8.759	0.000	-26.532
104.000	86.374	9.960	0.000	-157.855
106.000	86.343	10.477	0.000	-102.469
108.000	86.340	9.888	0.000	-79.345
110.000	86.387	10.634	0.000	-166.517
112.000	86.347	11.047	0.000	102.672
114.000	86.363	10.349	0.000	-146.112
116.000	86.397	10.424	0.000	-178.205
118.000	86.352	10.205	0.000	163.352
120.000	86.386	10.668	0.000	129.595
122.000	86.405	11.236	0.000	-108.441
124.000	86.361	11.514	0.000	-50.913
126.000	86.409	10.730	0.000	46.332
128.000	86.409	11.230	0.000	-103.812
130.000	86.375	11.065	0.000	17.018
132.000	86.430	10.530	0.000	-137.267
134.000	86.410	10.174	0.000	0.390
136.000	86.392	10.745	0.000	23.205
138.000	86.447	10.638	0.000	-148.328
140.000	86.412	10.242	0.000	-110.157
142.000	86.416	9.645	0.000	-31.830
144.000	86.459	9.937	0.000	68.934
146.000	86.415	11.587	0.000	102.594
148.000	86.442	11.115	0.000	95.946
150.000	86.465	9.474	0.000	69.237
152.000	86.424	9.274	0.000	-11.453
154.000	86.468	10.420	0.000	-121.073
156.000	86.466	10.972	0.000	-52.542
158.000	86.439	12.531	0.000	-39.585
160.000	86.490	12.049	0.000	-36.985
162.000	86.463	9.819	0.000	-169.095
164.000	86.461	9.877	0.000	136.003
166.000	86.506	10.579	0.000	14.976
168.000	86.463	10.919	0.000	-34.330
170.000	86.488	9.882	0.000	-5.394
172.000	86.514	11.399	0.000	-61.631
174.000	86.470	11.691	0.000	-94.885
176.000	86.515	10.940	0.000	-114.453
178.000	86.514	11.343	0.000	-138.672
180.000	86.485	11.103	0.000	149.962
182.000	86.538	10.533	0.000	132.042
184.000	86.511	11.651	0.000	-136.086
186.000	86.509	10.416	0.000	-56.119
188.000	86.552	9.532	0.000	-20.363
190.000	86.511	10.724	0.000	-13.407
192.000	86.539	11.017	0.000	-31.025
194.000	86.554	9.715	0.000	-62.668
196.000	86.520	10.719	0.000	-72.998
198.000	86.568	11.316	0.000	-98.507
200.000	86.551	10.504	0.000	-99.668
202.000	86.541	9.643	0.000	-29.001
204.000	86.586	10.243	0.000	-63.816
206.000	86.548	11.634	0.000	-138.159
208.000	86.571	11.486	0.000	-135.911
210.000	86.593	9.802	0.000	-83.451
212.000	86.552	10.499	0.000	7.648
214.000	86.600	11.214	0.000	-123.539
216.000	86.590	10.247	0.000	-136.135
218.000	86.572	10.013	0.000	167.865
220.000	86.621	10.952	0.000	123.620
222.000	86.585	10.518	0.000	-145.340
224.000	86.602	10.004	0.000	91.951
226.000	86.628	10.074	0.000	36.901
228.000	86.590	9.596	0.000	-104.122
230.000	86.633	10.748	0.000	52.077
232.000	86.623	11.834	0.000	19.133
234.000	86.610	10.844	0.000	85.314
236.000	86.653	9.809	0.000	137.221
238.000	86.617	10.707	0.000	161.314
240.000	86.642	12.421	0.000	123.495
242.000	86.657	12.692	0.000	130.461
244.000	86.623	11.481	0.000	-175.855
246.000	86.672	10.012	0.000	1.292
248.000	86.650	10.281	0.000	68.063
250.000	86.648	11.023	0.000	-1.368
252.000	86.688	10.238	0.000	-94.100
254.000	86.647	10.409	0.000	-134.460
256.000	86.682	10.785	0.000	171.785
258.000	86.686	11.695	0.000	105.966
260.000	86.660	11.762	0.000	18.483
262.000	86.707	10.564	0.000	-81.225
264.000	86.678	10.334	0.000	152.028
266.000	86.691	10.368	0.000	86.841
268.000	86.714	10.176	0.000	72.089
270.000	86.680	10.788	0.000	51.004
272.000	86.724	11.386	0.000	70.618
274.000	86.706	11.184	0.000	11.865
276.000	86.704	10.768	0.000	-42.657
278.000	86.740	10.452	0.000	-82.534
280.000	86.702	10.367	0.000	34.011
282.000	86.740	9.053	0.000	-112.662
284.000	86.735	9.673	0.000	-15.107
286.000	86.718	10.486	0.000	-39.513
288.000	86.764	11.386	0.000	-80.431
290.000	86.727	10.836	0.000	-88.230
292.000	86.752	10.262	0.000	-100.946
294.000	86.764	10.220	0.000	-122.317
296.000	86.736	9.428	0.000	-67.112
298.000	86.781	11.121	0.000	-90.439
300.000	86.753	10.761	0.000	-79.534
302.000	86.767	10.107	0.000	-18.305
304.000	86.787	10.513	0.000	-62.202
306.000	86.757	9.443	0.000	14.294
308.000	86.799	11.008	0.000	60.116
310.000	86.775	11.286	0.000	-35.248
312.000	86.785	10.156	0.000	-32.486
314.000	86.810	10.344	0.000	-44.523
316.000	86.775	11.631	0.000	-41.205
318.000	86.819	11.641	0.000	-22.127
320.000	86.798	9.912	0.000	-33.244
322.000	86.801	10.796	0.000	-61.250
324.000	86.831	12.324	0.000	-66.608
326.000	86.795	11.344	0.000	-95.268
328.000	86.837	11.244	0.000	-97.915
330.000	86.821	11.013	0.000	-92.644
332.000	86.819	11.451	0.000	-98.601
334.000	86.850	11.656	0.000	-102.686
336.000	86.817	9.766	0.000	-119.108
338.000	86.855	10.103	0.000	-125.393
340.000	86.838	10.933	0.000	-116.795
342.000	86.841	11.135	0.000	-116.791
344.000	86.868	10.074	0.000	-107.216
346.000	86.835	10.192	0.000	-102.542
348.000	86.876	11.160	0.000	-149.931
350.000	86.855	10.290	0.000	-150.946
352.000	86.861	11.112	0.000	163.287
354.000	86.887	10.234	0.000	137.048
356.000	86.852	10.169	0.000	119.340
358.000	86.896	10.093	0.000	82.023
360.000	86.873	9.946	0.000	-32.919
362.000	86.881	10.655	0.000	-14.626
364.000	86.901	11.725	0.000	-39.145
366.000	86.873	11.018	0.000	-67.256
368.000	86.914	11.957	0.000	-84.481
370.000	86.887	12.720	0.000	-95.238
372.000	86.905	14.064	0.000	-99.920
374.000	86.914	14.326	0.000	-117.225
376.000	86.894	14.758	0.000	-136.225
378.000	86.932	14.255	0.000	-157.701
380.000	86.899	14.707	0.000	-169.216
382.000	86.929	14.935	0.000	177.552
384.000	86.926	14.143	0.000	158.188
386.000	86.913	11.395	0.000	131.605
388.000	86.949	11.568	0.000	135.428
390.000	86.914	11.308	0.000	125.396
392.000	86.950	10.971	0.000	140.563
394.000	86.936	10.455	0.000	173.236
396.000	86.936	8.720	0.000	148.507
398.000	86.960	10.479	0.000	149.385
400.000	86.931	10.814	0.000	156.211
402.000	86.969	11.595	0.000	164.897
404.000	86.943	11.773	0.000	143.561
406.000	86.962	11.688	0.000	126.826
408.000	86.967	11.498	0.000	146.173
410.000	86.950	12.294	0.000	143.401
412.000	86.987	12.876	0.000	118.078
414.000	86.952	12.510	0.000	114.976
416.000	86.986	11.824	0.000	108.837
418.000	86.973	12.093	0.000	105.901
420.000	86.972	12.004	0.000	104.640
422.000	86.997	12.074	0.000	101.981
424.000	86.967	11.776	0.000	76.431
426.000	87.004	11.493	0.000	72.071
428.000	86.978	11.259	0.000	56.695
430.000	86.998	10.379	0.000	43.705
432.000	86.999	10.333	0.000	72.420
434.000	86.988	11.788	0.000	43.555
436.000	87.017	11.718	0.000	17.243
438.000	86.985	11.353	0.000	7.260
440.000	87.022	9.630	0.000	23.953
442.000	86.999	10.442	0.000	30.357
444.000	87.012	10.768	0.000	4.156
446.000	87.022	11.118	0.000	-22.229
448.000	87.000	10.934	0.000	28.133
450.000	87.036	10.106	0.000	1.931
452.000	87.003	10.593	0.000	7.862
454.000	87.034	10.779	0.000	21.172
456.000	87.019	9.879	0.000	14.042
458.000	87.024	9.555	0.000	4.856
460.000	87.037	10.458	0.000	-23.488
462.000	87.016	10.255	0.000	-21.640
464.000	87.048	9.553	0.000	30.323
466.000	87.018	10.626	0.000	-6.919
468.000	87.049	9.933	0.000	-28.133
470.000	87.031	10.109	0.000	79.140
472.000	87.038	11.110	0.000	40.890
474.000	87.050	10.554	0.000	8.704
476.000	87.027	10.067	0.000	-41.684
478.000	87.061	10.311	0.000	-16.249
480.000	87.029	9.643	0.000	-53.918
482.000	87.060	9.803	0.000	-81.519
484.000	87.042	9.771	0.000	-154.340
486.000	87.051	10.463	0.000	-100.511
488.000	87.057	10.736	0.000	-100.609
490.000	87.042	10.223	0.000	-67.509
492.000	87.069	10.828	0.000	-68.530
494.000	87.039	10.768	0.000	-79.064
496.000	87.072	10.204	0.000	-103.068
498.000	87.045	9.638	0.000	-103.281
500.000	87.064	10.553	0.000	-88.804
502.000	87.061	10.672	0.000	-96.803
504.000	87.052	10.857	0.000	-67.765
506.000	87.074	10.853	0.000	-69.708
508.000	87.046	11.396	0.000	-43.625
510.000	87.079	10.437	0.000	-38.680
512.000	87.050	10.192	0.000	-38.100
514.000	87.074	10.363	0.000	-40.687
516.000	87.059	10.224	0.000	-49.024
518.000	87.066	10.627	0.000	-59.701
520.000	87.071	10.711	0.000	-63.401
522.000	87.056	10.886	0.000	-60.267
524.000	87.081	10.787	0.000	-55.613
526.000	87.051	10.233	0.000	-77.804
528.000	87.083	11.181	0.000	-92.874
530.000	87.054	10.304	0.000	-90.205
532.000	87.076	8.951	0.000	-124.945
534.000	87.065	10.639	0.000	-98.573
536.000	87.064	10.163	0.000	-102.727
538.000	87.075	9.677	0.000	-113.177
540.000	87.056	10.879	0.000	-120.877
542.000	87.081	11.342	0.000	-114.084
544.000	87.052	9.661	0.000	-60.044
546.000	87.081	9.846	0.000	-101.243
548.000	87.053	10.238	0.000	-117.028
550.000	87.075	9.926	0.000	-71.507
552.000	87.061	10.666	0.000	-100.769
554.000	87.064	11.147	0.000	-75.614
556.000	87.070	10.459	0.000	45.992
558.000	87.053	10.437	0.000	-157.077
560.000	87.076	11.228	0.000	-145.477
562.000	87.047	11.037	0.000	-146.209
564.000	87.075	10.583	0.000	173.868
566.000	87.046	9.993	0.000	-43.579
568.000	87.070	10.486	0.000	-123.767
570.000	87.049	9.459	0.000	-169.211
572.000	87.060	9.774	0.000	40.642
574.000	87.055	10.254	0.000	-33.897
576.000	87.050	10.768	0.000	-31.043
578.000	87.060	10.722	0.000	-39.440
580.000	87.038	10.801	0.000	171.445
582.000	87.064	10.308	0.000	-178.691
584.000	87.033	9.726	0.000	-120.956
586.000	87.059	9.014	0.000	149.846
588.000	87.031	9.840	0.000	176.532
590.000	87.052	9.866	0.000	126.937
592.000	87.033	9.141	0.000	-112.934
594.000	87.041	9.105	0.000	130.396
596.000	87.036	10.477	0.000	64.049
598.000	87.031	11.025	0.000	140.620
600.000	87.038	10.668	0.000	-133.874
602.000	87.019	9.887	0.000	140.127
604.000	87.040	10.344	0.000	-19.121
606.000	87.011	10.098	0.000	-18.151
608.000	87.037	10.072	0.000	2.047
610.000	87.006	10.124	0.000	-0.241
612.000	87.029	9.354	0.000	-65.902
614.000	87.005	9.387	0.000	-138.356
616.000	87.019	10.065	0.000	-22.488
618.000	87.004	9.785	0.000	-57.618
620.000	87.008	10.322	0.000	-73.790
622.000	87.004	10.087	0.000	166.852
624.000	86.996	10.390	0.000	65.656
626.000	87.004	10.454	0.000	37.283
628.000	86.984	10.261	0.000	-78.622
630.000	87.003	10.648	0.000	-57.683
632.000	86.974	9.545	0.000	-37.276
634.000	86.997	9.682	0.000	-104.939
636.000	86.968	9.130	0.000	-119.770
638.000	86.990	9.316	0.000	-136.770
640.000	86.962	10.050	0.000	-62.517
642.000	86.979	11.388	0.000	-56.309
644.000	86.959	11.042	0.000	-39.149
646.000	86.969	10.411	0.000	-38.103
648.000	86.954	10.677	0.000	-49.708
650.000	86.956	10.286	0.000	-45.710
652.000	86.953	9.857	0.000	-58.771
654.000	86.942	9.861	0.000	-24.804
656.000	86.949	10.347	0.000	-61.895
658.000	86.930	11.423	0.000	-69.364
660.000	86.946	10.446	0.000	-62.892
662.000	86.919	9.688	0.000	-45.836
664.000	86.938	10.383	0.000	-100.314
666.000	86.911	10.366	0.000	-78.309
668.000	86.930	10.582	0.000	-82.776
670.000	86.900	10.625	0.000	-128.633
672.000	86.921	10.573	0.000	-112.737
674.000	86.894	11.105	0.000	-117.664
676.000	86.909	10.863	0.000	-91.624
678.000	86.886	10.229	0.000	-123.654
680.000	86.898	9.844	0.000	-92.686
682.000	86.881	9.795	0.000	-79.157
684.000	86.883	9.989	0.000	-142.026
686.000	86.875	10.409	0.000	-139.861
688.000	86.871	10.516	0.000	-118.908
690.000	86.868	10.808	0.000	-167.412
692.000	86.857	10.166	0.000	-155.818
694.000	86.861	9.936	0.000	-60.770
696.000	86.846	9.716	0.000	-109.402
698.000	86.853	9.797	0.000	-150.801
700.000	86.832	10.037	0.000	-142.488
702.000	86.846	9.435	0.000	-134.460
704.000	86.820	9.931	0.000	-116.050
706.000	86.836	10.184	0.000	-138.550
708.000	86.809	10.418	0.000	-171.174
710.000	86.827	9.922	0.000	-162.618
712.000	86.798	9.441	0.000	-104.404
714.000	86.815	10.847	0.000	-106.086
716.000	86.788	11.159	0.000	-150.661
718.000	86.805	10.581	0.000	-172.287
720.000	86.776	10.663	0.000	139.360
722.000	86.793	10.436	0.000	161.274
724.000	86.767	11.300	0.000	-164.287
726.000	86.781	10.673	0.000	-163.829
728.000	86.757	10.398	0.000	-156.324
730.000	86.768	10.305	0.000	-166.442
732.000	86.749	10.258	0.000	-79.306
734.000	86.754	9.728	0.000	11.953
736.000	86.738	9.442	0.000	154.938
738.000	86.743	10.639	0.000	168.009
740.000	86.728	10.609	0.000	175.591
742.000	86.730	10.435	0.000	144.856
744.000	86.719	9.566	0.000	154.764
746.000	86.718	9.748	0.000	172.372
748.000	86.708	10.335	0.000	-178.876
750.000	86.704	9.855	0.000	145.580
752.000	86.700	10.363	0.000	-42.730
754.000	86.691	11.176	0.000	-94.175
756.000	86.688	11.328	0.000	142.699
758.000	86.680	10.527	0.000	108.761
760.000	86.678	10.412	0.000	-72.953
762.000	86.666	9.883	0.000	25.268
764.000	86.667	10.264	0.000	98.147
766.000	86.656	10.626	0.000	85.256
768.000	86.656	10.811	0.000	39.086
770.000	86.642	10.366	0.000	-21.859
772.000	86.647	9.169	0.000	67.099
774.000	86.631	10.110	0.000	167.765
776.000	86.634	10.042	0.000	-121.672
778.000	86.620	9.478	0.000	-140.993
780.000	86.625	9.075	0.000	-140.390
782.000	86.607	9.711	0.000	165.770
784.000	86.612	9.810	0.000	-142.603
786.000	86.598	9.817	0.000	67.403
788.000	86.601	10.807	0.000	48.831
790.000	86.584	10.339	0.000	24.237
792.000	86.592	9.005	0.000	-34.175
794.000	86.574	9.829	0.000	45.958
796.000	86.579	9.624	0.000	63.409
798.000	86.564	10.319	0.000	87.109
800.000	86.569	10.155	0.000	98.748
802.000	86.552	9.333	0.000	97.149
804.000	86.557	9.402	0.000	52.326
806.000	86.544	10.412	0.000	46.082
808.000	86.545	10.599	0.000	23.225
810.000	86.531	10.798	0.000	-6.650
812.000	86.536	9.236	0.000	-3.118
814.000	86.522	9.806	0.000	11.138
816.000	86.523	9.320	0.000	-10.506
818.000	86.513	9.814	0.000	-52.779
820.000	86.513	9.897	0.000	-77.803
822.000	86.501	8.270	0.000	-78.657
824.000	86.502	8.503	0.000	-20.677
826.000	86.495	9.660	0.000	11.382
828.000	86.489	10.727	0.000	-22.802
830.000	86.484	11.613	0.000	-32.935
832.000	86.481	10.977	0.000	-58.069
834.000	86.474	12.458	0.000	-68.144
836.000	86.468	12.581	0.000	-86.479
838.000	86.467	11.824	0.000	-95.275
840.000	86.458	11.470	0.000	-102.058
842.000	86.456	10.652	0.000	-118.562
844.000	86.448	10.598	0.000	-135.909
846.000	86.450	10.184	0.000	-163.939
848.000	86.434	9.909	0.000	-174.586
850.000	86.442	9.670	0.000	163.974
852.000	86.426	9.448	0.000	101.450
854.000	86.432	9.823	0.000	74.741
856.000	86.416	9.851	0.000	41.598
858.000	86.427	10.920	0.000	-7.028
860.000	86.405	11.834	0.000	-38.133
862.000	86.416	13.266	0.000	-67.432
864.000	86.398	12.723	0.000	-75.349
866.000	86.408	11.366	0.000	-82.330
868.000	86.387	11.596	0.000	-79.236
870.000	86.402	11.316	0.000	-82.308
872.000	86.378	10.557	0.000	-60.588
874.000	86.391	11.524	0.000	-66.471
876.000	86.372	12.270	0.000	-68.043
878.000	86.384	12.016	0.000	-75.989
880.000	86.362	12.471	0.000	-86.121
882.000	86.375	12.700	0.000	-86.170
884.000	86.358	13.521	0.000	-99.314
886.000	86.363	13.267	0.000	-101.297
888.000	86.353	14.106	0.000	-105.547
890.000	86.356	14.175	0.000	-109.057
892.000	86.345	14.685	0.000	-113.221
894.000	86.346	15.546	0.000	-110.659
896.000	86.342	16.402	0.000	-111.457
898.000	86.335	17.809	0.000	-118.213
900.000	86.336	18.307	0.000	-127.905
902.000	86.328	19.349	0.000	-135.019
904.000	86.330	19.585	0.000	-142.441
906.000	86.318	20.262	0.000	-154.397
908.000	86.328	20.515	0.000	-165.498
910.000	86.308	20.816	0.000	-175.180
912.000	86.322	20.399	0.000	178.120
914.000	86.304	20.848	0.000	170.248
916.000	86.314	20.937	0.000	162.701
918.000	86.296	20.666	0.000	156.979
920.000	86.310	20.712	0.000	147.388
922.000	86.290	20.034	0.000	140.564
924.000	86.300	20.210	0.000	130.717
926.000	86.290	20.346	0.000	125.125
928.000	86.292	19.668	0.000	123.143
930.000	86.284	19.508	0.000	113.442
932.000	86.287	19.495	0.000	108.570
934.000	86.281	19.136	0.000	106.654
936.000	86.276	19.467	0.000	100.998
938.000	86.281	19.682	0.000	99.802
940.000	86.269	19.405	0.000	95.877
942.000	86.276	19.757	0.000	93.298
944.000	86.264	21.011	0.000	81.803
946.000	86.273	21.930	0.000	73.651
948.000	86.256	22.652	0.000	61.209
950.000	86.272	22.846	0.000	52.138
952.000	86.251	23.135	0.000	38.625
954.000	86.264	23.011	0.000	25.352
956.000	86.252	22.082	0.000	14.806
958.000	86.256	21.793	0.000	6.508
960.000	86.249	21.600	0.000	-3.925
962.000	86.251	21.085	0.000	-10.314
964.000	86.248	21.020	0.000	-20.866
966.000	86.242	20.730	0.000	-32.433
968.000	86.251	19.917	0.000	-40.428
970.000	86.234	20.076	0.000	-52.531
972.000	86.247	20.255	0.000	-62.785
974.000	86.233	19.582	0.000	-73.409
976.000	86.242	19.859	0.000	-79.721
978.000	86.229	20.325	0.000	-83.570
980.000	86.241	20.681	0.000	-91.307
982.000	86.226	21.114	0.000	-101.115
984.000	86.234	22.289	0.000	-111.650
986.000	86.230	23.381	0.000	-123.021
988.000	86.225	23.876	0.000	-135.278
990.000	86.230	24.476	0.000	-149.346
992.000	86.223	24.541	0.000	-164.763
994.000	86.227	24.581	0.000	178.357
996.000	86.219	24.500	0.000	164.868
998.000	86.229	24.380	0.000	149.254
1000.000	86.212	24.279	0.000	136.609
1002.000	86.227	23.755	0.000	125.357
1004.000	86.215	22.959	0.000	113.744
1006.000	86.219	22.653	0.000	103.491
1008.000	86.218	21.964	0.000	94.362
1010.000	86.216	21.279	0.000	87.640
1012.000	86.215	19.863	0.000	82.301
1014.000	86.213	17.441	0.000	76.774
1016.000	86.218	15.624	0.000	81.573
1018.000	86.206	15.224	0.000	114.626
1020.000	86.221	17.080	0.000	125.744
1022.000	86.204	20.144	0.000	126.407
1024.000	86.215	22.436	0.000	120.132
1026.000	86.209	24.634	0.000	112.709
1028.000	86.210	26.321	0.000	102.460
1030.000	86.209	27.848	0.000	89.127
1032.000	86.209	28.852	0.000	76.249
1034.000	86.210	29.539	0.000	63.055
1036.000	86.204	30.277	0.000	48.686
1038.000	86.215	30.607	0.000	35.004
1040.000	86.199	30.943	0.000	21.936
1042.000	86.215	31.160	0.000	8.522
1044.000	86.203	31.065	0.000	-5.458
1046.000	86.208	30.844	0.000	-17.914
1048.000	86.209	30.508	0.000	-31.544
1050.000	86.205	30.032	0.000	-42.645
1052.000	86.209	29.588	0.000	-54.063
1054.000	86.204	29.280	0.000	-65.328
1056.000	86.211	29.067	0.000	-78.081
1058.000	86.201	28.836	0.000	-91.900
1060.000	86.215	28.532	0.000	-107.710
1062.000	86.201	28.371	0.000	-124.170
1064.000	86.210	28.155	0.000	-142.165
1066.000	86.209	27.767	0.000	-161.124
1068.000	86.203	27.427	0.000	177.133
1070.000	86.214	27.375	0.000	154.371
1072.000	86.203	27.514	0.000	132.391
1074.000	86.212	27.704	0.000	112.708
1076.000	86.207	28.177	0.000	93.706
1078.000	86.212	28.723	0.000	75.798
1080.000	86.207	29.126	0.000	60.222
1082.000	86.213	29.636	0.000	44.209
1084.000	86.210	30.055	0.000	30.140
1086.000	86.209	30.367	0.000	16.531
1088.000	86.219	30.619	0.000	3.398
1090.000	86.204	30.795	0.000	-8.149
1092.000	86.220	31.024	0.000	-17.914
1094.000	86.211	31.218	0.000	-26.694
1096.000	86.213	31.226	0.000	-36.407
1098.000	86.219	31.326	0.000	-45.133
1100.000	86.211	31.265	0.000	-53.373
1102.000	86.220	31.290	0.000	-62.201
1104.000	86.215	31.349	0.000	-69.881
1106.000	86.220	31.288	0.000	-76.743
1108.000	86.217	31.414	0.000	-82.857
1110.000	86.223	31.446	0.000	-89.955
1112.000	86.219	31.614	0.000	-97.197
1114.000	86.222	31.799	0.000	-104.812
1116.000	86.227	31.878	0.000	-112.877
1118.000	86.217	31.978	0.000	-119.649
1120.000	86.233	32.039	0.000	-127.556
1122.000	86.220	31.982	0.000	-135.561
1124.000	86.229	31.933	0.000	-143.854
1126.000	86.231	31.844	0.000	-151.828
1128.000	86.224	31.601	0.000	-159.883
1130.000	86.238	31.355	0.000	-168.189
1132.000	86.226	31.132	0.000	-176.614
1134.000	86.237	30.758	0.000	176.665
1136.000	86.233	30.440	0.000	167.855
1138.000	86.234	30.044	0.000	158.102
1140.000	86.239	29.403	0.000	149.005
1142.000	86.236	28.953	0.000	140.789
1144.000	86.241	28.148	0.000	131.661
1146.000	86.238	26.923	0.000	122.010
1148.000	86.246	25.791	0.000	114.091
1150.000	86.239	24.404	0.000	106.962
1152.000	86.249	22.799	0.000	102.519
1154.000	86.245	20.568	0.000	102.956
1156.000	86.245	18.005	0.000	104.295
1158.000	86.256	16.577	0.000	117.857
1160.000	86.243	16.642	0.000	136.371
1162.000	86.259	18.033	0.000	144.576
1164.000	86.252	19.850	0.000	140.540
1166.000	86.253	21.190	0.000	138.711
1168.000	86.264	22.131	0.000	132.681
1170.000	86.251	22.231	0.000	127.899
1172.000	86.266	22.340	0.000	124.301
1174.000	86.260	22.756	0.000	113.517
1176.000	86.262	22.544	0.000	106.225
1178.000	86.271	22.725	0.000	101.204
1180.000	86.261	22.997	0.000	94.548
1182.000	86.275	23.045	0.000	90.525
1184.000	86.268	23.337	0.000	82.478
1186.000	86.273	23.653	0.000	75.377
1188.000	86.277	23.345	0.000	65.121
1190.000	86.273	23.459	0.000	51.223
1192.000	86.282	23.253	0.000	40.425
1194.000	86.279	22.692	0.000	30.107
1196.000	86.283	21.694	0.000	18.854
1198.000	86.285	20.799	0.000	9.161
1200.000	86.287	19.372	0.000	4.465
1202.000	86.289	18.280	0.000	-0.999
1204.000	86.291	17.247	0.000	-4.270
1206.000	86.293	16.162	0.000	-6.461
1208.000	86.294	15.622	0.000	-11.318
1210.000	86.299	14.777	0.000	-19.849
1212.000	86.297	15.046	0.000	-14.891
1214.000	86.301	15.472	0.000	-20.087
1216.000	86.304	15.878	0.000	-22.517
1218.000	86.300	15.585	0.000	-32.925
1220.000	86.309	15.591	0.000	-40.928
1222.000	86.303	14.266	0.000	-48.800
1224.000	86.308	13.130	0.000	-61.511
1226.000	86.312	13.104	0.000	-69.001
1228.000	86.307	12.775	0.000	-59.758
1230.000	86.319	11.657	0.000	-62.044
1232.000	86.310	12.236	0.000	-65.220
1234.000	86.319	12.749	0.000	-68.086
1236.000	86.320	12.623	0.000	-70.243
1238.000	86.317	13.041	0.000	-77.477
1240.000	86.328	14.317	0.000	-80.294
1242.000	86.321	15.209	0.000	-84.158
1244.000	86.329	14.994	0.000	-95.989
1246.000	86.332	15.275	0.000	-103.321
1248.000	86.327	16.055	0.000	-125.019
1250.000	86.340	16.525	0.000	-134.693
1252.000	86.331	17.084	0.000	-138.780
1254.000	86.341	17.342	0.000	-150.823
1256.000	86.343	18.265	0.000	-158.310
1258.000	86.338	18.498	0.000	-166.960
1260.000	86.352	19.204	0.000	178.415
1262.000	86.343	19.810	0.000	168.294
1264.000	86.353	19.164	0.000	159.813
1266.000	86.354	18.619	0.000	148.445
1268.000	86.351	18.773	0.000	133.203
1270.000	86.362	18.096	0.000	124.107
1272.000	86.356	17.540	0.000	107.434
1274.000	86.363	17.297	0.000	97.776
1276.000	86.366	17.485	0.000	94.285
1278.000	86.363	16.901	0.000	88.042
1280.000	86.373	16.237	0.000	73.653
1282.000	86.368	15.529	0.000	66.203
1284.000	86.376	14.680	0.000	65.832
1286.000	86.376	13.509	0.000	61.499
1288.000	86.377	13.208	0.000	60.153
1290.000	86.383	12.742	0.000	66.645
1292.000	86.382	12.635	0.000	62.979
1294.000	86.387	13.046	0.000	58.357
1296.000	86.388	13.501	0.000	52.600
1298.000	86.391	13.553	0.000	46.641
1300.000	86.393	12.416	0.000	50.182
1302.000	86.396	12.883	0.000	51.296
1304.000	86.399	14.374	0.000	44.512
1306.000	86.400	14.164	0.000	42.264
1308.000	86.406	12.527	0.000	44.634
1310.000	86.404	13.549	0.000	43.537
1312.000	86.411	14.474	0.000	33.721
1314.000	86.411	14.143	0.000	28.630
1316.000	86.411	15.077	0.000	20.806
1318.000	86.422	15.148	0.000	11.650
1320.000	86.412	14.740	0.000	9.907
1322.000	86.428	14.436	0.000	1.083
1324.000	86.422	14.578	0.000	-2.430
1326.000	86.424	15.177	0.000	-10.343
1328.000	86.436	14.683	0.000	-23.358
1330.000	86.424	14.321	0.000	-29.156
1332.000	86.441	13.779	0.000	-25.689
1334.000	86.435	13.505	0.000	-27.597
1336.000	86.437	13.726	0.000	-39.785
1338.000	86.450	13.612	0.000	-36.821
1340.000	86.437	13.338	0.000	-48.049
1342.000	86.455	12.893	0.000	-44.211
1344.000	86.448	13.812	0.000	-47.810
1346.000	86.452	14.050	0.000	-46.035
1348.000	86.460	12.980	0.000	-44.810
1350.000	86.455	12.460	0.000	-48.045
1352.000	86.465	11.761	0.000	-71.181
1354.000	86.462	11.787	0.000	-62.635
1356.000	86.469	12.374	0.000	-58.789
1358.000	86.468	12.609	0.000	-73.287
1360.000	86.474	12.584	0.000	-64.921
1362.000	86.474	11.803	0.000	-66.225
1364.000	86.478	11.884	0.000	-73.400
1366.000	86.484	13.149	0.000	-78.018
1368.000	86.478	12.630	0.000	-84.506
1370.000	86.493	10.814	0.000	-82.865
1372.000	86.484	11.405	0.000	-91.228
1374.000	86.494	11.669	0.000	-99.010
1376.000	86.498	12.522	0.000	-105.978
1378.000	86.490	12.657	0.000	-103.783
1380.000	86.509	12.693	0.000	-102.800
1382.000	86.496	12.144	0.000	-108.599
1384.000	86.510	11.405	0.000	-114.553
1386.000	86.509	12.116	0.000	-105.102
1388.000	86.510	11.985	0.000	-108.872
1390.000	86.517	12.357	0.000	-120.568
1392.000	86.515	12.576	0.000	-126.363
1394.000	86.522	11.772	0.000	-115.690
1396.000	86.520	11.485	0.000	-110.495
1398.000	86.530	12.652	0.000	-128.450
1400.000	86.524	13.195	0.000	-126.863
1402.000	86.535	12.687	0.000	-130.177
1404.000	86.534	11.743	0.000	-142.536
1406.000	86.533	12.058	0.000	-144.670
1408.000	86.548	12.818	0.000	-140.867
1410.000	86.534	11.556	0.000	-147.548
1412.000	86.553	10.839	0.000	-170.046
1414.000	86.545	10.972	0.000	178.418
1416.000	86.552	10.560	0.000	-164.677
1418.000	86.556	11.210	0.000	-160.657
1420.000	86.555	11.969	0.000	-170.070
1422.000	86.562	11.075	0.000	-174.040
1424.000	86.561	9.741	0.000	171.784
1426.000	86.569	9.674	0.000	174.072
1428.000	86.563	11.080	0.000	-178.273
1430.000	86.578	11.846	0.000	-179.419
1432.000	86.569	10.631	0.000	169.194
1434.000	86.579	10.967	0.000	160.111
1436.000	86.584	10.255	0.000	164.435
1438.000	86.576	10.133	0.000	173.325
1440.000	86.595	9.515	0.000	155.946
1442.000	86.582	9.757	0.000	147.881
1444.000	86.597	10.357	0.000	145.981
1446.000	86.593	10.460	0.000	144.479
1448.000	86.601	10.050	0.000	121.919
1450.000	86.598	9.042	0.000	108.332
1452.000	86.607	9.865	0.000	108.784
1454.000	86.607	9.427	0.000	133.141
1456.000	86.607	10.619	0.000	123.731
1458.000	86.621	11.246	0.000	112.122
1460.000	86.607	9.352	0.000	121.577
1462.000	86.627	8.709	0.000	102.516
1464.000	86.618	9.573	0.000	106.953
1466.000	86.627	9.279	0.000	121.642
1468.000	86.629	9.950	0.000	93.294
1470.000	86.631	10.978	0.000	110.372
1472.000	86.635	10.823	0.000	76.630
1474.000	86.636	9.827	0.000	63.410
1476.000	86.646	8.753	0.000	44.661
1478.000	86.635	9.195	0.000	56.563
1480.000	86.656	10.032	0.000	94.747
1482.000	86.641	10.204	0.000	76.859
1484.000	86.658	10.616	0.000	47.662
1486.000	86.653	10.128	0.000	-3.695
1488.000	86.660	10.306	0.000	26.792
1490.000	86.661	10.803	0.000	62.748
1492.000	86.666	10.802	0.000	68.409
1494.000	86.669	10.044	0.000	90.852
1496.000	86.666	9.153	0.000	126.471
1498.000	86.682	8.839	0.000	3.381
1500.000	86.668	9.449	0.000	0.752
1502.000	86.688	10.220	0.000	36.443
1504.000	86.679	9.424	0.000	33.124
1506.000	86.690	9.631	0.000	7.213
1508.000	86.687	9.053	0.000	-33.220
1510.000	86.696	9.734	0.000	24.993
1512.000	86.693	9.434	0.000	-34.389
1514.000	86.700	9.413	0.000	-82.568
1516.000	86.706	9.406	0.000	-52.868
1518.000	86.698	9.764	0.000	-3.927
1520.000	86.717	9.557	0.000	-10.792
1522.000	86.704	8.512	0.000	-13.470
1524.000	86.721	9.087	0.000	6.165
1526.000	86.713	9.487	0.000	-21.670
1528.000	86.728	9.627	0.000	-23.184
1530.000	86.717	9.263	0.000	-10.628
1532.000	86.734	9.522	0.000	-43.028
1534.000	86.727	9.435	0.000	-50.565
1536.000	86.734	8.970	0.000	-79.056
1538.000	86.740	8.117	0.000	-37.813
1540.000	86.737	9.293	0.000	-42.011
1542.000	86.746	9.308	0.000	-96.334
1544.000	86.743	9.551	0.000	-78.440
1546.000	86.756	9.742	0.000	-91.721
1548.000	86.744	8.345	0.000	-76.824
1550.000	86.767	8.446	0.000	-111.957
1552.000	86.750	8.547	0.000	-78.265
1554.000	86.770	8.522	0.000	-65.539
1556.000	86.761	9.670	0.000	-87.718
1558.000	86.775	10.344	0.000	-85.157
1560.000	86.765	9.251	0.000	-94.156
1562.000	86.782	9.671	0.000	-113.130
1564.000	86.775	9.996	0.000	-78.472
1566.000	86.782	9.467	0.000	-68.062
1568.000	86.788	10.264	0.000	-97.305
1570.000	86.786	11.095	0.000	-150.652
1572.000	86.794	10.640	0.000	-118.711
1574.000	86.792	10.575	0.000	-119.212
1576.000	86.804	10.552	0.000	-123.974
1578.000	86.793	9.864	0.000	-113.826
1580.000	86.815	10.226	0.000	-128.111
1582.000	86.799	10.954	0.000	-115.338
1584.000	86.818	10.629	0.000	-19.796
1586.000	86.807	10.129	0.000	-39.781
1588.000	86.826	10.114	0.000	-56.526
1590.000	86.811	10.652	0.000	-59.431
1592.000	86.833	10.806	0.000	-102.742
1594.000	86.821	9.715	0.000	-116.896
1596.000	86.835	9.565	0.000	-98.759
1598.000	86.831	9.645	0.000	-84.816
1600.000	86.841	10.003	0.000	-120.218
1602.000	86.837	10.487	0.000	-114.238
1604.000	86.845	9.729	0.000	-118.948
1606.000	86.849	8.594	0.000	-156.508
1608.000	86.847	9.160	0.000	-133.538
1610.000	86.857	9.268	0.000	-124.067
1612.000	86.854	9.766	0.000	-128.049
1614.000	86.864	9.303	0.000	-140.443
1616.000	86.857	10.174	0.000	-163.783
1618.000	86.876	9.950	0.000	-163.288
1620.000	86.861	9.421	0.000	-144.578
1622.000	86.882	10.248	0.000	-153.163
1624.000	86.870	11.022	0.000	-130.656
1626.000	86.889	10.572	0.000	-113.523
1628.000	86.873	9.641	0.000	-117.408
1630.000	86.899	9.520	0.000	-128.064
1632.000	86.880	9.696	0.000	-128.436
1634.000	86.903	9.450	0.000	-136.921
1636.000	86.889	9.784	0.000	-155.353
1638.000	86.910	8.960	0.000	-162.818
1640.000	86.893	9.858	0.000	-138.259
1642.000	86.917	10.175	0.000	-143.981
1644.000	86.903	9.692	0.000	-135.729
1646.000	86.920	9.769	0.000	-144.244
1648.000	86.912	9.924	0.000	-151.995
1650.000	86.928	10.400	0.000	-152.576
1652.000	86.917	9.251	0.000	-152.867
1654.000	86.932	9.720	0.000	-158.403
1656.000	86.928	10.490	0.000	-149.682
1658.000	86.936	9.676	0.000	-137.412
1660.000	86.935	9.923	0.000	-169.389
1662.000	86.944	9.859	0.000	156.109
1664.000	86.943	9.913	0.000	170.279
1666.000	86.947	9.327	0.000	-162.973
1668.000	86.953	8.547	0.000	-160.399
1670.000	86.953	8.625	0.000	-102.051
1672.000	86.959	9.823	0.000	-162.827
1674.000	86.961	10.264	0.000	177.102
1676.000	86.968	9.770	0.000	158.304
1678.000	86.964	9.099	0.000	-177.831
1680.000	86.976	10.140	0.000	159.408
1682.000	86.973	10.389	0.000	166.464
1684.000	86.982	9.343	0.000	124.113
1686.000	86.978	10.018	0.000	114.312
1688.000	86.992	9.214	0.000	139.540
1690.000	86.984	9.718	0.000	158.198
1692.000	86.997	10.563	0.000	139.704
1694.000	86.992	11.118	0.000	142.295
1696.000	87.005	10.161	0.000	126.846
1698.000	86.997	9.608	0.000	81.968
1700.000	87.012	8.935	0.000	111.697
1702.000	87.005	8.343	0.000	139.451
1704.000	87.018	10.273	0.000	134.698
1706.000	87.011	10.795	0.000	114.936
1708.000	87.028	9.130	0.000	117.249
1710.000	87.017	8.430	0.000	155.226
1712.000	87.033	9.547	0.000	154.672
1714.000	87.026	8.884	0.000	154.104
1716.000	87.040	9.715	0.000	143.042
1718.000	87.030	8.732	0.000	141.949
1720.000	87.048	7.932	0.000	158.848
1722.000	87.040	8.921	0.000	-148.773
1724.000	87.053	9.181	0.000	165.954
1726.000	87.046	9.368	0.000	89.540
1728.000	87.062	10.172	0.000	-0.703
1730.000	87.053	10.550	0.000	24.163
1732.000	87.066	10.464	0.000	72.286
1734.000	87.062	9.575	0.000	52.556
1736.000	87.073	9.760	0.000	43.936
1738.000	87.068	10.715	0.000	-29.119
1740.000	87.079	9.765	0.000	32.109
1742.000	87.079	8.981	0.000	-114.824
1744.000	87.083	10.746	0.000	-7.307
1746.000	87.085	10.419	0.000	114.172
1748.000	87.091	9.706	0.000	-2.381
1750.000	87.094	8.653	0.000	7.634
1752.000	87.095	9.034	0.000	-11.272
1754.000	87.103	10.124	0.000	-43.906
1756.000	87.102	9.868	0.000	5.805
1758.000	87.110	9.103	0.000	-23.384
1760.000	87.106	9.211	0.000	-62.012
1762.000	87.121	8.892	0.000	3.745
1764.000	87.112	9.446	0.000	61.473
1766.000	87.128	7.877	0.000	49.776
1768.000	87.118	9.157	0.000	126.064
1770.000	87.138	9.009	0.000	78.015
1772.000	87.122	10.100	0.000	-41.083
1774.000	87.146	10.079	0.000	-27.936
1776.000	87.130	9.491	0.000	-19.491
1778.000	87.154	8.886	0.000	-70.768
1780.000	87.133	9.966	0.000	-122.507
1782.000	87.164	9.338	0.000	167.953
1784.000	87.141	9.892	0.000	-110.500
1786.000	87.170	10.321	0.000	-127.900
1788.000	87.147	10.470	0.000	-134.119
1790.000	87.179	9.153	0.000	-179.158
1792.000	87.155	8.602	0.000	-167.225
1794.000	87.184	9.018	0.000	72.538
1796.000	87.164	9.052	0.000	-143.347
1798.000	87.190	9.039	0.000	-85.566
1800.000	87.172	8.320	0.000	-68.628
1802.000	87.194	10.099	0.000	-113.763
1804.000	87.183	10.587	0.000	-118.319
1806.000	87.199	10.201	0.000	-142.175
1808.000	87.192	9.909	0.000	-133.567
1810.000	87.203	8.818	0.000	-136.201
1812.000	87.205	7.464	0.000	-111.345
1814.000	87.206	7.711	0.000	-59.413
1816.000	87.215	8.433	0.000	-53.484
1818.000	87.210	9.452	0.000	-145.101
1820.000	87.227	8.517	0.000	-159.235
1822.000	87.212	8.510	0.000	-135.999
1824.000	87.237	9.921	0.000	-96.157
1826.000	87.218	9.856	0.000	-62.834
1828.000	87.246	8.875	0.000	-71.060
1830.000	87.222	9.034	0.000	-82.998
1832.000	87.255	9.325	0.000	15.399
1834.000	87.231	10.034	0.000	164.294
1836.000	87.262	10.097	0.000	-117.116
1838.000	87.238	10.116	0.000	-106.795
1840.000	87.268	9.535	0.000	-63.306
1842.000	87.249	9.189	0.000	-126.631
1844.000	87.270	8.477	0.000	-136.752
1846.000	87.261	8.513	0.000	-161.986
1848.000	87.274	9.501	0.000	-167.736
1850.000	87.274	8.413	0.000	145.464
1852.000	87.274	8.164	0.000	-99.251
1854.000	87.288	8.284	0.000	-137.479
1856.000	87.276	8.059	0.000	-116.216
1858.000	87.300	7.256	0.000	-105.191
1860.000	87.278	8.150	0.000	-120.784
1862.000	87.311	8.638	0.000	-9.203
1864.000	87.285	9.210	0.000	-81.495
1866.000	87.319	10.062	0.000	-68.874
1868.000	87.292	10.073	0.000	-84.267
1870.000	87.325	9.584	0.000	-16.861
1872.000	87.304	8.311	0.000	-119.858
1874.000	87.327	8.566	0.000	-126.765
1876.000	87.317	10.106	0.000	-140.260
1878.000	87.328	10.211	0.000	-177.634
1880.000	87.332	9.652	0.000	-177.856
1882.000	87.327	9.755	0.000	-128.317
1884.000	87.346	10.228	0.000	-105.562
1886.000	87.330	10.449	0.000	-122.606
1888.000	87.358	9.251	0.000	-146.159
1890.000	87.333	9.256	0.000	-129.922
1892.000	87.368	9.606	0.000	178.571
1894.000	87.340	10.138	0.000	-178.418
1896.000	87.374	10.175	0.000	147.529
1898.000	87.351	9.482	0.000	165.299
1900.000	87.376	8.553	0.000	-128.412
1902.000	87.367	9.463	0.000	-107.624
1904.000	87.375	9.542	0.000	-108.989
1906.000	87.383	9.999	0.000	-151.194
1908.000	87.374	8.759	0.000	-155.029
1910.000	87.399	9.988	0.000	-167.607
1912.000	87.375	11.022	0.000	166.662
1914.000	87.411	11.278	0.000	147.669
1916.000	87.381	10.651	0.000	140.153
1918.000	87.418	9.348	0.000	-172.508
1920.000	87.391	10.882	0.000	173.645
1922.000	87.419	10.890	0.000	158.892
1924.000	87.408	9.822	0.000	136.990
1926.000	87.418	9.301	0.000	92.352
1928.000	87.425	8.645	0.000	127.801
1930.000	87.415	8.527	0.000	99.050
1932.000	87.442	8.640	0.000	114.123
1934.000	87.416	9.665	0.000	117.731
1936.000	87.454	9.725	0.000	115.305
1938.000	87.423	9.630	0.000	131.342
1940.000	87.460	9.115	0.000	73.051
1942.000	87.437	9.852	0.000	113.115
1944.000	87.458	9.117	0.000	128.632
1946.000	87.455	9.111	0.000	141.951
1948.000	87.455	9.500	0.000	99.844
1950.000	87.474	9.876	0.000	114.653
1952.000	87.452	9.279	0.000	14.182
1954.000	87.489	9.600	0.000	24.122
1956.000	87.457	9.113	0.000	48.348
1958.000	87.496	9.004	0.000	101.057
1960.000	87.470	9.273	0.000	71.721
1962.000	87.496	9.536	0.000	70.224
1964.000	87.489	9.504	0.000	-10.370
1966.000	87.492	9.809	0.000	15.394
1968.000	87.509	9.685	0.000	4.295
1970.000	87.488	7.860	0.000	-18.138
1972.000	87.525	9.124	0.000	11.592
1974.000	87.493	9.398	0.000	36.428
1976.000	87.533	9.442	0.000	21.203
1978.000	87.506	9.832	0.000	6.323
1980.000	87.531	8.965	0.000	-6.461
1982.000	87.527	9.296	0.000	-15.341
1984.000	87.525	9.502	0.000	-47.223
1986.000	87.548	9.797	0.000	-45.808
1988.000	87.522	9.803	0.000	-29.169
1990.000	87.563	9.580	0.000	-35.827
1992.000	87.529	9.005	0.000	-61.724
1994.000	87.566	8.950	0.000	-67.566
1996.000	87.546	9.651	0.000	-75.216
1998.000	87.562	10.187	0.000	-88.555
2000.000	87.569	9.844	0.000	-124.313
