2000.000	86.155	9.989	0.000	133.500
2.000	86.161	10.529	0.000	-178.364
4.000	86.214	11.526	0.000	-134.452
6.000	86.171	11.730	0.000	21.740
8.000	86.172	11.969	0.000	-10.380
10.000	86.225	10.792	0.000	-16.208
12.000	86.184	10.768	0.000	81.249
14.000	86.183	10.234	0.000	137.606
16.000	86.237	10.388	0.000	50.194
18.000	86.197	10.450	0.000	-6.258
20.000	86.194	10.280	0.000	48.833
22.000	86.249	10.409	0.000	29.879
24.000	86.209	9.504	0.000	4.842
26.000	86.206	9.986	0.000	-58.645
28.000	86.262	10.212	0.000	-170.197
30.000	86.221	10.346	0.000	123.591
32.000	86.217	10.519	0.000	145.990
34.000	86.275	10.380	0.000	-141.168
36.000	86.233	11.078	0.000	-137.413
38.000	86.229	11.524	0.000	-140.799
40.000	86.287	11.462	0.000	-93.367
42.000	86.245	11.773	0.000	-148.281
44.000	86.242	11.560	0.000	-122.321
46.000	86.298	9.701	0.000	-25.088
48.000	86.255	10.181	0.000	-27.271
50.000	86.257	10.505	0.000	17.478
52.000	86.310	10.888	0.000	-132.618
54.000	86.266	10.730	0.000	-135.884
56.000	86.272	10.552	0.000	102.811
58.000	86.320	9.483	0.000	104.259
60.000	86.275	10.895	0.000	119.333
62.000	86.289	10.742	0.000	135.113
64.000	86.330	10.202	0.000	-77.572
66.000	86.284	11.029	0.000	-115.866
68.000	86.307	10.714	0.000	-107.999
70.000	86.341	10.752	0.000	62.176
72.000	86.292	10.967	0.000	35.414
74.000	86.325	10.653	0.000	-10.241
76.000	86.350	10.897	0.000	36.285
78.000	86.302	11.341	0.000	172.641
80.000	86.343	12.045	0.000	23.003
82.000	86.359	10.892	0.000	-6.081
84.000	86.312	9.629	0.000	69.197
86.000	86.362	9.681	0.000	50.536
88.000	86.367	10.108	0.000	19.215
90.000	86.324	10.476	0.000	-20.984
92.000	86.379	9.930	0.000	-22.719
94.000	86.372	10.748	0.000	-91.094
96.000	86.339	11.290	0.000	-40.259
98.000	86.396	10.101	0.000	18.756
100.000	86.376	11.208	0.000	37.480
102.000	86.356	11.968	0.000	148.683
104.000	86.411	11.064	0.000	-176.073
106.000	86.380	10.553	0.000	-179.624
108.000	86.376	9.977	0.000	114.033
110.000	86.424	10.007	0.000	36.436
112.000	86.383	10.041	0.000	-134.828
114.000	86.399	9.929	0.000	-104.635
116.000	86.434	11.553	0.000	-42.779
118.000	86.388	12.294	0.000	-27.411
120.000	86.422	11.720	0.000	-77.009
122.000	86.441	11.392	0.000	-68.708
124.000	86.397	11.050	0.000	-61.227
126.000	86.444	10.581	0.000	-47.239
128.000	86.444	10.479	0.000	-62.620
130.000	86.410	10.064	0.000	-91.529
132.000	86.466	10.781	0.000	-98.830
134.000	86.446	10.846	0.000	-124.656
136.000	86.427	11.015	0.000	39.059
138.000	86.483	11.433	0.000	-25.015
140.000	86.447	11.508	0.000	8.341
142.000	86.450	11.173	0.000	-9.845
144.000	86.494	12.188	0.000	-76.094
146.000	86.450	11.984	0.000	-1.006
148.000	86.477	10.442	0.000	-39.227
150.000	86.499	10.301	0.000	-96.770
152.000	86.458	10.598	0.000	-53.120
154.000	86.502	11.182	0.000	125.017
156.000	86.500	12.047	0.000	169.151
158.000	86.473	10.352	0.000	79.477
160.000	86.524	10.874	0.000	-136.167
162.000	86.497	10.005	0.000	-26.228
164.000	86.495	9.992	0.000	-40.633
166.000	86.540	9.909	0.000	-163.708
168.000	86.497	10.718	0.000	150.072
170.000	86.521	10.507	0.000	-167.807
172.000	86.547	10.158	0.000	-142.947
174.000	86.503	9.016	0.000	-119.903
176.000	86.549	10.063	0.000	-154.802
178.000	86.547	11.897	0.000	59.598
180.000	86.517	11.227	0.000	10.729
182.000	86.571	11.160	0.000	-79.491
184.000	86.543	10.501	0.000	41.958
186.000	86.541	9.637	0.000	7.295
188.000	86.584	9.498	0.000	113.699
190.000	86.543	11.335	0.000	119.268
192.000	86.571	10.789	0.000	56.299
194.000	86.587	9.581	0.000	89.315
196.000	86.552	10.521	0.000	121.784
198.000	86.599	11.810	0.000	175.681
200.000	86.583	10.519	0.000	-99.211
202.000	86.572	11.266	0.000	-26.732
204.000	86.618	10.800	0.000	-50.245
206.000	86.579	11.212	0.000	-169.107
208.000	86.602	11.101	0.000	-166.141
210.000	86.624	10.826	0.000	-82.363
212.000	86.583	10.492	0.000	-80.918
214.000	86.631	9.574	0.000	-164.244
216.000	86.621	10.066	0.000	170.298
218.000	86.602	10.436	0.000	-127.581
220.000	86.652	9.935	0.000	-138.044
222.000	86.615	10.823	0.000	-138.675
224.000	86.632	10.636	0.000	-154.786
226.000	86.658	10.655	0.000	-178.205
228.000	86.619	11.206	0.000	-62.347
230.000	86.663	10.422	0.000	-42.232
232.000	86.653	10.702	0.000	-157.502
234.000	86.640	10.606	0.000	-164.777
236.000	86.683	10.980	0.000	-93.484
238.000	86.646	9.863	0.000	-29.721
240.000	86.671	10.247	0.000	61.363
242.000	86.687	11.013	0.000	125.670
244.000	86.652	12.015	0.000	152.453
246.000	86.701	11.742	0.000	36.852
248.000	86.679	10.830	0.000	30.019
250.000	86.677	9.856	0.000	138.996
252.000	86.717	10.745	0.000	35.384
254.000	86.675	11.361	0.000	8.051
256.000	86.711	10.871	0.000	-179.492
258.000	86.715	10.305	0.000	-112.738
260.000	86.688	10.901	0.000	-58.836
262.000	86.736	10.293	0.000	-30.266
264.000	86.706	9.380	0.000	26.452
266.000	86.719	9.772	0.000	-163.861
268.000	86.742	9.843	0.000	167.533
270.000	86.708	9.892	0.000	128.523
272.000	86.752	8.967	0.000	77.186
274.000	86.734	8.857	0.000	-159.225
276.000	86.732	10.045	0.000	-119.213
278.000	86.768	10.059	0.000	81.202
280.000	86.729	10.490	0.000	172.424
282.000	86.767	10.451	0.000	-119.059
284.000	86.762	9.880	0.000	145.935
286.000	86.744	9.842	0.000	-30.324
288.000	86.791	9.944	0.000	-42.540
290.000	86.753	10.397	0.000	66.807
292.000	86.778	9.511	0.000	49.749
294.000	86.791	11.336	0.000	135.959
296.000	86.762	11.091	0.000	142.613
298.000	86.808	11.399	0.000	122.935
300.000	86.779	12.120	0.000	124.990
302.000	86.793	11.821	0.000	114.535
304.000	86.813	12.189	0.000	107.749
306.000	86.782	11.699	0.000	101.967
308.000	86.825	13.126	0.000	91.901
310.000	86.801	13.676	0.000	71.141
312.000	86.811	15.504	0.000	60.605
314.000	86.835	16.314	0.000	59.594
316.000	86.800	17.396	0.000	46.983
318.000	86.845	18.819	0.000	33.653
320.000	86.824	19.407	0.000	16.417
322.000	86.826	19.581	0.000	-1.598
324.000	86.856	20.423	0.000	-17.864
326.000	86.819	20.306	0.000	-29.042
328.000	86.862	20.273	0.000	-42.813
330.000	86.846	19.902	0.000	-58.679
332.000	86.844	18.832	0.000	-72.209
334.000	86.874	18.294	0.000	-85.662
336.000	86.841	17.725	0.000	-93.400
338.000	86.880	17.142	0.000	-99.186
340.000	86.862	16.235	0.000	-103.788
342.000	86.865	15.406	0.000	-107.057
344.000	86.892	14.786	0.000	-112.697
346.000	86.858	14.639	0.000	-119.808
348.000	86.900	14.277	0.000	-121.421
350.000	86.879	13.864	0.000	-130.220
352.000	86.884	12.772	0.000	-139.588
354.000	86.910	12.651	0.000	-148.805
356.000	86.875	11.509	0.000	-115.787
358.000	86.919	10.673	0.000	-115.161
360.000	86.896	10.676	0.000	-95.139
362.000	86.904	11.585	0.000	-57.881
364.000	86.925	12.573	0.000	-57.241
366.000	86.896	13.249	0.000	-63.112
368.000	86.937	13.351	0.000	-76.563
370.000	86.909	14.186	0.000	-85.590
372.000	86.927	14.302	0.000	-79.494
374.000	86.936	14.195	0.000	-89.822
376.000	86.916	14.992	0.000	-94.569
378.000	86.955	15.977	0.000	-93.964
380.000	86.921	16.767	0.000	-99.340
382.000	86.951	18.089	0.000	-106.593
384.000	86.948	18.519	0.000	-116.509
386.000	86.935	18.678	0.000	-126.983
388.000	86.971	19.506	0.000	-136.019
390.000	86.935	19.642	0.000	-144.982
392.000	86.971	19.516	0.000	-152.127
394.000	86.957	19.531	0.000	-164.275
396.000	86.958	19.738	0.000	-179.453
398.000	86.982	19.553	0.000	172.993
400.000	86.952	18.787	0.000	165.893
402.000	86.990	18.848	0.000	155.802
404.000	86.965	18.735	0.000	150.099
406.000	86.983	18.167	0.000	142.661
408.000	86.988	17.478	0.000	132.501
410.000	86.970	16.920	0.000	123.083
412.000	87.007	16.862	0.000	119.731
414.000	86.973	15.693	0.000	111.105
416.000	87.006	15.402	0.000	100.679
418.000	86.993	14.580	0.000	96.821
420.000	86.992	13.304	0.000	88.660
422.000	87.017	12.310	0.000	81.534
424.000	86.987	12.957	0.000	78.066
426.000	87.024	12.038	0.000	75.275
428.000	86.998	11.968	0.000	88.574
430.000	87.018	11.276	0.000	90.657
432.000	87.018	11.906	0.000	95.457
434.000	87.007	11.942	0.000	90.577
436.000	87.037	12.656	0.000	71.258
438.000	87.005	11.433	0.000	77.249
440.000	87.041	12.629	0.000	59.152
442.000	87.018	12.958	0.000	57.230
444.000	87.031	11.941	0.000	52.964
446.000	87.040	11.216	0.000	34.546
448.000	87.019	11.052	0.000	24.563
450.000	87.055	10.891	0.000	-1.378
452.000	87.022	11.308	0.000	-24.965
454.000	87.052	11.126	0.000	-26.564
456.000	87.037	12.026	0.000	-58.023
458.000	87.043	12.527	0.000	-79.761
460.000	87.055	12.103	0.000	-84.320
462.000	87.034	11.643	0.000	-84.593
464.000	87.066	10.516	0.000	-76.006
466.000	87.036	9.126	0.000	-102.144
468.000	87.067	10.134	0.000	-107.227
470.000	87.048	10.167	0.000	-123.464
472.000	87.055	10.553	0.000	-152.247
474.000	87.068	10.717	0.000	-142.844
476.000	87.045	10.269	0.000	-149.924
478.000	87.079	10.480	0.000	-165.587
480.000	87.046	10.499	0.000	-174.115
482.000	87.077	11.192	0.000	-176.730
484.000	87.059	11.208	0.000	169.080
486.000	87.068	10.980	0.000	159.777
488.000	87.074	10.588	0.000	167.825
490.000	87.058	10.345	0.000	156.269
492.000	87.086	11.006	0.000	157.795
494.000	87.056	11.209	0.000	-177.146
496.000	87.089	9.922	0.000	161.487
498.000	87.062	10.333	0.000	152.494
500.000	87.081	10.908	0.000	130.110
502.000	87.078	12.041	0.000	137.087
504.000	87.069	12.384	0.000	152.975
506.000	87.090	10.831	0.000	135.746
508.000	87.063	10.211	0.000	138.947
510.000	87.096	10.375	0.000	127.192
512.000	87.066	10.558	0.000	121.752
514.000	87.090	10.225	0.000	131.993
516.000	87.075	10.637	0.000	125.075
518.000	87.082	11.641	0.000	106.192
520.000	87.087	10.828	0.000	127.961
522.000	87.071	10.276	0.000	141.159
524.000	87.097	10.637	0.000	146.675
526.000	87.067	9.910	0.000	-172.903
528.000	87.099	10.541	0.000	101.203
530.000	87.069	11.603	0.000	118.240
532.000	87.091	11.069	0.000	148.440
534.000	87.081	10.592	0.000	54.311
536.000	87.080	10.126	0.000	97.568
538.000	87.090	10.976	0.000	88.228
540.000	87.071	10.709	0.000	61.976
542.000	87.096	10.225	0.000	93.660
544.000	87.067	9.948	0.000	84.366
546.000	87.096	10.934	0.000	87.480
548.000	87.068	11.331	0.000	80.642
550.000	87.090	10.975	0.000	104.470
552.000	87.075	10.801	0.000	97.028
554.000	87.078	11.082	0.000	94.840
556.000	87.084	11.127	0.000	40.518
558.000	87.067	10.753	0.000	111.846
560.000	87.090	10.335	0.000	92.687
562.000	87.061	9.737	0.000	88.943
564.000	87.088	10.495	0.000	110.148
566.000	87.060	10.883	0.000	92.233
568.000	87.084	11.130	0.000	73.916
570.000	87.063	10.844	0.000	77.126
572.000	87.073	10.276	0.000	99.784
574.000	87.069	10.058	0.000	34.000
576.000	87.063	10.446	0.000	68.406
578.000	87.073	10.491	0.000	65.245
580.000	87.051	10.835	0.000	100.532
582.000	87.077	9.790	0.000	102.265
584.000	87.046	10.428	0.000	88.843
586.000	87.072	10.814	0.000	92.547
588.000	87.044	10.827	0.000	47.039
590.000	87.065	11.491	0.000	26.510
592.000	87.047	10.668	0.000	85.420
594.000	87.054	10.420	0.000	130.302
596.000	87.048	10.797	0.000	99.573
598.000	87.044	11.236	0.000	38.137
600.000	87.051	10.193	0.000	86.276
602.000	87.032	10.604	0.000	12.401
604.000	87.052	10.090	0.000	6.137
606.000	87.024	10.305	0.000	49.116
608.000	87.049	10.315	0.000	65.917
610.000	87.018	10.954	0.000	-8.697
612.000	87.041	10.668	0.000	-6.517
614.000	87.017	10.094	0.000	29.511
616.000	87.031	10.506	0.000	14.460
618.000	87.016	9.976	0.000	46.975
620.000	87.019	9.595	0.000	33.222
622.000	87.016	8.019	0.000	2.749
624.000	87.008	10.328	0.000	3.634
626.000	87.015	11.034	0.000	-3.446
628.000	86.996	9.734	0.000	-7.784
630.000	87.015	11.481	0.000	12.815
632.000	86.985	11.456	0.000	-14.966
634.000	87.008	11.871	0.000	19.418
636.000	86.979	10.921	0.000	9.244
638.000	87.001	9.157	0.000	-18.273
640.000	86.973	9.950	0.000	-14.530
642.000	86.990	10.955	0.000	-30.709
644.000	86.971	10.170	0.000	-15.842
646.000	86.980	10.238	0.000	-36.015
648.000	86.965	10.044	0.000	-53.142
650.000	86.967	10.009	0.000	-19.228
652.000	86.965	10.254	0.000	-14.876
654.000	86.953	10.817	0.000	34.275
656.000	86.960	10.196	0.000	51.527
658.000	86.941	10.270	0.000	-27.364
660.000	86.957	9.906	0.000	-29.477
662.000	86.929	9.822	0.000	-29.645
664.000	86.948	9.491	0.000	-7.864
666.000	86.922	10.430	0.000	-25.769
668.000	86.940	10.489	0.000	-53.789
670.000	86.910	9.407	0.000	-30.052
672.000	86.931	10.457	0.000	-36.329
674.000	86.905	10.145	0.000	-47.903
676.000	86.919	10.122	0.000	-37.311
678.000	86.896	10.398	0.000	-30.205
680.000	86.908	9.773	0.000	-93.886
682.000	86.892	9.698	0.000	-74.632
684.000	86.893	10.344	0.000	-69.188
686.000	86.884	10.458	0.000	1.885
688.000	86.881	8.426	0.000	-52.029
690.000	86.878	8.992	0.000	-77.303
692.000	86.867	10.766	0.000	-123.867
694.000	86.871	11.198	0.000	-62.737
696.000	86.856	11.284	0.000	-112.345
698.000	86.862	9.607	0.000	-122.917
700.000	86.841	9.339	0.000	-106.388
702.000	86.856	10.604	0.000	-90.376
704.000	86.830	9.328	0.000	-73.125
706.000	86.845	10.203	0.000	-93.462
708.000	86.818	10.650	0.000	-92.812
710.000	86.836	10.330	0.000	-149.425
712.000	86.807	9.977	0.000	-147.234
714.000	86.824	9.061	0.000	-107.998
716.000	86.798	10.677	0.000	-95.397
718.000	86.814	11.575	0.000	-84.399
720.000	86.785	10.523	0.000	-127.233
722.000	86.802	9.423	0.000	-105.367
724.000	86.777	9.210	0.000	-117.107
726.000	86.789	10.448	0.000	-94.331
728.000	86.766	10.650	0.000	-128.302
730.000	86.777	10.935	0.000	-141.189
732.000	86.758	11.035	0.000	-172.513
734.000	86.763	10.399	0.000	-168.361
736.000	86.747	10.851	0.000	-157.736
738.000	86.752	10.457	0.000	-150.203
740.000	86.737	9.169	0.000	-177.399
742.000	86.738	8.548	0.000	-170.912
744.000	86.728	10.497	0.000	-177.332
746.000	86.726	9.943	0.000	176.318
748.000	86.716	9.235	0.000	135.667
750.000	86.713	10.488	0.000	152.252
752.000	86.709	10.948	0.000	161.637
754.000	86.699	10.076	0.000	-176.537
756.000	86.696	9.752	0.000	-154.065
758.000	86.689	9.745	0.000	-168.055
760.000	86.686	9.418	0.000	165.796
762.000	86.675	10.106	0.000	166.081
764.000	86.675	9.858	0.000	134.495
766.000	86.665	10.177	0.000	174.354
768.000	86.664	10.488	0.000	-175.420
770.000	86.650	9.543	0.000	134.258
772.000	86.656	9.628	0.000	119.514
774.000	86.639	10.491	0.000	100.010
776.000	86.642	11.092	0.000	102.359
778.000	86.628	10.694	0.000	96.622
780.000	86.633	10.032	0.000	122.894
782.000	86.615	10.712	0.000	148.360
784.000	86.620	10.353	0.000	-173.067
786.000	86.606	10.549	0.000	156.570
788.000	86.609	10.319	0.000	155.752
790.000	86.592	10.305	0.000	129.705
792.000	86.600	10.350	0.000	140.329
794.000	86.582	9.260	0.000	129.552
796.000	86.586	11.078	0.000	141.493
798.000	86.572	11.082	0.000	144.736
800.000	86.577	10.600	0.000	106.737
802.000	86.559	10.149	0.000	135.593
804.000	86.564	10.190	0.000	126.747
806.000	86.552	10.706	0.000	113.289
808.000	86.552	11.075	0.000	122.289
810.000	86.539	10.688	0.000	93.930
812.000	86.544	11.432	0.000	22.323
814.000	86.529	12.322	0.000	77.615
816.000	86.530	12.452	0.000	83.692
818.000	86.520	11.709	0.000	70.439
820.000	86.521	10.916	0.000	69.023
822.000	86.508	10.242	0.000	108.037
824.000	86.509	8.294	0.000	64.702
826.000	86.502	10.065	0.000	38.089
828.000	86.496	10.606	0.000	23.154
830.000	86.491	9.772	0.000	10.257
832.000	86.488	9.539	0.000	-58.655
834.000	86.481	10.622	0.000	-84.793
836.000	86.475	10.701	0.000	-115.863
838.000	86.475	10.721	0.000	-126.159
840.000	86.465	11.370	0.000	-137.667
842.000	86.463	12.750	0.000	-168.583
844.000	86.456	12.726	0.000	167.601
846.000	86.457	13.718	0.000	156.893
848.000	86.442	14.344	0.000	145.436
850.000	86.450	14.272	0.000	128.001
852.000	86.434	13.398	0.000	114.438
854.000	86.439	13.001	0.000	99.501
856.000	86.423	14.829	0.000	95.248
858.000	86.434	14.051	0.000	89.963
860.000	86.412	12.904	0.000	83.385
862.000	86.423	12.516	0.000	77.398
864.000	86.406	12.605	0.000	70.856
866.000	86.414	12.904	0.000	58.791
868.000	86.393	13.264	0.000	52.427
870.000	86.409	12.701	0.000	52.705
872.000	86.385	13.346	0.000	56.084
874.000	86.398	13.103	0.000	48.304
876.000	86.379	13.111	0.000	57.205
878.000	86.390	12.313	0.000	54.345
880.000	86.369	13.447	0.000	43.605
882.000	86.382	14.951	0.000	41.628
884.000	86.365	15.367	0.000	38.771
886.000	86.369	14.541	0.000	36.221
888.000	86.360	14.419	0.000	32.236
890.000	86.363	14.662	0.000	14.158
892.000	86.351	13.776	0.000	11.518
894.000	86.353	13.230	0.000	22.193
896.000	86.349	14.694	0.000	18.254
898.000	86.341	14.155	0.000	15.469
900.000	86.343	13.582	0.000	11.010
902.000	86.335	14.005	0.000	5.337
904.000	86.336	15.159	0.000	-5.153
906.000	86.325	16.191	0.000	-3.117
908.000	86.335	16.960	0.000	-7.532
910.000	86.315	16.542	0.000	-16.062
912.000	86.328	15.988	0.000	-20.699
914.000	86.311	16.630	0.000	-31.368
916.000	86.321	16.023	0.000	-39.597
918.000	86.303	16.315	0.000	-47.606
920.000	86.317	15.895	0.000	-65.409
922.000	86.297	15.082	0.000	-69.571
924.000	86.307	15.197	0.000	-77.654
926.000	86.297	14.250	0.000	-86.411
928.000	86.298	12.849	0.000	-91.771
930.000	86.291	12.342	0.000	-86.788
932.000	86.293	12.162	0.000	-90.241
934.000	86.288	11.203	0.000	-107.546
936.000	86.283	10.881	0.000	-106.691
938.000	86.288	10.532	0.000	-80.063
940.000	86.275	11.054	0.000	-106.438
942.000	86.283	10.511	0.000	-100.917
944.000	86.271	10.676	0.000	-135.440
946.000	86.279	10.241	0.000	-146.099
948.000	86.263	9.996	0.000	-175.069
950.000	86.278	10.481	0.000	152.723
952.000	86.258	11.796	0.000	132.902
954.000	86.270	13.771	0.000	105.489
956.000	86.259	15.639	0.000	90.419
958.000	86.262	16.912	0.000	77.602
960.000	86.255	17.507	0.000	66.477
962.000	86.258	18.719	0.000	57.093
964.000	86.254	19.681	0.000	46.445
966.000	86.249	20.560	0.000	37.178
968.000	86.257	21.586	0.000	29.211
970.000	86.241	22.885	0.000	19.060
972.000	86.254	23.839	0.000	10.493
974.000	86.240	25.239	0.000	2.729
976.000	86.248	26.411	0.000	-7.809
978.000	86.236	27.431	0.000	-19.053
980.000	86.247	28.308	0.000	-32.286
982.000	86.232	28.896	0.000	-43.944
984.000	86.241	29.579	0.000	-57.608
986.000	86.237	29.843	0.000	-70.788
988.000	86.231	29.682	0.000	-84.752
990.000	86.237	29.641	0.000	-97.981
992.000	86.229	29.344	0.000	-111.364
994.000	86.233	28.856	0.000	-124.158
996.000	86.225	28.282	0.000	-136.922
998.000	86.236	27.700	0.000	-150.378
1000.000	86.219	26.628	0.000	-160.424
1002.000	86.234	25.619	0.000	-172.439
1004.000	86.221	24.417	0.000	175.227
1006.000	86.225	22.720	0.000	164.958
1008.000	86.224	20.794	0.000	155.225
1010.000	86.222	18.634	0.000	149.552
1012.000	86.221	15.806	0.000	146.554
1014.000	86.220	14.848	0.000	147.140
1016.000	86.224	14.217	0.000	154.424
1018.000	86.212	13.517	0.000	155.903
1020.000	86.228	12.242	0.000	160.117
1022.000	86.211	12.539	0.000	150.041
1024.000	86.222	12.489	0.000	138.283
1026.000	86.216	11.763	0.000	126.126
1028.000	86.216	11.826	0.000	102.806
1030.000	86.216	11.973	0.000	57.757
1032.000	86.216	13.741	0.000	19.353
1034.000	86.216	16.946	0.000	-1.984
1036.000	86.210	19.047	0.000	-17.655
1038.000	86.222	20.800	0.000	-42.380
1040.000	86.206	22.335	0.000	-58.227
1042.000	86.221	23.710	0.000	-74.959
1044.000	86.210	24.817	0.000	-88.128
1046.000	86.214	25.146	0.000	-104.058
1048.000	86.215	25.523	0.000	-119.804
1050.000	86.211	25.652	0.000	-133.075
1052.000	86.215	25.317	0.000	-144.549
1054.000	86.211	25.078	0.000	-154.170
1056.000	86.217	24.320	0.000	-165.067
1058.000	86.207	23.478	0.000	-173.857
1060.000	86.221	22.098	0.000	176.649
1062.000	86.207	21.181	0.000	173.110
1064.000	86.217	19.697	0.000	173.227
1066.000	86.215	19.367	0.000	176.536
1068.000	86.209	19.938	0.000	-177.841
1070.000	86.221	20.081	0.000	-173.401
1072.000	86.209	21.079	0.000	-172.981
1074.000	86.219	22.336	0.000	178.529
1076.000	86.213	22.548	0.000	168.600
1078.000	86.218	22.484	0.000	159.157
1080.000	86.213	21.864	0.000	148.025
1082.000	86.219	21.396	0.000	138.318
1084.000	86.216	20.257	0.000	134.857
1086.000	86.215	18.424	0.000	135.819
1088.000	86.225	18.355	0.000	141.961
1090.000	86.210	18.792	0.000	147.466
1092.000	86.226	18.700	0.000	151.976
1094.000	86.217	19.333	0.000	148.841
1096.000	86.220	19.921	0.000	136.759
1098.000	86.226	19.578	0.000	125.100
1100.000	86.218	18.553	0.000	121.280
1102.000	86.227	17.972	0.000	119.255
1104.000	86.222	17.027	0.000	115.999
1106.000	86.227	17.127	0.000	116.633
1108.000	86.223	16.804	0.000	117.139
1110.000	86.229	15.786	0.000	114.244
1112.000	86.225	15.431	0.000	116.188
1114.000	86.228	14.924	0.000	118.147
1116.000	86.233	14.011	0.000	126.508
1118.000	86.223	13.206	0.000	162.199
1120.000	86.239	14.511	0.000	-176.681
1122.000	86.226	16.396	0.000	-167.948
1124.000	86.236	18.769	0.000	-171.081
1126.000	86.237	20.839	0.000	-177.021
1128.000	86.230	22.750	0.000	173.501
1130.000	86.244	24.355	0.000	163.341
1132.000	86.232	25.541	0.000	153.685
1134.000	86.243	26.747	0.000	143.230
1136.000	86.240	27.276	0.000	132.734
1138.000	86.241	27.625	0.000	122.892
1140.000	86.245	28.045	0.000	112.351
1142.000	86.242	28.000	0.000	102.036
1144.000	86.247	27.771	0.000	93.175
1146.000	86.244	27.530	0.000	85.415
1148.000	86.252	27.180	0.000	78.134
1150.000	86.245	26.695	0.000	74.032
1152.000	86.255	26.349	0.000	69.481
1154.000	86.251	25.940	0.000	66.961
1156.000	86.251	25.946	0.000	64.818
1158.000	86.262	26.037	0.000	63.328
1160.000	86.249	26.229	0.000	62.993
1162.000	86.265	26.635	0.000	57.518
1164.000	86.258	27.276	0.000	53.049
1166.000	86.259	27.836	0.000	46.669
1168.000	86.270	28.164	0.000	40.986
1170.000	86.257	28.457	0.000	34.255
1172.000	86.273	28.591	0.000	26.136
1174.000	86.266	28.444	0.000	18.228
1176.000	86.268	28.367	0.000	11.342
1178.000	86.277	28.260	0.000	4.980
1180.000	86.267	28.021	0.000	-4.019
1182.000	86.281	27.933	0.000	-12.921
1184.000	86.274	27.524	0.000	-22.965
1186.000	86.279	26.796	0.000	-31.630
1188.000	86.283	25.981	0.000	-39.480
1190.000	86.279	24.775	0.000	-47.050
1192.000	86.288	23.189	0.000	-53.494
1194.000	86.285	21.506	0.000	-59.723
1196.000	86.290	19.276	0.000	-66.689
1198.000	86.291	17.390	0.000	-63.886
1200.000	86.293	15.065	0.000	-43.867
1202.000	86.295	14.793	0.000	-21.973
1204.000	86.297	16.801	0.000	-5.021
1206.000	86.300	17.881	0.000	1.020
1208.000	86.300	19.341	0.000	-6.354
1210.000	86.305	20.361	0.000	-9.051
1212.000	86.303	20.449	0.000	-8.014
1214.000	86.307	20.748	0.000	-10.488
1216.000	86.310	21.245	0.000	-10.480
1218.000	86.306	21.759	0.000	-9.322
1220.000	86.316	22.140	0.000	-8.788
1222.000	86.310	23.130	0.000	-10.405
1224.000	86.315	24.065	0.000	-10.881
1226.000	86.318	24.985	0.000	-13.463
1228.000	86.313	25.902	0.000	-19.241
1230.000	86.325	26.908	0.000	-23.416
1232.000	86.317	27.679	0.000	-31.105
1234.000	86.325	28.280	0.000	-40.291
1236.000	86.327	28.729	0.000	-47.138
1238.000	86.323	29.126	0.000	-53.929
1240.000	86.334	29.270	0.000	-60.613
1242.000	86.327	29.514	0.000	-68.754
1244.000	86.335	29.584	0.000	-76.322
1246.000	86.338	29.405	0.000	-84.013
1248.000	86.333	29.362	0.000	-91.552
1250.000	86.347	29.274	0.000	-98.469
1252.000	86.337	29.221	0.000	-104.127
1254.000	86.347	28.960	0.000	-110.106
1256.000	86.349	28.604	0.000	-117.682
1258.000	86.344	28.611	0.000	-122.644
1260.000	86.358	28.552	0.000	-128.306
1262.000	86.349	28.158	0.000	-134.201
1264.000	86.358	27.500	0.000	-140.666
1266.000	86.360	27.055	0.000	-145.911
1268.000	86.357	26.848	0.000	-152.721
1270.000	86.368	26.348	0.000	-155.525
1272.000	86.362	25.778	0.000	-160.917
1274.000	86.369	25.508	0.000	-166.587
1276.000	86.372	24.867	0.000	-170.357
1278.000	86.369	24.149	0.000	-174.728
1280.000	86.379	23.804	0.000	179.505
1282.000	86.374	23.322	0.000	175.620
1284.000	86.382	23.054	0.000	175.278
1286.000	86.382	22.748	0.000	173.084
1288.000	86.383	22.311	0.000	169.689
1290.000	86.389	22.262	0.000	166.821
1292.000	86.388	21.876	0.000	160.117
1294.000	86.393	21.597	0.000	157.306
1296.000	86.394	21.178	0.000	150.302
1298.000	86.398	20.803	0.000	146.826
1300.000	86.399	19.925	0.000	138.500
1302.000	86.402	19.318	0.000	129.303
1304.000	86.405	18.943	0.000	119.809
1306.000	86.406	17.795	0.000	114.949
1308.000	86.412	17.033	0.000	103.936
1310.000	86.410	15.101	0.000	93.174
1312.000	86.417	13.371	0.000	86.500
1314.000	86.417	11.744	0.000	32.263
1316.000	86.417	10.964	0.000	-18.277
1318.000	86.428	10.206	0.000	-71.033
1320.000	86.418	11.713	0.000	-110.120
1322.000	86.434	13.816	0.000	-127.835
1324.000	86.428	13.989	0.000	-140.895
1326.000	86.430	14.355	0.000	-153.147
1328.000	86.442	15.011	0.000	-155.016
1330.000	86.430	16.251	0.000	-154.343
1332.000	86.448	15.290	0.000	-156.703
1334.000	86.441	15.328	0.000	-162.645
1336.000	86.443	16.153	0.000	-169.901
1338.000	86.456	15.569	0.000	-173.982
1340.000	86.443	15.482	0.000	178.058
1342.000	86.461	15.761	0.000	170.294
1344.000	86.453	15.897	0.000	173.582
1346.000	86.458	16.045	0.000	170.034
1348.000	86.465	15.679	0.000	166.434
1350.000	86.460	15.176	0.000	166.453
1352.000	86.471	15.231	0.000	173.613
1354.000	86.468	15.629	0.000	175.267
1356.000	86.475	16.534	0.000	174.543
1358.000	86.474	16.441	0.000	172.703
1360.000	86.480	16.255	0.000	172.687
1362.000	86.480	16.847	0.000	173.566
1364.000	86.483	16.790	0.000	171.613
1366.000	86.490	16.715	0.000	168.922
1368.000	86.483	17.065	0.000	162.598
1370.000	86.499	18.238	0.000	160.077
1372.000	86.490	18.612	0.000	154.840
1374.000	86.499	18.413	0.000	152.398
1376.000	86.504	18.553	0.000	151.422
1378.000	86.496	18.870	0.000	145.118
1380.000	86.515	19.087	0.000	139.217
1382.000	86.502	19.441	0.000	132.907
1384.000	86.515	19.543	0.000	130.903
1386.000	86.514	19.547	0.000	128.287
1388.000	86.515	19.368	0.000	124.429
1390.000	86.523	19.433	0.000	118.037
1392.000	86.520	19.303	0.000	114.116
1394.000	86.528	18.813	0.000	106.463
1396.000	86.525	18.739	0.000	99.464
1398.000	86.535	19.100	0.000	99.345
1400.000	86.530	19.290	0.000	95.733
1402.000	86.541	19.258	0.000	89.179
1404.000	86.540	18.993	0.000	83.537
1406.000	86.538	19.198	0.000	83.771
1408.000	86.554	19.567	0.000	81.449
1410.000	86.539	20.216	0.000	76.851
1412.000	86.559	20.250	0.000	72.867
1414.000	86.550	20.355	0.000	64.295
1416.000	86.557	20.166	0.000	55.287
1418.000	86.562	20.235	0.000	46.475
1420.000	86.560	19.895	0.000	38.951
1422.000	86.568	20.060	0.000	29.755
1424.000	86.566	19.257	0.000	17.607
1426.000	86.575	18.696	0.000	8.108
1428.000	86.568	18.799	0.000	0.252
1430.000	86.584	18.309	0.000	-11.142
1432.000	86.575	16.889	0.000	-19.505
1434.000	86.584	15.292	0.000	-28.494
1436.000	86.589	14.541	0.000	-36.176
1438.000	86.581	13.143	0.000	-45.847
1440.000	86.600	11.062	0.000	-66.991
1442.000	86.587	11.422	0.000	-65.160
1444.000	86.602	10.972	0.000	-74.464
1446.000	86.597	11.920	0.000	-87.855
1448.000	86.606	11.084	0.000	-90.877
1450.000	86.603	10.413	0.000	-67.669
1452.000	86.612	10.234	0.000	-57.429
1454.000	86.612	9.828	0.000	-107.340
1456.000	86.612	9.431	0.000	-123.849
1458.000	86.626	9.141	0.000	-155.344
1460.000	86.612	11.243	0.000	-160.588
1462.000	86.632	11.519	0.000	-178.367
1464.000	86.622	10.464	0.000	149.096
1466.000	86.632	10.143	0.000	149.369
1468.000	86.633	8.949	0.000	154.611
1470.000	86.636	9.664	0.000	141.263
1472.000	86.640	11.071	0.000	145.857
1474.000	86.640	10.226	0.000	133.518
1476.000	86.651	10.684	0.000	121.115
1478.000	86.640	10.513	0.000	111.427
1480.000	86.661	10.257	0.000	101.806
1482.000	86.646	9.384	0.000	94.449
1484.000	86.663	8.329	0.000	129.397
1486.000	86.657	9.241	0.000	122.467
1488.000	86.665	10.274	0.000	108.204
1490.000	86.665	10.708	0.000	100.162
1492.000	86.670	10.645	0.000	114.948
1494.000	86.674	11.192	0.000	120.616
1496.000	86.671	9.950	0.000	108.150
1498.000	86.687	9.428	0.000	90.874
1500.000	86.673	10.867	0.000	94.156
1502.000	86.693	10.635	0.000	107.862
1504.000	86.682	11.045	0.000	92.875
1506.000	86.694	11.743	0.000	92.307
1508.000	86.691	10.959	0.000	99.519
1510.000	86.700	10.407	0.000	88.435
1512.000	86.698	11.611	0.000	91.502
1514.000	86.703	11.185	0.000	103.358
1516.000	86.710	10.654	0.000	83.562
1518.000	86.702	10.379	0.000	89.287
1520.000	86.721	11.027	0.000	83.116
1522.000	86.708	11.788	0.000	68.387
1524.000	86.725	13.178	0.000	69.234
1526.000	86.716	12.425	0.000	62.347
1528.000	86.732	12.146	0.000	58.800
1530.000	86.721	11.502	0.000	72.664
1532.000	86.738	9.843	0.000	84.213
1534.000	86.731	10.727	0.000	72.620
1536.000	86.738	11.239	0.000	67.678
1538.000	86.743	12.623	0.000	68.161
1540.000	86.741	11.174	0.000	70.535
1542.000	86.750	11.270	0.000	51.444
1544.000	86.746	11.743	0.000	41.034
1546.000	86.760	11.199	0.000	36.261
1548.000	86.747	10.974	0.000	60.258
1550.000	86.770	11.159	0.000	56.594
1552.000	86.754	11.418	0.000	34.109
1554.000	86.773	11.924	0.000	23.981
1556.000	86.763	11.730	0.000	31.549
1558.000	86.779	11.987	0.000	30.537
1560.000	86.768	11.976	0.000	15.217
1562.000	86.785	11.921	0.000	6.455
1564.000	86.778	12.064	0.000	10.597
1566.000	86.785	11.659	0.000	17.633
1568.000	86.791	11.749	0.000	5.723
1570.000	86.789	10.751	0.000	12.683
1572.000	86.798	10.842	0.000	7.619
1574.000	86.794	11.256	0.000	2.988
1576.000	86.808	11.103	0.000	2.643
1578.000	86.796	10.892	0.000	6.913
1580.000	86.817	10.697	0.000	7.927
1582.000	86.802	11.011	0.000	1.963
1584.000	86.821	10.648	0.000	-4.102
1586.000	86.810	10.803	0.000	-9.895
1588.000	86.829	11.805	0.000	-18.525
1590.000	86.814	12.109	0.000	-14.512
1592.000	86.836	11.735	0.000	-17.676
1594.000	86.823	12.247	0.000	-6.463
1596.000	86.837	11.058	0.000	-15.919
1598.000	86.833	10.242	0.000	-33.360
1600.000	86.843	12.212	0.000	-27.301
1602.000	86.840	11.713	0.000	-19.531
1604.000	86.847	10.281	0.000	-20.322
1606.000	86.851	10.067	0.000	-22.222
1608.000	86.849	11.033	0.000	-43.329
1610.000	86.859	10.585	0.000	-34.956
1612.000	86.856	9.721	0.000	-38.076
1614.000	86.867	9.622	0.000	-47.640
1616.000	86.859	11.453	0.000	-50.056
1618.000	86.878	10.606	0.000	-45.528
1620.000	86.863	10.072	0.000	-45.291
1622.000	86.884	9.899	0.000	-46.992
1624.000	86.871	10.355	0.000	-58.425
1626.000	86.891	9.858	0.000	-75.842
1628.000	86.875	10.034	0.000	-66.967
1630.000	86.900	9.995	0.000	-67.001
1632.000	86.881	10.407	0.000	-69.345
1634.000	86.904	9.259	0.000	-69.705
1636.000	86.890	9.960	0.000	-53.703
1638.000	86.912	10.478	0.000	-38.510
1640.000	86.895	9.897	0.000	-15.562
1642.000	86.918	9.684	0.000	-60.465
1644.000	86.904	9.673	0.000	-79.188
1646.000	86.921	9.254	0.000	-64.718
1648.000	86.913	8.849	0.000	-40.846
1650.000	86.929	9.355	0.000	-38.464
1652.000	86.919	9.991	0.000	-47.866
1654.000	86.934	9.323	0.000	-63.377
1656.000	86.929	8.954	0.000	64.874
1658.000	86.938	9.172	0.000	63.146
1660.000	86.936	9.550	0.000	110.033
1662.000	86.945	8.841	0.000	78.621
1664.000	86.944	10.007	0.000	8.890
1666.000	86.948	9.660	0.000	-7.181
1668.000	86.954	8.434	0.000	15.573
1670.000	86.954	9.061	0.000	5.378
1672.000	86.960	9.158	0.000	-6.844
1674.000	86.961	9.898	0.000	16.381
1676.000	86.968	9.906	0.000	28.165
1678.000	86.965	9.627	0.000	-1.024
1680.000	86.976	8.260	0.000	-19.183
1682.000	86.973	9.585	0.000	4.834
1684.000	86.982	9.791	0.000	5.736
1686.000	86.978	10.441	0.000	-27.798
1688.000	86.991	10.094	0.000	-12.676
1690.000	86.984	9.456	0.000	-6.134
1692.000	86.997	9.599	0.000	-15.744
1694.000	86.992	9.930	0.000	19.093
1696.000	87.005	9.461	0.000	19.634
1698.000	86.997	10.410	0.000	-12.542
1700.000	87.012	10.342	0.000	-11.009
1702.000	87.005	8.816	0.000	-7.914
1704.000	87.018	8.978	0.000	-33.305
1706.000	87.010	9.586	0.000	-42.459
1708.000	87.027	10.020	0.000	-38.664
1710.000	87.016	9.971	0.000	-20.486
1712.000	87.032	10.399	0.000	-17.060
1714.000	87.024	10.837	0.000	-27.863
1716.000	87.040	11.450	0.000	-34.900
1718.000	87.030	9.904	0.000	-21.011
1720.000	87.047	10.375	0.000	-29.727
1722.000	87.038	10.396	0.000	-24.180
1724.000	87.052	10.186	0.000	-29.034
1726.000	87.045	11.345	0.000	-40.216
1728.000	87.060	10.846	0.000	-32.879
1730.000	87.052	10.833	0.000	-49.163
1732.000	87.065	10.108	0.000	-48.508
1734.000	87.060	9.698	0.000	-28.485
1736.000	87.071	9.367	0.000	-37.269
1738.000	87.067	10.547	0.000	-41.967
1740.000	87.077	11.542	0.000	-70.461
1742.000	87.077	11.111	0.000	-71.971
1744.000	87.082	11.475	0.000	-56.291
1746.000	87.084	11.112	0.000	-57.964
1748.000	87.089	10.635	0.000	-46.066
1750.000	87.092	10.285	0.000	-55.084
1752.000	87.093	10.124	0.000	-61.347
1754.000	87.101	10.376	0.000	-63.323
1756.000	87.100	9.202	0.000	-59.028
1758.000	87.108	10.509	0.000	-75.275
1760.000	87.104	10.143	0.000	-77.585
1762.000	87.118	9.861	0.000	-68.939
1764.000	87.109	10.609	0.000	-72.621
1766.000	87.126	11.090	0.000	-63.256
1768.000	87.115	11.165	0.000	-83.366
1770.000	87.135	10.388	0.000	-81.182
1772.000	87.120	11.491	0.000	-93.784
1774.000	87.143	11.380	0.000	-82.347
1776.000	87.126	10.562	0.000	-84.837
1778.000	87.152	10.398	0.000	-76.916
1780.000	87.131	11.337	0.000	-67.801
1782.000	87.160	11.044	0.000	-78.044
1784.000	87.137	10.858	0.000	-86.348
1786.000	87.167	11.146	0.000	-90.495
1788.000	87.143	10.799	0.000	-95.328
1790.000	87.176	10.166	0.000	-98.118
1792.000	87.151	9.443	0.000	-100.489
1794.000	87.180	9.068	0.000	-115.972
1796.000	87.160	9.590	0.000	-85.726
1798.000	87.187	10.170	0.000	-80.711
1800.000	87.168	9.980	0.000	-82.118
1802.000	87.191	10.286	0.000	-98.154
1804.000	87.179	10.394	0.000	-88.345
1806.000	87.195	11.321	0.000	-90.833
1808.000	87.188	11.805	0.000	-107.955
1810.000	87.199	11.449	0.000	-89.292
1812.000	87.200	10.812	0.000	-108.808
1814.000	87.201	9.730	0.000	-106.168
1816.000	87.210	10.965	0.000	-81.624
1818.000	87.205	10.760	0.000	-83.941
1820.000	87.222	10.531	0.000	-74.876
1822.000	87.208	10.664	0.000	-104.697
1824.000	87.232	10.235	0.000	-117.184
1826.000	87.213	10.121	0.000	-114.759
1828.000	87.242	9.838	0.000	-104.865
1830.000	87.218	11.724	0.000	-100.185
1832.000	87.250	10.746	0.000	-109.465
1834.000	87.225	10.279	0.000	-96.577
1836.000	87.256	11.118	0.000	-91.922
1838.000	87.233	11.663	0.000	-96.424
1840.000	87.262	11.502	0.000	-112.422
1842.000	87.243	10.005	0.000	-102.228
1844.000	87.265	9.996	0.000	-105.819
1846.000	87.255	10.416	0.000	-89.341
1848.000	87.268	9.939	0.000	-86.657
1850.000	87.268	10.442	0.000	-110.825
1852.000	87.268	9.328	0.000	-105.642
1854.000	87.282	8.990	0.000	-121.996
1856.000	87.270	10.312	0.000	-122.807
1858.000	87.294	10.657	0.000	-126.999
1860.000	87.272	10.703	0.000	-115.944
1862.000	87.305	9.779	0.000	-79.125
1864.000	87.278	9.891	0.000	-99.801
1866.000	87.312	9.894	0.000	-101.385
1868.000	87.286	9.988	0.000	-88.653
1870.000	87.318	10.517	0.000	-105.160
1872.000	87.297	10.661	0.000	-102.695
1874.000	87.320	10.407	0.000	-95.160
1876.000	87.310	9.629	0.000	-96.611
1878.000	87.321	9.954	0.000	-96.066
1880.000	87.325	10.453	0.000	-84.105
1882.000	87.320	11.079	0.000	-72.067
1884.000	87.339	11.316	0.000	-80.336
1886.000	87.322	11.469	0.000	-81.335
1888.000	87.351	11.715	0.000	-83.488
1890.000	87.325	12.018	0.000	-90.160
1892.000	87.361	12.025	0.000	-97.014
1894.000	87.333	12.350	0.000	-90.449
1896.000	87.366	11.941	0.000	-91.976
1898.000	87.343	11.605	0.000	-88.379
1900.000	87.368	12.509	0.000	-92.108
1902.000	87.358	11.808	0.000	-99.466
1904.000	87.367	12.233	0.000	-101.064
1906.000	87.374	12.175	0.000	-98.852
1908.000	87.366	11.932	0.000	-94.770
1910.000	87.390	12.714	0.000	-101.903
1912.000	87.366	13.194	0.000	-102.305
1914.000	87.402	14.165	0.000	-106.182
1916.000	87.372	14.580	0.000	-108.810
1918.000	87.409	14.729	0.000	-110.990
1920.000	87.382	14.080	0.000	-115.076
1922.000	87.410	13.863	0.000	-123.943
1924.000	87.398	14.730	0.000	-126.708
1926.000	87.408	14.837	0.000	-130.840
1928.000	87.416	14.487	0.000	-130.002
1930.000	87.406	13.976	0.000	-129.555
1932.000	87.432	14.089	0.000	-129.295
1934.000	87.406	13.674	0.000	-138.331
1936.000	87.444	14.225	0.000	-146.241
1938.000	87.413	14.383	0.000	-144.094
1940.000	87.450	14.200	0.000	-139.555
1942.000	87.426	13.615	0.000	-136.403
1944.000	87.448	13.488	0.000	-139.130
1946.000	87.445	14.492	0.000	-129.392
1948.000	87.445	13.304	0.000	-141.426
1950.000	87.464	14.212	0.000	-153.481
1952.000	87.442	14.599	0.000	-148.655
1954.000	87.478	14.665	0.000	-146.579
1956.000	87.447	14.802	0.000	-142.470
1958.000	87.485	14.870	0.000	-146.789
1960.000	87.459	15.145	0.000	-153.144
1962.000	87.485	15.050	0.000	-155.583
1964.000	87.478	14.851	0.000	-152.319
1966.000	87.481	15.686	0.000	-156.476
1968.000	87.497	15.474	0.000	-157.742
1970.000	87.477	15.073	0.000	-169.357
1972.000	87.514	15.203	0.000	-168.773
1974.000	87.481	15.427	0.000	-169.779
1976.000	87.520	15.076	0.000	-169.491
1978.000	87.494	14.776	0.000	-175.915
1980.000	87.519	15.114	0.000	178.836
1982.000	87.515	14.720	0.000	178.608
1984.000	87.513	15.468	0.000	176.336
1986.000	87.535	15.346	0.000	167.189
1988.000	87.510	14.944	0.000	167.117
1990.000	87.550	15.918	0.000	170.254
1992.000	87.517	15.727	0.000	171.209
1994.000	87.554	14.499	0.000	167.847
1996.000	87.533	14.942	0.000	160.907
1998.000	87.549	15.147	0.000	162.606
2000.000	87.556	14.314	0.000	160.132
