2000.000	86.730	9.532	0.000	-66.929
2.000	86.735	10.085	0.000	-122.451
4.000	86.788	10.527	0.000	-157.589
6.000	86.744	10.092	0.000	-44.094
8.000	86.744	10.347	0.000	5.730
10.000	86.798	11.340	0.000	25.988
12.000	86.756	10.653	0.000	-122.805
14.000	86.754	9.570	0.000	-91.451
16.000	86.808	10.520	0.000	-135.385
18.000	86.768	10.754	0.000	42.029
20.000	86.764	12.106	0.000	21.707
22.000	86.819	11.753	0.000	-88.150
24.000	86.779	11.739	0.000	-138.946
26.000	86.775	11.413	0.000	143.832
28.000	86.830	11.331	0.000	-56.792
30.000	86.789	10.877	0.000	-39.621
32.000	86.785	10.866	0.000	57.635
34.000	86.842	11.384	0.000	155.778
36.000	86.800	10.797	0.000	172.466
38.000	86.796	10.061	0.000	-142.974
40.000	86.853	10.675	0.000	-129.525
42.000	86.811	11.505	0.000	-107.609
44.000	86.808	10.848	0.000	125.250
46.000	86.863	11.269	0.000	71.639
48.000	86.820	11.485	0.000	-78.288
50.000	86.821	11.612	0.000	-45.217
52.000	86.873	11.211	0.000	-142.286
54.000	86.829	10.366	0.000	-158.866
56.000	86.835	9.716	0.000	23.380
58.000	86.882	10.277	0.000	-94.475
60.000	86.837	10.380	0.000	-28.399
62.000	86.851	9.724	0.000	-34.304
64.000	86.892	10.405	0.000	-110.729
66.000	86.844	11.595	0.000	-179.662
68.000	86.867	11.903	0.000	-165.986
70.000	86.901	11.482	0.000	-149.570
72.000	86.852	10.769	0.000	-179.210
74.000	86.884	11.040	0.000	-113.732
76.000	86.909	9.965	0.000	-43.989
78.000	86.860	9.904	0.000	178.786
80.000	86.901	11.092	0.000	-169.985
82.000	86.916	11.715	0.000	140.611
84.000	86.869	11.088	0.000	95.512
86.000	86.918	10.767	0.000	134.102
88.000	86.923	10.546	0.000	176.371
90.000	86.880	10.940	0.000	-109.161
92.000	86.935	10.990	0.000	-28.645
94.000	86.927	10.634	0.000	157.782
96.000	86.894	9.798	0.000	9.344
98.000	86.950	10.111	0.000	-101.430
100.000	86.929	10.049	0.000	110.213
102.000	86.910	9.815	0.000	121.302
104.000	86.964	9.742	0.000	98.635
106.000	86.932	10.809	0.000	-142.947
108.000	86.928	11.792	0.000	-171.955
110.000	86.976	11.051	0.000	163.423
112.000	86.935	9.549	0.000	-141.512
114.000	86.950	9.691	0.000	-154.446
116.000	86.985	11.330	0.000	-143.339
118.000	86.938	11.602	0.000	-124.885
120.000	86.971	11.141	0.000	-165.345
122.000	86.990	11.470	0.000	2.372
124.000	86.946	11.666	0.000	-92.326
126.000	86.993	11.374	0.000	156.928
128.000	86.992	10.379	0.000	-133.394
130.000	86.958	10.189	0.000	-73.830
132.000	87.013	10.116	0.000	-152.546
134.000	86.992	10.337	0.000	-136.455
136.000	86.974	9.581	0.000	-152.101
138.000	87.029	10.728	0.000	-130.331
140.000	86.992	9.889	0.000	-62.018
142.000	86.996	8.927	0.000	-146.682
144.000	87.039	9.740	0.000	154.097
146.000	86.994	8.973	0.000	-167.912
148.000	87.020	10.386	0.000	-166.748
150.000	87.043	10.830	0.000	-114.323
152.000	87.000	10.347	0.000	-131.684
154.000	87.044	11.273	0.000	-174.181
156.000	87.042	10.574	0.000	168.729
158.000	87.014	10.743	0.000	-108.439
160.000	87.065	11.468	0.000	-114.852
162.000	87.038	11.732	0.000	174.655
164.000	87.035	10.551	0.000	-168.675
166.000	87.080	9.500	0.000	155.627
168.000	87.037	9.084	0.000	174.057
170.000	87.060	9.871	0.000	-136.542
172.000	87.086	11.169	0.000	-115.590
174.000	87.041	11.163	0.000	-116.231
176.000	87.086	8.880	0.000	24.789
178.000	87.084	9.863	0.000	41.470
180.000	87.055	10.117	0.000	22.204
182.000	87.108	10.602	0.000	177.395
184.000	87.080	10.872	0.000	129.628
186.000	87.078	10.463	0.000	103.235
188.000	87.120	9.608	0.000	118.870
190.000	87.079	9.038	0.000	158.928
192.000	87.106	9.572	0.000	-81.673
194.000	87.121	10.325	0.000	-143.061
196.000	87.086	9.726	0.000	-38.413
198.000	87.133	9.244	0.000	-64.908
200.000	87.116	10.155	0.000	-128.047
202.000	87.105	10.192	0.000	112.270
204.000	87.150	10.998	0.000	-77.678
206.000	87.111	10.080	0.000	-149.670
208.000	87.133	9.065	0.000	169.919
210.000	87.155	10.278	0.000	129.129
212.000	87.114	10.659	0.000	142.432
214.000	87.162	9.617	0.000	176.887
216.000	87.151	10.348	0.000	-163.433
218.000	87.132	10.974	0.000	148.020
220.000	87.181	10.136	0.000	86.178
222.000	87.144	9.429	0.000	59.974
224.000	87.161	10.297	0.000	-25.244
226.000	87.186	10.184	0.000	-28.501
228.000	87.147	10.086	0.000	-146.989
230.000	87.190	9.534	0.000	-170.138
232.000	87.180	8.584	0.000	-134.630
234.000	87.166	9.990	0.000	-129.195
236.000	87.209	10.128	0.000	-128.812
238.000	87.172	9.321	0.000	-109.405
240.000	87.197	10.281	0.000	168.103
242.000	87.212	10.084	0.000	84.605
244.000	87.177	10.357	0.000	155.334
246.000	87.226	10.355	0.000	120.590
248.000	87.203	10.631	0.000	-150.806
250.000	87.201	10.105	0.000	-134.185
252.000	87.240	9.244	0.000	-109.567
254.000	87.198	9.869	0.000	-86.367
256.000	87.233	9.497	0.000	-137.170
258.000	87.237	8.978	0.000	-125.645
260.000	87.210	9.893	0.000	-147.721
262.000	87.258	10.370	0.000	143.141
264.000	87.227	11.255	0.000	143.834
266.000	87.240	11.427	0.000	121.261
268.000	87.263	10.515	0.000	172.753
270.000	87.228	9.427	0.000	176.140
272.000	87.272	11.295	0.000	-56.419
274.000	87.253	11.113	0.000	-16.760
276.000	87.251	9.549	0.000	70.783
278.000	87.286	10.487	0.000	118.147
280.000	87.248	10.988	0.000	120.408
282.000	87.285	11.528	0.000	-176.614
284.000	87.280	9.730	0.000	-79.582
286.000	87.262	9.665	0.000	-163.287
288.000	87.308	10.779	0.000	172.810
290.000	87.270	10.784	0.000	174.635
292.000	87.295	10.415	0.000	-178.333
294.000	87.307	10.899	0.000	157.673
296.000	87.278	10.431	0.000	136.253
298.000	87.324	10.526	0.000	148.718
300.000	87.295	10.463	0.000	137.788
302.000	87.308	10.271	0.000	133.329
304.000	87.328	10.915	0.000	163.285
306.000	87.297	11.311	0.000	173.278
308.000	87.340	10.678	0.000	160.405
310.000	87.315	9.955	0.000	151.436
312.000	87.325	10.021	0.000	-167.323
314.000	87.349	11.837	0.000	177.614
316.000	87.313	12.178	0.000	128.906
318.000	87.358	11.793	0.000	129.109
320.000	87.337	11.776	0.000	113.626
322.000	87.339	11.423	0.000	118.315
324.000	87.369	11.099	0.000	83.513
326.000	87.332	10.494	0.000	94.612
328.000	87.374	9.901	0.000	110.970
330.000	87.357	10.634	0.000	112.123
332.000	87.356	11.235	0.000	71.122
334.000	87.386	10.943	0.000	32.363
336.000	87.352	10.688	0.000	30.346
338.000	87.391	11.755	0.000	40.724
340.000	87.374	11.079	0.000	-5.339
342.000	87.376	11.460	0.000	-21.344
344.000	87.403	11.579	0.000	-68.092
346.000	87.369	11.100	0.000	-92.345
348.000	87.410	12.151	0.000	-107.475
350.000	87.389	12.320	0.000	-123.088
352.000	87.395	13.362	0.000	-152.529
354.000	87.420	13.273	0.000	-165.400
356.000	87.386	14.273	0.000	174.175
358.000	87.429	14.631	0.000	164.435
360.000	87.405	14.962	0.000	145.827
362.000	87.414	15.022	0.000	126.860
364.000	87.434	15.822	0.000	109.218
366.000	87.406	17.035	0.000	98.401
368.000	87.446	16.849	0.000	83.577
370.000	87.419	17.671	0.000	71.421
372.000	87.437	17.833	0.000	62.964
374.000	87.446	17.317	0.000	51.394
376.000	87.425	17.450	0.000	40.941
378.000	87.464	17.271	0.000	27.821
380.000	87.430	17.652	0.000	22.962
382.000	87.460	17.184	0.000	15.599
384.000	87.457	17.547	0.000	0.662
386.000	87.444	17.892	0.000	-9.829
388.000	87.480	16.809	0.000	-11.555
390.000	87.444	16.545	0.000	-21.828
392.000	87.480	16.981	0.000	-28.842
394.000	87.466	16.871	0.000	-33.788
396.000	87.467	16.728	0.000	-43.077
398.000	87.491	16.592	0.000	-51.393
400.000	87.461	17.442	0.000	-56.844
402.000	87.500	17.283	0.000	-64.337
404.000	87.474	16.371	0.000	-77.143
406.000	87.493	17.557	0.000	-85.003
408.000	87.498	17.847	0.000	-93.448
410.000	87.480	16.730	0.000	-98.716
412.000	87.517	15.983	0.000	-103.604
414.000	87.483	16.169	0.000	-114.752
416.000	87.516	16.367	0.000	-125.608
418.000	87.504	16.320	0.000	-134.180
420.000	87.503	15.895	0.000	-145.816
422.000	87.528	15.489	0.000	-154.400
424.000	87.497	15.208	0.000	-161.245
426.000	87.536	14.254	0.000	-172.820
428.000	87.510	12.798	0.000	176.069
430.000	87.529	13.273	0.000	177.837
432.000	87.531	12.874	0.000	161.156
434.000	87.519	12.738	0.000	159.804
436.000	87.549	11.548	0.000	158.357
438.000	87.518	10.607	0.000	131.850
440.000	87.554	11.019	0.000	116.816
442.000	87.532	10.996	0.000	107.322
444.000	87.544	10.352	0.000	73.936
446.000	87.554	10.393	0.000	81.570
448.000	87.533	10.707	0.000	89.926
450.000	87.569	11.189	0.000	82.108
452.000	87.537	11.221	0.000	100.114
454.000	87.568	10.354	0.000	65.187
456.000	87.553	10.669	0.000	29.062
458.000	87.559	10.729	0.000	74.130
460.000	87.572	11.442	0.000	154.097
462.000	87.551	10.490	0.000	-100.219
464.000	87.584	9.688	0.000	92.964
466.000	87.554	10.506	0.000	-176.991
468.000	87.585	11.204	0.000	-162.775
470.000	87.567	9.394	0.000	-146.535
472.000	87.575	8.855	0.000	15.813
474.000	87.588	11.055	0.000	-4.550
476.000	87.566	11.771	0.000	-100.162
478.000	87.600	10.949	0.000	-58.031
480.000	87.569	10.796	0.000	-112.475
482.000	87.600	10.779	0.000	-99.505
484.000	87.582	10.195	0.000	-125.026
486.000	87.592	9.761	0.000	-110.094
488.000	87.599	10.526	0.000	-127.325
490.000	87.583	10.901	0.000	-127.116
492.000	87.611	11.581	0.000	30.661
494.000	87.583	11.026	0.000	-136.982
496.000	87.616	10.865	0.000	-128.921
498.000	87.590	10.400	0.000	-152.612
500.000	87.610	9.236	0.000	-152.540
502.000	87.607	8.984	0.000	-165.302
504.000	87.599	8.971	0.000	-151.643
506.000	87.621	9.992	0.000	-134.225
508.000	87.594	10.445	0.000	-142.506
510.000	87.628	9.862	0.000	-151.530
512.000	87.600	9.779	0.000	-160.336
514.000	87.624	11.344	0.000	-151.332
516.000	87.611	11.030	0.000	-148.916
518.000	87.618	10.543	0.000	176.545
520.000	87.624	10.202	0.000	170.232
522.000	87.609	10.179	0.000	164.858
524.000	87.635	9.205	0.000	174.762
526.000	87.607	9.582	0.000	-150.874
528.000	87.639	11.295	0.000	-150.793
530.000	87.611	10.778	0.000	-140.147
532.000	87.634	9.466	0.000	-176.177
534.000	87.624	8.909	0.000	-173.150
536.000	87.625	9.389	0.000	164.020
538.000	87.636	10.298	0.000	158.563
540.000	87.618	10.023	0.000	172.728
542.000	87.644	11.413	0.000	-120.963
544.000	87.616	10.903	0.000	-137.362
546.000	87.646	10.793	0.000	113.093
548.000	87.619	10.807	0.000	140.105
550.000	87.642	10.399	0.000	148.536
552.000	87.629	10.249	0.000	126.936
554.000	87.633	10.103	0.000	144.304
556.000	87.639	9.215	0.000	157.171
558.000	87.624	10.583	0.000	-153.915
560.000	87.649	10.732	0.000	-106.305
562.000	87.620	9.623	0.000	-179.404
564.000	87.649	9.672	0.000	166.104
566.000	87.623	11.029	0.000	156.730
568.000	87.647	12.228	0.000	149.445
570.000	87.627	11.244	0.000	142.976
572.000	87.639	9.584	0.000	129.292
574.000	87.636	10.286	0.000	145.913
576.000	87.632	10.537	0.000	124.152
578.000	87.643	10.864	0.000	125.221
580.000	87.623	10.319	0.000	168.501
582.000	87.649	10.557	0.000	143.244
584.000	87.620	11.198	0.000	114.829
586.000	87.647	9.765	0.000	-132.271
588.000	87.621	10.055	0.000	173.387
590.000	87.643	10.805	0.000	140.546
592.000	87.626	10.941	0.000	129.271
594.000	87.634	10.659	0.000	142.433
596.000	87.630	9.853	0.000	51.224
598.000	87.627	10.796	0.000	79.355
600.000	87.636	10.529	0.000	125.587
602.000	87.618	10.236	0.000	92.263
604.000	87.639	10.432	0.000	84.547
606.000	87.613	9.620	0.000	113.013
608.000	87.639	9.899	0.000	105.744
610.000	87.610	10.537	0.000	80.884
612.000	87.635	10.759	0.000	76.732
614.000	87.612	10.372	0.000	-163.480
616.000	87.627	10.354	0.000	117.362
618.000	87.614	9.582	0.000	97.043
620.000	87.619	9.799	0.000	92.792
622.000	87.617	10.450	0.000	65.080
624.000	87.610	9.446	0.000	50.772
626.000	87.619	9.982	0.000	124.642
628.000	87.601	10.287	0.000	119.055
630.000	87.621	10.782	0.000	84.071
632.000	87.593	10.488	0.000	76.212
634.000	87.618	10.405	0.000	126.805
636.000	87.590	9.705	0.000	100.227
638.000	87.614	9.484	0.000	87.944
640.000	87.587	10.588	0.000	24.301
642.000	87.605	11.321	0.000	17.595
644.000	87.588	11.538	0.000	25.019
646.000	87.598	11.535	0.000	11.538
648.000	87.585	11.617	0.000	53.926
650.000	87.589	10.712	0.000	58.421
652.000	87.588	10.539	0.000	57.732
654.000	87.578	9.258	0.000	74.735
656.000	87.586	8.031	0.000	32.914
658.000	87.569	8.549	0.000	11.956
660.000	87.586	8.863	0.000	29.599
662.000	87.560	9.220	0.000	-21.324
664.000	87.580	9.809	0.000	-28.016
666.000	87.555	9.821	0.000	-16.864
668.000	87.575	10.498	0.000	5.830
670.000	87.547	9.846	0.000	-37.491
672.000	87.569	10.467	0.000	-49.587
674.000	87.544	10.374	0.000	71.993
676.000	87.560	10.372	0.000	31.837
678.000	87.538	10.342	0.000	-5.763
680.000	87.552	10.829	0.000	-0.333
682.000	87.537	10.655	0.000	26.811
684.000	87.539	9.511	0.000	-32.740
686.000	87.533	10.373	0.000	-7.052
688.000	87.531	10.823	0.000	-0.749
690.000	87.528	10.863	0.000	-23.610
692.000	87.519	10.880	0.000	13.213
694.000	87.524	11.913	0.000	-12.011
696.000	87.511	11.884	0.000	1.063
698.000	87.519	11.575	0.000	22.184
700.000	87.499	10.466	0.000	16.250
702.000	87.515	10.105	0.000	18.245
704.000	87.490	10.275	0.000	-17.945
706.000	87.507	9.749	0.000	-32.542
708.000	87.481	9.858	0.000	5.920
710.000	87.501	10.223	0.000	-44.819
712.000	87.473	9.979	0.000	-25.710
714.000	87.491	9.473	0.000	-8.790
716.000	87.466	9.966	0.000	-16.996
718.000	87.483	10.396	0.000	-30.192
720.000	87.456	10.559	0.000	-77.646
722.000	87.474	9.431	0.000	-36.816
724.000	87.450	8.490	0.000	-48.816
726.000	87.464	9.455	0.000	-68.335
728.000	87.441	10.649	0.000	-53.033
730.000	87.454	11.337	0.000	-52.186
732.000	87.435	9.731	0.000	-37.618
734.000	87.442	8.681	0.000	-0.958
736.000	87.427	8.498	0.000	-33.593
738.000	87.433	8.475	0.000	19.189
740.000	87.419	9.177	0.000	-34.549
742.000	87.421	8.464	0.000	112.787
744.000	87.412	9.571	0.000	-2.892
746.000	87.412	10.236	0.000	-39.024
748.000	87.402	10.921	0.000	-36.036
750.000	87.399	10.562	0.000	-44.031
752.000	87.396	9.988	0.000	-2.115
754.000	87.388	10.109	0.000	30.411
756.000	87.386	9.800	0.000	-75.069
758.000	87.379	9.389	0.000	138.995
760.000	87.378	9.296	0.000	-15.986
762.000	87.367	9.355	0.000	-20.722
764.000	87.368	9.794	0.000	-94.268
766.000	87.358	11.117	0.000	-2.493
768.000	87.359	10.572	0.000	-35.329
770.000	87.346	9.889	0.000	-125.373
772.000	87.351	9.248	0.000	-18.224
774.000	87.336	8.748	0.000	24.512
776.000	87.339	9.662	0.000	31.741
778.000	87.326	10.162	0.000	10.974
780.000	87.331	9.676	0.000	-12.955
782.000	87.314	9.528	0.000	3.629
784.000	87.320	8.445	0.000	-21.499
786.000	87.307	9.038	0.000	-10.171
788.000	87.310	9.975	0.000	23.847
790.000	87.294	9.524	0.000	37.781
792.000	87.302	9.895	0.000	27.596
794.000	87.284	10.209	0.000	7.729
796.000	87.289	10.312	0.000	-4.539
798.000	87.275	11.065	0.000	22.500
800.000	87.281	10.772	0.000	34.976
802.000	87.264	10.024	0.000	33.815
804.000	87.269	9.288	0.000	23.806
806.000	87.257	11.538	0.000	19.710
808.000	87.258	12.196	0.000	10.957
810.000	87.244	11.492	0.000	-5.155
812.000	87.250	12.044	0.000	-0.405
814.000	87.235	12.468	0.000	-2.297
816.000	87.236	12.238	0.000	0.828
818.000	87.227	12.355	0.000	-16.621
820.000	87.228	13.308	0.000	-18.739
822.000	87.215	14.425	0.000	-28.747
824.000	87.216	15.062	0.000	-37.830
826.000	87.209	15.316	0.000	-48.655
828.000	87.204	15.304	0.000	-61.232
830.000	87.199	15.480	0.000	-72.419
832.000	87.196	15.394	0.000	-81.022
834.000	87.189	15.415	0.000	-86.033
836.000	87.183	14.776	0.000	-92.467
838.000	87.183	13.872	0.000	-100.717
840.000	87.173	13.336	0.000	-113.388
842.000	87.171	12.257	0.000	-127.314
844.000	87.163	12.419	0.000	-127.471
846.000	87.165	12.364	0.000	-144.161
848.000	87.149	11.804	0.000	-156.465
850.000	87.157	10.273	0.000	-164.404
852.000	87.141	8.675	0.000	-132.814
854.000	87.146	8.993	0.000	-108.342
856.000	87.130	9.642	0.000	-79.481
858.000	87.141	10.099	0.000	-78.392
860.000	87.119	9.540	0.000	-78.410
862.000	87.130	8.924	0.000	-77.627
864.000	87.112	10.678	0.000	-112.461
866.000	87.121	11.356	0.000	-125.063
868.000	87.100	10.511	0.000	-124.480
870.000	87.115	9.694	0.000	-80.377
872.000	87.091	10.168	0.000	-81.977
874.000	87.103	11.563	0.000	-92.222
876.000	87.085	10.344	0.000	-71.533
878.000	87.096	10.279	0.000	-49.297
880.000	87.074	10.978	0.000	-70.184
882.000	87.087	10.462	0.000	-64.509
884.000	87.069	10.894	0.000	-65.251
886.000	87.073	11.799	0.000	-73.848
888.000	87.064	11.779	0.000	-76.212
890.000	87.066	10.814	0.000	-80.847
892.000	87.054	13.376	0.000	-95.946
894.000	87.056	14.713	0.000	-105.359
896.000	87.051	14.270	0.000	-124.890
898.000	87.043	13.789	0.000	-144.620
900.000	87.045	14.622	0.000	-163.193
902.000	87.036	13.352	0.000	-170.366
904.000	87.037	12.789	0.000	163.849
906.000	87.025	11.802	0.000	125.216
908.000	87.035	10.423	0.000	79.999
910.000	87.014	9.376	0.000	-0.896
912.000	87.027	9.531	0.000	-10.528
914.000	87.009	11.302	0.000	-38.683
916.000	87.019	11.899	0.000	-61.986
918.000	87.000	12.590	0.000	-52.358
920.000	87.014	13.554	0.000	-77.931
922.000	86.993	14.205	0.000	-103.251
924.000	87.003	15.052	0.000	-109.986
926.000	86.992	15.756	0.000	-117.056
928.000	86.993	16.033	0.000	-126.875
930.000	86.985	16.953	0.000	-135.290
932.000	86.987	17.713	0.000	-147.060
934.000	86.981	18.781	0.000	-164.504
936.000	86.975	19.427	0.000	-178.128
938.000	86.980	19.466	0.000	171.005
940.000	86.966	18.809	0.000	159.918
942.000	86.974	18.600	0.000	144.358
944.000	86.961	18.395	0.000	141.103
946.000	86.969	17.868	0.000	135.016
948.000	86.952	17.958	0.000	124.581
950.000	86.966	17.852	0.000	122.120
952.000	86.945	18.486	0.000	119.875
954.000	86.957	18.753	0.000	113.022
956.000	86.945	19.336	0.000	106.620
958.000	86.948	20.621	0.000	99.702
960.000	86.940	20.767	0.000	90.593
962.000	86.942	20.599	0.000	82.767
964.000	86.938	20.673	0.000	70.584
966.000	86.932	20.994	0.000	62.308
968.000	86.939	21.556	0.000	60.090
970.000	86.922	22.007	0.000	53.800
972.000	86.934	22.081	0.000	48.980
974.000	86.920	23.208	0.000	42.621
976.000	86.928	24.293	0.000	37.995
978.000	86.914	25.041	0.000	30.157
980.000	86.926	25.901	0.000	21.872
982.000	86.910	26.896	0.000	13.394
984.000	86.917	27.775	0.000	4.885
986.000	86.913	28.417	0.000	-5.427
988.000	86.907	29.036	0.000	-16.539
990.000	86.912	29.546	0.000	-24.918
992.000	86.903	30.139	0.000	-34.572
994.000	86.907	30.441	0.000	-44.593
996.000	86.898	30.858	0.000	-54.624
998.000	86.907	31.071	0.000	-63.223
1000.000	86.890	31.098	0.000	-72.866
1002.000	86.904	31.139	0.000	-82.547
1004.000	86.891	31.189	0.000	-90.199
1006.000	86.894	31.250	0.000	-98.337
1008.000	86.892	31.220	0.000	-106.798
1010.000	86.890	31.118	0.000	-114.283
1012.000	86.888	30.872	0.000	-121.614
1014.000	86.886	30.787	0.000	-127.179
1016.000	86.890	30.540	0.000	-132.713
1018.000	86.877	30.414	0.000	-138.572
1020.000	86.891	30.528	0.000	-143.970
1022.000	86.874	30.354	0.000	-150.156
1024.000	86.884	30.308	0.000	-155.765
1026.000	86.877	30.436	0.000	-161.405
1028.000	86.877	30.442	0.000	-167.473
1030.000	86.876	30.464	0.000	-173.193
1032.000	86.875	30.435	0.000	-178.904
1034.000	86.875	30.277	0.000	176.025
1036.000	86.869	30.439	0.000	170.523
1038.000	86.879	30.380	0.000	164.297
1040.000	86.862	30.115	0.000	158.355
1042.000	86.877	30.049	0.000	152.718
1044.000	86.865	29.930	0.000	145.853
1046.000	86.868	29.621	0.000	140.388
1048.000	86.869	29.605	0.000	133.922
1050.000	86.864	29.265	0.000	128.556
1052.000	86.867	28.721	0.000	121.762
1054.000	86.862	28.048	0.000	116.625
1056.000	86.868	27.424	0.000	111.769
1058.000	86.857	26.660	0.000	107.592
1060.000	86.870	25.587	0.000	104.212
1062.000	86.856	24.794	0.000	103.134
1064.000	86.865	24.349	0.000	101.741
1066.000	86.863	23.110	0.000	102.460
1068.000	86.856	22.134	0.000	106.134
1070.000	86.866	21.027	0.000	115.713
1072.000	86.854	21.112	0.000	127.588
1074.000	86.863	22.122	0.000	134.436
1076.000	86.857	23.701	0.000	139.036
1078.000	86.861	25.192	0.000	141.029
1080.000	86.855	26.934	0.000	139.671
1082.000	86.861	28.398	0.000	134.105
1084.000	86.857	29.522	0.000	127.663
1086.000	86.854	30.556	0.000	121.285
1088.000	86.864	31.177	0.000	114.085
1090.000	86.849	31.627	0.000	107.780
1092.000	86.864	32.092	0.000	100.740
1094.000	86.854	32.456	0.000	93.574
1096.000	86.856	32.723	0.000	87.717
1098.000	86.861	33.069	0.000	80.554
1100.000	86.852	33.245	0.000	75.019
1102.000	86.861	33.549	0.000	69.686
1104.000	86.855	33.710	0.000	64.027
1106.000	86.859	33.926	0.000	57.626
1108.000	86.855	34.156	0.000	51.215
1110.000	86.861	34.439	0.000	45.805
1112.000	86.855	34.725	0.000	39.749
1114.000	86.858	34.908	0.000	33.856
1116.000	86.862	35.086	0.000	26.759
1118.000	86.852	35.246	0.000	20.668
1120.000	86.867	35.275	0.000	13.769
1122.000	86.853	35.276	0.000	6.649
1124.000	86.862	35.282	0.000	0.081
1126.000	86.862	35.233	0.000	-7.015
1128.000	86.855	35.184	0.000	-13.362
1130.000	86.868	35.056	0.000	-19.610
1132.000	86.855	34.816	0.000	-26.015
1134.000	86.866	34.719	0.000	-31.986
1136.000	86.862	34.602	0.000	-37.543
1138.000	86.862	34.407	0.000	-42.938
1140.000	86.865	34.269	0.000	-47.711
1142.000	86.863	34.205	0.000	-52.546
1144.000	86.867	34.280	0.000	-58.282
1146.000	86.863	34.196	0.000	-64.392
1148.000	86.870	34.125	0.000	-70.907
1150.000	86.862	34.091	0.000	-77.958
1152.000	86.872	33.923	0.000	-85.166
1154.000	86.867	33.713	0.000	-92.771
1156.000	86.867	33.265	0.000	-100.061
1158.000	86.877	32.825	0.000	-106.596
1160.000	86.863	32.355	0.000	-112.472
1162.000	86.878	31.764	0.000	-117.852
1164.000	86.871	31.069	0.000	-124.447
1166.000	86.871	30.467	0.000	-129.210
1168.000	86.882	29.931	0.000	-133.100
1170.000	86.868	29.399	0.000	-138.180
1172.000	86.883	28.991	0.000	-141.827
1174.000	86.876	28.678	0.000	-145.051
1176.000	86.877	28.138	0.000	-151.135
1178.000	86.886	27.616	0.000	-156.012
1180.000	86.875	27.272	0.000	-159.613
1182.000	86.888	26.512	0.000	-165.229
1184.000	86.881	25.873	0.000	-170.119
1186.000	86.885	25.083	0.000	-172.305
1188.000	86.889	24.495	0.000	-176.602
1190.000	86.884	23.948	0.000	-178.976
1192.000	86.892	23.176	0.000	-179.422
1194.000	86.888	22.147	0.000	177.835
1196.000	86.892	20.654	0.000	176.507
1198.000	86.892	20.345	0.000	176.624
1200.000	86.893	20.057	0.000	177.690
1202.000	86.894	19.999	0.000	-177.253
1204.000	86.895	19.332	0.000	-174.646
1206.000	86.896	18.839	0.000	-174.412
1208.000	86.896	18.657	0.000	-177.978
1210.000	86.900	18.213	0.000	-179.723
1212.000	86.897	18.855	0.000	178.339
1214.000	86.900	18.857	0.000	-177.520
1216.000	86.903	18.641	0.000	177.708
1218.000	86.898	18.373	0.000	172.953
1220.000	86.907	19.026	0.000	175.188
1222.000	86.901	18.828	0.000	174.916
1224.000	86.906	17.986	0.000	172.470
1226.000	86.909	17.633	0.000	179.947
1228.000	86.904	17.358	0.000	-176.210
1230.000	86.915	17.854	0.000	-173.732
1232.000	86.907	18.749	0.000	-171.869
1234.000	86.915	20.122	0.000	-172.085
1236.000	86.916	21.410	0.000	-176.313
1238.000	86.912	21.887	0.000	-178.409
1240.000	86.923	22.426	0.000	176.699
1242.000	86.915	23.138	0.000	169.652
1244.000	86.923	23.993	0.000	163.999
1246.000	86.925	24.471	0.000	153.500
1248.000	86.919	24.981	0.000	145.571
1250.000	86.933	25.177	0.000	136.132
1252.000	86.923	25.017	0.000	126.970
1254.000	86.932	24.761	0.000	117.997
1256.000	86.933	24.588	0.000	108.806
1258.000	86.928	24.428	0.000	100.210
1260.000	86.941	24.123	0.000	90.593
1262.000	86.931	23.576	0.000	82.645
1264.000	86.941	23.002	0.000	72.183
1266.000	86.941	22.456	0.000	63.809
1268.000	86.938	21.551	0.000	57.899
1270.000	86.948	21.090	0.000	52.374
1272.000	86.942	21.020	0.000	45.677
1274.000	86.948	20.180	0.000	39.559
1276.000	86.951	19.815	0.000	33.466
1278.000	86.947	19.144	0.000	25.017
1280.000	86.958	18.348	0.000	13.131
1282.000	86.951	18.129	0.000	10.068
1284.000	86.959	17.690	0.000	6.030
1286.000	86.959	17.817	0.000	-1.357
1288.000	86.959	16.965	0.000	-8.344
1290.000	86.965	16.834	0.000	-17.440
1292.000	86.963	16.174	0.000	-27.274
1294.000	86.968	16.449	0.000	-38.967
1296.000	86.968	16.571	0.000	-49.284
1298.000	86.971	15.874	0.000	-60.414
1300.000	86.972	15.781	0.000	-76.104
1302.000	86.975	15.626	0.000	-82.289
1304.000	86.977	16.321	0.000	-90.339
1306.000	86.978	15.856	0.000	-107.634
1308.000	86.983	16.098	0.000	-125.689
1310.000	86.980	16.051	0.000	-138.848
1312.000	86.987	15.625	0.000	-152.807
1314.000	86.987	15.973	0.000	-168.837
1316.000	86.986	16.245	0.000	-175.824
1318.000	86.997	15.018	0.000	172.910
1320.000	86.986	14.551	0.000	161.649
1322.000	87.001	14.031	0.000	157.685
1324.000	86.995	13.112	0.000	149.117
1326.000	86.997	13.924	0.000	135.598
1328.000	87.008	13.943	0.000	137.249
1330.000	86.996	13.289	0.000	138.733
1332.000	87.013	12.493	0.000	121.849
1334.000	87.006	12.352	0.000	114.801
1336.000	87.008	12.841	0.000	115.534
1338.000	87.020	12.917	0.000	113.907
1340.000	87.007	12.617	0.000	110.426
1342.000	87.024	12.568	0.000	114.208
1344.000	87.016	12.754	0.000	104.975
1346.000	87.021	12.181	0.000	87.833
1348.000	87.027	12.656	0.000	80.160
1350.000	87.022	12.718	0.000	79.234
1352.000	87.032	12.673	0.000	76.034
1354.000	87.028	12.522	0.000	83.024
1356.000	87.034	12.609	0.000	85.168
1358.000	87.034	12.136	0.000	81.332
1360.000	87.039	11.471	0.000	83.726
1362.000	87.038	12.690	0.000	78.079
1364.000	87.041	11.839	0.000	78.600
1366.000	87.048	12.094	0.000	81.061
1368.000	87.040	12.616	0.000	75.146
1370.000	87.056	12.487	0.000	70.969
1372.000	87.046	12.885	0.000	75.008
1374.000	87.055	12.514	0.000	72.420
1376.000	87.059	12.476	0.000	75.539
1378.000	87.051	12.620	0.000	63.079
1380.000	87.069	12.734	0.000	50.478
1382.000	87.056	12.833	0.000	39.910
1384.000	87.069	12.729	0.000	35.542
1386.000	87.067	12.313	0.000	39.302
1388.000	87.068	11.400	0.000	29.154
1390.000	87.075	11.787	0.000	15.680
1392.000	87.072	12.398	0.000	9.966
1394.000	87.080	12.828	0.000	8.726
1396.000	87.077	12.318	0.000	20.512
1398.000	87.086	12.005	0.000	11.783
1400.000	87.080	12.468	0.000	5.637
1402.000	87.090	11.532	0.000	9.673
1404.000	87.089	12.070	0.000	9.076
1406.000	87.087	13.124	0.000	4.980
1408.000	87.102	12.546	0.000	-3.634
1410.000	87.087	13.214	0.000	-2.628
1412.000	87.107	13.069	0.000	-13.063
1414.000	87.097	12.780	0.000	-19.427
1416.000	87.104	13.588	0.000	-21.973
1418.000	87.108	13.057	0.000	-16.527
1420.000	87.106	12.872	0.000	-41.720
1422.000	87.114	13.012	0.000	-49.629
1424.000	87.111	12.783	0.000	-55.984
1426.000	87.120	11.267	0.000	-67.340
1428.000	87.113	10.778	0.000	-62.100
1430.000	87.128	9.924	0.000	-56.233
1432.000	87.119	10.434	0.000	-67.670
1434.000	87.128	10.365	0.000	-62.207
1436.000	87.132	11.375	0.000	-73.179
1438.000	87.124	10.860	0.000	-81.400
1440.000	87.142	10.398	0.000	-76.545
1442.000	87.129	10.231	0.000	-60.137
1444.000	87.144	10.343	0.000	-83.473
1446.000	87.139	10.453	0.000	-70.936
1448.000	87.148	11.154	0.000	-93.760
1450.000	87.144	10.815	0.000	-112.640
1452.000	87.152	10.108	0.000	-102.718
1454.000	87.152	9.420	0.000	-86.893
1456.000	87.151	10.418	0.000	-78.265
1458.000	87.165	11.630	0.000	-78.579
1460.000	87.151	10.187	0.000	-81.776
1462.000	87.170	9.613	0.000	-76.154
1464.000	87.160	10.345	0.000	-63.660
1466.000	87.170	10.605	0.000	-70.142
1468.000	87.170	9.723	0.000	-62.131
1470.000	87.173	9.410	0.000	-65.357
1472.000	87.176	9.258	0.000	-93.052
1474.000	87.176	9.791	0.000	-83.546
1476.000	87.186	10.388	0.000	-88.959
1478.000	87.175	9.461	0.000	-107.431
1480.000	87.196	8.970	0.000	-81.181
1482.000	87.180	9.805	0.000	-80.502
1484.000	87.197	9.176	0.000	-81.442
1486.000	87.191	9.528	0.000	-110.102
1488.000	87.198	9.316	0.000	-147.065
1490.000	87.198	9.373	0.000	-78.265
1492.000	87.203	9.792	0.000	-67.962
1494.000	87.206	11.166	0.000	-136.060
1496.000	87.203	9.708	0.000	-104.586
1498.000	87.218	10.302	0.000	-35.447
1500.000	87.203	10.208	0.000	-23.709
1502.000	87.224	9.888	0.000	-63.167
1504.000	87.213	10.966	0.000	-112.720
1506.000	87.224	11.591	0.000	-93.512
1508.000	87.221	10.602	0.000	-67.339
1510.000	87.230	8.867	0.000	-39.869
1512.000	87.226	9.283	0.000	-56.755
1514.000	87.232	9.029	0.000	-70.638
1516.000	87.238	9.623	0.000	-49.473
1518.000	87.230	10.637	0.000	-83.279
1520.000	87.248	10.812	0.000	-44.205
1522.000	87.235	10.469	0.000	-48.509
1524.000	87.251	9.981	0.000	-92.021
1526.000	87.242	9.181	0.000	-106.450
1528.000	87.258	9.006	0.000	-55.711
1530.000	87.246	9.761	0.000	-74.548
1532.000	87.263	10.045	0.000	-74.134
1534.000	87.255	9.064	0.000	-88.967
1536.000	87.262	9.984	0.000	-90.260
1538.000	87.267	9.528	0.000	-55.802
1540.000	87.264	9.692	0.000	-48.928
1542.000	87.273	9.879	0.000	-68.535
1544.000	87.269	9.330	0.000	-73.036
1546.000	87.282	10.084	0.000	-94.031
1548.000	87.269	10.413	0.000	-72.201
1550.000	87.292	9.102	0.000	-54.225
1552.000	87.275	7.662	0.000	-56.697
1554.000	87.294	8.808	0.000	-103.579
1556.000	87.284	9.997	0.000	-131.968
1558.000	87.299	10.880	0.000	-98.289
1560.000	87.288	9.980	0.000	-79.380
1562.000	87.304	9.361	0.000	-111.073
1564.000	87.297	9.941	0.000	-110.841
1566.000	87.304	11.081	0.000	-103.878
1568.000	87.309	10.889	0.000	-106.524
1570.000	87.307	11.004	0.000	-126.172
1572.000	87.315	10.375	0.000	-136.322
1574.000	87.311	9.422	0.000	-125.583
1576.000	87.324	9.120	0.000	-133.256
1578.000	87.312	10.547	0.000	-119.391
1580.000	87.333	10.595	0.000	-116.030
1582.000	87.318	9.637	0.000	-130.367
1584.000	87.337	10.900	0.000	-126.143
1586.000	87.325	10.685	0.000	-110.644
1588.000	87.344	10.871	0.000	-107.169
1590.000	87.328	10.587	0.000	-114.831
1592.000	87.350	10.113	0.000	-130.269
1594.000	87.337	10.571	0.000	-112.583
1596.000	87.351	10.000	0.000	-123.928
1598.000	87.346	9.254	0.000	-141.033
1600.000	87.356	9.929	0.000	-130.079
1602.000	87.352	10.128	0.000	-140.742
1604.000	87.359	10.015	0.000	-159.170
1606.000	87.362	9.432	0.000	-177.628
1608.000	87.360	10.136	0.000	-172.994
1610.000	87.370	10.349	0.000	-176.593
1612.000	87.366	10.016	0.000	-165.271
1614.000	87.377	9.051	0.000	-146.452
1616.000	87.369	9.946	0.000	-158.396
1618.000	87.387	10.743	0.000	-172.747
1620.000	87.372	10.483	0.000	-158.772
1622.000	87.393	10.674	0.000	-168.892
1624.000	87.379	10.676	0.000	-175.616
1626.000	87.399	11.473	0.000	-170.471
1628.000	87.383	11.507	0.000	-173.598
1630.000	87.407	9.572	0.000	167.582
1632.000	87.388	9.482	0.000	133.387
1634.000	87.411	9.885	0.000	139.858
1636.000	87.396	10.109	0.000	142.992
1638.000	87.417	9.885	0.000	154.250
1640.000	87.400	10.831	0.000	158.219
1642.000	87.424	10.681	0.000	166.860
1644.000	87.409	9.515	0.000	145.313
1646.000	87.426	9.215	0.000	157.035
1648.000	87.417	10.522	0.000	138.988
1650.000	87.432	9.871	0.000	133.044
1652.000	87.422	9.764	0.000	144.821
1654.000	87.436	9.924	0.000	151.540
1656.000	87.432	10.772	0.000	161.924
1658.000	87.440	10.103	0.000	146.203
1660.000	87.438	10.499	0.000	121.824
1662.000	87.447	11.255	0.000	136.476
1664.000	87.445	10.748	0.000	136.557
1666.000	87.449	10.039	0.000	125.963
1668.000	87.454	10.455	0.000	128.759
1670.000	87.454	10.577	0.000	133.327
1672.000	87.459	10.173	0.000	110.818
1674.000	87.460	10.463	0.000	89.742
1676.000	87.467	9.990	0.000	102.799
1678.000	87.463	9.574	0.000	106.453
1680.000	87.474	9.972	0.000	109.225
1682.000	87.471	10.932	0.000	123.239
1684.000	87.480	9.586	0.000	100.107
1686.000	87.475	9.222	0.000	87.290
1688.000	87.488	10.022	0.000	93.312
1690.000	87.480	10.132	0.000	90.635
1692.000	87.493	11.121	0.000	83.674
1694.000	87.487	10.537	0.000	78.476
1696.000	87.500	9.062	0.000	78.697
1698.000	87.491	9.728	0.000	97.575
1700.000	87.507	11.229	0.000	82.739
1702.000	87.499	11.694	0.000	71.415
1704.000	87.512	11.042	0.000	66.149
1706.000	87.504	9.695	0.000	69.513
1708.000	87.520	10.307	0.000	69.722
1710.000	87.509	9.594	0.000	49.490
1712.000	87.524	9.747	0.000	47.791
1714.000	87.516	10.354	0.000	41.905
1716.000	87.531	10.665	0.000	30.925
1718.000	87.521	10.749	0.000	42.779
1720.000	87.537	9.196	0.000	41.996
1722.000	87.529	10.848	0.000	34.731
1724.000	87.542	10.807	0.000	25.735
1726.000	87.534	10.772	0.000	12.198
1728.000	87.549	10.877	0.000	13.389
1730.000	87.540	10.803	0.000	26.584
1732.000	87.553	10.684	0.000	15.094
1734.000	87.548	10.559	0.000	10.994
1736.000	87.559	9.919	0.000	-12.045
1738.000	87.554	9.916	0.000	12.312
1740.000	87.564	9.160	0.000	20.648
1742.000	87.563	10.099	0.000	-8.271
1744.000	87.568	11.004	0.000	-19.402
1746.000	87.569	9.909	0.000	7.416
1748.000	87.574	9.242	0.000	21.636
1750.000	87.577	10.822	0.000	13.422
1752.000	87.577	10.604	0.000	-16.697
1754.000	87.585	9.504	0.000	-9.650
1756.000	87.583	9.282	0.000	29.512
1758.000	87.592	9.583	0.000	-8.902
1760.000	87.587	9.306	0.000	-13.903
1762.000	87.601	9.939	0.000	-21.600
1764.000	87.591	9.905	0.000	-14.918
1766.000	87.607	10.387	0.000	14.529
1768.000	87.597	10.961	0.000	0.677
1770.000	87.616	9.967	0.000	-14.250
1772.000	87.600	9.820	0.000	-23.168
1774.000	87.623	9.649	0.000	-38.468
1776.000	87.606	9.299	0.000	-22.107
1778.000	87.631	8.830	0.000	-30.523
1780.000	87.610	8.298	0.000	-42.660
1782.000	87.639	10.153	0.000	-29.671
1784.000	87.616	9.010	0.000	-24.675
1786.000	87.645	8.660	0.000	-38.876
1788.000	87.621	9.650	0.000	-59.856
1790.000	87.653	9.416	0.000	-13.462
1792.000	87.628	9.894	0.000	-16.922
1794.000	87.657	10.386	0.000	-68.516
1796.000	87.636	10.350	0.000	-78.273
1798.000	87.662	10.107	0.000	-55.865
1800.000	87.643	9.465	0.000	-8.845
1802.000	87.665	8.425	0.000	-29.837
1804.000	87.653	8.542	0.000	-64.696
1806.000	87.669	10.208	0.000	-65.447
1808.000	87.662	10.864	0.000	-47.339
1810.000	87.671	9.926	0.000	-45.212
1812.000	87.673	9.642	0.000	-88.326
1814.000	87.674	8.478	0.000	-50.472
1816.000	87.682	8.095	0.000	-36.135
1818.000	87.677	8.279	0.000	-67.368
1820.000	87.693	9.753	0.000	-106.741
1822.000	87.678	10.886	0.000	-80.715
1824.000	87.703	10.519	0.000	-50.151
1826.000	87.683	10.563	0.000	-62.709
1828.000	87.711	10.178	0.000	-81.088
1830.000	87.687	9.135	0.000	-98.320
1832.000	87.719	9.237	0.000	-85.494
1834.000	87.693	9.587	0.000	-111.715
1836.000	87.724	9.852	0.000	-119.792
1838.000	87.700	9.868	0.000	-104.207
1840.000	87.729	8.394	0.000	-57.339
1842.000	87.710	8.929	0.000	-97.529
1844.000	87.731	9.465	0.000	-83.221
1846.000	87.721	9.232	0.000	-91.509
1848.000	87.733	9.577	0.000	-178.211
1850.000	87.733	9.291	0.000	-149.080
1852.000	87.733	10.298	0.000	-108.520
1854.000	87.746	10.362	0.000	-97.577
1856.000	87.734	10.680	0.000	-110.564
1858.000	87.758	10.135	0.000	-80.812
1860.000	87.735	9.203	0.000	-62.272
1862.000	87.768	8.862	0.000	-118.601
1864.000	87.740	9.948	0.000	-102.267
1866.000	87.774	9.399	0.000	-35.686
1868.000	87.747	10.114	0.000	-64.182
1870.000	87.779	10.579	0.000	-67.586
1872.000	87.758	10.870	0.000	-59.647
1874.000	87.780	10.791	0.000	-95.553
1876.000	87.770	9.813	0.000	-122.095
1878.000	87.781	9.599	0.000	-128.645
1880.000	87.784	9.637	0.000	-120.700
1882.000	87.779	9.902	0.000	-159.727
1884.000	87.797	9.347	0.000	-130.456
1886.000	87.780	9.387	0.000	-163.386
1888.000	87.809	10.257	0.000	-142.472
1890.000	87.783	9.253	0.000	-116.143
1892.000	87.818	9.700	0.000	-166.136
1894.000	87.789	9.500	0.000	161.880
1896.000	87.823	8.347	0.000	139.329
1898.000	87.799	9.043	0.000	-59.547
1900.000	87.824	10.515	0.000	165.368
1902.000	87.814	10.597	0.000	152.918
1904.000	87.822	9.960	0.000	161.976
1906.000	87.829	9.124	0.000	143.605
1908.000	87.820	8.155	0.000	134.966
1910.000	87.844	9.832	0.000	79.352
1912.000	87.820	9.387	0.000	65.548
1914.000	87.855	8.455	0.000	81.332
1916.000	87.824	9.229	0.000	90.299
1918.000	87.861	9.936	0.000	11.606
1920.000	87.834	9.560	0.000	-108.807
1922.000	87.862	8.435	0.000	28.022
1924.000	87.849	9.043	0.000	-34.033
1926.000	87.859	10.207	0.000	-24.020
1928.000	87.866	9.522	0.000	19.704
1930.000	87.855	8.297	0.000	-12.617
1932.000	87.882	8.527	0.000	-36.664
1934.000	87.856	9.360	0.000	-28.397
1936.000	87.893	9.921	0.000	-23.396
1938.000	87.861	9.909	0.000	-1.693
1940.000	87.898	9.506	0.000	-28.010
1942.000	87.874	9.410	0.000	-74.987
1944.000	87.895	9.218	0.000	-63.168
1946.000	87.891	8.375	0.000	-45.003
1948.000	87.891	9.759	0.000	-36.831
1950.000	87.910	10.208	0.000	-33.025
1952.000	87.888	8.746	0.000	-40.904
1954.000	87.923	9.281	0.000	-67.752
1956.000	87.892	10.068	0.000	-60.185
1958.000	87.930	9.343	0.000	-71.178
1960.000	87.903	10.300	0.000	-75.239
1962.000	87.929	11.140	0.000	-76.035
1964.000	87.921	10.300	0.000	-82.451
1966.000	87.924	10.445	0.000	-75.869
1968.000	87.940	10.033	0.000	-55.717
1970.000	87.919	9.681	0.000	-105.282
1972.000	87.955	10.146	0.000	-105.739
1974.000	87.922	9.792	0.000	-114.771
1976.000	87.961	8.918	0.000	-129.371
1978.000	87.935	9.305	0.000	-151.401
1980.000	87.959	10.541	0.000	-149.060
1982.000	87.954	11.337	0.000	-141.688
1984.000	87.952	10.688	0.000	-142.472
1986.000	87.974	9.845	0.000	-159.028
1988.000	87.948	8.252	0.000	-150.271
1990.000	87.988	9.823	0.000	172.679
1992.000	87.954	9.316	0.000	170.801
1994.000	87.991	8.680	0.000	161.235
1996.000	87.970	9.708	0.000	150.695
1998.000	87.985	9.499	0.000	124.875
2000.000	87.992	8.877	0.000	145.764
