2000.000	122.828	11.767	0.000	-135.054
2.000	122.881	11.191	0.000	-138.049
4.000	123.099	12.260	0.000	-123.773
6.000	123.118	12.066	0.000	-122.901
8.000	122.961	11.703	0.000	-119.903
10.000	122.819	11.105	0.000	-125.756
12.000	122.922	12.078	0.000	-166.017
14.000	123.188	12.944	0.000	-160.470
16.000	123.110	12.303	0.000	-134.240
18.000	122.775	13.124	0.000	-131.749
20.000	122.873	13.568	0.000	-162.094
22.000	123.150	12.834	0.000	-163.998
24.000	123.078	12.669	0.000	-156.960
26.000	122.938	12.000	0.000	-170.135
28.000	122.900	12.627	0.000	-169.348
30.000	122.900	12.520	0.000	172.159
32.000	123.104	12.875	0.000	160.622
34.000	123.167	13.357	0.000	-176.343
36.000	122.839	12.713	0.000	169.862
38.000	122.794	13.664	0.000	158.511
40.000	123.137	14.430	0.000	166.212
42.000	123.153	13.659	0.000	165.820
44.000	122.915	13.577	0.000	162.009
46.000	122.848	13.708	0.000	152.260
48.000	122.960	14.136	0.000	152.881
50.000	123.126	13.546	0.000	143.808
52.000	123.090	13.768	0.000	144.737
54.000	122.848	13.690	0.000	138.863
56.000	122.866	13.628	0.000	127.581
58.000	123.084	14.405	0.000	132.691
60.000	123.112	14.753	0.000	134.207
62.000	122.983	13.875	0.000	125.558
64.000	122.830	12.440	0.000	106.863
66.000	122.912	14.514	0.000	105.160
68.000	123.201	15.765	0.000	119.490
70.000	123.095	15.164	0.000	123.384
72.000	122.757	13.933	0.000	111.563
74.000	122.926	14.701	0.000	111.858
76.000	123.154	14.485	0.000	104.927
78.000	123.037	14.736	0.000	100.542
80.000	122.949	14.016	0.000	91.951
82.000	122.888	13.927	0.000	90.664
84.000	122.923	15.086	0.000	83.408
86.000	123.176	15.218	0.000	82.495
88.000	123.084	12.946	0.000	96.560
90.000	122.758	13.132	0.000	82.729
92.000	122.928	14.386	0.000	63.238
94.000	123.177	15.423	0.000	69.451
96.000	123.057	14.585	0.000	82.657
98.000	122.880	13.692	0.000	72.615
100.000	122.864	14.316	0.000	66.758
102.000	123.048	14.204	0.000	70.112
104.000	123.160	14.343	0.000	65.308
106.000	122.940	14.755	0.000	57.711
108.000	122.825	14.360	0.000	51.843
110.000	123.007	13.941	0.000	49.433
112.000	123.101	13.610	0.000	51.671
114.000	123.059	13.212	0.000	53.316
116.000	122.879	12.784	0.000	50.150
118.000	122.826	13.720	0.000	43.577
120.000	123.153	15.257	0.000	49.916
122.000	123.166	15.352	0.000	52.698
124.000	122.798	13.745	0.000	56.495
126.000	122.881	13.680	0.000	40.892
128.000	123.116	14.217	0.000	38.083
130.000	123.056	14.194	0.000	53.963
132.000	122.981	14.373	0.000	58.607
134.000	122.873	13.735	0.000	50.196
136.000	122.914	14.280	0.000	37.308
138.000	123.176	14.865	0.000	37.867
140.000	123.065	15.055	0.000	44.655
142.000	122.783	14.225	0.000	43.871
144.000	122.935	14.791	0.000	25.234
146.000	123.142	15.815	0.000	25.250
148.000	123.071	15.462	0.000	40.318
150.000	122.867	14.948	0.000	37.893
152.000	122.857	15.607	0.000	31.335
154.000	123.106	15.541	0.000	26.764
156.000	123.118	15.119	0.000	28.972
158.000	122.889	14.788	0.000	34.147
160.000	122.880	15.910	0.000	26.891
162.000	123.006	16.831	0.000	18.215
164.000	123.110	17.031	0.000	21.398
166.000	123.040	17.012	0.000	18.688
168.000	122.791	16.546	0.000	4.667
170.000	122.941	17.610	0.000	-2.643
172.000	123.218	18.315	0.000	0.833
174.000	122.996	17.652	0.000	9.418
176.000	122.798	16.849	0.000	0.327
178.000	122.983	17.267	0.000	-8.498
180.000	123.098	17.556	0.000	-4.200
182.000	123.045	17.842	0.000	-6.997
184.000	122.898	17.412	0.000	-12.319
186.000	122.864	17.162	0.000	-12.557
188.000	123.076	17.796	0.000	-18.695
190.000	123.130	18.615	0.000	-16.567
192.000	122.897	17.040	0.000	-12.480
194.000	122.822	16.505	0.000	-28.408
196.000	123.069	18.238	0.000	-29.942
198.000	123.157	18.181	0.000	-21.438
200.000	122.897	16.680	0.000	-27.525
202.000	122.827	17.569	0.000	-32.820
204.000	123.062	18.601	0.000	-29.168
206.000	123.104	18.407	0.000	-29.314
208.000	122.958	17.889	0.000	-32.930
210.000	122.862	17.091	0.000	-36.391
212.000	122.951	18.106	0.000	-37.965
214.000	123.135	18.474	0.000	-37.888
216.000	123.034	18.903	0.000	-41.186
218.000	122.804	17.313	0.000	-47.860
220.000	122.939	18.245	0.000	-50.561
222.000	123.160	19.387	0.000	-48.271
224.000	123.030	19.153	0.000	-48.685
226.000	122.803	18.028	0.000	-62.002
228.000	122.949	19.074	0.000	-64.335
230.000	123.136	19.483	0.000	-58.553
232.000	123.007	18.371	0.000	-59.440
234.000	122.882	18.364	0.000	-64.128
236.000	122.908	17.991	0.000	-69.025
238.000	123.049	18.635	0.000	-73.858
240.000	123.130	19.235	0.000	-66.431
242.000	122.862	18.127	0.000	-67.925
244.000	122.826	18.666	0.000	-77.168
246.000	123.157	20.495	0.000	-75.347
248.000	123.075	19.980	0.000	-73.080
250.000	122.840	18.441	0.000	-79.750
252.000	122.907	18.841	0.000	-83.158
254.000	123.055	20.277	0.000	-80.216
256.000	123.095	20.290	0.000	-83.132
258.000	122.898	19.377	0.000	-85.325
260.000	122.848	19.813	0.000	-89.647
262.000	123.068	20.347	0.000	-90.444
264.000	123.087	20.160	0.000	-91.307
266.000	122.929	19.346	0.000	-94.702
268.000	122.825	19.634	0.000	-107.028
270.000	123.032	21.607	0.000	-108.026
272.000	123.177	21.910	0.000	-100.797
274.000	122.853	20.875	0.000	-105.671
276.000	122.842	21.705	0.000	-119.388
278.000	123.110	22.601	0.000	-119.782
280.000	123.032	22.005	0.000	-119.843
282.000	122.945	22.730	0.000	-125.934
284.000	122.868	23.210	0.000	-134.540
286.000	122.970	24.065	0.000	-146.586
288.000	123.171	25.741	0.000	-149.561
290.000	122.911	25.459	0.000	-152.651
292.000	122.801	26.112	0.000	-173.934
294.000	123.077	28.881	0.000	178.251
296.000	123.096	29.793	0.000	176.448
298.000	122.908	30.072	0.000	158.335
300.000	122.835	32.332	0.000	139.412
302.000	123.047	34.559	0.000	129.276
304.000	123.107	35.734	0.000	115.598
306.000	122.886	36.437	0.000	98.511
308.000	122.877	37.827	0.000	78.723
310.000	123.007	39.624	0.000	62.180
312.000	123.095	40.762	0.000	51.442
314.000	122.953	40.637	0.000	38.645
316.000	122.782	41.080	0.000	16.726
318.000	123.072	43.120	0.000	4.016
320.000	123.132	43.656	0.000	0.460
322.000	122.837	42.910	0.000	-13.727
324.000	122.881	44.700	0.000	-33.254
326.000	123.061	46.239	0.000	-38.975
328.000	123.054	46.224	0.000	-49.902
330.000	122.905	46.660	0.000	-67.996
332.000	122.857	47.041	0.000	-82.182
334.000	123.036	47.707	0.000	-98.788
336.000	123.097	48.285	0.000	-106.633
338.000	122.882	46.906	0.000	-115.753
340.000	122.825	46.920	0.000	-139.843
342.000	123.107	48.250	0.000	-145.442
344.000	123.074	47.139	0.000	-148.812
346.000	122.812	45.999	0.000	-167.489
348.000	122.921	46.684	0.000	-179.387
350.000	123.071	46.665	0.000	173.766
352.000	123.025	46.014	0.000	165.150
354.000	122.869	45.001	0.000	153.870
356.000	122.880	44.851	0.000	139.765
358.000	123.093	45.138	0.000	132.668
360.000	123.031	44.324	0.000	127.003
362.000	122.832	42.916	0.000	114.180
364.000	122.898	42.818	0.000	96.365
366.000	123.122	43.128	0.000	89.558
368.000	123.011	41.251	0.000	83.554
370.000	122.770	38.939	0.000	57.926
372.000	123.008	38.731	0.000	41.263
374.000	123.083	36.339	0.000	28.766
376.000	122.929	32.592	0.000	-5.333
378.000	122.885	30.231	0.000	-56.280
380.000	122.913	31.754	0.000	-121.223
382.000	123.128	35.441	0.000	-150.330
384.000	122.959	36.653	0.000	-166.051
386.000	122.770	38.319	0.000	164.414
388.000	123.060	41.249	0.000	152.527
390.000	123.074	41.777	0.000	148.209
392.000	122.881	41.689	0.000	130.988
394.000	122.849	43.155	0.000	114.169
396.000	123.042	44.300	0.000	105.590
398.000	123.066	44.465	0.000	96.418
400.000	122.845	44.185	0.000	83.102
402.000	122.896	44.579	0.000	67.823
404.000	123.029	45.313	0.000	57.329
406.000	123.053	45.272	0.000	51.079
408.000	122.850	44.217	0.000	39.438
410.000	122.850	44.612	0.000	21.350
412.000	123.149	45.559	0.000	16.369
414.000	122.967	44.278	0.000	11.528
416.000	122.799	43.417	0.000	-8.743
418.000	122.987	44.382	0.000	-18.353
420.000	123.053	43.715	0.000	-23.039
422.000	122.949	42.580	0.000	-36.708
424.000	122.833	41.947	0.000	-48.262
426.000	122.965	41.377	0.000	-60.780
428.000	123.088	41.301	0.000	-67.741
430.000	122.913	39.560	0.000	-70.587
432.000	122.799	37.994	0.000	-88.896
434.000	123.056	38.679	0.000	-93.128
436.000	123.069	37.203	0.000	-91.142
438.000	122.808	35.211	0.000	-103.628
440.000	122.910	35.348	0.000	-110.174
442.000	123.050	34.859	0.000	-111.355
444.000	122.995	33.873	0.000	-115.722
446.000	122.842	32.527	0.000	-123.592
448.000	122.902	32.310	0.000	-131.384
450.000	123.087	32.423	0.000	-131.546
452.000	122.958	31.151	0.000	-132.239
454.000	122.810	29.950	0.000	-140.549
456.000	122.955	30.574	0.000	-147.801
458.000	123.116	30.840	0.000	-143.613
460.000	122.863	29.251	0.000	-147.332
462.000	122.828	29.894	0.000	-160.258
464.000	123.076	30.802	0.000	-158.252
466.000	122.975	29.894	0.000	-164.434
468.000	122.893	29.994	0.000	-176.928
470.000	122.855	29.760	0.000	172.744
472.000	123.044	30.221	0.000	161.983
474.000	123.040	29.640	0.000	159.062
476.000	122.764	27.383	0.000	144.044
478.000	122.964	28.133	0.000	129.152
480.000	123.078	27.566	0.000	130.651
482.000	122.903	24.836	0.000	124.890
484.000	122.817	23.859	0.000	113.325
486.000	123.012	23.904	0.000	108.661
488.000	123.042	22.791	0.000	103.523
490.000	122.846	20.964	0.000	95.928
492.000	122.879	19.474	0.000	91.145
494.000	123.010	19.404	0.000	87.692
496.000	123.032	19.299	0.000	90.548
498.000	122.800	17.508	0.000	84.223
500.000	122.902	17.873	0.000	80.388
502.000	123.112	18.352	0.000	88.024
504.000	122.887	16.212	0.000	84.189
506.000	122.818	14.792	0.000	79.418
508.000	123.008	16.539	0.000	75.526
510.000	123.020	15.884	0.000	72.576
512.000	122.861	15.150	0.000	76.771
514.000	122.862	14.621	0.000	70.856
516.000	123.010	14.633	0.000	63.383
518.000	123.027	14.401	0.000	72.100
520.000	122.785	12.838	0.000	73.180
522.000	122.916	13.669	0.000	55.243
524.000	123.102	13.356	0.000	69.616
526.000	122.860	10.939	0.000	55.136
528.000	122.842	11.139	0.000	59.345
530.000	122.989	11.798	0.000	60.005
532.000	123.022	12.142	0.000	50.495
534.000	122.839	11.897	0.000	51.753
536.000	122.868	11.178	0.000	58.519
538.000	123.037	10.978	0.000	57.557
540.000	122.964	10.723	0.000	62.885
542.000	122.806	10.673	0.000	57.670
544.000	122.918	11.158	0.000	32.085
546.000	123.104	12.029	0.000	54.071
548.000	122.818	11.525	0.000	64.848
550.000	122.857	10.026	0.000	46.595
552.000	123.031	9.421	0.000	50.369
554.000	122.953	10.134	0.000	22.598
556.000	122.853	9.818	0.000	-3.864
558.000	122.864	10.189	0.000	6.512
560.000	123.066	10.566	0.000	51.986
562.000	122.914	10.705	0.000	39.920
564.000	122.784	9.307	0.000	50.338
566.000	123.000	10.580	0.000	-47.227
568.000	123.027	10.472	0.000	8.144
570.000	122.796	10.110	0.000	85.072
572.000	122.892	10.426	0.000	106.476
574.000	123.031	10.787	0.000	97.063
576.000	122.919	10.320	0.000	47.080
578.000	122.818	11.432	0.000	36.683
580.000	122.932	11.388	0.000	108.550
582.000	123.043	11.171	0.000	97.210
584.000	122.842	9.520	0.000	91.697
586.000	122.825	9.950	0.000	135.845
588.000	123.042	9.942	0.000	105.383
590.000	122.958	9.646	0.000	104.176
592.000	122.763	8.872	0.000	71.974
594.000	122.980	9.059	0.000	96.123
596.000	122.992	9.427	0.000	87.438
598.000	122.866	10.066	0.000	95.436
600.000	122.838	9.874	0.000	110.767
602.000	122.978	11.043	0.000	75.187
604.000	123.011	11.473	0.000	64.054
606.000	122.752	10.126	0.000	75.381
608.000	122.944	10.331	0.000	68.899
610.000	123.029	10.115	0.000	104.584
612.000	122.842	10.609	0.000	85.832
614.000	122.825	10.045	0.000	68.015
616.000	123.014	8.969	0.000	84.555
618.000	122.942	10.195	0.000	83.346
620.000	122.808	10.781	0.000	62.433
622.000	122.902	11.053	0.000	69.864
624.000	123.015	10.856	0.000	63.184
626.000	122.881	10.598	0.000	41.294
628.000	122.780	9.957	0.000	27.055
630.000	123.036	11.021	0.000	81.878
632.000	122.945	10.129	0.000	80.209
634.000	122.773	10.266	0.000	60.658
636.000	122.938	9.949	0.000	39.289
638.000	122.997	9.465	0.000	19.316
640.000	122.845	10.055	0.000	29.509
642.000	122.835	10.759	0.000	57.779
644.000	122.967	11.712	0.000	52.597
646.000	122.985	11.730	0.000	88.820
648.000	122.748	9.913	0.000	122.432
650.000	122.941	11.212	0.000	6.108
652.000	123.020	11.019	0.000	25.093
654.000	122.804	9.744	0.000	-53.828
656.000	122.848	9.192	0.000	45.787
658.000	122.993	10.045	0.000	66.951
660.000	122.922	11.099	0.000	59.671
662.000	122.784	11.785	0.000	37.539
664.000	122.934	11.457	0.000	35.538
666.000	122.984	11.938	0.000	20.183
668.000	122.837	11.022	0.000	39.695
670.000	122.802	9.293	0.000	84.229
672.000	123.057	9.627	0.000	45.331
674.000	122.861	10.786	0.000	62.548
676.000	122.796	10.919	0.000	61.140
678.000	122.965	10.873	0.000	50.421
680.000	122.945	11.161	0.000	55.755
682.000	122.813	10.766	0.000	45.841
684.000	122.855	10.255	0.000	51.354
686.000	123.001	9.108	0.000	59.716
688.000	122.875	9.680	0.000	19.734
690.000	122.765	10.350	0.000	51.198
692.000	123.007	9.890	0.000	69.836
694.000	122.928	9.499	0.000	61.954
696.000	122.769	10.600	0.000	35.342
698.000	122.923	11.668	0.000	50.744
700.000	122.964	11.395	0.000	73.411
702.000	122.835	10.207	0.000	64.899
704.000	122.814	11.766	0.000	58.177
706.000	122.991	12.293	0.000	65.594
708.000	122.894	11.889	0.000	70.414
710.000	122.774	12.037	0.000	77.828
712.000	122.929	11.866	0.000	59.069
714.000	122.996	11.356	0.000	62.104
716.000	122.738	12.083	0.000	51.014
718.000	122.920	13.284	0.000	41.379
720.000	122.946	14.484	0.000	48.253
722.000	122.860	14.362	0.000	44.022
724.000	122.790	14.027	0.000	43.134
726.000	122.967	14.677	0.000	41.413
728.000	122.927	14.599	0.000	38.502
730.000	122.752	14.871	0.000	29.264
732.000	122.919	15.776	0.000	35.624
734.000	122.978	15.123	0.000	49.333
736.000	122.765	15.176	0.000	35.512
738.000	122.870	15.957	0.000	34.872
740.000	122.966	16.367	0.000	38.305
742.000	122.848	17.096	0.000	33.931
744.000	122.789	17.206	0.000	29.294
746.000	122.947	18.199	0.000	33.818
748.000	122.929	18.443	0.000	36.482
750.000	122.753	18.529	0.000	28.727
752.000	122.898	19.300	0.000	25.715
754.000	122.981	19.907	0.000	29.794
756.000	122.759	19.473	0.000	28.548
758.000	122.863	20.453	0.000	24.154
760.000	122.966	20.337	0.000	29.784
762.000	122.831	21.098	0.000	20.316
764.000	122.799	21.553	0.000	18.680
766.000	122.925	22.680	0.000	16.532
768.000	122.943	23.277	0.000	22.889
770.000	122.723	22.970	0.000	15.929
772.000	122.928	24.989	0.000	14.103
774.000	122.942	24.813	0.000	20.123
776.000	122.769	24.679	0.000	14.456
778.000	122.847	26.027	0.000	12.496
780.000	122.968	26.474	0.000	14.780
782.000	122.812	26.823	0.000	12.837
784.000	122.799	27.566	0.000	8.681
786.000	122.932	28.908	0.000	8.521
788.000	122.905	29.103	0.000	12.490
790.000	122.732	29.310	0.000	4.509
792.000	122.929	31.184	0.000	4.235
794.000	122.931	31.272	0.000	8.923
796.000	122.741	31.542	0.000	0.900
798.000	122.884	33.538	0.000	-0.028
800.000	122.935	33.792	0.000	2.341
802.000	122.799	34.456	0.000	-2.980
804.000	122.804	35.453	0.000	-4.729
806.000	122.946	37.242	0.000	-6.796
808.000	122.866	37.662	0.000	-3.194
810.000	122.734	38.733	0.000	-15.282
812.000	122.966	41.131	0.000	-12.428
814.000	122.869	41.057	0.000	-14.238
816.000	122.751	42.730	0.000	-25.414
818.000	122.897	44.539	0.000	-28.275
820.000	122.917	45.702	0.000	-34.113
822.000	122.766	46.521	0.000	-45.419
824.000	122.834	48.108	0.000	-58.804
826.000	122.946	49.015	0.000	-65.808
828.000	122.803	48.627	0.000	-75.531
830.000	122.772	49.256	0.000	-91.254
832.000	122.972	50.508	0.000	-94.292
834.000	122.815	49.646	0.000	-101.077
836.000	122.761	50.524	0.000	-119.080
838.000	122.938	51.037	0.000	-121.604
840.000	122.849	50.212	0.000	-132.195
842.000	122.773	50.141	0.000	-141.170
844.000	122.855	50.254	0.000	-150.827
846.000	122.944	50.626	0.000	-152.635
848.000	122.724	49.357	0.000	-162.044
850.000	122.863	50.541	0.000	-174.381
852.000	122.935	50.200	0.000	-173.825
854.000	122.760	48.775	0.000	170.627
856.000	122.807	48.834	0.000	159.572
858.000	122.942	47.507	0.000	154.305
860.000	122.791	44.952	0.000	148.002
862.000	122.784	42.031	0.000	147.939
864.000	122.904	40.133	0.000	168.011
866.000	122.870	40.322	0.000	-159.681
868.000	122.713	43.869	0.000	-151.341
870.000	122.934	47.790	0.000	-148.525
872.000	122.863	49.028	0.000	-150.827
874.000	122.734	50.766	0.000	-167.630
876.000	122.881	52.968	0.000	-171.660
878.000	122.889	53.219	0.000	-178.233
880.000	122.753	54.349	0.000	170.252
882.000	122.825	55.446	0.000	160.868
884.000	122.922	57.145	0.000	153.645
886.000	122.767	56.881	0.000	145.224
888.000	122.787	58.718	0.000	123.340
890.000	122.955	59.247	0.000	121.032
892.000	122.756	58.075	0.000	101.107
894.000	122.787	58.499	0.000	86.269
896.000	122.912	58.065	0.000	77.354
898.000	122.813	56.873	0.000	68.507
900.000	122.753	56.016	0.000	55.766
902.000	122.893	55.823	0.000	50.517
904.000	122.858	54.823	0.000	47.951
906.000	122.713	53.596	0.000	38.593
908.000	122.902	54.279	0.000	34.265
910.000	122.867	53.183	0.000	37.071
912.000	122.719	52.358	0.000	25.523
914.000	122.871	52.935	0.000	26.141
916.000	122.870	52.145	0.000	25.010
918.000	122.747	51.992	0.000	20.221
920.000	122.815	52.400	0.000	16.439
922.000	122.907	53.259	0.000	15.748
924.000	122.745	52.810	0.000	11.206
926.000	122.794	54.423	0.000	-3.288
928.000	122.928	54.932	0.000	-2.831
930.000	122.738	53.915	0.000	-20.432
932.000	122.794	54.592	0.000	-32.381
934.000	122.896	53.876	0.000	-41.123
936.000	122.780	52.754	0.000	-51.152
938.000	122.761	51.703	0.000	-63.685
940.000	122.887	51.390	0.000	-67.846
942.000	122.818	49.911	0.000	-71.079
944.000	122.716	49.058	0.000	-81.832
946.000	122.917	49.544	0.000	-85.453
948.000	122.802	48.208	0.000	-87.668
950.000	122.734	47.821	0.000	-104.007
952.000	122.880	47.941	0.000	-106.561
954.000	122.824	46.543	0.000	-118.298
956.000	122.736	45.773	0.000	-130.387
958.000	122.838	44.905	0.000	-144.052
960.000	122.875	44.050	0.000	-150.365
962.000	122.699	41.605	0.000	-167.384
964.000	122.862	41.470	0.000	176.562
966.000	122.857	39.551	0.000	169.493
968.000	122.722	37.658	0.000	145.663
970.000	122.824	37.204	0.000	131.050
972.000	122.872	36.234	0.000	115.535
974.000	122.724	35.487	0.000	97.263
976.000	122.809	35.856	0.000	80.913
978.000	122.871	36.217	0.000	74.787
980.000	122.744	35.855	0.000	66.793
982.000	122.773	37.337	0.000	57.779
984.000	122.912	38.407	0.000	61.788
986.000	122.711	38.698	0.000	54.938
988.000	122.800	41.233	0.000	51.144
990.000	122.865	42.388	0.000	50.825
992.000	122.754	43.765	0.000	41.633
994.000	122.759	45.359	0.000	33.292
996.000	122.880	47.246	0.000	26.170
998.000	122.764	47.517	0.000	21.245
1000.000	122.731	49.083	0.000	2.360
1002.000	122.913	50.359	0.000	2.761
1004.000	122.733	49.659	0.000	-11.081
1006.000	122.761	50.828	0.000	-21.479
1008.000	122.866	51.064	0.000	-27.371
1010.000	122.771	50.899	0.000	-34.029
1012.000	122.733	51.135	0.000	-45.156
1014.000	122.870	51.951	0.000	-48.046
1016.000	122.784	51.605	0.000	-52.624
1018.000	122.706	51.965	0.000	-64.444
1020.000	122.899	53.413	0.000	-67.628
1022.000	122.756	52.603	0.000	-72.435
1024.000	122.735	53.481	0.000	-88.034
1026.000	122.862	53.640	0.000	-89.512
1028.000	122.776	53.108	0.000	-100.402
1030.000	122.724	52.899	0.000	-108.417
1032.000	122.851	53.267	0.000	-116.236
1034.000	122.799	52.650	0.000	-116.770
1036.000	122.695	52.050	0.000	-129.406
1038.000	122.885	52.996	0.000	-129.082
1040.000	122.762	51.732	0.000	-131.755
1042.000	122.725	52.272	0.000	-141.234
1044.000	122.852	52.557	0.000	-141.334
1046.000	122.779	52.357	0.000	-146.203
1048.000	122.720	52.500	0.000	-153.979
1050.000	122.838	53.476	0.000	-158.948
1052.000	122.800	53.202	0.000	-161.783
1054.000	122.690	53.304	0.000	-175.018
1056.000	122.874	54.464	0.000	179.777
1058.000	122.765	53.650	0.000	174.599
1060.000	122.719	53.873	0.000	157.060
1062.000	122.844	54.147	0.000	153.995
1064.000	122.776	52.975	0.000	142.589
1066.000	122.716	52.515	0.000	132.992
1068.000	122.828	52.156	0.000	123.438
1070.000	122.802	51.383	0.000	122.540
1072.000	122.681	49.900	0.000	109.037
1074.000	122.873	50.400	0.000	109.133
1076.000	122.754	48.438	0.000	106.517
1078.000	122.719	48.255	0.000	98.439
1080.000	122.835	47.979	0.000	97.981
1082.000	122.773	47.252	0.000	95.005
1084.000	122.708	46.731	0.000	87.726
1086.000	122.834	46.962	0.000	85.609
1088.000	122.780	46.187	0.000	84.786
1090.000	122.686	45.696	0.000	76.248
1092.000	122.871	46.564	0.000	75.502
1094.000	122.738	45.403	0.000	73.762
1096.000	122.723	46.011	0.000	63.800
1098.000	122.838	46.222	0.000	63.733
1100.000	122.748	45.916	0.000	54.396
1102.000	122.715	45.927	0.000	45.326
1104.000	122.841	46.349	0.000	36.565
1106.000	122.747	45.507	0.000	32.276
1108.000	122.709	45.100	0.000	15.725
1110.000	122.861	45.451	0.000	15.113
1112.000	122.713	43.724	0.000	5.966
1114.000	122.737	44.083	0.000	-3.008
1116.000	122.836	43.658	0.000	-6.492
1118.000	122.720	43.164	0.000	-13.553
1120.000	122.734	43.261	0.000	-23.972
1122.000	122.835	43.827	0.000	-27.188
1124.000	122.717	43.140	0.000	-35.095
1126.000	122.736	43.998	0.000	-48.294
1128.000	122.845	44.758	0.000	-51.763
1130.000	122.690	44.172	0.000	-65.304
1132.000	122.763	45.685	0.000	-78.276
1134.000	122.816	45.397	0.000	-85.831
1136.000	122.708	45.572	0.000	-102.232
1138.000	122.742	45.596	0.000	-116.809
1140.000	122.841	46.159	0.000	-125.940
1142.000	122.674	44.691	0.000	-139.642
1144.000	122.786	45.343	0.000	-154.762
1146.000	122.806	44.138	0.000	-157.895
1148.000	122.682	42.761	0.000	-174.348
1150.000	122.786	42.374	0.000	-178.866
1152.000	122.796	40.871	0.000	179.609
1154.000	122.685	39.610	0.000	178.482
1156.000	122.783	39.746	0.000	-176.631
1158.000	122.801	40.029	0.000	-167.676
1160.000	122.661	40.895	0.000	-170.122
1162.000	122.825	43.287	0.000	-169.539
1164.000	122.757	43.684	0.000	-170.560
1166.000	122.685	45.248	0.000	176.359
1168.000	122.821	46.518	0.000	175.158
1170.000	122.737	46.731	0.000	165.396
1172.000	122.701	47.621	0.000	156.871
1174.000	122.814	48.749	0.000	148.008
1176.000	122.737	48.787	0.000	144.131
1178.000	122.699	49.390	0.000	126.892
1180.000	122.830	50.244	0.000	126.186
1182.000	122.702	49.272	0.000	114.386
1184.000	122.729	50.094	0.000	105.682
1186.000	122.808	50.027	0.000	100.939
1188.000	122.707	49.814	0.000	93.297
1190.000	122.722	50.362	0.000	83.053
1192.000	122.824	50.779	0.000	79.800
1194.000	122.678	50.156	0.000	69.296
1196.000	122.751	50.897	0.000	57.257
1198.000	122.813	50.871	0.000	54.834
1200.000	122.656	49.888	0.000	39.094
1202.000	122.797	50.524	0.000	33.438
1204.000	122.764	49.141	0.000	25.911
1206.000	122.686	48.517	0.000	17.121
1208.000	122.778	48.104	0.000	8.616
1210.000	122.781	47.377	0.000	8.023
1212.000	122.660	45.962	0.000	-3.729
1214.000	122.819	46.102	0.000	-4.909
1216.000	122.727	44.247	0.000	-7.746
1218.000	122.691	43.653	0.000	-16.583
1220.000	122.815	42.582	0.000	-15.969
1222.000	122.706	40.697	0.000	-18.588
1224.000	122.708	39.006	0.000	-16.297
1226.000	122.813	37.974	0.000	-3.730
1228.000	122.688	37.152	0.000	13.525
1230.000	122.729	39.665	0.000	25.479
1232.000	122.807	41.786	0.000	33.079
1234.000	122.666	43.424	0.000	24.319
1236.000	122.771	45.869	0.000	19.519
1238.000	122.763	46.148	0.000	11.890
1240.000	122.689	47.142	0.000	0.768
1242.000	122.755	47.755	0.000	-10.046
1244.000	122.779	48.196	0.000	-14.475
1246.000	122.657	47.693	0.000	-29.870
1248.000	122.802	48.623	0.000	-35.181
1250.000	122.728	47.345	0.000	-42.773
1252.000	122.687	47.372	0.000	-55.286
1254.000	122.798	46.963	0.000	-59.098
1256.000	122.709	45.987	0.000	-65.908
1258.000	122.696	45.436	0.000	-74.116
1260.000	122.810	45.174	0.000	-75.162
1262.000	122.676	43.918	0.000	-78.972
1264.000	122.728	44.096	0.000	-84.897
1266.000	122.804	44.017	0.000	-81.883
1268.000	122.648	43.236	0.000	-91.083
1270.000	122.786	43.984	0.000	-92.192
1272.000	122.741	43.029	0.000	-97.419
1274.000	122.680	42.798	0.000	-104.258
1276.000	122.777	42.616	0.000	-110.976
1278.000	122.737	41.819	0.000	-112.258
1280.000	122.674	40.663	0.000	-122.133
1282.000	122.799	40.756	0.000	-121.448
1284.000	122.698	38.972	0.000	-123.065
1286.000	122.711	38.759	0.000	-126.981
1288.000	122.780	37.806	0.000	-124.996
1290.000	122.692	36.858	0.000	-124.112
1292.000	122.715	36.550	0.000	-125.036
1294.000	122.790	36.597	0.000	-118.864
1296.000	122.657	35.938	0.000	-117.425
1298.000	122.760	37.069	0.000	-115.850
1300.000	122.760	37.523	0.000	-110.995
1302.000	122.659	38.136	0.000	-119.986
1304.000	122.786	39.140	0.000	-119.577
1306.000	122.717	38.970	0.000	-127.540
1308.000	122.681	39.042	0.000	-134.092
1310.000	122.790	39.494	0.000	-140.805
1312.000	122.691	38.500	0.000	-143.271
1314.000	122.708	38.468	0.000	-153.977
1316.000	122.787	38.130	0.000	-151.044
1318.000	122.666	37.076	0.000	-159.047
1320.000	122.741	37.318	0.000	-160.167
1322.000	122.760	36.745	0.000	-161.453
1324.000	122.664	36.278	0.000	-166.421
1326.000	122.760	36.536	0.000	-169.672
1328.000	122.743	35.923	0.000	-170.313
1330.000	122.652	35.404	0.000	-177.704
1332.000	122.810	35.886	0.000	-177.521
1334.000	122.675	34.628	0.000	179.682
1336.000	122.713	34.929	0.000	174.525
1338.000	122.773	34.389	0.000	174.802
1340.000	122.670	33.851	0.000	169.833
1342.000	122.731	33.732	0.000	166.991
1344.000	122.767	33.546	0.000	166.474
1346.000	122.647	32.496	0.000	160.947
1348.000	122.785	33.165	0.000	159.786
1350.000	122.707	31.736	0.000	158.770
1352.000	122.684	31.459	0.000	152.295
1354.000	122.775	30.712	0.000	155.157
1356.000	122.690	29.771	0.000	154.449
1358.000	122.699	29.279	0.000	152.146
1360.000	122.782	29.125	0.000	155.974
1362.000	122.656	28.380	0.000	155.921
1364.000	122.746	28.936	0.000	156.210
1366.000	122.750	28.599	0.000	161.151
1368.000	122.652	28.179	0.000	155.102
1370.000	122.784	28.713	0.000	162.316
1372.000	122.698	28.167	0.000	162.052
1374.000	122.684	28.608	0.000	162.543
1376.000	122.790	29.382	0.000	162.701
1378.000	122.660	29.088	0.000	162.309
1380.000	122.737	30.127	0.000	157.946
1382.000	122.751	30.160	0.000	160.841
1384.000	122.661	30.475	0.000	153.004
1386.000	122.761	31.094	0.000	152.656
1388.000	122.718	30.891	0.000	150.522
1390.000	122.677	31.104	0.000	145.187
1392.000	122.768	31.838	0.000	141.333
1394.000	122.696	31.579	0.000	139.375
1396.000	122.693	32.018	0.000	130.507
1398.000	122.783	32.290	0.000	129.466
1400.000	122.645	31.766	0.000	122.073
1402.000	122.757	32.699	0.000	118.029
1404.000	122.730	32.277	0.000	114.176
1406.000	122.662	32.351	0.000	107.199
1408.000	122.776	32.799	0.000	99.778
1410.000	122.692	32.487	0.000	97.472
1412.000	122.693	32.607	0.000	82.847
1414.000	122.775	32.549	0.000	81.509
1416.000	122.659	31.590	0.000	68.486
1418.000	122.740	31.526	0.000	61.339
1420.000	122.736	30.345	0.000	54.802
1422.000	122.667	29.427	0.000	44.983
1424.000	122.758	29.012	0.000	40.046
1426.000	122.714	27.719	0.000	36.726
1428.000	122.666	26.630	0.000	28.031
1430.000	122.797	26.038	0.000	26.265
1432.000	122.649	24.298	0.000	20.725
1434.000	122.741	24.224	0.000	15.593
1436.000	122.743	22.787	0.000	15.314
1438.000	122.654	21.588	0.000	10.949
1440.000	122.771	20.927	0.000	6.608
1442.000	122.700	20.591	0.000	9.124
1444.000	122.683	19.634	0.000	3.101
1446.000	122.777	18.695	0.000	5.588
1448.000	122.658	17.154	0.000	3.580
1450.000	122.737	16.958	0.000	6.321
1452.000	122.736	16.339	0.000	3.928
1454.000	122.667	16.355	0.000	0.011
1456.000	122.755	15.405	0.000	0.568
1458.000	122.710	14.374	0.000	3.907
1460.000	122.674	13.678	0.000	0.982
1462.000	122.784	13.878	0.000	-3.907
1464.000	122.653	12.549	0.000	-14.654
1466.000	122.743	12.244	0.000	-0.073
1468.000	122.727	11.938	0.000	4.792
1470.000	122.671	12.170	0.000	0.979
1472.000	122.758	11.834	0.000	-1.475
1474.000	122.697	11.847	0.000	-10.654
1476.000	122.702	11.364	0.000	-19.406
1478.000	122.758	11.230	0.000	-4.903
1480.000	122.668	10.442	0.000	-7.052
1482.000	122.736	10.011	0.000	1.570
1484.000	122.730	8.899	0.000	-0.423
1486.000	122.669	9.189	0.000	-4.655
1488.000	122.764	9.859	0.000	-15.157
1490.000	122.688	9.878	0.000	20.316
1492.000	122.703	9.759	0.000	-64.422
1494.000	122.762	9.683	0.000	-52.662
1496.000	122.654	9.594	0.000	-43.742
1498.000	122.760	8.542	0.000	-101.284
1500.000	122.704	8.162	0.000	-149.495
1502.000	122.685	9.207	0.000	-148.475
1504.000	122.766	9.599	0.000	125.564
1506.000	122.672	7.986	0.000	-140.238
1508.000	122.728	8.181	0.000	-94.561
1510.000	122.743	9.252	0.000	-78.749
1512.000	122.661	8.784	0.000	-120.508
1514.000	122.764	8.769	0.000	179.765
1516.000	122.698	9.042	0.000	140.906
1518.000	122.688	10.033	0.000	162.431
1520.000	122.777	10.593	0.000	140.116
1522.000	122.648	10.090	0.000	153.365
1524.000	122.760	8.395	0.000	177.343
1526.000	122.706	9.568	0.000	175.600
1528.000	122.699	8.188	0.000	165.235
1530.000	122.748	9.421	0.000	-176.756
1532.000	122.692	9.473	0.000	-158.653
1534.000	122.714	10.153	0.000	-171.431
1536.000	122.750	11.083	0.000	161.712
1538.000	122.663	10.268	0.000	145.664
1540.000	122.767	10.572	0.000	159.739
1542.000	122.691	9.590	0.000	168.845
1544.000	122.704	9.743	0.000	154.256
1546.000	122.758	10.816	0.000	165.332
1548.000	122.662	10.607	0.000	172.759
1550.000	122.753	10.714	0.000	164.078
1552.000	122.715	11.133	0.000	157.426
1554.000	122.684	12.202	0.000	156.714
1556.000	122.771	11.665	0.000	169.102
1558.000	122.669	10.900	0.000	167.841
1560.000	122.738	12.451	0.000	170.003
1562.000	122.731	12.759	0.000	160.033
1564.000	122.675	11.921	0.000	144.998
1566.000	122.766	11.997	0.000	153.035
1568.000	122.685	12.345	0.000	149.207
1570.000	122.719	12.348	0.000	149.548
1572.000	122.754	12.404	0.000	153.636
1574.000	122.664	11.503	0.000	135.813
1576.000	122.765	12.434	0.000	129.217
1578.000	122.694	12.764	0.000	136.780
1580.000	122.707	13.114	0.000	129.099
1582.000	122.757	11.867	0.000	127.943
1584.000	122.671	12.297	0.000	140.941
1586.000	122.756	11.994	0.000	137.255
1588.000	122.710	12.353	0.000	133.638
1590.000	122.696	13.530	0.000	132.963
1592.000	122.763	11.401	0.000	121.409
1594.000	122.673	11.623	0.000	123.164
1596.000	122.746	11.833	0.000	131.640
1598.000	122.727	11.902	0.000	133.284
1600.000	122.686	12.224	0.000	113.011
1602.000	122.766	13.054	0.000	118.113
1604.000	122.681	11.870	0.000	113.602
1606.000	122.738	12.047	0.000	102.887
1608.000	122.732	13.011	0.000	120.553
1610.000	122.684	13.572	0.000	121.769
1612.000	122.764	13.015	0.000	108.766
1614.000	122.695	11.606	0.000	105.330
1616.000	122.716	12.252	0.000	96.008
1618.000	122.762	12.565	0.000	98.973
1620.000	122.661	13.026	0.000	106.469
1622.000	122.780	13.313	0.000	107.144
1624.000	122.687	12.406	0.000	98.876
1626.000	122.722	12.543	0.000	100.114
1628.000	122.754	12.630	0.000	104.478
1630.000	122.674	13.007	0.000	93.986
1632.000	122.765	13.749	0.000	92.397
1634.000	122.704	13.803	0.000	88.270
1636.000	122.708	13.727	0.000	84.683
1638.000	122.766	13.604	0.000	88.507
1640.000	122.665	13.550	0.000	88.712
1642.000	122.770	12.403	0.000	96.187
1644.000	122.702	12.580	0.000	96.378
1646.000	122.715	11.738	0.000	81.776
1648.000	122.762	12.323	0.000	82.487
1650.000	122.680	12.495	0.000	80.141
1652.000	122.757	13.411	0.000	81.537
1654.000	122.715	12.864	0.000	79.725
1656.000	122.702	12.734	0.000	69.223
1658.000	122.772	13.169	0.000	72.597
1660.000	122.668	12.754	0.000	68.096
1662.000	122.771	13.314	0.000	67.610
1664.000	122.707	13.789	0.000	60.706
1666.000	122.714	13.525	0.000	58.187
1668.000	122.758	12.365	0.000	65.557
1670.000	122.685	11.118	0.000	60.846
1672.000	122.754	12.603	0.000	57.610
1674.000	122.722	11.322	0.000	63.412
1676.000	122.704	11.198	0.000	61.503
1678.000	122.772	11.977	0.000	58.137
1680.000	122.672	12.650	0.000	42.459
1682.000	122.770	12.727	0.000	46.031
1684.000	122.714	11.866	0.000	35.458
1686.000	122.705	11.075	0.000	27.244
1688.000	122.785	10.460	0.000	34.237
1690.000	122.664	10.983	0.000	40.111
1692.000	122.782	11.386	0.000	34.795
1694.000	122.699	12.202	0.000	23.045
1696.000	122.733	12.669	0.000	35.792
1698.000	122.744	12.322	0.000	39.365
1700.000	122.701	11.212	0.000	32.905
1702.000	122.753	11.339	0.000	35.185
1704.000	122.722	11.503	0.000	41.170
1706.000	122.711	10.638	0.000	27.988
1708.000	122.774	12.282	0.000	18.360
1710.000	122.675	12.318	0.000	26.377
1712.000	122.781	12.247	0.000	35.613
1714.000	122.698	12.568	0.000	24.113
1716.000	122.737	12.472	0.000	13.834
1718.000	122.750	12.024	0.000	16.297
1720.000	122.691	11.650	0.000	3.045
1722.000	122.775	10.167	0.000	6.746
1724.000	122.706	10.914	0.000	16.243
1726.000	122.729	11.408	0.000	3.953
1728.000	122.762	11.068	0.000	5.290
1730.000	122.682	10.379	0.000	3.478
1732.000	122.786	10.736	0.000	-4.757
1734.000	122.684	11.441	0.000	-18.164
1736.000	122.767	10.760	0.000	-16.352
1738.000	122.724	10.871	0.000	-19.535
1740.000	122.720	11.678	0.000	-20.835
1742.000	122.760	10.849	0.000	-21.445
1744.000	122.703	10.363	0.000	-36.097
1746.000	122.752	10.216	0.000	-26.736
1748.000	122.734	10.293	0.000	-10.983
1750.000	122.714	8.577	0.000	-5.494
1752.000	122.772	10.444	0.000	-11.102
1754.000	122.693	11.074	0.000	-19.368
1756.000	122.765	10.629	0.000	-31.206
1758.000	122.726	10.129	0.000	-47.915
1760.000	122.717	10.373	0.000	-48.757
1762.000	122.776	10.971	0.000	-69.051
1764.000	122.684	10.494	0.000	-65.723
1766.000	122.788	9.805	0.000	-45.017
1768.000	122.694	10.491	0.000	-30.790
1770.000	122.760	11.325	0.000	-76.244
1772.000	122.737	10.775	0.000	-82.485
1774.000	122.715	11.047	0.000	-69.976
1776.000	122.774	11.467	0.000	-67.618
1778.000	122.701	10.619	0.000	-71.907
1780.000	122.757	11.040	0.000	-77.124
1782.000	122.744	10.688	0.000	-77.207
1784.000	122.707	10.176	0.000	-88.182
1786.000	122.781	10.558	0.000	-80.171
1788.000	122.688	10.331	0.000	-76.271
1790.000	122.781	9.590	0.000	-86.888
1792.000	122.712	10.073	0.000	-96.350
1794.000	122.744	9.688	0.000	-104.863
1796.000	122.752	9.663	0.000	-120.252
1798.000	122.722	10.410	0.000	-118.007
1800.000	122.755	9.826	0.000	-113.151
1802.000	122.730	8.945	0.000	-101.927
1804.000	122.733	9.312	0.000	-99.811
1806.000	122.764	10.303	0.000	-118.727
1808.000	122.697	10.274	0.000	-125.870
1810.000	122.792	10.162	0.000	-138.252
1812.000	122.693	10.300	0.000	-119.341
1814.000	122.771	10.044	0.000	-130.753
1816.000	122.730	10.456	0.000	-132.481
1818.000	122.724	10.565	0.000	-125.514
1820.000	122.779	10.878	0.000	-131.377
1822.000	122.692	9.805	0.000	-123.309
1824.000	122.789	9.783	0.000	-132.531
1826.000	122.699	9.975	0.000	-135.465
1828.000	122.773	11.041	0.000	-145.000
1830.000	122.730	10.855	0.000	-147.811
1832.000	122.733	8.990	0.000	-138.111
1834.000	122.766	9.755	0.000	-157.333
1836.000	122.721	9.555	0.000	-165.436
1838.000	122.759	9.675	0.000	-137.422
1840.000	122.740	10.349	0.000	-138.244
1842.000	122.726	11.126	0.000	-159.390
1844.000	122.776	10.731	0.000	-152.577
1846.000	122.701	10.470	0.000	-170.673
1848.000	122.783	10.232	0.000	-171.065
1850.000	122.714	10.691	0.000	179.326
1852.000	122.756	11.798	0.000	-169.677
1854.000	122.754	10.505	0.000	-168.934
1856.000	122.719	11.130	0.000	-172.380
1858.000	122.780	12.009	0.000	-174.181
1860.000	122.703	12.662	0.000	175.475
1862.000	122.782	12.047	0.000	-176.866
1864.000	122.715	11.666	0.000	179.175
1866.000	122.764	11.027	0.000	168.264
1868.000	122.745	11.400	0.000	167.046
1870.000	122.733	12.163	0.000	166.709
1872.000	122.765	12.885	0.000	152.894
1874.000	122.723	12.705	0.000	140.735
1876.000	122.763	12.436	0.000	150.658
1878.000	122.744	12.089	0.000	149.294
1880.000	122.733	12.211	0.000	150.916
1882.000	122.771	12.078	0.000	149.905
1884.000	122.722	12.221	0.000	140.484
1886.000	122.765	11.244	0.000	133.134
1888.000	122.741	11.460	0.000	130.510
1890.000	122.735	11.750	0.000	122.181
1892.000	122.779	12.343	0.000	124.901
1894.000	122.709	11.863	0.000	115.164
1896.000	122.795	11.697	0.000	119.940
1898.000	122.696	12.724	0.000	102.519
1900.000	122.795	12.582	0.000	104.361
1902.000	122.718	12.280	0.000	105.150
1904.000	122.760	12.621	0.000	98.735
1906.000	122.758	11.044	0.000	100.277
1908.000	122.717	10.916	0.000	92.332
1910.000	122.800	11.657	0.000	94.742
1912.000	122.693	11.332	0.000	98.201
1914.000	122.800	11.587	0.000	103.309
1916.000	122.710	11.117	0.000	100.132
1918.000	122.770	12.017	0.000	102.274
1920.000	122.751	12.864	0.000	88.925
1922.000	122.732	12.521	0.000	86.185
1924.000	122.777	11.449	0.000	89.720
1926.000	122.719	13.003	0.000	80.338
1928.000	122.782	13.726	0.000	66.068
1930.000	122.723	12.695	0.000	58.094
1932.000	122.765	12.676	0.000	49.395
1934.000	122.746	12.989	0.000	42.417
1936.000	122.746	12.763	0.000	36.966
1938.000	122.770	12.643	0.000	28.123
1940.000	122.727	12.835	0.000	16.446
1942.000	122.770	13.540	0.000	14.363
1944.000	122.738	13.741	0.000	-5.621
1946.000	122.755	14.185	0.000	-22.918
1948.000	122.759	14.465	0.000	-37.514
1950.000	122.734	14.496	0.000	-63.229
1952.000	122.774	15.918	0.000	-74.038
1954.000	122.732	16.900	0.000	-93.313
1956.000	122.765	17.034	0.000	-105.587
1958.000	122.745	17.484	0.000	-122.553
1960.000	122.744	18.710	0.000	-136.445
1962.000	122.772	19.096	0.000	-146.133
1964.000	122.727	20.484	0.000	-160.335
1966.000	122.780	21.408	0.000	-171.886
1968.000	122.725	22.094	0.000	173.979
1970.000	122.775	22.783	0.000	168.470
1972.000	122.741	22.655	0.000	156.054
1974.000	122.755	23.431	0.000	148.212
1976.000	122.758	23.593	0.000	137.968
1978.000	122.737	24.172	0.000	126.401
1980.000	122.778	24.251	0.000	119.643
1982.000	122.724	24.167	0.000	108.289
1984.000	122.779	24.573	0.000	100.558
1986.000	122.730	24.138	0.000	92.575
1988.000	122.762	24.263	0.000	82.732
1990.000	122.759	23.605	0.000	76.758
1992.000	122.739	23.766	0.000	71.526
1994.000	122.774	23.311	0.000	68.502
1996.000	122.728	23.188	0.000	60.643
1998.000	122.775	22.275	0.000	55.547
2000.000	122.738	21.892	0.000	51.824
