2000.000	122.715	11.990	0.000	-132.330
2.000	122.769	10.442	0.000	-90.614
4.000	122.981	9.943	0.000	-124.836
6.000	123.001	11.038	0.000	-120.103
8.000	122.847	10.617	0.000	-125.678
10.000	122.707	11.380	0.000	-162.279
12.000	122.809	11.521	0.000	-135.725
14.000	123.073	9.708	0.000	-52.109
16.000	122.994	11.333	0.000	-36.951
18.000	122.663	11.084	0.000	-28.091
20.000	122.764	10.706	0.000	-58.632
22.000	123.037	11.011	0.000	-71.484
24.000	122.962	11.275	0.000	-76.075
26.000	122.826	12.033	0.000	-119.186
28.000	122.793	11.284	0.000	-102.019
30.000	122.790	11.386	0.000	-103.077
32.000	122.990	11.626	0.000	-109.594
34.000	123.054	11.242	0.000	-111.692
36.000	122.730	10.424	0.000	-104.354
38.000	122.687	12.107	0.000	-94.989
40.000	123.026	12.306	0.000	-87.647
42.000	123.040	11.171	0.000	-81.449
44.000	122.804	10.909	0.000	-98.404
46.000	122.741	11.284	0.000	-95.247
48.000	122.853	11.719	0.000	-80.189
50.000	123.014	12.180	0.000	-76.847
52.000	122.978	11.209	0.000	-103.179
54.000	122.743	12.178	0.000	-100.747
56.000	122.762	12.207	0.000	-102.124
58.000	122.974	12.636	0.000	-117.187
60.000	123.001	12.216	0.000	-115.250
62.000	122.877	11.694	0.000	-105.409
64.000	122.726	11.623	0.000	-118.515
66.000	122.806	11.848	0.000	-106.410
68.000	123.093	12.156	0.000	-116.168
70.000	122.987	12.011	0.000	-119.695
72.000	122.653	11.234	0.000	-124.075
74.000	122.825	12.564	0.000	-122.490
76.000	123.047	13.524	0.000	-122.090
78.000	122.927	12.954	0.000	-124.599
80.000	122.846	12.296	0.000	-109.425
82.000	122.789	11.888	0.000	-118.934
84.000	122.819	12.583	0.000	-131.405
86.000	123.069	11.967	0.000	-153.936
88.000	122.980	12.349	0.000	-136.475
90.000	122.658	12.082	0.000	-135.690
92.000	122.828	11.928	0.000	-131.844
94.000	123.072	12.096	0.000	-120.172
96.000	122.951	12.309	0.000	-131.360
98.000	122.780	11.363	0.000	-160.905
100.000	122.767	11.768	0.000	-148.890
102.000	122.946	12.628	0.000	-140.060
104.000	123.054	11.776	0.000	-139.754
106.000	122.839	12.522	0.000	-122.968
108.000	122.730	12.517	0.000	-134.243
110.000	122.907	12.077	0.000	-146.320
112.000	122.997	12.201	0.000	-162.363
114.000	122.958	13.391	0.000	-154.395
116.000	122.783	13.034	0.000	-139.826
118.000	122.729	11.692	0.000	-138.270
120.000	123.052	12.196	0.000	-134.903
122.000	123.065	13.106	0.000	-137.313
124.000	122.702	13.539	0.000	-128.157
126.000	122.788	12.494	0.000	-135.111
128.000	123.018	13.196	0.000	-151.192
130.000	122.953	13.641	0.000	-146.759
132.000	122.885	12.552	0.000	-155.240
134.000	122.781	12.251	0.000	-152.487
136.000	122.818	12.793	0.000	-154.483
138.000	123.076	12.796	0.000	-152.535
140.000	122.967	13.232	0.000	-147.861
142.000	122.691	13.325	0.000	-153.353
144.000	122.842	14.454	0.000	-153.720
146.000	123.044	13.728	0.000	-144.297
148.000	122.973	13.283	0.000	-152.200
150.000	122.776	12.590	0.000	-155.902
152.000	122.767	12.964	0.000	-171.975
154.000	123.010	14.589	0.000	-157.380
156.000	123.019	14.308	0.000	-157.604
158.000	122.797	14.122	0.000	-160.624
160.000	122.792	13.006	0.000	-168.944
162.000	122.913	12.478	0.000	-170.103
164.000	123.012	13.829	0.000	-172.158
166.000	122.948	13.796	0.000	-173.020
168.000	122.703	12.924	0.000	-172.011
170.000	122.850	13.557	0.000	-179.442
172.000	123.123	13.595	0.000	-169.259
174.000	122.904	13.724	0.000	-159.858
176.000	122.711	13.253	0.000	-173.501
178.000	122.896	14.255	0.000	-175.904
180.000	123.004	14.471	0.000	-170.539
182.000	122.951	12.606	0.000	-170.062
184.000	122.813	12.799	0.000	-176.312
186.000	122.779	12.930	0.000	174.303
188.000	122.984	12.952	0.000	163.743
190.000	123.037	13.027	0.000	170.104
192.000	122.811	13.465	0.000	177.255
194.000	122.739	13.003	0.000	167.200
196.000	122.980	13.750	0.000	163.842
198.000	123.064	13.774	0.000	175.543
200.000	122.812	12.333	0.000	-175.989
202.000	122.745	11.825	0.000	-173.932
204.000	122.975	13.313	0.000	177.665
206.000	123.013	12.603	0.000	179.866
208.000	122.872	12.635	0.000	-178.920
210.000	122.781	13.290	0.000	177.655
212.000	122.867	12.749	0.000	160.099
214.000	123.044	13.034	0.000	173.659
216.000	122.949	12.928	0.000	174.959
218.000	122.724	11.257	0.000	-175.967
220.000	122.856	12.696	0.000	-172.967
222.000	123.073	13.624	0.000	-171.010
224.000	122.943	13.852	0.000	-164.335
226.000	122.724	13.113	0.000	-164.104
228.000	122.870	15.170	0.000	-178.354
230.000	123.048	15.430	0.000	-175.471
232.000	122.922	13.508	0.000	-163.560
234.000	122.804	14.424	0.000	-171.298
236.000	122.828	14.553	0.000	-173.881
238.000	122.965	15.454	0.000	-172.511
240.000	123.045	15.362	0.000	-165.490
242.000	122.784	13.910	0.000	-167.865
244.000	122.750	14.159	0.000	-170.385
246.000	123.072	15.305	0.000	-164.350
248.000	122.991	15.847	0.000	-156.653
250.000	122.764	15.385	0.000	-164.784
252.000	122.831	16.463	0.000	-174.827
254.000	122.975	16.826	0.000	-168.711
256.000	123.010	16.375	0.000	-168.678
258.000	122.821	16.760	0.000	-168.361
260.000	122.776	16.270	0.000	-174.161
262.000	122.987	17.649	0.000	-171.736
264.000	123.006	18.761	0.000	-167.998
266.000	122.853	18.672	0.000	-165.631
268.000	122.751	18.980	0.000	-168.199
270.000	122.954	20.849	0.000	-170.994
272.000	123.095	21.366	0.000	-160.002
274.000	122.778	20.620	0.000	-164.087
276.000	122.772	21.897	0.000	-176.351
278.000	123.032	23.419	0.000	-169.740
280.000	122.952	23.785	0.000	-164.056
282.000	122.871	23.927	0.000	-167.671
284.000	122.798	24.869	0.000	-170.415
286.000	122.895	26.454	0.000	-174.416
288.000	123.090	27.995	0.000	-170.624
290.000	122.839	27.584	0.000	-168.734
292.000	122.733	28.527	0.000	179.902
294.000	123.001	31.232	0.000	-179.390
296.000	123.018	31.977	0.000	-173.918
298.000	122.836	32.221	0.000	179.718
300.000	122.767	34.218	0.000	172.009
302.000	122.973	36.163	0.000	170.511
304.000	123.029	37.281	0.000	168.160
306.000	122.816	38.232	0.000	160.962
308.000	122.811	39.902	0.000	149.552
310.000	122.934	42.085	0.000	140.448
312.000	123.019	43.622	0.000	134.875
314.000	122.884	43.984	0.000	124.932
316.000	122.718	44.935	0.000	104.631
318.000	123.000	47.118	0.000	91.992
320.000	123.057	47.579	0.000	87.120
322.000	122.770	46.548	0.000	71.303
324.000	122.816	47.546	0.000	50.003
326.000	122.989	48.346	0.000	44.319
328.000	122.980	47.581	0.000	35.824
330.000	122.839	47.311	0.000	22.172
332.000	122.793	47.378	0.000	12.090
334.000	122.965	48.057	0.000	-0.424
336.000	123.025	48.744	0.000	-6.455
338.000	122.817	47.533	0.000	-15.834
340.000	122.763	47.527	0.000	-41.169
342.000	123.036	48.593	0.000	-49.187
344.000	123.003	47.068	0.000	-54.754
346.000	122.750	44.988	0.000	-75.166
348.000	122.858	44.564	0.000	-88.852
350.000	123.002	43.369	0.000	-94.925
352.000	122.955	41.358	0.000	-100.133
354.000	122.807	38.934	0.000	-104.832
356.000	122.819	37.365	0.000	-107.592
358.000	123.023	37.051	0.000	-101.880
360.000	122.965	36.392	0.000	-95.929
362.000	122.772	35.563	0.000	-99.147
364.000	122.836	35.835	0.000	-108.570
366.000	123.055	36.099	0.000	-109.112
368.000	122.944	34.131	0.000	-107.192
370.000	122.714	31.646	0.000	-114.419
372.000	122.946	31.476	0.000	-103.401
374.000	123.015	30.514	0.000	-84.729
376.000	122.868	31.119	0.000	-77.016
378.000	122.826	32.708	0.000	-71.534
380.000	122.852	34.389	0.000	-72.647
382.000	123.061	36.520	0.000	-71.204
384.000	122.898	36.721	0.000	-69.096
386.000	122.716	37.537	0.000	-83.114
388.000	122.997	39.990	0.000	-86.174
390.000	123.009	40.242	0.000	-83.831
392.000	122.822	39.815	0.000	-94.451
394.000	122.793	41.008	0.000	-104.518
396.000	122.981	41.985	0.000	-106.003
398.000	123.001	42.185	0.000	-107.900
400.000	122.789	42.332	0.000	-113.803
402.000	122.840	43.413	0.000	-122.392
404.000	122.967	44.909	0.000	-128.167
406.000	122.991	45.550	0.000	-132.102
408.000	122.796	45.233	0.000	-143.415
410.000	122.796	46.328	0.000	-160.598
412.000	123.086	47.585	0.000	-165.121
414.000	122.908	46.482	0.000	-170.021
416.000	122.746	45.771	0.000	170.837
418.000	122.931	46.794	0.000	163.118
420.000	122.992	46.254	0.000	160.854
422.000	122.893	45.369	0.000	150.979
424.000	122.782	45.138	0.000	143.163
426.000	122.908	45.174	0.000	134.729
428.000	123.028	45.718	0.000	130.764
430.000	122.859	44.634	0.000	128.816
432.000	122.749	44.032	0.000	111.260
434.000	122.999	45.348	0.000	106.877
436.000	123.010	44.266	0.000	107.296
438.000	122.758	42.772	0.000	92.887
440.000	122.857	43.143	0.000	84.519
442.000	122.993	42.726	0.000	81.638
444.000	122.939	41.778	0.000	77.374
446.000	122.792	40.643	0.000	71.327
448.000	122.851	40.572	0.000	64.150
450.000	123.028	40.653	0.000	63.987
452.000	122.905	39.540	0.000	62.753
454.000	122.762	38.569	0.000	54.846
456.000	122.903	39.248	0.000	48.616
458.000	123.060	39.352	0.000	51.939
460.000	122.813	37.542	0.000	48.257
462.000	122.782	37.789	0.000	36.072
464.000	123.021	38.194	0.000	39.350
466.000	122.922	37.045	0.000	36.918
468.000	122.845	37.018	0.000	31.417
470.000	122.808	36.831	0.000	27.184
472.000	122.991	37.727	0.000	22.204
474.000	122.987	37.722	0.000	24.491
476.000	122.719	36.606	0.000	12.885
478.000	122.914	38.149	0.000	2.024
480.000	123.024	38.284	0.000	3.141
482.000	122.855	36.855	0.000	-7.107
484.000	122.773	36.872	0.000	-22.750
486.000	122.962	36.969	0.000	-28.817
488.000	122.990	35.951	0.000	-35.677
490.000	122.801	34.528	0.000	-45.781
492.000	122.835	33.629	0.000	-57.062
494.000	122.959	33.103	0.000	-63.570
496.000	122.983	31.730	0.000	-65.204
498.000	122.758	29.680	0.000	-72.041
500.000	122.857	29.039	0.000	-83.011
502.000	123.061	28.528	0.000	-81.339
504.000	122.841	26.108	0.000	-81.324
506.000	122.776	24.768	0.000	-93.737
508.000	122.961	25.008	0.000	-92.402
510.000	122.970	23.521	0.000	-92.623
512.000	122.819	21.784	0.000	-95.000
514.000	122.819	20.670	0.000	-97.292
516.000	122.963	19.798	0.000	-101.430
518.000	122.980	18.759	0.000	-100.371
520.000	122.745	17.019	0.000	-104.913
522.000	122.874	17.071	0.000	-113.944
524.000	123.054	17.161	0.000	-107.614
526.000	122.817	15.271	0.000	-113.838
528.000	122.802	14.658	0.000	-125.118
530.000	122.945	14.672	0.000	-129.887
532.000	122.976	13.890	0.000	-122.789
534.000	122.799	12.732	0.000	-123.198
536.000	122.828	12.110	0.000	-125.464
538.000	122.992	11.784	0.000	-145.098
540.000	122.921	10.331	0.000	-140.482
542.000	122.767	10.442	0.000	-117.597
544.000	122.877	11.213	0.000	-138.843
546.000	123.059	10.426	0.000	-156.583
548.000	122.779	10.030	0.000	171.209
550.000	122.819	10.773	0.000	91.035
552.000	122.987	10.227	0.000	102.430
554.000	122.911	9.551	0.000	-152.439
556.000	122.816	9.889	0.000	138.688
558.000	122.826	10.406	0.000	98.980
560.000	123.023	11.776	0.000	82.663
562.000	122.875	10.850	0.000	80.112
564.000	122.749	10.441	0.000	55.318
566.000	122.960	10.822	0.000	51.210
568.000	122.985	11.467	0.000	83.688
570.000	122.761	12.202	0.000	90.880
572.000	122.855	12.341	0.000	65.608
574.000	122.991	12.282	0.000	78.219
576.000	122.880	12.037	0.000	60.553
578.000	122.785	11.960	0.000	66.178
580.000	122.894	11.822	0.000	60.491
582.000	123.002	12.930	0.000	77.494
584.000	122.807	12.082	0.000	77.440
586.000	122.790	12.774	0.000	70.567
588.000	123.003	13.063	0.000	61.797
590.000	122.920	12.910	0.000	64.519
592.000	122.731	12.216	0.000	58.361
594.000	122.945	12.277	0.000	53.353
596.000	122.953	11.180	0.000	57.992
598.000	122.831	11.873	0.000	68.790
600.000	122.805	12.794	0.000	63.052
602.000	122.942	12.637	0.000	51.783
604.000	122.975	13.259	0.000	64.008
606.000	122.720	12.774	0.000	61.925
608.000	122.910	13.862	0.000	47.259
610.000	122.992	13.953	0.000	55.452
612.000	122.810	13.793	0.000	67.982
614.000	122.793	12.771	0.000	67.451
616.000	122.979	13.492	0.000	60.165
618.000	122.907	13.752	0.000	61.688
620.000	122.777	13.366	0.000	58.815
622.000	122.870	14.737	0.000	59.099
624.000	122.979	14.498	0.000	63.649
626.000	122.850	13.304	0.000	52.549
628.000	122.750	13.473	0.000	45.576
630.000	123.002	14.693	0.000	56.042
632.000	122.912	13.808	0.000	66.650
634.000	122.744	13.925	0.000	61.226
636.000	122.907	15.321	0.000	58.484
638.000	122.963	15.268	0.000	57.176
640.000	122.816	14.440	0.000	52.799
642.000	122.805	14.912	0.000	62.477
644.000	122.934	14.457	0.000	56.080
646.000	122.954	14.583	0.000	52.827
648.000	122.721	14.608	0.000	52.096
650.000	122.911	15.119	0.000	44.849
652.000	122.987	15.414	0.000	58.456
654.000	122.776	14.803	0.000	54.125
656.000	122.820	14.882	0.000	50.654
658.000	122.962	15.146	0.000	57.836
660.000	122.891	15.204	0.000	57.976
662.000	122.758	15.408	0.000	49.460
664.000	122.905	16.011	0.000	50.916
666.000	122.952	16.221	0.000	56.578
668.000	122.810	15.788	0.000	57.831
670.000	122.776	16.215	0.000	49.996
672.000	123.028	17.157	0.000	58.517
674.000	122.831	15.660	0.000	55.569
676.000	122.770	16.106	0.000	40.014
678.000	122.938	17.568	0.000	47.518
680.000	122.916	16.914	0.000	51.022
682.000	122.788	17.223	0.000	50.571
684.000	122.828	17.279	0.000	46.258
686.000	122.973	17.980	0.000	41.296
688.000	122.848	17.899	0.000	47.357
690.000	122.741	17.991	0.000	41.510
692.000	122.979	19.353	0.000	53.138
694.000	122.900	18.320	0.000	50.913
696.000	122.744	18.421	0.000	45.608
698.000	122.898	18.754	0.000	49.711
700.000	122.938	19.155	0.000	48.429
702.000	122.810	18.556	0.000	46.012
704.000	122.790	19.511	0.000	45.355
706.000	122.965	19.924	0.000	50.007
708.000	122.869	19.257	0.000	54.108
710.000	122.751	19.328	0.000	43.670
712.000	122.905	21.256	0.000	44.865
714.000	122.971	20.950	0.000	48.657
716.000	122.713	20.296	0.000	38.752
718.000	122.897	21.467	0.000	40.706
720.000	122.921	21.007	0.000	45.426
722.000	122.838	20.562	0.000	42.410
724.000	122.767	21.114	0.000	41.374
726.000	122.943	22.429	0.000	34.107
728.000	122.903	22.479	0.000	38.181
730.000	122.730	22.004	0.000	36.412
732.000	122.896	23.922	0.000	33.300
734.000	122.955	23.490	0.000	41.365
736.000	122.743	22.755	0.000	33.393
738.000	122.847	24.010	0.000	33.100
740.000	122.943	24.148	0.000	34.483
742.000	122.826	24.168	0.000	33.960
744.000	122.769	24.225	0.000	30.667
746.000	122.923	25.264	0.000	30.160
748.000	122.907	24.896	0.000	32.703
750.000	122.733	24.700	0.000	28.011
752.000	122.876	25.816	0.000	27.223
754.000	122.960	26.508	0.000	34.341
756.000	122.739	25.762	0.000	28.748
758.000	122.842	27.424	0.000	23.849
760.000	122.943	27.105	0.000	29.798
762.000	122.813	26.630	0.000	27.439
764.000	122.780	27.160	0.000	25.544
766.000	122.902	28.177	0.000	21.260
768.000	122.923	28.390	0.000	29.022
770.000	122.705	27.556	0.000	22.907
772.000	122.908	29.373	0.000	20.886
774.000	122.920	29.099	0.000	26.168
776.000	122.752	28.771	0.000	18.311
778.000	122.828	30.081	0.000	17.316
780.000	122.947	30.237	0.000	20.185
782.000	122.793	30.034	0.000	17.415
784.000	122.782	30.677	0.000	14.308
786.000	122.911	31.779	0.000	14.832
788.000	122.887	31.775	0.000	18.613
790.000	122.715	31.617	0.000	11.163
792.000	122.910	33.083	0.000	12.267
794.000	122.912	33.016	0.000	16.228
796.000	122.724	32.911	0.000	9.389
798.000	122.866	34.529	0.000	10.065
800.000	122.916	34.484	0.000	13.652
802.000	122.783	34.859	0.000	8.917
804.000	122.786	35.450	0.000	7.997
806.000	122.927	36.740	0.000	6.846
808.000	122.849	36.824	0.000	11.370
810.000	122.718	37.192	0.000	1.452
812.000	122.947	39.026	0.000	5.673
814.000	122.851	38.452	0.000	6.608
816.000	122.736	39.448	0.000	-1.276
818.000	122.880	40.705	0.000	0.133
820.000	122.899	41.330	0.000	-0.188
822.000	122.751	41.748	0.000	-4.606
824.000	122.818	43.342	0.000	-9.792
826.000	122.927	44.602	0.000	-8.953
828.000	122.788	44.882	0.000	-13.077
830.000	122.756	46.540	0.000	-24.562
832.000	122.955	48.448	0.000	-25.355
834.000	122.799	48.194	0.000	-32.193
836.000	122.747	49.750	0.000	-50.207
838.000	122.922	50.591	0.000	-53.271
840.000	122.833	50.127	0.000	-64.978
842.000	122.760	50.321	0.000	-74.692
844.000	122.838	50.774	0.000	-85.050
846.000	122.929	51.297	0.000	-88.050
848.000	122.710	50.068	0.000	-99.600
850.000	122.848	51.148	0.000	-113.337
852.000	122.918	50.627	0.000	-112.396
854.000	122.748	49.088	0.000	-125.296
856.000	122.792	49.407	0.000	-132.277
858.000	122.927	48.880	0.000	-133.923
860.000	122.777	47.853	0.000	-139.458
862.000	122.772	47.356	0.000	-146.776
864.000	122.887	47.442	0.000	-149.524
866.000	122.857	46.273	0.000	-149.045
868.000	122.699	44.824	0.000	-157.087
870.000	122.920	44.842	0.000	-154.686
872.000	122.849	43.340	0.000	-144.700
874.000	122.722	42.796	0.000	-140.155
876.000	122.867	44.738	0.000	-126.962
878.000	122.874	45.764	0.000	-121.215
880.000	122.741	47.898	0.000	-125.083
882.000	122.812	49.737	0.000	-131.928
884.000	122.908	51.729	0.000	-137.651
886.000	122.755	51.453	0.000	-144.721
888.000	122.774	53.215	0.000	-162.619
890.000	122.941	53.789	0.000	-160.829
892.000	122.744	53.106	0.000	-174.942
894.000	122.775	54.305	0.000	175.113
896.000	122.898	54.954	0.000	168.548
898.000	122.800	54.857	0.000	158.930
900.000	122.741	55.233	0.000	142.242
902.000	122.878	55.822	0.000	131.225
904.000	122.847	55.181	0.000	121.102
906.000	122.702	53.914	0.000	103.021
908.000	122.890	54.138	0.000	90.478
910.000	122.855	52.431	0.000	88.025
912.000	122.708	50.505	0.000	70.611
914.000	122.859	50.190	0.000	67.033
916.000	122.857	48.351	0.000	63.679
918.000	122.736	46.925	0.000	56.412
920.000	122.803	46.020	0.000	51.415
922.000	122.895	45.468	0.000	50.383
924.000	122.735	43.606	0.000	48.687
926.000	122.782	43.403	0.000	38.961
928.000	122.916	43.047	0.000	44.978
930.000	122.726	41.222	0.000	36.636
932.000	122.782	41.611	0.000	32.118
934.000	122.885	41.232	0.000	29.183
936.000	122.769	40.757	0.000	21.236
938.000	122.750	40.765	0.000	6.298
940.000	122.875	41.422	0.000	-3.198
942.000	122.808	40.777	0.000	-16.704
944.000	122.705	40.914	0.000	-40.905
946.000	122.907	42.238	0.000	-55.726
948.000	122.791	41.616	0.000	-67.886
950.000	122.725	42.657	0.000	-93.913
952.000	122.869	43.958	0.000	-99.989
954.000	122.813	44.355	0.000	-114.206
956.000	122.726	45.608	0.000	-126.485
958.000	122.828	47.344	0.000	-140.186
960.000	122.864	48.560	0.000	-144.585
962.000	122.689	48.687	0.000	-161.320
964.000	122.852	50.936	0.000	-170.958
966.000	122.846	50.784	0.000	-174.160
968.000	122.713	51.376	0.000	168.865
970.000	122.814	52.639	0.000	162.564
972.000	122.862	53.020	0.000	155.624
974.000	122.713	53.171	0.000	144.087
976.000	122.801	54.128	0.000	132.972
978.000	122.860	54.553	0.000	128.139
980.000	122.735	53.883	0.000	119.085
982.000	122.763	54.764	0.000	107.128
984.000	122.903	55.094	0.000	108.413
986.000	122.701	54.305	0.000	97.839
988.000	122.792	55.626	0.000	90.698
990.000	122.855	55.589	0.000	88.671
992.000	122.744	55.527	0.000	78.183
994.000	122.751	55.858	0.000	70.105
996.000	122.869	56.454	0.000	64.120
998.000	122.756	55.725	0.000	61.486
1000.000	122.722	56.149	0.000	46.522
1002.000	122.904	56.806	0.000	49.849
1004.000	122.724	55.484	0.000	40.228
1006.000	122.753	56.232	0.000	33.252
1008.000	122.857	56.192	0.000	30.474
1010.000	122.762	55.821	0.000	26.084
1012.000	122.726	55.918	0.000	16.877
1014.000	122.860	56.516	0.000	15.566
1016.000	122.775	55.911	0.000	12.187
1018.000	122.698	56.077	0.000	2.288
1020.000	122.891	57.328	0.000	1.146
1022.000	122.747	56.403	0.000	-1.906
1024.000	122.728	57.310	0.000	-14.797
1026.000	122.852	57.561	0.000	-14.750
1028.000	122.768	57.272	0.000	-24.387
1030.000	122.716	57.310	0.000	-32.568
1032.000	122.842	57.901	0.000	-40.965
1034.000	122.790	57.342	0.000	-43.251
1036.000	122.688	56.756	0.000	-58.349
1038.000	122.877	57.473	0.000	-59.768
1040.000	122.754	55.894	0.000	-63.656
1042.000	122.717	56.020	0.000	-73.978
1044.000	122.843	56.009	0.000	-73.833
1046.000	122.771	55.466	0.000	-78.309
1048.000	122.712	55.317	0.000	-85.731
1050.000	122.829	56.014	0.000	-89.865
1052.000	122.794	55.445	0.000	-91.778
1054.000	122.682	55.192	0.000	-103.781
1056.000	122.866	56.024	0.000	-107.116
1058.000	122.756	54.938	0.000	-109.905
1060.000	122.712	54.934	0.000	-123.368
1062.000	122.836	55.166	0.000	-122.850
1064.000	122.768	54.167	0.000	-129.687
1066.000	122.709	54.071	0.000	-135.711
1068.000	122.820	54.392	0.000	-142.034
1070.000	122.795	54.132	0.000	-141.981
1072.000	122.674	53.571	0.000	-156.486
1074.000	122.864	54.489	0.000	-157.868
1076.000	122.747	52.909	0.000	-164.093
1078.000	122.713	52.808	0.000	-175.548
1080.000	122.827	52.405	0.000	-178.608
1082.000	122.765	51.348	0.000	176.830
1084.000	122.703	50.531	0.000	169.422
1086.000	122.826	50.499	0.000	168.236
1088.000	122.773	49.569	0.000	168.485
1090.000	122.678	49.208	0.000	161.523
1092.000	122.863	50.131	0.000	162.357
1094.000	122.731	49.067	0.000	160.163
1096.000	122.717	49.635	0.000	149.809
1098.000	122.830	49.594	0.000	149.635
1100.000	122.741	48.959	0.000	141.733
1102.000	122.710	48.773	0.000	134.905
1104.000	122.832	48.987	0.000	129.690
1106.000	122.740	48.068	0.000	127.517
1108.000	122.703	47.734	0.000	114.728
1110.000	122.853	47.992	0.000	116.457
1112.000	122.707	46.252	0.000	109.776
1114.000	122.730	46.452	0.000	103.898
1116.000	122.829	45.823	0.000	104.263
1118.000	122.713	45.024	0.000	101.716
1120.000	122.729	45.012	0.000	97.709
1122.000	122.826	45.448	0.000	100.598
1124.000	122.711	44.899	0.000	97.847
1126.000	122.730	45.849	0.000	90.074
1128.000	122.837	46.571	0.000	90.319
1130.000	122.684	45.896	0.000	80.339
1132.000	122.757	47.150	0.000	71.830
1134.000	122.809	46.667	0.000	68.704
1136.000	122.702	46.499	0.000	57.650
1138.000	122.735	46.525	0.000	47.977
1140.000	122.834	47.012	0.000	42.545
1142.000	122.669	45.698	0.000	31.923
1144.000	122.778	46.397	0.000	18.468
1146.000	122.798	45.386	0.000	14.816
1148.000	122.677	44.107	0.000	-3.147
1150.000	122.779	43.737	0.000	-12.193
1152.000	122.788	42.047	0.000	-21.893
1154.000	122.680	39.867	0.000	-36.858
1156.000	122.776	37.594	0.000	-50.956
1158.000	122.794	34.003	0.000	-59.869
1160.000	122.656	26.930	0.000	-72.210
1162.000	122.817	27.113	0.000	98.452
1164.000	122.751	32.018	0.000	79.802
1166.000	122.680	36.369	0.000	59.123
1168.000	122.813	38.347	0.000	53.303
1170.000	122.731	38.988	0.000	38.658
1172.000	122.696	39.859	0.000	27.208
1174.000	122.806	40.561	0.000	17.659
1176.000	122.730	40.084	0.000	13.704
1178.000	122.694	40.031	0.000	-0.506
1180.000	122.823	40.364	0.000	1.101
1182.000	122.696	39.027	0.000	-5.937
1184.000	122.722	39.629	0.000	-9.619
1186.000	122.802	39.639	0.000	-10.571
1188.000	122.701	39.518	0.000	-15.998
1190.000	122.717	40.092	0.000	-25.315
1192.000	122.815	40.168	0.000	-29.082
1194.000	122.674	38.737	0.000	-39.692
1196.000	122.745	37.908	0.000	-51.026
1198.000	122.805	36.013	0.000	-49.341
1200.000	122.651	32.003	0.000	-42.909
1202.000	122.790	31.093	0.000	-5.945
1204.000	122.757	34.451	0.000	20.271
1206.000	122.681	37.981	0.000	23.309
1208.000	122.771	41.544	0.000	15.472
1210.000	122.774	43.192	0.000	12.492
1212.000	122.656	44.517	0.000	-5.260
1214.000	122.810	46.390	0.000	-10.553
1216.000	122.722	46.104	0.000	-19.890
1218.000	122.686	47.194	0.000	-33.741
1220.000	122.808	47.469	0.000	-37.744
1222.000	122.700	47.225	0.000	-46.772
1224.000	122.703	47.458	0.000	-54.973
1226.000	122.806	48.000	0.000	-57.421
1228.000	122.683	47.374	0.000	-62.269
1230.000	122.723	48.242	0.000	-69.195
1232.000	122.800	48.661	0.000	-68.276
1234.000	122.662	48.567	0.000	-76.610
1236.000	122.763	49.967	0.000	-80.522
1238.000	122.757	49.759	0.000	-84.516
1240.000	122.686	50.327	0.000	-92.261
1242.000	122.749	50.912	0.000	-99.834
1244.000	122.772	51.405	0.000	-101.807
1246.000	122.654	51.259	0.000	-114.590
1248.000	122.795	52.440	0.000	-118.087
1250.000	122.722	51.582	0.000	-124.720
1252.000	122.682	52.136	0.000	-136.491
1254.000	122.792	52.179	0.000	-140.431
1256.000	122.704	51.634	0.000	-148.186
1258.000	122.691	51.593	0.000	-157.813
1260.000	122.802	51.659	0.000	-160.530
1262.000	122.672	50.612	0.000	-166.358
1264.000	122.722	50.903	0.000	-173.974
1266.000	122.796	50.836	0.000	-171.931
1268.000	122.645	50.152	0.000	179.186
1270.000	122.779	50.983	0.000	178.641
1272.000	122.734	50.329	0.000	174.729
1274.000	122.675	50.472	0.000	168.722
1276.000	122.771	50.954	0.000	163.010
1278.000	122.731	50.697	0.000	161.500
1280.000	122.669	50.457	0.000	149.912
1282.000	122.792	51.172	0.000	148.140
1284.000	122.694	50.021	0.000	141.854
1286.000	122.705	50.285	0.000	133.454
1288.000	122.772	49.696	0.000	130.745
1290.000	122.688	48.952	0.000	126.101
1292.000	122.710	48.562	0.000	119.768
1294.000	122.782	48.308	0.000	121.642
1296.000	122.653	47.161	0.000	118.106
1298.000	122.754	47.626	0.000	116.316
1300.000	122.753	47.384	0.000	120.869
1302.000	122.654	47.282	0.000	114.376
1304.000	122.779	48.025	0.000	117.669
1306.000	122.712	47.786	0.000	114.751
1308.000	122.676	48.115	0.000	111.461
1310.000	122.782	49.136	0.000	108.653
1312.000	122.687	48.854	0.000	107.416
1314.000	122.703	49.863	0.000	97.301
1316.000	122.779	50.162	0.000	98.108
1318.000	122.662	49.991	0.000	86.453
1320.000	122.735	50.749	0.000	81.301
1322.000	122.753	50.480	0.000	75.097
1324.000	122.661	50.228	0.000	65.561
1326.000	122.753	50.488	0.000	58.513
1328.000	122.738	49.875	0.000	54.767
1330.000	122.648	49.309	0.000	44.172
1332.000	122.802	49.692	0.000	41.860
1334.000	122.672	48.458	0.000	36.687
1336.000	122.707	48.668	0.000	29.007
1338.000	122.766	48.034	0.000	27.980
1340.000	122.667	47.431	0.000	20.832
1342.000	122.726	47.235	0.000	15.848
1344.000	122.759	47.018	0.000	14.205
1346.000	122.644	46.066	0.000	7.349
1348.000	122.778	46.642	0.000	4.700
1350.000	122.701	45.250	0.000	2.909
1352.000	122.680	45.256	0.000	-4.540
1354.000	122.769	44.796	0.000	-4.484
1356.000	122.685	44.041	0.000	-8.512
1358.000	122.694	43.915	0.000	-14.043
1360.000	122.774	43.674	0.000	-14.286
1362.000	122.653	42.645	0.000	-20.105
1364.000	122.740	42.872	0.000	-24.732
1366.000	122.743	42.143	0.000	-23.401
1368.000	122.649	41.399	0.000	-31.640
1370.000	122.777	41.212	0.000	-28.935
1372.000	122.691	40.036	0.000	-32.110
1374.000	122.680	39.700	0.000	-32.979
1376.000	122.783	39.742	0.000	-31.868
1378.000	122.656	38.749	0.000	-31.385
1380.000	122.732	39.268	0.000	-34.422
1382.000	122.745	38.822	0.000	-30.094
1384.000	122.657	38.452	0.000	-35.582
1386.000	122.755	38.837	0.000	-34.171
1388.000	122.712	38.434	0.000	-35.308
1390.000	122.674	38.380	0.000	-37.962
1392.000	122.761	38.786	0.000	-38.868
1394.000	122.691	38.251	0.000	-38.911
1396.000	122.689	38.491	0.000	-43.588
1398.000	122.776	38.720	0.000	-40.254
1400.000	122.641	38.198	0.000	-44.963
1402.000	122.753	39.168	0.000	-45.455
1404.000	122.723	38.860	0.000	-46.435
1406.000	122.657	39.028	0.000	-50.143
1408.000	122.771	39.769	0.000	-53.397
1410.000	122.687	39.618	0.000	-53.211
1412.000	122.688	40.084	0.000	-62.491
1414.000	122.769	40.428	0.000	-60.027
1416.000	122.655	40.102	0.000	-68.371
1418.000	122.735	40.788	0.000	-71.923
1420.000	122.730	40.734	0.000	-75.580
1422.000	122.663	40.845	0.000	-82.376
1424.000	122.752	41.481	0.000	-87.613
1426.000	122.710	41.218	0.000	-92.470
1428.000	122.662	41.423	0.000	-104.309
1430.000	122.791	41.918	0.000	-108.010
1432.000	122.645	40.861	0.000	-118.493
1434.000	122.736	41.199	0.000	-126.816
1436.000	122.738	40.134	0.000	-132.590
1438.000	122.651	39.276	0.000	-141.278
1440.000	122.764	38.915	0.000	-148.132
1442.000	122.695	37.787	0.000	-150.174
1444.000	122.679	36.949	0.000	-159.797
1446.000	122.771	36.595	0.000	-159.035
1448.000	122.654	35.080	0.000	-166.209
1450.000	122.733	34.928	0.000	-166.760
1452.000	122.729	33.715	0.000	-169.108
1454.000	122.663	32.907	0.000	-173.099
1456.000	122.749	32.740	0.000	-174.597
1458.000	122.706	31.753	0.000	-175.103
1460.000	122.669	31.038	0.000	-179.591
1462.000	122.779	30.809	0.000	-177.868
1464.000	122.649	29.850	0.000	179.181
1466.000	122.737	29.883	0.000	176.994
1468.000	122.723	28.724	0.000	175.149
1470.000	122.668	28.255	0.000	174.793
1472.000	122.751	28.165	0.000	173.706
1474.000	122.693	27.394	0.000	174.598
1476.000	122.697	26.994	0.000	169.675
1478.000	122.752	26.568	0.000	173.013
1480.000	122.665	25.601	0.000	168.377
1482.000	122.732	25.571	0.000	168.026
1484.000	122.725	24.886	0.000	168.021
1486.000	122.666	24.788	0.000	163.918
1488.000	122.759	24.697	0.000	165.717
1490.000	122.685	23.528	0.000	167.096
1492.000	122.700	23.721	0.000	162.833
1494.000	122.757	23.190	0.000	165.376
1496.000	122.652	22.537	0.000	159.616
1498.000	122.755	22.869	0.000	162.456
1500.000	122.699	22.050	0.000	161.214
1502.000	122.683	21.806	0.000	157.416
1504.000	122.761	21.746	0.000	160.121
1506.000	122.668	21.348	0.000	157.925
1508.000	122.724	21.097	0.000	156.188
1510.000	122.738	20.487	0.000	157.918
1512.000	122.658	20.013	0.000	154.509
1514.000	122.760	19.943	0.000	153.104
1516.000	122.695	19.573	0.000	151.822
1518.000	122.684	20.072	0.000	150.477
1520.000	122.771	19.778	0.000	150.247
1522.000	122.647	18.398	0.000	150.851
1524.000	122.756	19.128	0.000	147.458
1526.000	122.702	18.477	0.000	148.214
1528.000	122.697	18.112	0.000	145.506
1530.000	122.743	18.050	0.000	151.680
1532.000	122.689	17.439	0.000	145.513
1534.000	122.712	17.137	0.000	147.763
1536.000	122.746	17.071	0.000	151.125
1538.000	122.660	17.310	0.000	144.146
1540.000	122.763	17.704	0.000	145.707
1542.000	122.688	16.615	0.000	147.439
1544.000	122.702	16.840	0.000	144.576
1546.000	122.753	16.634	0.000	142.863
1548.000	122.662	15.745	0.000	145.538
1550.000	122.749	16.040	0.000	146.404
1552.000	122.711	16.608	0.000	143.869
1554.000	122.682	16.630	0.000	138.716
1556.000	122.769	16.176	0.000	146.717
1558.000	122.666	14.713	0.000	140.768
1560.000	122.736	15.574	0.000	139.149
1562.000	122.728	15.364	0.000	140.717
1564.000	122.672	14.691	0.000	135.073
1566.000	122.762	15.175	0.000	136.131
1568.000	122.684	15.138	0.000	134.183
1570.000	122.717	15.755	0.000	128.268
1572.000	122.749	15.661	0.000	132.655
1574.000	122.663	15.471	0.000	124.539
1576.000	122.763	15.184	0.000	130.239
1578.000	122.692	14.937	0.000	134.059
1580.000	122.706	14.152	0.000	128.419
1582.000	122.754	14.100	0.000	127.013
1584.000	122.668	14.293	0.000	121.093
1586.000	122.754	14.334	0.000	127.388
1588.000	122.708	13.597	0.000	127.316
1590.000	122.695	13.361	0.000	121.558
1592.000	122.760	13.279	0.000	117.124
1594.000	122.673	12.926	0.000	111.543
1596.000	122.743	13.063	0.000	116.842
1598.000	122.726	13.710	0.000	110.888
1600.000	122.685	13.951	0.000	107.741
1602.000	122.765	14.008	0.000	114.059
1604.000	122.679	12.759	0.000	104.756
1606.000	122.738	12.799	0.000	102.838
1608.000	122.729	12.990	0.000	94.400
1610.000	122.685	13.070	0.000	88.015
1612.000	122.763	12.543	0.000	100.415
1614.000	122.693	10.974	0.000	97.896
1616.000	122.716	12.399	0.000	84.138
1618.000	122.760	12.424	0.000	105.648
1620.000	122.662	12.389	0.000	107.464
1622.000	122.778	12.981	0.000	100.115
1624.000	122.688	13.053	0.000	83.656
1626.000	122.721	12.108	0.000	80.470
1628.000	122.753	11.231	0.000	85.795
1630.000	122.675	11.681	0.000	81.481
1632.000	122.765	11.739	0.000	95.489
1634.000	122.703	11.539	0.000	82.980
1636.000	122.709	11.130	0.000	83.967
1638.000	122.764	10.516	0.000	72.555
1640.000	122.668	10.798	0.000	83.518
1642.000	122.769	11.847	0.000	81.389
1644.000	122.702	10.231	0.000	119.644
1646.000	122.715	10.075	0.000	117.149
1648.000	122.763	10.360	0.000	90.944
1650.000	122.681	8.391	0.000	65.069
1652.000	122.757	9.709	0.000	91.885
1654.000	122.717	9.870	0.000	131.243
1656.000	122.703	10.103	0.000	124.387
1658.000	122.771	10.458	0.000	132.506
1660.000	122.670	10.471	0.000	140.034
1662.000	122.774	10.128	0.000	135.116
1664.000	122.706	10.588	0.000	111.953
1666.000	122.715	9.924	0.000	108.792
1668.000	122.760	8.523	0.000	140.226
1670.000	122.688	9.278	0.000	164.891
1672.000	122.753	9.198	0.000	178.063
1674.000	122.724	10.687	0.000	176.004
1676.000	122.708	11.257	0.000	155.063
1678.000	122.771	10.033	0.000	117.970
1680.000	122.674	9.550	0.000	119.281
1682.000	122.774	9.353	0.000	88.052
1684.000	122.716	8.556	0.000	48.243
1686.000	122.705	9.373	0.000	149.555
1688.000	122.788	10.718	0.000	147.091
1690.000	122.668	10.458	0.000	146.055
1692.000	122.783	8.784	0.000	119.689
1694.000	122.700	9.708	0.000	113.611
1696.000	122.738	9.540	0.000	110.159
1698.000	122.746	9.319	0.000	119.711
1700.000	122.706	10.008	0.000	146.023
1702.000	122.755	9.677	0.000	170.492
1704.000	122.725	10.577	0.000	-177.338
1706.000	122.716	11.069	0.000	144.738
1708.000	122.776	9.571	0.000	95.208
1710.000	122.679	10.317	0.000	101.499
1712.000	122.784	10.198	0.000	144.759
1714.000	122.703	10.520	0.000	172.424
1716.000	122.740	9.771	0.000	142.098
1718.000	122.754	9.813	0.000	120.344
1720.000	122.697	9.899	0.000	120.217
1722.000	122.780	9.789	0.000	144.394
1724.000	122.708	9.086	0.000	144.612
1726.000	122.735	8.979	0.000	150.680
1728.000	122.766	10.152	0.000	166.175
1730.000	122.688	9.634	0.000	137.566
1732.000	122.789	10.111	0.000	126.828
1734.000	122.690	10.149	0.000	132.738
1736.000	122.772	9.516	0.000	146.369
1738.000	122.728	10.237	0.000	105.173
1740.000	122.727	10.166	0.000	98.156
1742.000	122.763	11.606	0.000	115.632
1744.000	122.709	11.104	0.000	121.774
1746.000	122.757	10.691	0.000	122.336
1748.000	122.741	11.183	0.000	137.647
1750.000	122.719	10.403	0.000	122.539
1752.000	122.777	9.810	0.000	135.630
1754.000	122.700	10.329	0.000	125.435
1756.000	122.771	9.611	0.000	138.868
1758.000	122.730	10.158	0.000	135.303
1760.000	122.725	9.169	0.000	111.182
1762.000	122.783	9.774	0.000	130.721
1764.000	122.691	10.979	0.000	111.792
1766.000	122.792	11.191	0.000	104.839
1768.000	122.703	11.058	0.000	128.352
1770.000	122.770	10.679	0.000	111.037
1772.000	122.740	9.646	0.000	107.649
1774.000	122.722	10.128	0.000	109.563
1776.000	122.784	10.101	0.000	125.220
1778.000	122.709	10.505	0.000	141.784
1780.000	122.764	10.275	0.000	132.047
1782.000	122.750	9.260	0.000	135.952
1784.000	122.720	9.486	0.000	126.668
1786.000	122.787	10.038	0.000	121.099
1788.000	122.697	10.116	0.000	118.251
1790.000	122.787	10.480	0.000	121.533
1792.000	122.723	9.667	0.000	89.897
1794.000	122.753	9.638	0.000	88.183
1796.000	122.759	8.593	0.000	120.484
1798.000	122.732	9.783	0.000	106.680
1800.000	122.764	10.507	0.000	91.476
1802.000	122.741	9.575	0.000	82.124
1804.000	122.742	10.574	0.000	77.921
1806.000	122.772	11.277	0.000	92.051
1808.000	122.709	10.008	0.000	76.667
1810.000	122.803	10.154	0.000	113.606
1812.000	122.703	9.162	0.000	164.802
1814.000	122.779	8.547	0.000	111.158
1816.000	122.742	9.432	0.000	59.418
1818.000	122.736	9.741	0.000	39.630
1820.000	122.788	8.660	0.000	118.230
1822.000	122.703	10.019	0.000	104.438
1824.000	122.800	10.062	0.000	70.369
1826.000	122.713	9.470	0.000	46.386
1828.000	122.784	10.439	0.000	88.122
1830.000	122.740	10.375	0.000	82.190
1832.000	122.746	10.623	0.000	82.270
1834.000	122.778	11.731	0.000	62.872
1836.000	122.732	10.317	0.000	92.037
1838.000	122.771	9.485	0.000	48.926
1840.000	122.753	10.544	0.000	36.330
1842.000	122.741	9.925	0.000	47.027
1844.000	122.786	10.272	0.000	73.715
1846.000	122.716	9.766	0.000	89.363
1848.000	122.795	9.985	0.000	60.654
1850.000	122.729	9.967	0.000	9.676
1852.000	122.769	10.366	0.000	64.103
1854.000	122.767	10.042	0.000	57.518
1856.000	122.735	9.970	0.000	17.789
1858.000	122.791	10.541	0.000	90.579
1860.000	122.720	10.699	0.000	99.858
1862.000	122.795	10.121	0.000	48.767
1864.000	122.731	10.264	0.000	78.018
1866.000	122.777	10.159	0.000	87.777
1868.000	122.758	10.112	0.000	17.466
1870.000	122.751	9.412	0.000	-3.529
1872.000	122.780	9.316	0.000	5.285
1874.000	122.738	9.667	0.000	-113.945
1876.000	122.775	10.452	0.000	-120.398
1878.000	122.762	10.346	0.000	-72.558
1880.000	122.750	9.709	0.000	-71.819
1882.000	122.785	9.554	0.000	163.003
1884.000	122.738	9.874	0.000	-47.748
1886.000	122.781	10.162	0.000	-29.756
1888.000	122.762	9.648	0.000	-72.774
1890.000	122.750	8.605	0.000	-79.829
1892.000	122.794	9.676	0.000	-52.789
1894.000	122.726	10.186	0.000	-38.269
1896.000	122.813	10.225	0.000	-54.675
1898.000	122.715	9.839	0.000	-135.580
1900.000	122.810	7.961	0.000	-156.234
1902.000	122.736	6.822	0.000	-67.532
1904.000	122.778	9.420	0.000	-55.993
1906.000	122.778	10.030	0.000	-34.583
1908.000	122.736	8.969	0.000	-33.707
1910.000	122.816	9.364	0.000	-129.750
1912.000	122.712	8.953	0.000	-143.454
1914.000	122.820	9.690	0.000	-117.818
1916.000	122.732	9.539	0.000	-117.194
1918.000	122.787	10.109	0.000	-147.765
1920.000	122.768	9.830	0.000	-114.905
1922.000	122.753	9.679	0.000	-150.803
1924.000	122.799	9.785	0.000	-171.432
1926.000	122.739	10.441	0.000	175.526
1928.000	122.798	10.645	0.000	-135.513
1930.000	122.743	10.331	0.000	-109.822
1932.000	122.789	9.684	0.000	-119.726
1934.000	122.767	10.079	0.000	-132.931
1936.000	122.765	9.881	0.000	-118.978
1938.000	122.788	9.880	0.000	-144.820
1940.000	122.751	10.215	0.000	-127.867
1942.000	122.792	10.190	0.000	-142.945
1944.000	122.760	10.871	0.000	-159.179
1946.000	122.774	11.129	0.000	-153.133
1948.000	122.781	11.037	0.000	-153.909
1950.000	122.758	11.721	0.000	-150.601
1952.000	122.796	11.854	0.000	-162.877
1954.000	122.755	12.197	0.000	177.991
1956.000	122.785	12.186	0.000	174.158
1958.000	122.770	12.109	0.000	166.019
1960.000	122.768	13.198	0.000	159.036
1962.000	122.795	13.601	0.000	151.417
1964.000	122.752	14.300	0.000	141.405
1966.000	122.802	15.042	0.000	138.616
1968.000	122.751	15.580	0.000	128.152
1970.000	122.798	15.801	0.000	128.441
1972.000	122.768	15.090	0.000	118.209
1974.000	122.779	15.382	0.000	107.077
1976.000	122.782	16.044	0.000	96.716
1978.000	122.764	17.132	0.000	86.169
1980.000	122.802	16.806	0.000	72.995
1982.000	122.752	17.323	0.000	58.643
1984.000	122.802	17.737	0.000	52.005
1986.000	122.759	17.022	0.000	37.242
1988.000	122.785	17.588	0.000	20.530
1990.000	122.787	17.701	0.000	12.321
1992.000	122.766	18.236	0.000	-5.206
1994.000	122.800	17.962	0.000	-17.265
1996.000	122.757	18.265	0.000	-32.804
1998.000	122.797	18.719	0.000	-44.796
2000.000	122.769	18.804	0.000	-56.074
