2000.000	122.804	16.166	0.000	-154.880
2.000	122.857	16.772	0.000	-158.393
4.000	123.074	17.009	0.000	-162.279
6.000	123.093	16.988	0.000	-162.876
8.000	122.937	16.831	0.000	-158.438
10.000	122.796	15.387	0.000	-160.306
12.000	122.898	15.832	0.000	-158.722
14.000	123.163	16.854	0.000	-154.753
16.000	123.086	16.598	0.000	-150.739
18.000	122.753	15.517	0.000	-149.474
20.000	122.850	16.712	0.000	-158.708
22.000	123.126	17.915	0.000	-157.455
24.000	123.054	16.908	0.000	-147.687
26.000	122.914	16.137	0.000	-149.852
28.000	122.878	15.705	0.000	-145.502
30.000	122.877	15.799	0.000	-154.070
32.000	123.080	17.558	0.000	-151.691
34.000	123.143	17.308	0.000	-143.407
36.000	122.816	15.497	0.000	-141.957
38.000	122.772	16.186	0.000	-154.518
40.000	123.113	17.025	0.000	-153.346
42.000	123.129	17.468	0.000	-143.129
44.000	122.892	16.883	0.000	-146.078
46.000	122.826	16.972	0.000	-152.525
48.000	122.937	18.219	0.000	-149.355
50.000	123.102	17.906	0.000	-141.415
52.000	123.067	17.688	0.000	-137.486
54.000	122.827	17.643	0.000	-137.931
56.000	122.844	18.379	0.000	-145.400
58.000	123.061	19.213	0.000	-146.151
60.000	123.089	19.408	0.000	-147.377
62.000	122.961	18.027	0.000	-141.499
64.000	122.809	17.771	0.000	-141.486
66.000	122.890	19.263	0.000	-147.825
68.000	123.178	19.517	0.000	-148.886
70.000	123.073	19.276	0.000	-142.986
72.000	122.736	18.810	0.000	-144.770
74.000	122.905	19.382	0.000	-148.719
76.000	123.132	19.443	0.000	-145.793
78.000	123.015	18.426	0.000	-136.643
80.000	122.927	18.832	0.000	-139.027
82.000	122.868	19.233	0.000	-140.951
84.000	122.902	18.966	0.000	-143.407
86.000	123.153	19.681	0.000	-144.448
88.000	123.063	19.521	0.000	-139.219
90.000	122.738	18.495	0.000	-141.532
92.000	122.908	20.104	0.000	-145.544
94.000	123.155	20.578	0.000	-136.440
96.000	123.035	19.695	0.000	-133.103
98.000	122.860	18.703	0.000	-140.217
100.000	122.844	19.038	0.000	-141.970
102.000	123.027	19.715	0.000	-137.149
104.000	123.139	20.083	0.000	-133.027
106.000	122.920	20.418	0.000	-126.653
108.000	122.806	20.350	0.000	-131.729
110.000	122.986	20.789	0.000	-136.982
112.000	123.080	21.493	0.000	-133.065
114.000	123.039	21.849	0.000	-125.836
116.000	122.860	21.349	0.000	-126.415
118.000	122.807	21.365	0.000	-132.767
120.000	123.132	22.675	0.000	-132.714
122.000	123.145	22.679	0.000	-126.004
124.000	122.780	21.582	0.000	-126.649
126.000	122.862	22.429	0.000	-130.802
128.000	123.096	23.569	0.000	-127.305
130.000	123.036	22.974	0.000	-124.209
132.000	122.962	22.800	0.000	-126.850
134.000	122.854	23.199	0.000	-127.469
136.000	122.895	23.214	0.000	-129.924
138.000	123.155	24.731	0.000	-129.431
140.000	123.045	24.776	0.000	-121.811
142.000	122.765	23.943	0.000	-127.708
144.000	122.916	24.968	0.000	-135.034
146.000	123.122	25.816	0.000	-125.998
148.000	123.051	25.283	0.000	-119.858
150.000	122.849	24.858	0.000	-125.612
152.000	122.839	25.960	0.000	-130.094
154.000	123.086	26.589	0.000	-126.460
156.000	123.098	26.560	0.000	-125.503
158.000	122.871	26.106	0.000	-125.982
160.000	122.862	26.314	0.000	-129.542
162.000	122.988	27.257	0.000	-130.397
164.000	123.090	27.935	0.000	-126.797
166.000	123.021	27.594	0.000	-123.135
168.000	122.774	26.774	0.000	-127.086
170.000	122.923	27.935	0.000	-132.081
172.000	123.198	29.101	0.000	-128.831
174.000	122.978	28.325	0.000	-123.898
176.000	122.782	27.949	0.000	-131.491
178.000	122.965	29.295	0.000	-134.263
180.000	123.080	29.600	0.000	-127.137
182.000	123.027	29.187	0.000	-125.923
184.000	122.881	29.283	0.000	-129.724
186.000	122.848	29.329	0.000	-130.257
188.000	123.058	30.437	0.000	-132.130
190.000	123.111	31.124	0.000	-127.766
192.000	122.881	30.114	0.000	-124.616
194.000	122.806	30.066	0.000	-134.123
196.000	123.051	31.890	0.000	-131.868
198.000	123.139	31.884	0.000	-125.115
200.000	122.881	30.733	0.000	-128.853
202.000	122.811	31.509	0.000	-133.473
204.000	123.044	32.378	0.000	-131.120
206.000	123.086	32.569	0.000	-127.701
208.000	122.942	32.370	0.000	-126.679
210.000	122.846	32.426	0.000	-131.019
212.000	122.934	33.278	0.000	-133.156
214.000	123.117	34.192	0.000	-129.758
216.000	123.017	33.981	0.000	-127.568
218.000	122.789	33.486	0.000	-130.475
220.000	122.923	34.492	0.000	-135.262
222.000	123.142	35.773	0.000	-130.373
224.000	123.014	35.129	0.000	-124.590
226.000	122.788	34.584	0.000	-132.661
228.000	122.933	36.316	0.000	-135.391
230.000	123.119	36.845	0.000	-129.308
232.000	122.991	36.246	0.000	-130.748
234.000	122.866	36.486	0.000	-132.754
236.000	122.893	36.809	0.000	-133.643
238.000	123.033	37.983	0.000	-135.407
240.000	123.113	38.657	0.000	-130.243
242.000	122.847	37.527	0.000	-129.898
244.000	122.811	38.398	0.000	-140.029
246.000	123.140	40.065	0.000	-134.910
248.000	123.059	39.471	0.000	-129.513
250.000	122.826	38.964	0.000	-135.658
252.000	122.892	40.151	0.000	-139.038
254.000	123.039	40.989	0.000	-136.516
256.000	123.079	41.134	0.000	-134.241
258.000	122.884	40.909	0.000	-135.637
260.000	122.834	41.500	0.000	-139.732
262.000	123.053	42.704	0.000	-140.016
264.000	123.072	43.202	0.000	-137.043
266.000	122.914	42.867	0.000	-136.150
268.000	122.811	43.109	0.000	-142.983
270.000	123.017	45.004	0.000	-144.205
272.000	123.161	45.585	0.000	-136.944
274.000	122.840	44.507	0.000	-139.536
276.000	122.828	45.867	0.000	-148.510
278.000	123.095	47.270	0.000	-144.086
280.000	123.018	47.070	0.000	-143.129
282.000	122.931	47.535	0.000	-147.164
284.000	122.854	48.087	0.000	-148.994
286.000	122.956	49.238	0.000	-153.554
288.000	123.155	50.678	0.000	-151.523
290.000	122.898	50.233	0.000	-149.949
292.000	122.789	50.736	0.000	-162.563
294.000	123.062	53.077	0.000	-164.386
296.000	123.081	53.420	0.000	-160.522
298.000	122.895	52.956	0.000	-169.071
300.000	122.822	54.215	0.000	-179.828
302.000	123.033	55.412	0.000	177.540
304.000	123.093	55.571	0.000	173.704
306.000	122.873	55.242	0.000	166.746
308.000	122.864	55.366	0.000	157.656
310.000	122.994	56.137	0.000	151.802
312.000	123.081	56.504	0.000	151.443
314.000	122.940	55.788	0.000	148.723
316.000	122.771	55.622	0.000	137.196
318.000	123.058	57.107	0.000	132.343
320.000	123.118	57.128	0.000	135.094
322.000	122.825	55.641	0.000	128.461
324.000	122.868	56.331	0.000	116.363
326.000	123.047	57.089	0.000	117.976
328.000	123.041	56.276	0.000	116.587
330.000	122.893	55.947	0.000	109.612
332.000	122.845	55.873	0.000	106.128
334.000	123.023	56.274	0.000	100.846
336.000	123.083	56.806	0.000	102.698
338.000	122.870	55.547	0.000	102.551
340.000	122.814	55.772	0.000	88.909
342.000	123.094	57.274	0.000	90.782
344.000	123.062	56.334	0.000	93.970
346.000	122.801	55.403	0.000	83.479
348.000	122.909	56.285	0.000	79.234
350.000	123.059	56.521	0.000	79.620
352.000	123.013	56.269	0.000	78.280
354.000	122.857	55.757	0.000	73.643
356.000	122.868	56.143	0.000	66.230
358.000	123.081	56.881	0.000	64.922
360.000	123.019	56.460	0.000	64.598
362.000	122.821	55.478	0.000	58.327
364.000	122.887	55.859	0.000	48.647
366.000	123.110	56.665	0.000	49.853
368.000	122.999	55.399	0.000	52.414
370.000	122.760	54.281	0.000	40.581
372.000	122.997	55.407	0.000	39.711
374.000	123.071	54.777	0.000	44.456
376.000	122.918	54.044	0.000	41.087
378.000	122.874	54.171	0.000	40.593
380.000	122.902	54.440	0.000	36.937
382.000	123.116	55.693	0.000	37.255
384.000	122.948	55.059	0.000	39.680
386.000	122.760	54.577	0.000	25.737
388.000	123.049	56.234	0.000	21.601
390.000	123.063	55.736	0.000	24.644
392.000	122.871	54.263	0.000	15.820
394.000	122.838	54.444	0.000	7.066
396.000	123.032	54.575	0.000	6.823
398.000	123.055	53.808	0.000	6.292
400.000	122.835	52.689	0.000	2.589
402.000	122.886	52.418	0.000	-2.065
404.000	123.019	52.657	0.000	-2.518
406.000	123.042	52.225	0.000	0.308
408.000	122.840	50.839	0.000	-2.061
410.000	122.841	50.907	0.000	-9.645
412.000	123.138	51.562	0.000	-5.512
414.000	122.957	49.989	0.000	-0.727
416.000	122.789	48.742	0.000	-7.535
418.000	122.977	49.550	0.000	-4.140
420.000	123.044	49.036	0.000	4.703
422.000	122.940	48.565	0.000	6.576
424.000	122.823	48.936	0.000	8.941
426.000	122.956	49.725	0.000	8.974
428.000	123.078	50.981	0.000	12.604
430.000	122.904	50.521	0.000	16.632
432.000	122.790	50.873	0.000	5.583
434.000	123.046	52.930	0.000	6.796
436.000	123.060	52.532	0.000	11.163
438.000	122.799	51.923	0.000	0.722
440.000	122.901	53.078	0.000	-3.593
442.000	123.041	53.340	0.000	-3.472
444.000	122.987	53.102	0.000	-5.021
446.000	122.833	52.626	0.000	-8.988
448.000	122.893	53.231	0.000	-14.150
450.000	123.078	53.953	0.000	-12.370
452.000	122.949	53.483	0.000	-11.490
454.000	122.802	53.180	0.000	-18.095
456.000	122.947	54.574	0.000	-23.327
458.000	123.107	55.298	0.000	-18.951
460.000	122.855	54.116	0.000	-22.749
462.000	122.820	55.164	0.000	-35.365
464.000	123.068	56.148	0.000	-33.201
466.000	122.967	55.432	0.000	-37.632
468.000	122.884	55.658	0.000	-45.275
470.000	122.847	55.590	0.000	-51.545
472.000	123.036	56.459	0.000	-59.436
474.000	123.032	56.335	0.000	-58.462
476.000	122.756	54.732	0.000	-70.067
478.000	122.956	55.766	0.000	-81.319
480.000	123.070	55.530	0.000	-78.270
482.000	122.896	53.627	0.000	-84.802
484.000	122.809	53.309	0.000	-95.170
486.000	123.004	53.380	0.000	-96.106
488.000	123.034	52.506	0.000	-96.927
490.000	122.839	51.297	0.000	-101.055
492.000	122.872	50.834	0.000	-106.533
494.000	123.002	50.892	0.000	-107.659
496.000	123.025	50.196	0.000	-105.180
498.000	122.793	48.653	0.000	-109.230
500.000	122.895	48.959	0.000	-115.837
502.000	123.104	49.194	0.000	-110.831
504.000	122.880	47.391	0.000	-110.008
506.000	122.811	47.000	0.000	-119.418
508.000	123.001	47.551	0.000	-116.126
510.000	123.013	46.479	0.000	-114.070
512.000	122.854	45.758	0.000	-117.905
514.000	122.855	45.419	0.000	-118.855
516.000	123.003	45.570	0.000	-121.004
518.000	123.020	45.388	0.000	-116.017
520.000	122.779	43.658	0.000	-119.292
522.000	122.910	44.592	0.000	-125.645
524.000	123.096	44.618	0.000	-117.320
526.000	122.853	42.777	0.000	-120.015
528.000	122.836	43.031	0.000	-125.440
530.000	122.983	43.116	0.000	-122.416
532.000	123.016	42.676	0.000	-120.867
534.000	122.833	41.765	0.000	-122.036
536.000	122.861	41.727	0.000	-126.119
538.000	123.032	42.053	0.000	-123.782
540.000	122.957	41.298	0.000	-121.228
542.000	122.799	40.366	0.000	-124.800
544.000	122.912	41.043	0.000	-128.332
546.000	123.098	41.279	0.000	-121.844
548.000	122.813	39.482	0.000	-122.893
550.000	122.850	40.017	0.000	-129.785
552.000	123.024	40.228	0.000	-123.401
554.000	122.948	39.179	0.000	-124.085
556.000	122.847	39.042	0.000	-125.607
558.000	122.858	38.705	0.000	-127.832
560.000	123.060	39.345	0.000	-126.481
562.000	122.908	38.443	0.000	-121.270
564.000	122.779	37.601	0.000	-130.021
566.000	122.994	38.881	0.000	-128.199
568.000	123.021	38.013	0.000	-121.942
570.000	122.791	36.859	0.000	-128.302
572.000	122.886	37.548	0.000	-128.927
574.000	123.026	37.390	0.000	-125.887
576.000	122.914	36.716	0.000	-125.591
578.000	122.813	36.233	0.000	-127.893
580.000	122.927	36.642	0.000	-129.687
582.000	123.038	36.762	0.000	-125.991
584.000	122.836	35.597	0.000	-125.740
586.000	122.820	35.686	0.000	-131.742
588.000	123.036	36.561	0.000	-128.077
590.000	122.953	35.513	0.000	-123.237
592.000	122.757	34.727	0.000	-131.905
594.000	122.975	35.761	0.000	-129.793
596.000	122.988	34.924	0.000	-125.298
598.000	122.860	34.471	0.000	-129.315
600.000	122.833	34.283	0.000	-129.982
602.000	122.974	34.617	0.000	-131.914
604.000	123.006	34.625	0.000	-125.691
606.000	122.747	33.059	0.000	-129.167
608.000	122.939	34.277	0.000	-133.456
610.000	123.024	34.020	0.000	-125.175
612.000	122.838	32.681	0.000	-128.999
614.000	122.819	33.096	0.000	-131.485
616.000	123.010	33.200	0.000	-128.262
618.000	122.938	32.796	0.000	-126.953
620.000	122.803	32.033	0.000	-129.187
622.000	122.898	32.309	0.000	-132.156
624.000	123.011	32.350	0.000	-129.047
626.000	122.876	31.371	0.000	-127.440
628.000	122.776	31.204	0.000	-133.365
630.000	123.031	32.266	0.000	-130.950
632.000	122.941	31.311	0.000	-124.348
634.000	122.769	30.423	0.000	-133.036
636.000	122.933	31.210	0.000	-130.835
638.000	122.994	30.439	0.000	-126.698
640.000	122.841	29.883	0.000	-128.489
642.000	122.831	29.654	0.000	-129.282
644.000	122.963	30.037	0.000	-131.059
646.000	122.981	29.740	0.000	-124.912
648.000	122.744	28.249	0.000	-129.105
650.000	122.937	29.423	0.000	-131.474
652.000	123.016	28.979	0.000	-123.355
654.000	122.801	27.613	0.000	-128.863
656.000	122.844	28.244	0.000	-129.690
658.000	122.990	28.024	0.000	-125.820
660.000	122.918	27.334	0.000	-123.893
662.000	122.780	26.690	0.000	-126.193
664.000	122.931	26.925	0.000	-127.395
666.000	122.980	26.902	0.000	-123.245
668.000	122.833	25.260	0.000	-123.764
670.000	122.799	25.799	0.000	-127.984
672.000	123.054	26.470	0.000	-121.396
674.000	122.857	24.933	0.000	-118.699
676.000	122.792	24.697	0.000	-126.668
678.000	122.962	25.033	0.000	-120.709
680.000	122.943	23.488	0.000	-117.264
682.000	122.809	22.841	0.000	-119.767
684.000	122.852	22.566	0.000	-119.592
686.000	122.998	22.820	0.000	-117.478
688.000	122.871	21.484	0.000	-109.971
690.000	122.762	20.936	0.000	-116.112
692.000	123.004	21.785	0.000	-107.653
694.000	122.925	19.863	0.000	-100.237
696.000	122.765	19.119	0.000	-101.415
698.000	122.920	19.542	0.000	-93.763
700.000	122.962	18.755	0.000	-87.256
702.000	122.832	17.655	0.000	-77.891
704.000	122.810	17.118	0.000	-68.841
706.000	122.989	17.889	0.000	-56.737
708.000	122.891	17.261	0.000	-42.993
710.000	122.771	17.614	0.000	-40.769
712.000	122.926	19.373	0.000	-32.040
714.000	122.994	19.408	0.000	-16.882
716.000	122.734	19.565	0.000	-21.409
718.000	122.917	21.031	0.000	-14.207
720.000	122.944	21.639	0.000	-6.478
722.000	122.858	21.999	0.000	-5.420
724.000	122.786	22.618	0.000	-2.460
726.000	122.965	24.232	0.000	-0.542
728.000	122.924	24.650	0.000	6.430
730.000	122.749	24.255	0.000	1.288
732.000	122.916	26.622	0.000	2.979
734.000	122.976	26.527	0.000	12.449
736.000	122.762	26.711	0.000	8.654
738.000	122.867	28.028	0.000	9.564
740.000	122.964	28.357	0.000	12.901
742.000	122.846	28.853	0.000	14.000
744.000	122.786	29.341	0.000	10.539
746.000	122.945	30.851	0.000	12.520
748.000	122.927	30.651	0.000	16.769
750.000	122.751	30.624	0.000	12.786
752.000	122.896	32.214	0.000	10.767
754.000	122.979	32.759	0.000	18.159
756.000	122.757	32.218	0.000	14.743
758.000	122.860	34.090	0.000	13.315
760.000	122.964	34.191	0.000	19.431
762.000	122.829	34.507	0.000	15.234
764.000	122.797	34.923	0.000	15.390
766.000	122.923	36.056	0.000	13.529
768.000	122.941	36.419	0.000	19.776
770.000	122.721	36.114	0.000	12.218
772.000	122.926	38.001	0.000	12.528
774.000	122.940	37.753	0.000	19.133
776.000	122.767	37.656	0.000	12.868
778.000	122.845	39.044	0.000	12.578
780.000	122.967	39.506	0.000	15.789
782.000	122.810	39.548	0.000	14.447
784.000	122.797	40.170	0.000	11.947
786.000	122.931	41.381	0.000	12.521
788.000	122.904	41.477	0.000	16.030
790.000	122.730	41.487	0.000	9.566
792.000	122.927	43.238	0.000	10.202
794.000	122.929	43.273	0.000	15.019
796.000	122.740	43.249	0.000	7.936
798.000	122.881	45.020	0.000	8.024
800.000	122.934	45.096	0.000	11.455
802.000	122.797	45.454	0.000	6.767
804.000	122.802	46.255	0.000	5.239
806.000	122.945	47.728	0.000	3.644
808.000	122.864	47.872	0.000	7.740
810.000	122.732	48.476	0.000	-3.738
812.000	122.964	50.526	0.000	-0.383
814.000	122.868	50.029	0.000	-0.881
816.000	122.750	51.173	0.000	-11.247
818.000	122.896	52.503	0.000	-13.143
820.000	122.916	53.146	0.000	-17.670
822.000	122.765	53.317	0.000	-27.281
824.000	122.832	54.236	0.000	-38.873
826.000	122.944	54.527	0.000	-43.787
828.000	122.801	53.385	0.000	-50.570
830.000	122.771	53.015	0.000	-62.340
832.000	122.970	53.475	0.000	-61.461
834.000	122.814	51.796	0.000	-61.951
836.000	122.760	51.568	0.000	-71.561
838.000	122.937	51.489	0.000	-65.742
840.000	122.848	50.200	0.000	-64.520
842.000	122.772	50.071	0.000	-60.877
844.000	122.854	50.794	0.000	-56.920
846.000	122.943	51.951	0.000	-47.989
848.000	122.723	52.003	0.000	-49.445
850.000	122.862	54.769	0.000	-53.419
852.000	122.934	55.600	0.000	-49.577
854.000	122.759	56.027	0.000	-63.034
856.000	122.805	57.693	0.000	-72.367
858.000	122.942	58.011	0.000	-79.162
860.000	122.790	57.465	0.000	-89.903
862.000	122.783	57.031	0.000	-101.519
864.000	122.903	57.082	0.000	-106.729
866.000	122.869	55.993	0.000	-107.230
868.000	122.712	54.958	0.000	-116.368
870.000	122.933	55.595	0.000	-117.440
872.000	122.862	54.481	0.000	-114.921
874.000	122.733	53.483	0.000	-124.115
876.000	122.880	53.943	0.000	-122.351
878.000	122.888	52.641	0.000	-119.505
880.000	122.752	52.105	0.000	-120.540
882.000	122.825	51.957	0.000	-117.311
884.000	122.921	52.795	0.000	-111.270
886.000	122.766	52.264	0.000	-106.828
888.000	122.786	54.220	0.000	-112.841
890.000	122.954	55.072	0.000	-105.913
892.000	122.755	54.596	0.000	-116.227
894.000	122.786	55.637	0.000	-123.321
896.000	122.911	55.781	0.000	-126.389
898.000	122.812	55.072	0.000	-130.607
900.000	122.751	54.691	0.000	-138.631
902.000	122.892	54.827	0.000	-139.868
904.000	122.857	54.061	0.000	-138.799
906.000	122.712	53.051	0.000	-144.216
908.000	122.901	53.887	0.000	-144.395
910.000	122.867	52.854	0.000	-138.040
912.000	122.718	52.096	0.000	-144.600
914.000	122.870	52.729	0.000	-139.293
916.000	122.870	51.997	0.000	-134.989
918.000	122.746	51.954	0.000	-133.726
920.000	122.814	52.594	0.000	-131.519
922.000	122.906	53.686	0.000	-126.493
924.000	122.745	53.425	0.000	-125.604
926.000	122.793	55.191	0.000	-132.826
928.000	122.927	55.824	0.000	-126.150
930.000	122.737	55.225	0.000	-134.596
932.000	122.793	56.509	0.000	-137.404
934.000	122.896	56.697	0.000	-137.877
936.000	122.780	56.604	0.000	-140.998
938.000	122.760	56.901	0.000	-147.856
940.000	122.887	57.689	0.000	-147.763
942.000	122.817	57.145	0.000	-148.501
944.000	122.716	57.295	0.000	-156.643
946.000	122.916	58.523	0.000	-157.008
948.000	122.801	57.661	0.000	-156.440
950.000	122.734	57.909	0.000	-168.112
952.000	122.879	58.405	0.000	-164.832
954.000	122.824	57.525	0.000	-168.351
956.000	122.735	57.521	0.000	-170.928
958.000	122.838	57.882	0.000	-174.065
960.000	122.874	58.202	0.000	-169.934
962.000	122.698	57.326	0.000	-175.968
964.000	122.861	58.836	0.000	-177.822
966.000	122.856	58.144	0.000	-173.958
968.000	122.722	57.977	0.000	177.449
970.000	122.823	58.671	0.000	177.996
972.000	122.871	58.555	0.000	178.253
974.000	122.723	58.323	0.000	174.804
976.000	122.809	59.043	0.000	171.558
978.000	122.871	59.502	0.000	173.175
980.000	122.743	58.988	0.000	169.759
982.000	122.773	60.031	0.000	162.038
984.000	122.911	60.429	0.000	165.549
986.000	122.710	59.456	0.000	157.692
988.000	122.799	60.475	0.000	152.980
990.000	122.865	60.148	0.000	154.294
992.000	122.753	59.786	0.000	148.415
994.000	122.759	59.929	0.000	144.968
996.000	122.879	60.492	0.000	143.244
998.000	122.764	59.773	0.000	144.300
1000.000	122.731	60.147	0.000	133.486
1002.000	122.913	60.814	0.000	139.516
1004.000	122.733	59.486	0.000	133.914
1006.000	122.761	60.218	0.000	130.020
1008.000	122.866	60.220	0.000	130.203
1010.000	122.771	59.926	0.000	128.801
1012.000	122.733	60.041	0.000	122.511
1014.000	122.870	60.703	0.000	122.966
1016.000	122.783	60.132	0.000	121.817
1018.000	122.705	60.190	0.000	113.880
1020.000	122.899	61.333	0.000	114.226
1022.000	122.756	60.270	0.000	113.526
1024.000	122.735	60.852	0.000	103.409
1026.000	122.861	60.924	0.000	106.171
1028.000	122.776	60.402	0.000	100.663
1030.000	122.723	60.325	0.000	96.954
1032.000	122.851	60.903	0.000	92.975
1034.000	122.798	60.487	0.000	94.556
1036.000	122.695	60.146	0.000	83.846
1038.000	122.885	61.092	0.000	85.008
1040.000	122.762	59.741	0.000	82.916
1042.000	122.724	59.993	0.000	74.323
1044.000	122.851	59.978	0.000	75.627
1046.000	122.779	59.367	0.000	72.834
1048.000	122.719	59.067	0.000	67.996
1050.000	122.837	59.610	0.000	66.424
1052.000	122.800	58.977	0.000	67.439
1054.000	122.690	58.639	0.000	59.312
1056.000	122.873	59.481	0.000	59.112
1058.000	122.765	58.456	0.000	59.287
1060.000	122.718	58.491	0.000	49.231
1062.000	122.844	58.756	0.000	52.002
1064.000	122.775	57.753	0.000	47.745
1066.000	122.715	57.577	0.000	44.613
1068.000	122.828	57.754	0.000	41.450
1070.000	122.802	57.450	0.000	45.129
1072.000	122.681	56.821	0.000	35.983
1074.000	122.872	57.802	0.000	38.691
1076.000	122.755	56.411	0.000	36.959
1078.000	122.719	56.670	0.000	30.257
1080.000	122.835	56.625	0.000	30.138
1082.000	122.772	55.991	0.000	27.794
1084.000	122.708	55.468	0.000	21.893
1086.000	122.834	55.571	0.000	21.167
1088.000	122.779	54.606	0.000	22.025
1090.000	122.686	53.811	0.000	16.489
1092.000	122.870	54.265	0.000	19.728
1094.000	122.738	52.778	0.000	23.942
1096.000	122.723	53.121	0.000	22.828
1098.000	122.837	53.391	0.000	30.814
1100.000	122.747	53.609	0.000	30.662
1102.000	122.715	54.431	0.000	28.956
1104.000	122.840	55.682	0.000	26.350
1106.000	122.747	55.537	0.000	25.257
1108.000	122.709	56.036	0.000	12.079
1110.000	122.861	56.796	0.000	13.477
1112.000	122.713	55.491	0.000	5.507
1114.000	122.736	56.040	0.000	-1.930
1116.000	122.836	55.579	0.000	-3.679
1118.000	122.720	54.824	0.000	-8.482
1120.000	122.734	54.426	0.000	-15.578
1122.000	122.834	54.385	0.000	-15.078
1124.000	122.717	52.929	0.000	-16.742
1126.000	122.736	52.779	0.000	-21.221
1128.000	122.844	52.859	0.000	-15.434
1130.000	122.690	51.764	0.000	-16.339
1132.000	122.762	53.000	0.000	-16.476
1134.000	122.816	52.895	0.000	-13.187
1136.000	122.708	53.375	0.000	-18.019
1138.000	122.741	53.957	0.000	-23.511
1140.000	122.841	55.035	0.000	-25.642
1142.000	122.674	54.240	0.000	-33.949
1144.000	122.785	55.466	0.000	-44.806
1146.000	122.806	54.847	0.000	-46.400
1148.000	122.682	54.181	0.000	-61.772
1150.000	122.786	54.333	0.000	-68.376
1152.000	122.795	53.335	0.000	-75.387
1154.000	122.685	52.170	0.000	-86.060
1156.000	122.783	51.616	0.000	-94.724
1158.000	122.800	50.460	0.000	-97.491
1160.000	122.661	48.538	0.000	-107.892
1162.000	122.823	48.217	0.000	-113.162
1164.000	122.758	46.257	0.000	-114.240
1166.000	122.686	44.621	0.000	-127.374
1168.000	122.820	43.612	0.000	-129.365
1170.000	122.738	40.728	0.000	-139.758
1172.000	122.701	37.958	0.000	-153.101
1174.000	122.813	33.900	0.000	-178.366
1176.000	122.737	30.785	0.000	126.489
1178.000	122.699	35.277	0.000	41.471
1180.000	122.830	39.144	0.000	28.740
1182.000	122.702	41.461	0.000	6.961
1184.000	122.728	44.172	0.000	-6.371
1186.000	122.808	45.476	0.000	-16.385
1188.000	122.707	46.140	0.000	-28.368
1190.000	122.722	47.229	0.000	-42.434
1192.000	122.823	47.993	0.000	-47.828
1194.000	122.678	47.639	0.000	-58.908
1196.000	122.751	48.687	0.000	-70.581
1198.000	122.812	49.084	0.000	-72.343
1200.000	122.656	48.861	0.000	-87.073
1202.000	122.796	50.191	0.000	-92.539
1204.000	122.764	49.885	0.000	-101.483
1206.000	122.686	50.199	0.000	-112.478
1208.000	122.778	50.848	0.000	-124.640
1210.000	122.781	50.932	0.000	-128.828
1212.000	122.660	50.529	0.000	-145.669
1214.000	122.818	51.528	0.000	-151.154
1216.000	122.727	50.569	0.000	-158.870
1218.000	122.691	51.192	0.000	-172.382
1220.000	122.815	51.329	0.000	-176.559
1222.000	122.706	51.080	0.000	173.505
1224.000	122.707	51.350	0.000	163.253
1226.000	122.813	52.017	0.000	157.736
1228.000	122.688	51.427	0.000	149.138
1230.000	122.729	52.153	0.000	136.859
1232.000	122.807	52.369	0.000	132.955
1234.000	122.666	51.730	0.000	119.902
1236.000	122.770	52.543	0.000	111.522
1238.000	122.763	51.609	0.000	105.340
1240.000	122.689	51.345	0.000	95.635
1242.000	122.756	50.988	0.000	87.468
1244.000	122.778	50.853	0.000	85.633
1246.000	122.657	49.650	0.000	75.429
1248.000	122.802	50.130	0.000	73.847
1250.000	122.727	48.583	0.000	71.390
1252.000	122.687	48.421	0.000	64.599
1254.000	122.798	47.934	0.000	66.381
1256.000	122.709	47.075	0.000	65.708
1258.000	122.696	46.933	0.000	64.204
1260.000	122.809	47.236	0.000	68.753
1262.000	122.676	46.686	0.000	69.128
1264.000	122.728	47.608	0.000	67.184
1266.000	122.803	48.062	0.000	72.793
1268.000	122.648	48.018	0.000	66.422
1270.000	122.785	49.367	0.000	68.112
1272.000	122.740	49.158	0.000	65.606
1274.000	122.680	49.744	0.000	61.170
1276.000	122.777	50.593	0.000	56.297
1278.000	122.737	50.614	0.000	55.477
1280.000	122.674	50.563	0.000	44.578
1282.000	122.799	51.334	0.000	43.526
1284.000	122.698	50.159	0.000	38.312
1286.000	122.711	50.292	0.000	31.930
1288.000	122.779	49.497	0.000	32.368
1290.000	122.692	48.637	0.000	32.835
1292.000	122.715	48.395	0.000	33.916
1294.000	122.790	48.628	0.000	42.303
1296.000	122.657	48.602	0.000	45.124
1298.000	122.760	50.309	0.000	46.696
1300.000	122.759	51.121	0.000	51.338
1302.000	122.659	52.269	0.000	42.774
1304.000	122.785	53.593	0.000	43.743
1306.000	122.717	54.023	0.000	36.253
1308.000	122.680	54.660	0.000	29.612
1310.000	122.789	55.776	0.000	22.497
1312.000	122.692	55.370	0.000	18.336
1314.000	122.708	56.037	0.000	4.986
1316.000	122.787	56.003	0.000	4.703
1318.000	122.666	55.237	0.000	-7.180
1320.000	122.740	55.467	0.000	-11.487
1322.000	122.760	54.740	0.000	-15.456
1324.000	122.664	54.041	0.000	-21.261
1326.000	122.760	53.970	0.000	-24.277
1328.000	122.743	53.261	0.000	-23.414
1330.000	122.652	52.718	0.000	-28.464
1332.000	122.809	53.228	0.000	-26.229
1334.000	122.676	52.250	0.000	-27.063
1336.000	122.713	52.850	0.000	-30.090
1338.000	122.773	52.598	0.000	-27.910
1340.000	122.671	52.493	0.000	-31.323
1342.000	122.730	52.798	0.000	-33.486
1344.000	122.767	53.108	0.000	-32.865
1346.000	122.647	52.618	0.000	-38.446
1348.000	122.785	53.728	0.000	-39.460
1350.000	122.707	52.710	0.000	-40.278
1352.000	122.684	53.116	0.000	-46.596
1354.000	122.775	52.953	0.000	-45.587
1356.000	122.691	52.565	0.000	-47.878
1358.000	122.699	52.795	0.000	-51.234
1360.000	122.781	52.955	0.000	-48.983
1362.000	122.657	52.529	0.000	-52.259
1364.000	122.746	53.465	0.000	-54.699
1366.000	122.749	53.406	0.000	-52.373
1368.000	122.653	53.744	0.000	-60.959
1370.000	122.784	54.368	0.000	-59.164
1372.000	122.697	54.106	0.000	-65.748
1374.000	122.684	54.409	0.000	-70.914
1376.000	122.790	54.928	0.000	-75.523
1378.000	122.660	54.124	0.000	-79.975
1380.000	122.737	54.483	0.000	-89.367
1382.000	122.751	53.745	0.000	-88.717
1384.000	122.661	52.816	0.000	-97.395
1386.000	122.761	52.644	0.000	-97.316
1388.000	122.717	51.665	0.000	-98.081
1390.000	122.677	51.083	0.000	-98.692
1392.000	122.769	51.269	0.000	-96.763
1394.000	122.695	50.615	0.000	-93.607
1396.000	122.693	51.022	0.000	-95.421
1398.000	122.783	51.476	0.000	-90.559
1400.000	122.645	51.345	0.000	-93.541
1402.000	122.758	52.635	0.000	-93.203
1404.000	122.729	52.650	0.000	-94.235
1406.000	122.662	53.235	0.000	-98.284
1408.000	122.777	54.290	0.000	-103.212
1410.000	122.692	54.376	0.000	-104.644
1412.000	122.692	55.051	0.000	-117.326
1414.000	122.776	55.389	0.000	-117.821
1416.000	122.659	54.807	0.000	-130.107
1418.000	122.741	55.130	0.000	-136.344
1420.000	122.737	54.548	0.000	-142.483
1422.000	122.666	53.882	0.000	-150.776
1424.000	122.759	53.760	0.000	-156.369
1426.000	122.714	52.779	0.000	-159.217
1428.000	122.666	52.075	0.000	-167.303
1430.000	122.797	52.030	0.000	-167.515
1432.000	122.649	50.588	0.000	-172.641
1434.000	122.741	50.722	0.000	-175.780
1436.000	122.743	49.635	0.000	-176.643
1438.000	122.654	48.899	0.000	179.839
1440.000	122.771	48.737	0.000	177.229
1442.000	122.700	47.883	0.000	178.748
1444.000	122.683	47.370	0.000	172.370
1446.000	122.777	47.292	0.000	175.999
1448.000	122.658	46.159	0.000	171.199
1450.000	122.738	46.249	0.000	171.758
1452.000	122.735	45.367	0.000	170.708
1454.000	122.667	44.928	0.000	168.637
1456.000	122.755	44.881	0.000	168.222
1458.000	122.710	44.055	0.000	168.734
1460.000	122.675	43.700	0.000	165.245
1462.000	122.784	43.695	0.000	167.016
1464.000	122.653	42.774	0.000	164.534
1466.000	122.743	43.038	0.000	164.281
1468.000	122.728	42.217	0.000	163.710
1470.000	122.670	41.909	0.000	163.339
1472.000	122.759	41.855	0.000	161.807
1474.000	122.698	41.252	0.000	163.815
1476.000	122.701	41.144	0.000	159.168
1478.000	122.759	40.901	0.000	163.230
1480.000	122.669	40.187	0.000	158.700
1482.000	122.736	40.308	0.000	159.886
1484.000	122.731	39.658	0.000	159.827
1486.000	122.670	39.299	0.000	157.472
1488.000	122.764	39.412	0.000	158.220
1490.000	122.688	38.707	0.000	158.842
1492.000	122.705	38.775	0.000	155.294
1494.000	122.762	38.634	0.000	158.596
1496.000	122.655	38.021	0.000	154.526
1498.000	122.761	38.226	0.000	156.057
1500.000	122.704	37.474	0.000	154.942
1502.000	122.685	37.339	0.000	154.032
1504.000	122.768	37.397	0.000	154.738
1506.000	122.672	36.666	0.000	154.766
1508.000	122.728	37.093	0.000	152.028
1510.000	122.745	36.425	0.000	155.791
1512.000	122.662	36.233	0.000	150.841
1514.000	122.764	36.099	0.000	153.309
1516.000	122.699	35.575	0.000	151.959
1518.000	122.689	35.618	0.000	149.599
1520.000	122.777	35.488	0.000	152.490
1522.000	122.650	34.782	0.000	149.987
1524.000	122.761	35.170	0.000	150.050
1526.000	122.706	34.507	0.000	151.841
1528.000	122.701	34.716	0.000	147.172
1530.000	122.749	34.396	0.000	150.702
1532.000	122.692	34.083	0.000	147.723
1534.000	122.716	34.025	0.000	147.974
1536.000	122.751	33.828	0.000	149.713
1538.000	122.663	33.272	0.000	146.058
1540.000	122.768	33.744	0.000	148.462
1542.000	122.693	32.775	0.000	148.148
1544.000	122.705	32.874	0.000	146.309
1546.000	122.759	32.728	0.000	146.841
1548.000	122.664	32.329	0.000	145.025
1550.000	122.754	32.527	0.000	143.605
1552.000	122.715	32.062	0.000	146.956
1554.000	122.685	31.868	0.000	142.765
1556.000	122.773	32.114	0.000	146.018
1558.000	122.669	31.362	0.000	143.531
1560.000	122.740	31.912	0.000	143.457
1562.000	122.732	31.249	0.000	144.736
1564.000	122.675	31.181	0.000	142.640
1566.000	122.767	31.304	0.000	143.176
1568.000	122.687	30.670	0.000	145.004
1570.000	122.720	30.922	0.000	141.765
1572.000	122.755	30.588	0.000	145.165
1574.000	122.666	30.433	0.000	140.709
1576.000	122.766	30.453	0.000	141.373
1578.000	122.695	29.984	0.000	141.518
1580.000	122.709	30.049	0.000	140.451
1582.000	122.758	29.976	0.000	142.464
1584.000	122.671	29.366	0.000	139.547
1586.000	122.759	29.977	0.000	138.753
1588.000	122.711	29.441	0.000	141.007
1590.000	122.696	29.819	0.000	137.528
1592.000	122.765	29.370	0.000	139.552
1594.000	122.675	28.984	0.000	137.427
1596.000	122.746	29.129	0.000	137.501
1598.000	122.729	28.958	0.000	138.852
1600.000	122.688	28.680	0.000	135.468
1602.000	122.767	28.915	0.000	136.688
1604.000	122.682	28.274	0.000	133.618
1606.000	122.741	28.622	0.000	133.887
1608.000	122.733	28.195	0.000	135.561
1610.000	122.684	27.820	0.000	133.167
1612.000	122.767	28.227	0.000	131.770
1614.000	122.697	27.750	0.000	132.663
1616.000	122.717	27.774	0.000	129.744
1618.000	122.764	27.594	0.000	132.316
1620.000	122.664	27.547	0.000	127.419
1622.000	122.781	27.674	0.000	131.894
1624.000	122.689	26.977	0.000	129.637
1626.000	122.724	26.938	0.000	127.534
1628.000	122.757	27.033	0.000	130.009
1630.000	122.675	26.698	0.000	126.380
1632.000	122.768	26.993	0.000	128.396
1634.000	122.707	26.112	0.000	126.718
1636.000	122.710	26.577	0.000	125.412
1638.000	122.767	26.189	0.000	127.431
1640.000	122.669	25.700	0.000	125.687
1642.000	122.772	25.862	0.000	124.481
1644.000	122.704	25.463	0.000	125.410
1646.000	122.717	25.665	0.000	122.672
1648.000	122.765	25.550	0.000	125.101
1650.000	122.681	25.313	0.000	120.195
1652.000	122.760	25.652	0.000	121.983
1654.000	122.719	25.268	0.000	119.401
1656.000	122.704	25.116	0.000	118.318
1658.000	122.774	25.114	0.000	120.359
1660.000	122.671	24.891	0.000	117.848
1662.000	122.775	25.097	0.000	117.247
1664.000	122.708	24.492	0.000	117.900
1666.000	122.717	24.592	0.000	115.375
1668.000	122.762	24.104	0.000	115.354
1670.000	122.687	23.437	0.000	112.915
1672.000	122.756	24.030	0.000	111.963
1674.000	122.726	23.640	0.000	114.637
1676.000	122.707	23.605	0.000	110.951
1678.000	122.774	23.751	0.000	112.093
1680.000	122.675	23.254	0.000	108.957
1682.000	122.775	23.525	0.000	111.803
1684.000	122.716	22.650	0.000	110.035
1686.000	122.707	22.618	0.000	110.328
1688.000	122.789	22.809	0.000	109.319
1690.000	122.667	22.168	0.000	105.814
1692.000	122.784	22.425	0.000	107.623
1694.000	122.702	21.765	0.000	107.929
1696.000	122.738	22.048	0.000	107.399
1698.000	122.747	21.774	0.000	104.293
1700.000	122.704	21.580	0.000	102.548
1702.000	122.758	22.098	0.000	103.916
1704.000	122.726	21.259	0.000	106.560
1706.000	122.714	21.147	0.000	99.666
1708.000	122.777	21.120	0.000	100.969
1710.000	122.679	20.782	0.000	97.361
1712.000	122.784	20.970	0.000	100.814
1714.000	122.701	20.445	0.000	99.727
1716.000	122.741	20.524	0.000	98.679
1718.000	122.755	20.624	0.000	97.828
1720.000	122.694	20.544	0.000	92.804
1722.000	122.778	20.550	0.000	97.859
1724.000	122.711	19.049	0.000	95.553
1726.000	122.734	19.384	0.000	93.515
1728.000	122.764	18.661	0.000	93.639
1730.000	122.686	18.565	0.000	92.659
1732.000	122.792	19.128	0.000	92.519
1734.000	122.688	18.855	0.000	87.290
1736.000	122.770	18.648	0.000	89.987
1738.000	122.728	17.791	0.000	93.294
1740.000	122.725	17.507	0.000	86.256
1742.000	122.763	16.915	0.000	83.876
1744.000	122.706	16.776	0.000	83.014
1746.000	122.758	17.006	0.000	86.756
1748.000	122.739	17.442	0.000	87.945
1750.000	122.717	17.331	0.000	80.093
1752.000	122.776	16.973	0.000	81.422
1754.000	122.699	16.024	0.000	70.031
1756.000	122.769	16.483	0.000	69.732
1758.000	122.728	16.432	0.000	73.516
1760.000	122.721	15.411	0.000	68.415
1762.000	122.783	15.584	0.000	67.855
1764.000	122.688	16.477	0.000	67.782
1766.000	122.791	16.379	0.000	72.881
1768.000	122.699	14.470	0.000	68.852
1770.000	122.766	13.515	0.000	69.912
1772.000	122.740	12.528	0.000	71.956
1774.000	122.719	13.714	0.000	66.623
1776.000	122.781	14.262	0.000	68.621
1778.000	122.706	13.318	0.000	52.756
1780.000	122.761	12.500	0.000	43.542
1782.000	122.748	12.620	0.000	43.184
1784.000	122.714	12.393	0.000	49.894
1786.000	122.785	11.681	0.000	48.443
1788.000	122.692	10.654	0.000	44.612
1790.000	122.786	9.381	0.000	43.532
1792.000	122.719	10.876	0.000	46.149
1794.000	122.749	10.681	0.000	31.866
1796.000	122.756	10.356	0.000	20.137
1798.000	122.728	10.817	0.000	5.443
1800.000	122.761	11.000	0.000	14.816
1802.000	122.735	9.481	0.000	-2.364
1804.000	122.737	10.712	0.000	3.955
1806.000	122.771	9.834	0.000	-9.137
1808.000	122.704	10.278	0.000	-18.253
1810.000	122.797	10.138	0.000	-15.966
1812.000	122.698	9.372	0.000	-35.684
1814.000	122.777	9.093	0.000	-49.102
1816.000	122.737	9.174	0.000	-73.500
1818.000	122.729	10.119	0.000	-84.836
1820.000	122.784	9.742	0.000	-92.860
1822.000	122.699	9.510	0.000	-69.726
1824.000	122.796	10.045	0.000	-68.018
1826.000	122.704	10.662	0.000	-75.247
1828.000	122.778	10.748	0.000	-81.854
1830.000	122.737	10.609	0.000	-79.250
1832.000	122.740	10.486	0.000	-113.970
1834.000	122.770	10.879	0.000	-119.723
1836.000	122.726	10.905	0.000	-116.211
1838.000	122.767	10.420	0.000	-126.763
1840.000	122.748	10.134	0.000	-122.440
1842.000	122.731	11.686	0.000	-118.176
1844.000	122.781	12.378	0.000	-115.792
1846.000	122.709	12.741	0.000	-127.642
1848.000	122.791	12.401	0.000	-135.933
1850.000	122.719	12.011	0.000	-142.525
1852.000	122.762	11.864	0.000	-148.263
1854.000	122.762	12.266	0.000	-127.282
1856.000	122.727	12.522	0.000	-132.246
1858.000	122.785	12.263	0.000	-143.737
1860.000	122.709	13.659	0.000	-145.744
1862.000	122.790	13.558	0.000	-145.470
1864.000	122.724	12.898	0.000	-144.968
1866.000	122.770	13.166	0.000	-141.225
1868.000	122.750	13.808	0.000	-141.036
1870.000	122.742	14.231	0.000	-134.572
1872.000	122.774	14.294	0.000	-136.555
1874.000	122.730	14.688	0.000	-140.180
1876.000	122.768	14.373	0.000	-142.073
1878.000	122.752	14.111	0.000	-145.634
1880.000	122.742	15.858	0.000	-145.294
1882.000	122.777	15.377	0.000	-135.912
1884.000	122.729	15.685	0.000	-139.277
1886.000	122.773	15.631	0.000	-145.842
1888.000	122.751	15.974	0.000	-139.488
1890.000	122.742	16.568	0.000	-147.139
1892.000	122.786	17.093	0.000	-147.606
1894.000	122.716	17.419	0.000	-152.603
1896.000	122.805	18.214	0.000	-151.330
1898.000	122.704	18.065	0.000	-155.229
1900.000	122.801	18.151	0.000	-154.123
1902.000	122.726	18.847	0.000	-160.277
1904.000	122.770	19.073	0.000	-162.209
1906.000	122.767	18.286	0.000	-164.959
1908.000	122.724	18.680	0.000	-169.843
1910.000	122.807	19.223	0.000	-170.819
1912.000	122.703	18.611	0.000	-170.314
1914.000	122.809	19.293	0.000	-174.446
1916.000	122.718	18.421	0.000	-176.883
1918.000	122.777	18.882	0.000	-179.952
1920.000	122.760	18.896	0.000	-176.348
1922.000	122.742	19.140	0.000	178.383
1924.000	122.785	19.454	0.000	-178.537
1926.000	122.726	19.422	0.000	179.826
1928.000	122.790	19.307	0.000	-178.675
1930.000	122.734	18.849	0.000	179.790
1932.000	122.775	19.369	0.000	179.852
1934.000	122.753	19.580	0.000	177.861
1936.000	122.753	20.160	0.000	177.473
1938.000	122.780	20.592	0.000	178.911
1940.000	122.738	20.680	0.000	177.565
1942.000	122.778	20.980	0.000	179.382
1944.000	122.746	21.117	0.000	178.135
1946.000	122.764	21.848	0.000	172.044
1948.000	122.770	22.254	0.000	172.675
1950.000	122.744	22.930	0.000	167.974
1952.000	122.781	23.682	0.000	167.906
1954.000	122.741	23.968	0.000	158.503
1956.000	122.776	24.810	0.000	157.514
1958.000	122.757	24.725	0.000	153.593
1960.000	122.753	25.329	0.000	149.335
1962.000	122.780	25.534	0.000	147.356
1964.000	122.738	26.124	0.000	139.809
1966.000	122.792	26.404	0.000	135.360
1968.000	122.735	26.573	0.000	125.237
1970.000	122.783	26.957	0.000	122.772
1972.000	122.751	26.868	0.000	111.972
1974.000	122.767	27.118	0.000	105.665
1976.000	122.770	26.992	0.000	100.797
1978.000	122.747	27.007	0.000	93.158
1980.000	122.786	26.638	0.000	86.825
1982.000	122.735	26.433	0.000	76.158
1984.000	122.791	26.208	0.000	69.833
1986.000	122.742	25.462	0.000	61.695
1988.000	122.770	25.581	0.000	51.675
1990.000	122.769	24.531	0.000	45.217
1992.000	122.751	23.689	0.000	36.597
1994.000	122.786	22.251	0.000	31.115
1996.000	122.740	21.496	0.000	23.322
1998.000	122.783	20.230	0.000	12.358
2000.000	122.749	18.350	0.000	6.233
