2000.000	122.818	12.968	0.000	-166.545
2.000	122.872	12.528	0.000	-173.766
4.000	123.088	11.744	0.000	-179.467
6.000	123.107	10.409	0.000	-163.038
8.000	122.950	10.903	0.000	-132.334
10.000	122.809	11.285	0.000	-163.564
12.000	122.913	12.595	0.000	-178.675
14.000	123.178	13.938	0.000	-164.965
16.000	123.098	12.820	0.000	-165.044
18.000	122.765	11.216	0.000	176.629
20.000	122.865	11.931	0.000	152.557
22.000	123.140	11.945	0.000	179.153
24.000	123.066	11.880	0.000	-178.046
26.000	122.927	12.040	0.000	-175.479
28.000	122.891	11.670	0.000	-175.234
30.000	122.891	11.729	0.000	-178.479
32.000	123.094	12.715	0.000	-178.199
34.000	123.156	12.154	0.000	169.572
36.000	122.828	12.499	0.000	162.321
38.000	122.786	12.170	0.000	170.654
40.000	123.127	11.307	0.000	170.836
42.000	123.142	12.155	0.000	-179.341
44.000	122.904	12.334	0.000	-175.182
46.000	122.839	12.356	0.000	175.247
48.000	122.951	12.965	0.000	165.790
50.000	123.115	11.915	0.000	169.740
52.000	123.078	11.627	0.000	174.642
54.000	122.839	11.984	0.000	-177.858
56.000	122.858	11.174	0.000	168.958
58.000	123.074	11.975	0.000	176.339
60.000	123.101	12.254	0.000	163.580
62.000	122.973	11.841	0.000	169.592
64.000	122.820	12.211	0.000	169.431
66.000	122.903	12.378	0.000	144.744
68.000	123.192	11.188	0.000	172.585
70.000	123.084	11.327	0.000	178.852
72.000	122.747	11.767	0.000	162.103
74.000	122.919	11.654	0.000	137.545
76.000	123.144	12.023	0.000	149.584
78.000	123.025	10.289	0.000	157.790
80.000	122.939	11.261	0.000	169.817
82.000	122.880	12.081	0.000	-177.936
84.000	122.914	11.717	0.000	174.717
86.000	123.166	11.467	0.000	177.298
88.000	123.074	12.809	0.000	-175.565
90.000	122.749	12.902	0.000	163.532
92.000	122.921	12.754	0.000	155.729
94.000	123.168	11.343	0.000	179.998
96.000	123.046	10.939	0.000	173.586
98.000	122.870	11.186	0.000	157.224
100.000	122.857	11.925	0.000	165.047
102.000	123.040	13.656	0.000	166.420
104.000	123.150	12.853	0.000	158.415
106.000	122.930	12.043	0.000	165.915
108.000	122.818	13.139	0.000	176.833
110.000	122.998	12.271	0.000	170.122
112.000	123.091	10.933	0.000	156.771
114.000	123.050	11.736	0.000	165.686
116.000	122.871	12.649	0.000	154.325
118.000	122.817	11.977	0.000	158.497
120.000	123.145	12.836	0.000	155.197
122.000	123.156	12.741	0.000	161.038
124.000	122.788	11.218	0.000	166.269
126.000	122.874	12.222	0.000	136.662
128.000	123.108	12.959	0.000	123.579
130.000	123.045	11.824	0.000	130.045
132.000	122.973	11.886	0.000	132.349
134.000	122.865	11.365	0.000	129.982
136.000	122.905	12.075	0.000	113.668
138.000	123.167	13.153	0.000	137.578
140.000	123.055	12.894	0.000	150.215
142.000	122.774	11.101	0.000	150.196
144.000	122.928	10.678	0.000	132.240
146.000	123.134	12.838	0.000	140.690
148.000	123.061	12.680	0.000	155.736
150.000	122.859	12.236	0.000	133.108
152.000	122.850	11.672	0.000	134.563
154.000	123.098	11.730	0.000	150.074
156.000	123.108	11.850	0.000	131.378
158.000	122.880	12.486	0.000	124.382
160.000	122.874	12.124	0.000	109.094
162.000	122.998	11.420	0.000	111.043
164.000	123.100	12.367	0.000	128.426
166.000	123.032	11.722	0.000	130.380
168.000	122.783	11.765	0.000	121.284
170.000	122.934	11.492	0.000	131.007
172.000	123.210	11.114	0.000	116.290
174.000	122.987	11.617	0.000	121.263
176.000	122.790	10.858	0.000	142.047
178.000	122.978	12.018	0.000	115.787
180.000	123.089	11.332	0.000	127.117
182.000	123.036	10.610	0.000	117.575
184.000	122.892	10.658	0.000	90.912
186.000	122.857	11.580	0.000	119.775
188.000	123.068	11.920	0.000	121.504
190.000	123.122	10.660	0.000	122.662
192.000	122.889	11.780	0.000	130.916
194.000	122.816	12.409	0.000	143.129
196.000	123.062	12.352	0.000	153.606
198.000	123.148	11.161	0.000	-179.985
200.000	122.889	9.918	0.000	-174.115
202.000	122.821	10.918	0.000	-178.201
204.000	123.055	11.910	0.000	-173.722
206.000	123.095	11.306	0.000	177.548
208.000	122.950	11.733	0.000	165.217
210.000	122.856	11.859	0.000	-169.441
212.000	122.944	11.289	0.000	-171.851
214.000	123.126	11.422	0.000	-171.351
216.000	123.027	12.120	0.000	-175.007
218.000	122.797	11.183	0.000	-173.958
220.000	122.932	11.606	0.000	-153.108
222.000	123.154	13.287	0.000	-164.078
224.000	123.021	11.959	0.000	-179.681
226.000	122.796	12.550	0.000	-175.313
228.000	122.944	12.783	0.000	179.688
230.000	123.127	12.802	0.000	-174.425
232.000	122.999	12.655	0.000	-162.693
234.000	122.876	12.865	0.000	-155.389
236.000	122.901	13.253	0.000	-158.017
238.000	123.042	13.144	0.000	-169.946
240.000	123.122	14.340	0.000	-162.827
242.000	122.854	13.556	0.000	-167.356
244.000	122.820	13.756	0.000	-168.724
246.000	123.150	15.799	0.000	-160.067
248.000	123.067	15.976	0.000	-160.250
250.000	122.833	15.309	0.000	-161.415
252.000	122.901	15.886	0.000	-166.432
254.000	123.049	16.911	0.000	-158.222
256.000	123.086	18.467	0.000	-152.306
258.000	122.891	17.761	0.000	-152.329
260.000	122.844	17.772	0.000	-161.101
262.000	123.061	19.383	0.000	-163.165
264.000	123.080	20.192	0.000	-154.269
266.000	122.922	19.442	0.000	-152.527
268.000	122.818	19.482	0.000	-161.658
270.000	123.027	22.093	0.000	-163.943
272.000	123.170	22.829	0.000	-152.395
274.000	122.845	22.070	0.000	-154.292
276.000	122.838	23.574	0.000	-162.427
278.000	123.104	25.270	0.000	-158.045
280.000	123.024	25.273	0.000	-155.318
282.000	122.939	26.355	0.000	-157.580
284.000	122.862	27.108	0.000	-160.445
286.000	122.964	28.644	0.000	-163.509
288.000	123.164	30.440	0.000	-160.694
290.000	122.905	30.355	0.000	-160.088
292.000	122.796	31.364	0.000	-171.748
294.000	123.071	33.987	0.000	-171.286
296.000	123.089	34.714	0.000	-166.559
298.000	122.901	34.727	0.000	-174.414
300.000	122.830	36.694	0.000	176.817
302.000	123.042	38.720	0.000	176.322
304.000	123.100	39.852	0.000	173.356
306.000	122.879	40.697	0.000	166.111
308.000	122.873	42.153	0.000	155.017
310.000	123.001	44.227	0.000	145.805
312.000	123.089	45.628	0.000	140.307
314.000	122.947	45.740	0.000	131.004
316.000	122.777	46.395	0.000	110.906
318.000	123.067	48.419	0.000	98.728
320.000	123.125	48.715	0.000	94.347
322.000	122.830	47.355	0.000	79.141
324.000	122.877	47.984	0.000	57.781
326.000	123.055	48.445	0.000	52.455
328.000	123.046	47.038	0.000	44.626
330.000	122.900	45.851	0.000	31.938
332.000	122.852	44.864	0.000	25.469
334.000	123.030	44.232	0.000	20.256
336.000	123.091	44.046	0.000	24.459
338.000	122.876	42.480	0.000	28.632
340.000	122.820	43.018	0.000	19.717
342.000	123.102	45.039	0.000	24.388
344.000	123.067	44.670	0.000	27.407
346.000	122.806	44.490	0.000	14.865
348.000	122.917	45.921	0.000	7.974
350.000	123.066	46.441	0.000	5.262
352.000	123.018	46.387	0.000	0.916
354.000	122.864	46.058	0.000	-6.783
356.000	122.876	46.730	0.000	-17.241
358.000	123.086	47.702	0.000	-21.691
360.000	123.026	47.497	0.000	-25.718
362.000	122.826	46.688	0.000	-37.122
364.000	122.892	47.124	0.000	-52.783
366.000	123.118	47.767	0.000	-56.588
368.000	123.003	46.153	0.000	-58.715
370.000	122.766	44.371	0.000	-75.922
372.000	123.005	44.799	0.000	-81.174
374.000	123.076	43.410	0.000	-78.296
376.000	122.924	41.515	0.000	-82.355
378.000	122.880	40.694	0.000	-81.622
380.000	122.907	39.953	0.000	-80.647
382.000	123.122	40.575	0.000	-73.670
384.000	122.953	39.802	0.000	-64.487
386.000	122.765	39.836	0.000	-70.419
388.000	123.056	42.222	0.000	-67.513
390.000	123.068	42.583	0.000	-61.366
392.000	122.875	42.366	0.000	-69.717
394.000	122.844	43.820	0.000	-79.484
396.000	123.038	44.926	0.000	-83.143
398.000	123.059	44.950	0.000	-88.922
400.000	122.840	44.460	0.000	-99.781
402.000	122.892	44.477	0.000	-113.487
404.000	123.023	44.574	0.000	-123.164
406.000	123.048	43.571	0.000	-129.165
408.000	122.845	41.031	0.000	-140.705
410.000	122.845	38.698	0.000	-158.518
412.000	123.145	36.219	0.000	-162.604
414.000	122.960	30.027	0.000	-152.903
416.000	122.794	30.140	0.000	-41.862
418.000	122.984	36.706	0.000	-31.973
420.000	123.047	39.793	0.000	-34.765
422.000	122.944	42.002	0.000	-46.236
424.000	122.829	43.822	0.000	-54.931
426.000	122.960	45.534	0.000	-64.849
428.000	123.083	47.311	0.000	-68.214
430.000	122.908	47.166	0.000	-69.596
432.000	122.794	47.994	0.000	-85.464
434.000	123.052	50.475	0.000	-86.411
436.000	123.063	50.498	0.000	-84.200
438.000	122.802	50.737	0.000	-97.824
440.000	122.905	52.729	0.000	-104.929
442.000	123.045	53.789	0.000	-108.692
444.000	122.989	54.367	0.000	-115.334
446.000	122.837	54.704	0.000	-125.513
448.000	122.897	56.121	0.000	-137.507
450.000	123.080	57.421	0.000	-142.319
452.000	122.953	57.434	0.000	-149.031
454.000	122.805	57.552	0.000	-164.685
456.000	122.951	59.199	0.000	-178.549
458.000	123.111	59.936	0.000	178.701
460.000	122.856	58.641	0.000	167.403
462.000	122.825	59.542	0.000	146.893
464.000	123.071	60.389	0.000	144.072
466.000	122.969	59.545	0.000	134.301
468.000	122.889	59.709	0.000	121.233
470.000	122.850	59.661	0.000	109.738
472.000	123.039	60.640	0.000	96.267
474.000	123.035	60.582	0.000	92.002
476.000	122.758	59.091	0.000	72.699
478.000	122.960	60.228	0.000	53.338
480.000	123.073	59.952	0.000	49.216
482.000	122.898	57.839	0.000	33.516
484.000	122.813	57.120	0.000	12.654
486.000	123.008	56.626	0.000	2.750
488.000	123.036	55.001	0.000	-6.322
490.000	122.842	52.804	0.000	-18.761
492.000	122.876	51.216	0.000	-31.906
494.000	123.004	50.149	0.000	-39.495
496.000	123.028	48.410	0.000	-41.926
498.000	122.795	45.612	0.000	-50.149
500.000	122.898	44.531	0.000	-61.357
502.000	123.108	43.795	0.000	-59.210
504.000	122.881	40.884	0.000	-60.509
506.000	122.815	39.096	0.000	-72.620
508.000	123.004	38.650	0.000	-71.423
510.000	123.014	36.396	0.000	-70.482
512.000	122.858	34.480	0.000	-75.899
514.000	122.858	32.903	0.000	-77.653
516.000	123.005	31.933	0.000	-80.385
518.000	123.023	30.644	0.000	-74.837
520.000	122.780	27.664	0.000	-78.687
522.000	122.913	27.199	0.000	-86.532
524.000	123.098	26.290	0.000	-77.411
526.000	122.854	23.095	0.000	-79.945
528.000	122.839	21.722	0.000	-85.420
530.000	122.985	20.445	0.000	-76.506
532.000	123.016	18.702	0.000	-67.110
534.000	122.835	15.772	0.000	-62.305
536.000	122.864	14.359	0.000	-62.400
538.000	123.032	13.859	0.000	-39.561
540.000	122.960	13.719	0.000	-13.503
542.000	122.801	13.587	0.000	5.021
544.000	122.915	13.709	0.000	24.804
546.000	123.100	13.731	0.000	34.237
548.000	122.813	13.345	0.000	36.581
550.000	122.854	14.840	0.000	34.639
552.000	123.026	16.083	0.000	43.680
554.000	122.948	15.926	0.000	44.410
556.000	122.850	16.675	0.000	49.592
558.000	122.859	17.871	0.000	48.222
560.000	123.062	18.762	0.000	52.471
562.000	122.910	18.044	0.000	54.545
564.000	122.780	18.623	0.000	49.395
566.000	122.997	19.589	0.000	51.113
568.000	123.022	18.847	0.000	59.192
570.000	122.792	18.295	0.000	52.586
572.000	122.889	18.844	0.000	52.888
574.000	123.027	19.707	0.000	56.470
576.000	122.914	19.956	0.000	57.121
578.000	122.816	19.615	0.000	54.568
580.000	122.927	20.321	0.000	52.225
582.000	123.038	20.406	0.000	58.861
584.000	122.838	19.170	0.000	58.162
586.000	122.821	19.821	0.000	48.384
588.000	123.039	20.878	0.000	52.758
590.000	122.953	20.564	0.000	57.376
592.000	122.759	20.205	0.000	47.729
594.000	122.977	21.435	0.000	50.607
596.000	122.986	21.482	0.000	52.421
598.000	122.862	21.434	0.000	50.905
600.000	122.834	21.487	0.000	51.807
602.000	122.974	21.632	0.000	49.810
604.000	123.007	21.522	0.000	50.762
606.000	122.747	20.736	0.000	46.365
608.000	122.941	22.385	0.000	44.763
610.000	123.025	22.458	0.000	50.552
612.000	122.838	20.772	0.000	47.675
614.000	122.821	21.260	0.000	46.825
616.000	123.011	21.714	0.000	48.917
618.000	122.937	21.773	0.000	47.077
620.000	122.805	21.491	0.000	42.134
622.000	122.899	21.693	0.000	39.295
624.000	123.010	21.869	0.000	47.485
626.000	122.878	21.353	0.000	44.322
628.000	122.775	21.286	0.000	33.697
630.000	123.033	23.022	0.000	37.895
632.000	122.941	22.347	0.000	49.072
634.000	122.770	21.514	0.000	42.513
636.000	122.935	23.018	0.000	40.329
638.000	122.992	22.443	0.000	42.530
640.000	122.842	22.346	0.000	36.774
642.000	122.831	21.933	0.000	35.419
644.000	122.963	22.178	0.000	33.574
646.000	122.981	22.140	0.000	42.979
648.000	122.744	21.564	0.000	37.875
650.000	122.938	22.862	0.000	32.913
652.000	123.016	22.794	0.000	39.705
654.000	122.800	21.556	0.000	34.268
656.000	122.845	22.290	0.000	31.234
658.000	122.989	22.678	0.000	33.962
660.000	122.917	22.743	0.000	32.305
662.000	122.781	21.990	0.000	32.415
664.000	122.930	22.995	0.000	28.472
666.000	122.979	23.019	0.000	29.827
668.000	122.833	22.041	0.000	29.673
670.000	122.798	22.791	0.000	24.986
672.000	123.054	23.426	0.000	29.184
674.000	122.855	22.054	0.000	29.986
676.000	122.792	22.321	0.000	23.518
678.000	122.962	23.303	0.000	28.557
680.000	122.940	22.311	0.000	30.877
682.000	122.810	22.581	0.000	25.508
684.000	122.850	22.620	0.000	23.990
686.000	122.998	23.406	0.000	27.462
688.000	122.871	23.129	0.000	29.993
690.000	122.761	23.263	0.000	19.910
692.000	123.003	24.183	0.000	26.080
694.000	122.923	22.732	0.000	29.802
696.000	122.765	22.846	0.000	23.278
698.000	122.920	23.577	0.000	25.758
700.000	122.960	23.337	0.000	27.916
702.000	122.831	22.410	0.000	26.012
704.000	122.811	23.060	0.000	24.471
706.000	122.986	23.885	0.000	24.584
708.000	122.891	23.714	0.000	27.027
710.000	122.769	23.089	0.000	24.665
712.000	122.926	24.373	0.000	22.346
714.000	122.991	24.398	0.000	30.332
716.000	122.733	23.570	0.000	22.919
718.000	122.917	24.507	0.000	23.653
720.000	122.941	24.291	0.000	28.205
722.000	122.857	24.396	0.000	25.228
724.000	122.786	24.731	0.000	26.318
726.000	122.963	25.379	0.000	24.597
728.000	122.923	25.063	0.000	30.643
730.000	122.747	24.402	0.000	25.182
732.000	122.916	26.419	0.000	22.134
734.000	122.974	25.943	0.000	30.381
736.000	122.760	25.124	0.000	23.832
738.000	122.866	26.197	0.000	25.739
740.000	122.962	26.336	0.000	27.601
742.000	122.843	26.155	0.000	27.770
744.000	122.786	26.283	0.000	24.082
746.000	122.942	27.553	0.000	25.787
748.000	122.925	27.292	0.000	28.500
750.000	122.749	27.033	0.000	24.942
752.000	122.894	28.165	0.000	21.473
754.000	122.977	28.554	0.000	27.696
756.000	122.754	27.743	0.000	23.534
758.000	122.860	29.222	0.000	20.466
760.000	122.960	28.907	0.000	25.760
762.000	122.828	28.927	0.000	22.269
764.000	122.795	29.294	0.000	22.547
766.000	122.920	30.330	0.000	20.547
768.000	122.939	30.394	0.000	26.774
770.000	122.719	29.630	0.000	20.095
772.000	122.924	31.575	0.000	19.391
774.000	122.937	31.164	0.000	24.638
776.000	122.765	30.830	0.000	18.334
778.000	122.844	32.204	0.000	19.220
780.000	122.963	32.325	0.000	23.261
782.000	122.807	32.103	0.000	20.321
784.000	122.796	32.694	0.000	17.802
786.000	122.927	33.872	0.000	18.236
788.000	122.902	33.796	0.000	21.809
790.000	122.728	33.857	0.000	15.353
792.000	122.925	35.513	0.000	14.881
794.000	122.926	35.251	0.000	20.094
796.000	122.737	35.103	0.000	12.930
798.000	122.881	36.862	0.000	13.443
800.000	122.930	36.829	0.000	16.991
802.000	122.795	37.055	0.000	12.321
804.000	122.799	37.722	0.000	11.145
806.000	122.941	39.037	0.000	9.558
808.000	122.861	38.985	0.000	14.014
810.000	122.729	39.484	0.000	3.347
812.000	122.962	41.472	0.000	8.250
814.000	122.865	40.805	0.000	9.318
816.000	122.747	41.853	0.000	0.911
818.000	122.894	43.114	0.000	2.108
820.000	122.912	43.766	0.000	1.427
822.000	122.763	44.227	0.000	-3.328
824.000	122.830	45.820	0.000	-8.702
826.000	122.941	47.111	0.000	-8.469
828.000	122.799	47.382	0.000	-13.178
830.000	122.767	48.987	0.000	-25.834
832.000	122.968	50.824	0.000	-27.306
834.000	122.810	50.412	0.000	-34.715
836.000	122.758	51.812	0.000	-52.878
838.000	122.933	52.589	0.000	-55.370
840.000	122.844	52.174	0.000	-66.470
842.000	122.770	52.583	0.000	-76.067
844.000	122.850	53.281	0.000	-87.948
846.000	122.940	53.916	0.000	-92.885
848.000	122.720	52.616	0.000	-106.595
850.000	122.858	53.568	0.000	-122.503
852.000	122.930	52.934	0.000	-122.722
854.000	122.756	51.271	0.000	-137.347
856.000	122.803	51.526	0.000	-145.667
858.000	122.937	50.955	0.000	-148.810
860.000	122.787	50.011	0.000	-156.398
862.000	122.780	49.612	0.000	-166.621
864.000	122.898	49.807	0.000	-173.409
866.000	122.866	48.715	0.000	-178.254
868.000	122.708	47.266	0.000	165.242
870.000	122.930	47.140	0.000	157.424
872.000	122.858	45.102	0.000	155.864
874.000	122.729	42.759	0.000	142.560
876.000	122.877	42.328	0.000	140.629
878.000	122.882	40.256	0.000	137.903
880.000	122.750	38.688	0.000	125.491
882.000	122.820	36.768	0.000	112.535
884.000	122.918	35.164	0.000	92.694
886.000	122.762	32.452	0.000	67.808
888.000	122.783	33.453	0.000	9.353
890.000	122.950	35.556	0.000	-5.838
892.000	122.751	37.723	0.000	-33.226
894.000	122.783	41.061	0.000	-45.849
896.000	122.906	43.582	0.000	-53.994
898.000	122.808	45.100	0.000	-64.587
900.000	122.749	47.178	0.000	-80.628
902.000	122.887	49.058	0.000	-90.822
904.000	122.854	49.591	0.000	-100.226
906.000	122.708	49.634	0.000	-117.838
908.000	122.898	51.167	0.000	-127.776
910.000	122.862	50.398	0.000	-129.590
912.000	122.715	50.021	0.000	-145.941
914.000	122.867	50.841	0.000	-147.704
916.000	122.864	50.221	0.000	-151.141
918.000	122.743	50.171	0.000	-158.023
920.000	122.809	50.553	0.000	-163.362
922.000	122.902	51.203	0.000	-164.438
924.000	122.741	50.415	0.000	-167.568
926.000	122.789	51.696	0.000	-177.962
928.000	122.922	52.120	0.000	-172.590
930.000	122.733	51.392	0.000	177.044
932.000	122.789	52.686	0.000	172.459
934.000	122.891	52.979	0.000	169.944
936.000	122.775	53.086	0.000	164.045
938.000	122.757	53.734	0.000	152.867
940.000	122.881	54.752	0.000	148.248
942.000	122.814	54.242	0.000	141.104
944.000	122.711	54.184	0.000	125.140
946.000	122.912	54.980	0.000	118.229
948.000	122.796	53.567	0.000	114.222
950.000	122.731	53.044	0.000	97.310
952.000	122.874	53.095	0.000	97.337
954.000	122.818	51.714	0.000	89.701
956.000	122.732	51.220	0.000	81.793
958.000	122.833	50.770	0.000	71.969
960.000	122.870	50.127	0.000	70.145
962.000	122.694	47.533	0.000	59.517
964.000	122.856	47.113	0.000	52.865
966.000	122.851	44.670	0.000	58.820
968.000	122.718	41.693	0.000	55.900
970.000	122.819	40.407	0.000	66.411
972.000	122.865	38.748	0.000	84.569
974.000	122.720	38.417	0.000	104.009
976.000	122.804	40.664	0.000	120.349
978.000	122.865	43.034	0.000	131.855
980.000	122.740	44.678	0.000	131.286
982.000	122.768	47.817	0.000	124.443
984.000	122.907	49.380	0.000	126.011
986.000	122.705	49.884	0.000	112.227
988.000	122.796	51.994	0.000	102.670
990.000	122.858	52.260	0.000	97.694
992.000	122.749	52.362	0.000	84.655
994.000	122.754	52.674	0.000	74.857
996.000	122.874	53.268	0.000	67.823
998.000	122.759	52.482	0.000	64.872
1000.000	122.726	52.857	0.000	49.321
1002.000	122.908	53.503	0.000	52.445
1004.000	122.727	52.122	0.000	42.516
1006.000	122.756	52.810	0.000	34.938
1008.000	122.860	52.704	0.000	31.682
1010.000	122.765	52.300	0.000	26.689
1012.000	122.729	52.285	0.000	16.420
1014.000	122.863	52.813	0.000	13.850
1016.000	122.779	52.045	0.000	9.597
1018.000	122.700	51.929	0.000	-1.809
1020.000	122.895	52.958	0.000	-4.088
1022.000	122.750	51.765	0.000	-7.440
1024.000	122.731	52.355	0.000	-20.807
1026.000	122.855	52.470	0.000	-20.667
1028.000	122.771	52.075	0.000	-30.567
1030.000	122.719	52.124	0.000	-39.475
1032.000	122.845	52.776	0.000	-49.479
1034.000	122.794	52.296	0.000	-53.462
1036.000	122.690	51.811	0.000	-72.697
1038.000	122.880	52.633	0.000	-78.070
1040.000	122.756	51.015	0.000	-87.156
1042.000	122.720	51.034	0.000	-104.688
1044.000	122.846	50.715	0.000	-111.164
1046.000	122.773	49.706	0.000	-123.064
1048.000	122.715	48.906	0.000	-137.616
1050.000	122.831	48.963	0.000	-148.554
1052.000	122.796	47.817	0.000	-155.855
1054.000	122.684	46.978	0.000	-174.385
1056.000	122.868	47.507	0.000	176.176
1058.000	122.759	46.203	0.000	167.413
1060.000	122.714	46.038	0.000	144.680
1062.000	122.837	46.149	0.000	137.763
1064.000	122.770	44.880	0.000	120.704
1066.000	122.711	44.450	0.000	105.514
1068.000	122.821	44.131	0.000	89.910
1070.000	122.797	43.308	0.000	83.730
1072.000	122.676	41.633	0.000	62.848
1074.000	122.867	41.814	0.000	57.489
1076.000	122.749	39.056	0.000	51.059
1078.000	122.715	37.355	0.000	41.667
1080.000	122.829	35.892	0.000	47.586
1082.000	122.767	34.687	0.000	57.429
1084.000	122.704	35.387	0.000	64.308
1086.000	122.827	37.173	0.000	69.331
1088.000	122.775	38.039	0.000	68.477
1090.000	122.680	39.197	0.000	58.043
1092.000	122.865	40.842	0.000	56.023
1094.000	122.732	40.052	0.000	50.247
1096.000	122.718	40.841	0.000	37.995
1098.000	122.831	40.744	0.000	38.444
1100.000	122.742	40.249	0.000	32.993
1102.000	122.710	40.490	0.000	30.224
1104.000	122.834	41.528	0.000	28.762
1106.000	122.742	41.530	0.000	27.738
1108.000	122.703	42.598	0.000	13.295
1110.000	122.855	43.547	0.000	12.915
1112.000	122.707	42.328	0.000	-0.445
1114.000	122.732	42.712	0.000	-12.857
1116.000	122.830	41.657	0.000	-18.657
1118.000	122.714	40.046	0.000	-26.787
1120.000	122.729	38.513	0.000	-34.653
1122.000	122.827	37.297	0.000	-31.263
1124.000	122.712	34.753	0.000	-28.040
1126.000	122.730	33.944	0.000	-23.866
1128.000	122.839	33.774	0.000	-8.799
1130.000	122.684	32.913	0.000	-2.141
1132.000	122.758	34.566	0.000	6.111
1134.000	122.809	34.693	0.000	15.929
1136.000	122.704	35.628	0.000	16.730
1138.000	122.735	36.792	0.000	16.284
1140.000	122.835	38.339	0.000	19.458
1142.000	122.669	38.307	0.000	15.883
1144.000	122.779	40.420	0.000	10.751
1146.000	122.800	40.393	0.000	12.282
1148.000	122.676	40.780	0.000	-0.112
1150.000	122.780	41.713	0.000	-4.123
1152.000	122.788	41.313	0.000	-9.794
1154.000	122.680	40.612	0.000	-19.148
1156.000	122.776	40.206	0.000	-24.423
1158.000	122.795	39.008	0.000	-21.372
1160.000	122.656	37.374	0.000	-19.769
1162.000	122.818	38.162	0.000	-8.791
1164.000	122.751	38.209	0.000	1.090
1166.000	122.680	40.094	0.000	-3.240
1168.000	122.813	41.436	0.000	-0.658
1170.000	122.732	41.604	0.000	-8.096
1172.000	122.695	42.203	0.000	-14.308
1174.000	122.806	42.783	0.000	-19.894
1176.000	122.732	42.353	0.000	-20.033
1178.000	122.693	42.253	0.000	-30.183
1180.000	122.824	42.738	0.000	-24.587
1182.000	122.696	41.754	0.000	-27.624
1184.000	122.723	43.000	0.000	-28.543
1186.000	122.801	43.571	0.000	-28.469
1188.000	122.701	44.137	0.000	-33.854
1190.000	122.717	45.450	0.000	-44.524
1192.000	122.816	46.332	0.000	-49.460
1194.000	122.673	46.238	0.000	-63.284
1196.000	122.745	47.582	0.000	-79.708
1198.000	122.806	48.183	0.000	-86.976
1200.000	122.650	48.486	0.000	-111.882
1202.000	122.790	50.386	0.000	-125.437
1204.000	122.757	51.052	0.000	-146.291
1206.000	122.681	52.567	0.000	-167.342
1208.000	122.770	54.800	0.000	169.297
1210.000	122.775	56.081	0.000	156.785
1212.000	122.654	57.518	0.000	128.529
1214.000	122.812	59.715	0.000	116.696
1216.000	122.721	59.964	0.000	100.258
1218.000	122.686	61.879	0.000	79.281
1220.000	122.808	62.821	0.000	69.099
1222.000	122.701	63.353	0.000	52.719
1224.000	122.702	64.316	0.000	36.213
1226.000	122.806	65.412	0.000	26.142
1228.000	122.683	65.112	0.000	12.601
1230.000	122.722	66.129	0.000	-3.842
1232.000	122.801	66.493	0.000	-10.408
1234.000	122.660	66.045	0.000	-26.862
1236.000	122.765	67.042	0.000	-37.763
1238.000	122.756	66.232	0.000	-46.697
1240.000	122.685	66.075	0.000	-59.447
1242.000	122.748	65.749	0.000	-70.477
1244.000	122.773	65.545	0.000	-74.134
1246.000	122.652	64.233	0.000	-86.462
1248.000	122.796	64.708	0.000	-88.753
1250.000	122.721	63.186	0.000	-91.559
1252.000	122.682	63.274	0.000	-98.834
1254.000	122.791	63.135	0.000	-98.341
1256.000	122.704	62.660	0.000	-101.492
1258.000	122.691	62.885	0.000	-106.750
1260.000	122.802	63.329	0.000	-106.025
1262.000	122.671	62.781	0.000	-109.611
1264.000	122.721	63.753	0.000	-115.753
1266.000	122.797	64.188	0.000	-113.266
1268.000	122.643	64.045	0.000	-123.874
1270.000	122.779	65.239	0.000	-125.730
1272.000	122.734	64.773	0.000	-131.628
1274.000	122.675	65.042	0.000	-138.844
1276.000	122.769	65.518	0.000	-145.707
1278.000	122.731	65.283	0.000	-147.302
1280.000	122.668	65.049	0.000	-158.249
1282.000	122.793	65.862	0.000	-158.554
1284.000	122.692	64.979	0.000	-163.662
1286.000	122.705	65.733	0.000	-170.020
1288.000	122.772	65.659	0.000	-172.225
1290.000	122.687	65.716	0.000	-177.332
1292.000	122.709	66.252	0.000	174.101
1294.000	122.783	66.673	0.000	172.316
1296.000	122.652	66.185	0.000	162.290
1298.000	122.754	67.009	0.000	153.325
1300.000	122.753	66.788	0.000	150.912
1302.000	122.654	66.319	0.000	135.569
1304.000	122.778	66.567	0.000	133.242
1306.000	122.711	65.348	0.000	124.421
1308.000	122.675	64.771	0.000	117.948
1310.000	122.782	64.696	0.000	112.808
1312.000	122.686	63.453	0.000	112.134
1314.000	122.702	63.351	0.000	103.106
1316.000	122.780	63.006	0.000	106.869
1318.000	122.660	62.050	0.000	99.308
1320.000	122.735	62.358	0.000	98.406
1322.000	122.753	61.842	0.000	96.705
1324.000	122.660	61.509	0.000	91.857
1326.000	122.752	61.857	0.000	88.765
1328.000	122.738	61.456	0.000	88.051
1330.000	122.647	61.250	0.000	79.808
1332.000	122.803	61.923	0.000	78.806
1334.000	122.669	60.915	0.000	73.397
1336.000	122.708	61.342	0.000	65.124
1338.000	122.765	60.719	0.000	63.253
1340.000	122.666	59.982	0.000	55.261
1342.000	122.724	59.538	0.000	49.814
1344.000	122.761	59.078	0.000	48.408
1346.000	122.642	57.677	0.000	42.440
1348.000	122.779	57.933	0.000	41.135
1350.000	122.701	56.204	0.000	42.062
1352.000	122.679	55.854	0.000	37.743
1354.000	122.767	55.126	0.000	41.554
1356.000	122.685	54.280	0.000	41.996
1358.000	122.693	54.151	0.000	41.798
1360.000	122.774	54.054	0.000	47.016
1362.000	122.651	53.387	0.000	46.515
1364.000	122.740	54.100	0.000	46.933
1366.000	122.743	53.809	0.000	52.002
1368.000	122.647	53.847	0.000	46.983
1370.000	122.777	54.253	0.000	52.746
1372.000	122.692	53.814	0.000	51.760
1374.000	122.678	54.146	0.000	53.180
1376.000	122.783	54.995	0.000	56.283
1378.000	122.654	54.809	0.000	58.259
1380.000	122.731	56.391	0.000	56.484
1382.000	122.744	56.815	0.000	61.056
1384.000	122.656	57.803	0.000	54.459
1386.000	122.755	59.198	0.000	54.182
1388.000	122.711	59.863	0.000	49.055
1390.000	122.672	60.800	0.000	41.194
1392.000	122.761	62.055	0.000	34.904
1394.000	122.691	62.058	0.000	28.165
1396.000	122.687	62.807	0.000	15.653
1398.000	122.776	63.203	0.000	12.139
1400.000	122.640	62.703	0.000	0.271
1402.000	122.751	63.577	0.000	-6.364
1404.000	122.722	62.933	0.000	-12.636
1406.000	122.658	62.857	0.000	-21.317
1408.000	122.769	63.193	0.000	-29.006
1410.000	122.687	62.679	0.000	-31.591
1412.000	122.687	62.719	0.000	-44.702
1414.000	122.768	62.727	0.000	-44.421
1416.000	122.653	61.907	0.000	-55.227
1418.000	122.735	62.272	0.000	-59.981
1420.000	122.730	61.887	0.000	-65.241
1422.000	122.662	61.645	0.000	-73.868
1424.000	122.751	62.006	0.000	-80.756
1426.000	122.709	61.435	0.000	-86.724
1428.000	122.660	61.147	0.000	-99.502
1430.000	122.791	61.316	0.000	-104.057
1432.000	122.643	59.887	0.000	-114.948
1434.000	122.736	59.910	0.000	-123.496
1436.000	122.736	58.519	0.000	-129.200
1438.000	122.650	57.425	0.000	-137.366
1440.000	122.764	56.837	0.000	-143.885
1442.000	122.695	55.532	0.000	-145.415
1444.000	122.678	54.477	0.000	-155.077
1446.000	122.770	53.982	0.000	-153.573
1448.000	122.653	52.324	0.000	-160.572
1450.000	122.732	52.014	0.000	-161.970
1452.000	122.729	50.712	0.000	-164.190
1454.000	122.662	49.803	0.000	-167.448
1456.000	122.748	49.348	0.000	-169.276
1458.000	122.705	48.168	0.000	-169.801
1460.000	122.668	47.421	0.000	-174.134
1462.000	122.778	47.108	0.000	-172.820
1464.000	122.647	45.807	0.000	-175.640
1466.000	122.737	45.780	0.000	-176.394
1468.000	122.722	44.639	0.000	-177.200
1470.000	122.666	43.984	0.000	-178.848
1472.000	122.751	43.675	0.000	179.483
1474.000	122.693	42.864	0.000	-178.296
1476.000	122.696	42.430	0.000	176.179
1478.000	122.751	41.929	0.000	179.826
1480.000	122.664	40.863	0.000	175.169
1482.000	122.730	40.818	0.000	176.399
1484.000	122.724	40.067	0.000	176.436
1486.000	122.665	39.518	0.000	173.992
1488.000	122.758	39.338	0.000	174.969
1490.000	122.683	38.398	0.000	175.006
1492.000	122.698	38.304	0.000	171.666
1494.000	122.757	37.959	0.000	175.411
1496.000	122.649	37.166	0.000	171.118
1498.000	122.755	37.282	0.000	172.855
1500.000	122.699	36.324	0.000	171.369
1502.000	122.680	36.114	0.000	170.331
1504.000	122.760	36.033	0.000	170.584
1506.000	122.668	35.216	0.000	170.493
1508.000	122.722	35.483	0.000	168.200
1510.000	122.737	34.730	0.000	171.750
1512.000	122.657	34.398	0.000	166.398
1514.000	122.757	34.280	0.000	168.524
1516.000	122.693	33.594	0.000	167.382
1518.000	122.684	33.431	0.000	164.637
1520.000	122.770	33.238	0.000	167.857
1522.000	122.644	32.522	0.000	164.865
1524.000	122.755	32.930	0.000	164.052
1526.000	122.700	32.186	0.000	166.935
1528.000	122.695	32.246	0.000	162.506
1530.000	122.742	31.957	0.000	165.625
1532.000	122.688	31.429	0.000	162.301
1534.000	122.709	31.186	0.000	161.425
1536.000	122.744	31.164	0.000	163.221
1538.000	122.659	30.575	0.000	160.081
1540.000	122.762	30.802	0.000	161.687
1542.000	122.686	29.952	0.000	159.864
1544.000	122.700	30.294	0.000	157.474
1546.000	122.752	30.088	0.000	159.560
1548.000	122.659	29.578	0.000	157.096
1550.000	122.747	29.645	0.000	155.267
1552.000	122.710	29.023	0.000	156.416
1554.000	122.680	28.986	0.000	152.365
1556.000	122.766	29.176	0.000	156.516
1558.000	122.664	28.312	0.000	153.066
1560.000	122.734	28.756	0.000	153.008
1562.000	122.725	28.040	0.000	153.154
1564.000	122.670	27.762	0.000	150.883
1566.000	122.761	28.074	0.000	150.110
1568.000	122.681	27.550	0.000	150.675
1570.000	122.714	27.814	0.000	145.959
1572.000	122.748	27.453	0.000	148.503
1574.000	122.661	26.936	0.000	143.762
1576.000	122.759	26.990	0.000	145.417
1578.000	122.689	26.454	0.000	145.332
1580.000	122.704	26.360	0.000	142.771
1582.000	122.751	26.181	0.000	142.112
1584.000	122.666	25.756	0.000	139.936
1586.000	122.752	26.133	0.000	141.008
1588.000	122.705	25.320	0.000	140.978
1590.000	122.691	25.706	0.000	135.413
1592.000	122.758	25.571	0.000	138.759
1594.000	122.671	25.156	0.000	134.390
1596.000	122.740	25.042	0.000	132.737
1598.000	122.723	24.822	0.000	132.523
1600.000	122.683	24.579	0.000	131.367
1602.000	122.761	24.806	0.000	133.494
1604.000	122.676	24.305	0.000	128.975
1606.000	122.735	24.286	0.000	127.866
1608.000	122.727	23.604	0.000	129.255
1610.000	122.680	22.965	0.000	127.152
1612.000	122.759	23.407	0.000	124.783
1614.000	122.692	22.904	0.000	122.729
1616.000	122.712	22.975	0.000	120.516
1618.000	122.756	22.454	0.000	123.316
1620.000	122.659	22.180	0.000	115.576
1622.000	122.775	22.688	0.000	119.126
1624.000	122.683	22.087	0.000	119.904
1626.000	122.718	22.447	0.000	116.407
1628.000	122.751	22.061	0.000	116.549
1630.000	122.671	21.473	0.000	112.239
1632.000	122.760	21.398	0.000	114.616
1634.000	122.701	20.469	0.000	109.219
1636.000	122.706	20.741	0.000	109.874
1638.000	122.760	20.360	0.000	112.607
1640.000	122.663	19.820	0.000	109.346
1642.000	122.766	20.201	0.000	110.433
1644.000	122.699	19.750	0.000	112.289
1646.000	122.711	20.184	0.000	105.796
1648.000	122.758	19.714	0.000	107.766
1650.000	122.678	18.647	0.000	103.018
1652.000	122.752	18.821	0.000	104.877
1654.000	122.712	17.721	0.000	108.740
1656.000	122.699	18.159	0.000	107.467
1658.000	122.768	18.857	0.000	106.181
1660.000	122.665	17.622	0.000	101.637
1662.000	122.768	18.236	0.000	101.699
1664.000	122.703	17.813	0.000	101.950
1666.000	122.711	17.374	0.000	97.306
1668.000	122.754	17.767	0.000	101.773
1670.000	122.682	17.984	0.000	97.877
1672.000	122.750	17.873	0.000	95.066
1674.000	122.719	17.185	0.000	98.329
1676.000	122.702	17.121	0.000	92.561
1678.000	122.768	17.411	0.000	96.526
1680.000	122.670	16.156	0.000	96.182
1682.000	122.767	16.537	0.000	98.060
1684.000	122.710	16.355	0.000	95.254
1686.000	122.702	15.777	0.000	91.168
1688.000	122.782	15.593	0.000	100.320
1690.000	122.661	15.000	0.000	94.306
1692.000	122.778	15.287	0.000	90.017
1694.000	122.696	15.562	0.000	93.593
1696.000	122.732	16.020	0.000	91.033
1698.000	122.740	14.586	0.000	89.724
1700.000	122.699	14.250	0.000	91.223
1702.000	122.750	14.480	0.000	93.992
1704.000	122.720	13.326	0.000	84.872
1706.000	122.708	14.769	0.000	82.426
1708.000	122.770	14.972	0.000	89.789
1710.000	122.674	14.460	0.000	78.060
1712.000	122.777	14.803	0.000	73.903
1714.000	122.695	14.585	0.000	81.266
1716.000	122.735	14.760	0.000	83.386
1718.000	122.748	13.995	0.000	82.080
1720.000	122.688	12.932	0.000	80.230
1722.000	122.771	13.256	0.000	79.665
1724.000	122.705	12.497	0.000	73.876
1726.000	122.728	13.436	0.000	75.130
1728.000	122.757	13.244	0.000	74.463
1730.000	122.680	12.633	0.000	69.672
1732.000	122.784	12.283	0.000	67.849
1734.000	122.682	12.266	0.000	62.336
1736.000	122.763	13.248	0.000	70.423
1738.000	122.721	12.152	0.000	73.329
1740.000	122.720	12.260	0.000	78.596
1742.000	122.755	12.693	0.000	80.219
1744.000	122.700	12.105	0.000	68.380
1746.000	122.750	12.362	0.000	73.268
1748.000	122.733	12.537	0.000	84.262
1750.000	122.711	11.932	0.000	66.590
1752.000	122.768	11.400	0.000	59.043
1754.000	122.692	11.196	0.000	79.383
1756.000	122.763	11.780	0.000	80.994
1758.000	122.722	11.016	0.000	85.790
1760.000	122.714	10.753	0.000	88.722
1762.000	122.774	10.653	0.000	91.720
1764.000	122.684	9.525	0.000	71.086
1766.000	122.783	10.369	0.000	82.734
1768.000	122.691	10.632	0.000	94.309
1770.000	122.760	10.409	0.000	76.059
1772.000	122.734	10.568	0.000	70.679
1774.000	122.712	10.621	0.000	95.878
1776.000	122.771	11.249	0.000	80.913
1778.000	122.701	10.999	0.000	65.429
1780.000	122.755	11.099	0.000	82.219
1782.000	122.740	10.226	0.000	101.555
1784.000	122.706	9.422	0.000	87.602
1786.000	122.778	10.452	0.000	69.587
1788.000	122.687	10.688	0.000	63.510
1790.000	122.777	10.885	0.000	76.643
1792.000	122.711	10.504	0.000	90.868
1794.000	122.743	9.230	0.000	93.541
1796.000	122.749	10.273	0.000	107.364
1798.000	122.721	10.556	0.000	72.072
1800.000	122.752	10.517	0.000	68.166
1802.000	122.730	11.449	0.000	74.418
1804.000	122.731	10.619	0.000	85.881
1806.000	122.762	10.781	0.000	90.735
1808.000	122.696	10.904	0.000	60.892
1810.000	122.790	10.149	0.000	72.520
1812.000	122.692	9.446	0.000	65.381
1814.000	122.769	9.274	0.000	95.101
1816.000	122.729	9.464	0.000	92.989
1818.000	122.723	9.680	0.000	91.552
1820.000	122.777	9.748	0.000	83.686
1822.000	122.692	9.839	0.000	72.939
1824.000	122.787	10.489	0.000	79.833
1826.000	122.698	10.138	0.000	91.337
1828.000	122.771	10.507	0.000	94.758
1830.000	122.729	10.859	0.000	115.071
1832.000	122.732	10.523	0.000	117.058
1834.000	122.763	10.931	0.000	110.634
1836.000	122.720	10.844	0.000	101.951
1838.000	122.759	11.108	0.000	101.073
1840.000	122.739	10.615	0.000	97.948
1842.000	122.724	9.962	0.000	100.664
1844.000	122.774	10.146	0.000	94.601
1846.000	122.702	10.977	0.000	95.277
1848.000	122.782	10.879	0.000	107.773
1850.000	122.712	11.028	0.000	114.868
1852.000	122.754	11.063	0.000	106.594
1854.000	122.754	11.186	0.000	98.630
1856.000	122.720	10.784	0.000	101.364
1858.000	122.776	9.833	0.000	106.950
1860.000	122.702	9.190	0.000	88.247
1862.000	122.781	9.989	0.000	102.170
1864.000	122.717	10.250	0.000	97.898
1866.000	122.762	11.043	0.000	94.211
1868.000	122.741	11.225	0.000	94.664
1870.000	122.734	10.904	0.000	101.711
1872.000	122.766	11.484	0.000	101.268
1874.000	122.723	11.273	0.000	89.700
1876.000	122.759	11.683	0.000	75.627
1878.000	122.743	11.219	0.000	77.745
1880.000	122.735	12.149	0.000	77.585
1882.000	122.770	11.241	0.000	84.280
1884.000	122.721	11.006	0.000	92.353
1886.000	122.762	11.707	0.000	80.899
1888.000	122.744	12.223	0.000	65.913
1890.000	122.736	11.547	0.000	55.524
1892.000	122.778	10.445	0.000	50.414
1894.000	122.706	11.016	0.000	60.872
1896.000	122.795	10.196	0.000	60.635
1898.000	122.698	9.474	0.000	49.479
1900.000	122.794	9.629	0.000	57.761
1902.000	122.716	9.742	0.000	53.963
1904.000	122.759	10.703	0.000	67.075
1906.000	122.760	11.291	0.000	76.096
1908.000	122.718	9.738	0.000	77.587
1910.000	122.798	9.538	0.000	79.050
1912.000	122.692	9.630	0.000	75.876
1914.000	122.801	10.330	0.000	73.089
1916.000	122.712	10.392	0.000	71.277
1918.000	122.769	9.547	0.000	62.506
1920.000	122.748	9.597	0.000	75.291
1922.000	122.733	9.631	0.000	64.612
1924.000	122.778	10.886	0.000	67.824
1926.000	122.720	11.128	0.000	60.529
1928.000	122.780	10.897	0.000	44.241
1930.000	122.722	10.349	0.000	38.479
1932.000	122.767	10.524	0.000	45.861
1934.000	122.747	9.443	0.000	57.556
1936.000	122.746	10.077	0.000	61.356
1938.000	122.768	9.873	0.000	66.132
1940.000	122.728	9.451	0.000	57.871
1942.000	122.770	8.627	0.000	83.125
1944.000	122.739	8.776	0.000	94.280
1946.000	122.754	9.010	0.000	90.284
1948.000	122.759	8.866	0.000	70.294
1950.000	122.735	10.851	0.000	99.726
1952.000	122.774	11.720	0.000	104.752
1954.000	122.733	11.305	0.000	93.262
1956.000	122.764	11.334	0.000	94.918
1958.000	122.746	10.742	0.000	105.454
1960.000	122.744	12.285	0.000	110.326
1962.000	122.772	11.728	0.000	91.913
1964.000	122.729	11.890	0.000	71.511
1966.000	122.780	12.924	0.000	75.659
1968.000	122.726	12.230	0.000	76.742
1970.000	122.774	11.637	0.000	89.386
1972.000	122.743	12.095	0.000	68.198
1974.000	122.757	13.280	0.000	58.138
1976.000	122.759	13.559	0.000	63.379
1978.000	122.738	12.034	0.000	58.840
1980.000	122.777	11.394	0.000	45.040
1982.000	122.726	12.312	0.000	42.245
1984.000	122.780	12.292	0.000	40.524
1986.000	122.732	12.078	0.000	39.100
1988.000	122.760	11.387	0.000	37.173
1990.000	122.759	10.454	0.000	62.673
1992.000	122.741	10.696	0.000	77.839
1994.000	122.776	10.805	0.000	81.995
1996.000	122.730	11.062	0.000	82.956
1998.000	122.772	12.100	0.000	98.363
2000.000	122.740	13.538	0.000	95.099
