2000.000	122.828	11.400	0.000	-15.914
2.000	122.884	11.869	0.000	6.333
4.000	123.095	11.525	0.000	-42.778
6.000	123.113	10.517	0.000	-18.950
8.000	122.960	11.423	0.000	-25.854
10.000	122.818	11.839	0.000	-33.011
12.000	122.922	11.409	0.000	-31.701
14.000	123.188	11.840	0.000	-19.331
16.000	123.105	11.615	0.000	89.471
18.000	122.772	11.446	0.000	24.829
20.000	122.877	10.539	0.000	-59.369
22.000	123.150	9.340	0.000	-95.548
24.000	123.072	9.164	0.000	-36.342
26.000	122.934	9.503	0.000	-73.464
28.000	122.903	11.131	0.000	-44.535
30.000	122.901	11.532	0.000	-51.121
32.000	123.101	11.627	0.000	-87.705
34.000	123.163	11.041	0.000	-89.559
36.000	122.838	11.022	0.000	-38.421
38.000	122.796	9.722	0.000	-9.220
40.000	123.136	9.113	0.000	-13.100
42.000	123.150	10.131	0.000	-38.141
44.000	122.911	9.863	0.000	-111.507
46.000	122.847	9.615	0.000	53.627
48.000	122.963	11.072	0.000	33.771
50.000	123.124	11.138	0.000	-46.932
52.000	123.083	10.453	0.000	-63.055
54.000	122.848	11.079	0.000	-104.452
56.000	122.870	10.989	0.000	-16.367
58.000	123.081	11.371	0.000	-25.169
60.000	123.107	10.555	0.000	-70.433
62.000	122.983	11.239	0.000	-47.163
64.000	122.830	10.712	0.000	-47.571
66.000	122.912	10.334	0.000	-88.128
68.000	123.201	11.036	0.000	-69.436
70.000	123.090	11.694	0.000	-46.259
72.000	122.754	11.138	0.000	-88.215
74.000	122.931	11.803	0.000	-76.977
76.000	123.154	11.387	0.000	-71.710
78.000	123.030	12.333	0.000	-85.352
80.000	122.947	12.196	0.000	-81.958
82.000	122.892	10.755	0.000	-89.037
84.000	122.923	11.586	0.000	-72.097
86.000	123.172	11.930	0.000	-69.814
88.000	123.081	11.521	0.000	-73.251
90.000	122.758	10.653	0.000	-70.520
92.000	122.930	11.831	0.000	-59.713
94.000	123.176	11.988	0.000	-67.536
96.000	123.053	11.065	0.000	-78.591
98.000	122.878	11.806	0.000	-76.164
100.000	122.866	12.041	0.000	-75.221
102.000	123.050	12.032	0.000	-83.064
104.000	123.156	12.123	0.000	-79.822
106.000	122.935	12.166	0.000	-79.813
108.000	122.829	12.006	0.000	-82.994
110.000	123.009	12.428	0.000	-78.224
112.000	123.096	12.987	0.000	-92.556
114.000	123.058	13.030	0.000	-95.258
116.000	122.880	12.125	0.000	-95.806
118.000	122.826	11.821	0.000	-94.427
120.000	123.154	12.803	0.000	-75.044
122.000	123.163	12.170	0.000	-79.877
124.000	122.794	11.986	0.000	-94.796
126.000	122.886	13.064	0.000	-96.829
128.000	123.119	12.974	0.000	-92.024
130.000	123.050	11.526	0.000	-100.567
132.000	122.980	10.582	0.000	-89.526
134.000	122.876	11.877	0.000	-94.391
136.000	122.915	12.101	0.000	-104.250
138.000	123.174	12.261	0.000	-112.735
140.000	123.062	12.040	0.000	-99.103
142.000	122.784	10.531	0.000	-90.524
144.000	122.938	11.823	0.000	-110.080
146.000	123.141	12.319	0.000	-117.917
148.000	123.068	11.833	0.000	-112.346
150.000	122.866	11.955	0.000	-115.904
152.000	122.860	12.321	0.000	-122.256
154.000	123.109	12.169	0.000	-108.970
156.000	123.113	11.630	0.000	-98.624
158.000	122.886	11.609	0.000	-118.078
160.000	122.886	12.045	0.000	-135.513
162.000	123.007	11.962	0.000	-131.267
164.000	123.105	12.891	0.000	-122.976
166.000	123.040	12.249	0.000	-99.656
168.000	122.792	11.150	0.000	-93.422
170.000	122.942	11.676	0.000	-117.836
172.000	123.219	12.384	0.000	-120.256
174.000	122.992	13.245	0.000	-132.121
176.000	122.798	12.892	0.000	-141.223
178.000	122.990	13.286	0.000	-136.487
180.000	123.096	11.791	0.000	-129.047
182.000	123.040	11.643	0.000	-122.755
184.000	122.901	13.425	0.000	-112.025
186.000	122.868	14.401	0.000	-115.752
188.000	123.076	13.820	0.000	-123.140
190.000	123.127	12.996	0.000	-115.042
192.000	122.897	12.654	0.000	-125.676
194.000	122.826	13.202	0.000	-145.640
196.000	123.070	13.532	0.000	-136.702
198.000	123.155	13.629	0.000	-116.045
200.000	122.896	12.861	0.000	-126.597
202.000	122.830	13.202	0.000	-140.332
204.000	123.066	14.027	0.000	-131.385
206.000	123.101	14.627	0.000	-136.361
208.000	122.954	15.414	0.000	-143.265
210.000	122.868	14.839	0.000	-147.796
212.000	122.954	14.766	0.000	-152.377
214.000	123.131	15.055	0.000	-143.636
216.000	123.035	15.388	0.000	-144.893
218.000	122.805	13.951	0.000	-153.944
220.000	122.941	13.837	0.000	-153.989
222.000	123.163	15.532	0.000	-149.981
224.000	123.026	14.907	0.000	-136.219
226.000	122.804	13.603	0.000	-147.430
228.000	122.956	15.875	0.000	-158.618
230.000	123.134	16.106	0.000	-152.931
232.000	123.003	15.283	0.000	-147.741
234.000	122.885	15.725	0.000	-152.590
236.000	122.912	15.647	0.000	-161.699
238.000	123.049	16.725	0.000	-159.627
240.000	123.128	16.619	0.000	-152.253
242.000	122.863	15.324	0.000	-156.452
244.000	122.830	15.358	0.000	-171.871
246.000	123.158	17.381	0.000	-163.775
248.000	123.074	16.733	0.000	-162.654
250.000	122.840	15.922	0.000	-167.382
252.000	122.911	16.920	0.000	-174.659
254.000	123.059	16.632	0.000	-172.721
256.000	123.090	16.864	0.000	-169.644
258.000	122.898	17.273	0.000	-171.607
260.000	122.856	17.797	0.000	-177.339
262.000	123.068	17.932	0.000	179.465
264.000	123.086	17.717	0.000	-176.798
266.000	122.931	16.976	0.000	179.485
268.000	122.827	17.877	0.000	174.019
270.000	123.036	19.174	0.000	173.585
272.000	123.177	19.507	0.000	-178.624
274.000	122.850	18.441	0.000	-178.463
276.000	122.849	19.555	0.000	170.357
278.000	123.114	20.571	0.000	176.992
280.000	123.028	19.998	0.000	177.076
282.000	122.946	20.249	0.000	170.426
284.000	122.873	20.391	0.000	168.705
286.000	122.972	21.784	0.000	166.849
288.000	123.170	23.094	0.000	168.940
290.000	122.912	22.575	0.000	170.560
292.000	122.806	23.919	0.000	159.617
294.000	123.080	26.192	0.000	158.454
296.000	123.095	26.512	0.000	164.397
298.000	122.908	26.677	0.000	156.979
300.000	122.839	28.751	0.000	148.715
302.000	123.052	31.118	0.000	145.942
304.000	123.105	32.456	0.000	140.487
306.000	122.885	33.576	0.000	129.140
308.000	122.885	35.408	0.000	114.225
310.000	123.008	37.771	0.000	99.936
312.000	123.094	39.481	0.000	89.483
314.000	122.957	39.859	0.000	74.290
316.000	122.785	40.705	0.000	46.998
318.000	123.076	42.729	0.000	28.634
320.000	123.132	43.062	0.000	19.521
322.000	122.835	41.847	0.000	-0.945
324.000	122.888	42.820	0.000	-27.449
326.000	123.064	43.703	0.000	-37.317
328.000	123.051	42.906	0.000	-51.253
330.000	122.908	42.436	0.000	-71.086
332.000	122.863	42.042	0.000	-85.761
334.000	123.038	42.040	0.000	-102.110
336.000	123.096	42.211	0.000	-109.460
338.000	122.884	40.560	0.000	-117.134
340.000	122.830	40.258	0.000	-138.064
342.000	123.109	41.517	0.000	-140.746
344.000	123.074	40.549	0.000	-141.218
346.000	122.813	39.863	0.000	-155.770
348.000	122.927	41.096	0.000	-164.895
350.000	123.075	41.691	0.000	-169.609
352.000	123.022	41.849	0.000	-176.812
354.000	122.873	41.758	0.000	171.803
356.000	122.887	42.642	0.000	157.559
358.000	123.091	43.734	0.000	149.419
360.000	123.033	43.634	0.000	142.046
362.000	122.836	42.921	0.000	128.037
364.000	122.901	43.546	0.000	110.148
366.000	123.126	44.493	0.000	104.840
368.000	123.009	43.355	0.000	101.273
370.000	122.774	42.621	0.000	81.429
372.000	123.016	44.162	0.000	73.729
374.000	123.082	43.866	0.000	70.517
376.000	122.930	43.443	0.000	56.394
378.000	122.892	43.630	0.000	45.452
380.000	122.916	43.683	0.000	30.562
382.000	123.128	44.550	0.000	21.317
384.000	122.961	43.536	0.000	16.592
386.000	122.775	42.505	0.000	-5.880
388.000	123.064	43.892	0.000	-16.984
390.000	123.074	43.216	0.000	-19.859
392.000	122.882	41.633	0.000	-37.320
394.000	122.854	41.728	0.000	-55.665
396.000	123.048	41.605	0.000	-65.865
398.000	123.063	40.316	0.000	-77.459
400.000	122.848	38.285	0.000	-92.317
402.000	122.904	36.564	0.000	-108.370
404.000	123.029	34.999	0.000	-115.858
406.000	123.055	32.543	0.000	-112.798
408.000	122.855	29.964	0.000	-105.892
410.000	122.854	30.937	0.000	-103.203
412.000	123.154	33.186	0.000	-98.729
414.000	122.966	33.083	0.000	-101.200
416.000	122.803	33.446	0.000	-121.844
418.000	122.996	35.173	0.000	-132.114
420.000	123.052	34.922	0.000	-138.763
422.000	122.951	34.250	0.000	-153.319
424.000	122.840	34.110	0.000	-165.213
426.000	122.969	34.173	0.000	-177.513
428.000	123.089	34.817	0.000	177.069
430.000	122.916	33.910	0.000	173.673
432.000	122.804	34.083	0.000	156.094
434.000	123.060	36.172	0.000	151.693
436.000	123.070	35.881	0.000	150.196
438.000	122.810	35.687	0.000	131.171
440.000	122.916	37.200	0.000	119.252
442.000	123.054	37.756	0.000	112.132
444.000	122.993	37.942	0.000	102.289
446.000	122.848	37.902	0.000	88.541
448.000	122.908	38.728	0.000	73.184
450.000	123.085	39.430	0.000	66.356
452.000	122.962	38.954	0.000	58.841
454.000	122.814	38.563	0.000	43.701
456.000	122.960	39.754	0.000	30.951
458.000	123.119	40.374	0.000	29.809
460.000	122.863	39.137	0.000	20.874
462.000	122.837	40.286	0.000	3.139
464.000	123.081	41.423	0.000	1.126
466.000	122.974	41.136	0.000	-8.867
468.000	122.899	41.881	0.000	-22.605
470.000	122.861	42.304	0.000	-36.649
472.000	123.046	43.629	0.000	-52.974
474.000	123.042	43.725	0.000	-59.530
476.000	122.769	42.328	0.000	-81.956
478.000	122.970	43.496	0.000	-104.039
480.000	123.080	43.209	0.000	-110.569
482.000	122.905	41.071	0.000	-128.892
484.000	122.823	40.163	0.000	-151.301
486.000	123.019	39.448	0.000	-162.535
488.000	123.041	37.625	0.000	-172.431
490.000	122.850	35.172	0.000	174.752
492.000	122.889	33.303	0.000	161.772
494.000	123.010	32.044	0.000	154.544
496.000	123.036	30.258	0.000	153.769
498.000	122.805	27.445	0.000	147.904
500.000	122.907	26.078	0.000	137.997
502.000	123.117	25.216	0.000	141.106
504.000	122.887	22.756	0.000	142.979
506.000	122.826	21.039	0.000	135.487
508.000	123.014	20.691	0.000	137.693
510.000	123.019	18.391	0.000	139.033
512.000	122.867	16.560	0.000	133.502
514.000	122.869	16.227	0.000	136.100
516.000	123.013	16.023	0.000	144.299
518.000	123.029	16.014	0.000	158.344
520.000	122.791	14.081	0.000	149.432
522.000	122.922	14.098	0.000	146.714
524.000	123.105	14.647	0.000	153.752
526.000	122.862	13.190	0.000	163.826
528.000	122.849	13.301	0.000	161.076
530.000	122.996	13.779	0.000	164.904
532.000	123.021	13.801	0.000	174.573
534.000	122.844	13.635	0.000	164.552
536.000	122.876	13.314	0.000	163.092
538.000	123.038	13.273	0.000	175.917
540.000	122.968	13.809	0.000	178.816
542.000	122.811	13.846	0.000	176.833
544.000	122.924	13.525	0.000	167.760
546.000	123.108	13.832	0.000	177.040
548.000	122.819	12.769	0.000	-176.850
550.000	122.866	13.042	0.000	166.511
552.000	123.035	14.180	0.000	172.271
554.000	122.953	14.048	0.000	175.159
556.000	122.860	14.070	0.000	165.355
558.000	122.870	13.677	0.000	163.926
560.000	123.068	12.837	0.000	169.200
562.000	122.918	11.732	0.000	177.032
564.000	122.791	11.515	0.000	169.531
566.000	123.005	13.157	0.000	162.229
568.000	123.029	12.598	0.000	161.073
570.000	122.800	12.194	0.000	155.848
572.000	122.900	11.989	0.000	150.047
574.000	123.035	12.916	0.000	147.558
576.000	122.919	12.702	0.000	146.971
578.000	122.828	12.500	0.000	146.450
580.000	122.936	11.591	0.000	139.974
582.000	123.044	11.591	0.000	152.031
584.000	122.848	10.962	0.000	163.979
586.000	122.830	11.559	0.000	151.832
588.000	123.048	12.579	0.000	148.059
590.000	122.959	12.400	0.000	153.655
592.000	122.769	12.107	0.000	134.234
594.000	122.988	12.645	0.000	126.873
596.000	122.992	11.946	0.000	127.915
598.000	122.871	11.058	0.000	123.919
600.000	122.846	11.146	0.000	143.140
602.000	122.982	11.686	0.000	136.262
604.000	123.014	11.135	0.000	123.901
606.000	122.758	10.526	0.000	136.213
608.000	122.950	10.423	0.000	147.753
610.000	123.032	11.199	0.000	159.383
612.000	122.845	11.513	0.000	153.636
614.000	122.832	11.265	0.000	150.039
616.000	123.020	11.236	0.000	156.415
618.000	122.942	10.941	0.000	170.948
620.000	122.816	10.399	0.000	-173.568
622.000	122.909	9.672	0.000	-144.702
624.000	123.016	10.525	0.000	-178.291
626.000	122.887	10.655	0.000	159.155
628.000	122.785	10.304	0.000	-162.059
630.000	123.042	10.537	0.000	178.101
632.000	122.947	11.064	0.000	-176.667
634.000	122.779	10.298	0.000	156.238
636.000	122.946	10.329	0.000	148.852
638.000	122.997	10.923	0.000	160.265
640.000	122.851	10.377	0.000	-168.235
642.000	122.842	10.051	0.000	-176.440
644.000	122.970	11.719	0.000	179.442
646.000	122.988	11.896	0.000	-178.948
648.000	122.754	10.993	0.000	178.669
650.000	122.947	10.084	0.000	-171.375
652.000	123.023	10.558	0.000	176.026
654.000	122.807	10.225	0.000	179.421
656.000	122.856	10.104	0.000	-178.551
658.000	122.998	9.772	0.000	-174.554
660.000	122.922	10.511	0.000	-155.263
662.000	122.793	10.928	0.000	-167.396
664.000	122.938	11.350	0.000	-166.877
666.000	122.986	12.647	0.000	178.518
668.000	122.843	12.005	0.000	172.920
670.000	122.807	12.563	0.000	-171.996
672.000	123.062	12.423	0.000	-165.278
674.000	122.862	10.874	0.000	-155.943
676.000	122.803	12.089	0.000	-166.260
678.000	122.971	11.871	0.000	-171.637
680.000	122.945	12.245	0.000	-164.362
682.000	122.820	12.581	0.000	172.708
684.000	122.861	12.124	0.000	151.191
686.000	123.004	11.857	0.000	171.097
688.000	122.879	10.944	0.000	-167.023
690.000	122.772	12.054	0.000	178.381
692.000	123.011	13.611	0.000	-160.606
694.000	122.930	13.113	0.000	-159.353
696.000	122.774	11.650	0.000	179.609
698.000	122.931	11.818	0.000	-176.324
700.000	122.965	12.898	0.000	-163.551
702.000	122.839	11.852	0.000	-175.069
704.000	122.822	13.086	0.000	174.948
706.000	122.991	13.479	0.000	-178.222
708.000	122.899	12.154	0.000	-170.538
710.000	122.779	11.292	0.000	172.934
712.000	122.935	13.710	0.000	-178.965
714.000	122.998	14.145	0.000	-173.452
716.000	122.742	13.445	0.000	-174.249
718.000	122.928	14.285	0.000	177.340
720.000	122.946	13.859	0.000	-178.971
722.000	122.864	13.521	0.000	176.995
724.000	122.797	13.386	0.000	177.936
726.000	122.970	14.391	0.000	-171.577
728.000	122.930	14.757	0.000	-175.114
730.000	122.758	14.629	0.000	176.395
732.000	122.924	14.971	0.000	175.634
734.000	122.981	15.175	0.000	-178.062
736.000	122.768	14.280	0.000	167.852
738.000	122.877	13.276	0.000	171.877
740.000	122.968	14.113	0.000	170.134
742.000	122.850	14.315	0.000	171.729
744.000	122.798	14.371	0.000	173.472
746.000	122.948	15.549	0.000	176.470
748.000	122.932	14.877	0.000	-175.943
750.000	122.758	14.485	0.000	176.308
752.000	122.902	15.948	0.000	170.884
754.000	122.984	16.240	0.000	-179.707
756.000	122.761	15.665	0.000	177.593
758.000	122.872	16.175	0.000	173.608
760.000	122.966	16.512	0.000	-175.793
762.000	122.835	16.922	0.000	173.828
764.000	122.806	17.073	0.000	169.843
766.000	122.927	17.677	0.000	175.665
768.000	122.946	18.369	0.000	-178.521
770.000	122.729	17.759	0.000	-178.113
772.000	122.932	18.969	0.000	-179.731
774.000	122.944	18.874	0.000	-173.705
776.000	122.772	18.848	0.000	178.309
778.000	122.854	20.198	0.000	179.628
780.000	122.969	20.458	0.000	-173.732
782.000	122.814	20.474	0.000	-175.082
784.000	122.808	21.537	0.000	-175.845
786.000	122.933	22.636	0.000	-174.098
788.000	122.910	22.846	0.000	-172.965
790.000	122.736	23.013	0.000	178.068
792.000	122.933	24.838	0.000	178.646
794.000	122.932	25.037	0.000	-175.100
796.000	122.745	25.320	0.000	178.660
798.000	122.891	27.393	0.000	179.797
800.000	122.934	27.712	0.000	-176.286
802.000	122.803	28.152	0.000	179.260
804.000	122.809	28.783	0.000	177.853
806.000	122.947	30.653	0.000	177.212
808.000	122.869	31.114	0.000	-178.872
810.000	122.739	31.956	0.000	169.982
812.000	122.969	34.068	0.000	174.706
814.000	122.871	33.832	0.000	174.830
816.000	122.756	35.543	0.000	166.304
818.000	122.903	37.233	0.000	166.742
820.000	122.916	38.292	0.000	165.540
822.000	122.772	39.306	0.000	159.789
824.000	122.839	41.452	0.000	153.069
826.000	122.946	43.207	0.000	151.436
828.000	122.808	44.087	0.000	144.485
830.000	122.776	46.404	0.000	128.942
832.000	122.976	48.791	0.000	124.331
834.000	122.816	48.982	0.000	111.646
836.000	122.768	50.983	0.000	86.184
838.000	122.941	51.938	0.000	76.691
840.000	122.849	51.350	0.000	56.408
842.000	122.780	51.125	0.000	38.474
844.000	122.858	50.558	0.000	20.068
846.000	122.945	50.002	0.000	11.820
848.000	122.729	47.419	0.000	0.579
850.000	122.867	47.084	0.000	-11.834
852.000	122.937	45.960	0.000	-7.297
854.000	122.762	43.993	0.000	-15.059
856.000	122.814	44.185	0.000	-18.141
858.000	122.943	43.682	0.000	-16.586
860.000	122.793	42.857	0.000	-19.028
862.000	122.792	42.772	0.000	-23.372
864.000	122.903	43.529	0.000	-24.684
866.000	122.874	43.043	0.000	-25.111
868.000	122.717	42.540	0.000	-36.794
870.000	122.938	43.314	0.000	-40.176
872.000	122.864	42.078	0.000	-38.474
874.000	122.738	41.042	0.000	-46.821
876.000	122.886	41.729	0.000	-43.997
878.000	122.887	40.842	0.000	-41.210
880.000	122.759	40.966	0.000	-44.614
882.000	122.829	41.207	0.000	-46.114
884.000	122.923	41.934	0.000	-45.009
886.000	122.770	40.937	0.000	-42.705
888.000	122.792	42.309	0.000	-48.512
890.000	122.956	43.030	0.000	-38.448
892.000	122.757	42.978	0.000	-43.773
894.000	122.793	44.919	0.000	-47.399
896.000	122.913	46.334	0.000	-49.867
898.000	122.813	46.942	0.000	-56.923
900.000	122.760	48.121	0.000	-71.604
902.000	122.892	49.309	0.000	-81.298
904.000	122.861	49.203	0.000	-90.409
906.000	122.717	48.529	0.000	-107.695
908.000	122.906	49.360	0.000	-118.850
910.000	122.867	48.075	0.000	-120.761
912.000	122.723	46.881	0.000	-137.842
914.000	122.876	47.118	0.000	-140.791
916.000	122.868	45.820	0.000	-144.819
918.000	122.752	45.035	0.000	-152.316
920.000	122.818	44.708	0.000	-158.133
922.000	122.908	44.751	0.000	-160.289
924.000	122.749	43.431	0.000	-164.193
926.000	122.797	43.886	0.000	-177.253
928.000	122.929	43.772	0.000	-174.556
930.000	122.739	41.927	0.000	170.768
932.000	122.799	41.899	0.000	159.409
934.000	122.896	40.216	0.000	149.690
936.000	122.782	37.391	0.000	134.077
938.000	122.767	32.324	0.000	105.019
940.000	122.886	29.338	0.000	-6.016
942.000	122.821	34.105	0.000	-72.630
944.000	122.720	38.759	0.000	-102.804
946.000	122.920	42.054	0.000	-115.784
948.000	122.801	42.114	0.000	-126.916
950.000	122.740	43.130	0.000	-151.287
952.000	122.882	43.733	0.000	-156.007
954.000	122.823	42.545	0.000	-167.602
956.000	122.742	41.846	0.000	-176.470
958.000	122.839	41.033	0.000	177.916
960.000	122.876	40.518	0.000	-175.845
962.000	122.702	39.515	0.000	-174.626
964.000	122.864	41.643	0.000	-169.673
966.000	122.857	41.761	0.000	-164.829
968.000	122.725	42.764	0.000	-175.589
970.000	122.829	44.113	0.000	-178.292
972.000	122.869	44.466	0.000	177.538
974.000	122.729	44.582	0.000	168.339
976.000	122.812	45.447	0.000	159.692
978.000	122.870	45.865	0.000	156.965
980.000	122.748	45.171	0.000	149.766
982.000	122.775	46.176	0.000	139.071
984.000	122.913	46.624	0.000	140.816
986.000	122.712	45.901	0.000	128.808
988.000	122.805	47.233	0.000	119.322
990.000	122.863	47.003	0.000	114.819
992.000	122.756	46.589	0.000	101.008
994.000	122.763	46.401	0.000	89.272
996.000	122.879	46.378	0.000	79.009
998.000	122.767	44.926	0.000	73.143
1000.000	122.734	43.921	0.000	52.636
1002.000	122.914	43.528	0.000	51.664
1004.000	122.734	40.155	0.000	38.669
1006.000	122.766	38.332	0.000	24.510
1008.000	122.866	34.654	0.000	17.372
1010.000	122.771	28.518	0.000	8.246
1012.000	122.739	27.826	0.000	168.787
1014.000	122.868	33.938	0.000	162.082
1016.000	122.786	37.268	0.000	148.033
1018.000	122.708	39.822	0.000	128.684
1020.000	122.902	42.129	0.000	120.455
1022.000	122.755	41.613	0.000	109.709
1024.000	122.741	42.408	0.000	90.036
1026.000	122.861	42.201	0.000	87.361
1028.000	122.777	40.980	0.000	77.402
1030.000	122.729	40.124	0.000	72.322
1032.000	122.850	39.888	0.000	70.242
1034.000	122.800	38.907	0.000	74.929
1036.000	122.698	38.194	0.000	70.967
1038.000	122.886	38.959	0.000	78.782
1040.000	122.762	37.918	0.000	82.181
1042.000	122.728	38.946	0.000	82.692
1044.000	122.853	39.741	0.000	90.026
1046.000	122.777	40.312	0.000	90.884
1048.000	122.726	41.422	0.000	87.927
1050.000	122.836	43.234	0.000	87.790
1052.000	122.802	43.594	0.000	87.165
1054.000	122.692	44.607	0.000	76.839
1056.000	122.875	46.475	0.000	75.668
1058.000	122.764	46.346	0.000	72.385
1060.000	122.724	47.764	0.000	57.688
1062.000	122.843	48.796	0.000	56.177
1064.000	122.775	48.632	0.000	44.037
1066.000	122.721	48.886	0.000	33.615
1068.000	122.827	49.142	0.000	22.365
1070.000	122.804	48.590	0.000	20.572
1072.000	122.684	47.375	0.000	6.681
1074.000	122.874	47.919	0.000	9.426
1076.000	122.754	46.231	0.000	9.553
1078.000	122.723	46.818	0.000	6.764
1080.000	122.836	47.390	0.000	9.349
1082.000	122.771	47.637	0.000	8.203
1084.000	122.714	48.376	0.000	1.832
1086.000	122.832	49.612	0.000	-0.020
1088.000	122.782	49.851	0.000	-2.887
1090.000	122.687	50.647	0.000	-14.817
1092.000	122.872	52.378	0.000	-17.965
1094.000	122.737	51.909	0.000	-25.382
1096.000	122.728	53.239	0.000	-41.612
1098.000	122.836	53.566	0.000	-46.580
1100.000	122.748	53.348	0.000	-61.383
1102.000	122.719	53.338	0.000	-74.949
1104.000	122.839	53.602	0.000	-87.520
1106.000	122.749	52.556	0.000	-95.307
1108.000	122.711	51.868	0.000	-116.482
1110.000	122.861	51.807	0.000	-120.648
1112.000	122.713	49.368	0.000	-134.501
1114.000	122.740	48.772	0.000	-149.049
1116.000	122.835	47.086	0.000	-156.900
1118.000	122.720	44.766	0.000	-168.876
1120.000	122.738	42.230	0.000	175.390
1122.000	122.832	39.638	0.000	166.954
1124.000	122.719	34.311	0.000	156.174
1126.000	122.738	26.843	0.000	133.022
1128.000	122.845	26.368	0.000	-23.982
1130.000	122.690	31.447	0.000	-45.555
1132.000	122.767	35.684	0.000	-52.523
1134.000	122.813	36.932	0.000	-54.482
1136.000	122.711	38.490	0.000	-61.744
1138.000	122.743	39.827	0.000	-67.264
1140.000	122.839	41.512	0.000	-68.498
1142.000	122.677	41.417	0.000	-76.011
1144.000	122.787	43.416	0.000	-85.358
1146.000	122.805	43.274	0.000	-86.054
1148.000	122.684	43.278	0.000	-100.929
1150.000	122.788	43.865	0.000	-105.895
1152.000	122.792	43.037	0.000	-110.799
1154.000	122.690	42.005	0.000	-117.166
1156.000	122.782	41.680	0.000	-118.075
1158.000	122.802	41.087	0.000	-110.891
1160.000	122.663	40.833	0.000	-108.460
1162.000	122.825	42.752	0.000	-103.182
1164.000	122.756	43.043	0.000	-100.124
1166.000	122.689	44.628	0.000	-109.091
1168.000	122.819	45.947	0.000	-107.932
1170.000	122.737	46.200	0.000	-115.896
1172.000	122.704	47.120	0.000	-123.019
1174.000	122.811	48.204	0.000	-130.681
1176.000	122.738	48.220	0.000	-133.786
1178.000	122.700	48.720	0.000	-150.376
1180.000	122.830	49.440	0.000	-150.921
1182.000	122.701	48.162	0.000	-162.775
1184.000	122.732	48.595	0.000	-171.938
1186.000	122.806	47.944	0.000	-175.536
1188.000	122.707	47.007	0.000	179.311
1190.000	122.725	46.794	0.000	173.521
1192.000	122.820	46.819	0.000	175.885
1194.000	122.680	46.093	0.000	172.121
1196.000	122.752	47.016	0.000	166.028
1198.000	122.811	47.225	0.000	167.804
1200.000	122.657	46.578	0.000	155.753
1202.000	122.798	47.439	0.000	153.041
1204.000	122.761	46.305	0.000	147.948
1206.000	122.690	45.811	0.000	141.472
1208.000	122.777	45.490	0.000	136.213
1210.000	122.780	44.791	0.000	139.486
1212.000	122.662	43.604	0.000	133.869
1214.000	122.819	44.189	0.000	138.932
1216.000	122.726	43.149	0.000	141.962
1218.000	122.694	44.022	0.000	139.921
1220.000	122.814	44.461	0.000	144.459
1222.000	122.705	44.725	0.000	141.905
1224.000	122.711	45.605	0.000	137.999
1226.000	122.811	46.710	0.000	137.811
1228.000	122.690	46.520	0.000	133.004
1230.000	122.730	47.722	0.000	124.726
1232.000	122.806	48.247	0.000	123.909
1234.000	122.666	48.012	0.000	113.036
1236.000	122.774	49.245	0.000	107.213
1238.000	122.760	48.696	0.000	102.103
1240.000	122.693	48.940	0.000	93.234
1242.000	122.755	49.124	0.000	84.749
1244.000	122.778	49.371	0.000	81.909
1246.000	122.659	48.672	0.000	68.216
1248.000	122.803	49.492	0.000	63.629
1250.000	122.726	48.096	0.000	56.560
1252.000	122.690	47.971	0.000	43.669
1254.000	122.797	47.310	0.000	39.229
1256.000	122.708	45.967	0.000	31.927
1258.000	122.700	44.952	0.000	23.650
1260.000	122.806	44.099	0.000	22.989
1262.000	122.678	42.015	0.000	22.007
1264.000	122.729	41.305	0.000	21.911
1266.000	122.802	40.961	0.000	32.920
1268.000	122.649	40.729	0.000	33.697
1270.000	122.787	42.317	0.000	38.785
1272.000	122.738	42.488	0.000	35.916
1274.000	122.683	43.269	0.000	29.441
1276.000	122.775	44.142	0.000	21.596
1278.000	122.737	44.096	0.000	17.998
1280.000	122.675	43.931	0.000	3.519
1282.000	122.799	44.643	0.000	-1.190
1284.000	122.696	43.442	0.000	-10.965
1286.000	122.713	43.591	0.000	-24.126
1288.000	122.777	42.748	0.000	-32.808
1290.000	122.693	41.484	0.000	-45.953
1292.000	122.716	39.985	0.000	-64.866
1294.000	122.788	38.295	0.000	-75.641
1296.000	122.658	34.035	0.000	-98.455
1298.000	122.761	30.159	0.000	-133.956
1300.000	122.758	27.019	0.000	160.771
1302.000	122.662	30.180	0.000	86.327
1304.000	122.784	32.591	0.000	72.313
1306.000	122.716	33.759	0.000	53.975
1308.000	122.683	34.515	0.000	45.140
1310.000	122.787	35.492	0.000	41.874
1312.000	122.693	35.360	0.000	44.238
1314.000	122.709	37.147	0.000	40.598
1316.000	122.785	38.227	0.000	45.322
1318.000	122.667	39.373	0.000	35.442
1320.000	122.742	41.108	0.000	31.181
1322.000	122.756	41.757	0.000	24.046
1324.000	122.669	42.459	0.000	12.492
1326.000	122.757	43.452	0.000	2.881
1328.000	122.744	43.400	0.000	-4.302
1330.000	122.654	43.306	0.000	-19.130
1332.000	122.809	43.832	0.000	-25.431
1334.000	122.674	42.447	0.000	-34.636
1336.000	122.717	42.276	0.000	-46.252
1338.000	122.769	41.113	0.000	-49.091
1340.000	122.672	39.672	0.000	-56.594
1342.000	122.731	38.708	0.000	-59.994
1344.000	122.765	37.791	0.000	-58.334
1346.000	122.649	36.047	0.000	-59.012
1348.000	122.785	36.265	0.000	-54.239
1350.000	122.705	34.682	0.000	-46.977
1352.000	122.687	34.762	0.000	-42.864
1354.000	122.773	34.945	0.000	-33.532
1356.000	122.690	35.122	0.000	-28.385
1358.000	122.701	36.493	0.000	-25.473
1360.000	122.779	37.623	0.000	-18.632
1362.000	122.658	38.274	0.000	-20.294
1364.000	122.746	40.436	0.000	-22.112
1366.000	122.748	41.238	0.000	-20.425
1368.000	122.655	42.591	0.000	-30.839
1370.000	122.782	43.759	0.000	-30.410
1372.000	122.697	44.199	0.000	-38.708
1374.000	122.686	45.121	0.000	-44.675
1376.000	122.786	46.340	0.000	-49.615
1378.000	122.661	46.306	0.000	-55.160
1380.000	122.738	47.848	0.000	-65.279
1382.000	122.748	48.071	0.000	-66.983
1384.000	122.663	48.601	0.000	-79.960
1386.000	122.762	49.570	0.000	-85.170
1388.000	122.714	49.702	0.000	-94.382
1390.000	122.681	50.039	0.000	-105.691
1392.000	122.765	50.726	0.000	-114.485
1394.000	122.696	50.200	0.000	-122.413
1396.000	122.694	50.341	0.000	-135.968
1398.000	122.781	50.330	0.000	-139.729
1400.000	122.645	49.395	0.000	-150.685
1402.000	122.758	49.949	0.000	-156.391
1404.000	122.727	49.126	0.000	-161.010
1406.000	122.665	48.991	0.000	-167.935
1408.000	122.773	49.445	0.000	-173.864
1410.000	122.693	49.159	0.000	-175.512
1412.000	122.693	49.609	0.000	171.701
1414.000	122.773	49.946	0.000	170.984
1416.000	122.660	49.567	0.000	157.835
1418.000	122.742	50.170	0.000	150.372
1420.000	122.732	49.916	0.000	141.861
1422.000	122.670	49.675	0.000	129.471
1424.000	122.756	49.912	0.000	119.071
1426.000	122.714	49.129	0.000	110.281
1428.000	122.667	48.519	0.000	94.836
1430.000	122.796	48.392	0.000	88.317
1432.000	122.648	46.584	0.000	76.295
1434.000	122.743	46.277	0.000	66.701
1436.000	122.740	44.597	0.000	60.459
1438.000	122.657	43.223	0.000	52.016
1440.000	122.768	42.435	0.000	45.266
1442.000	122.700	40.976	0.000	43.064
1444.000	122.684	39.696	0.000	33.120
1446.000	122.775	39.027	0.000	34.702
1448.000	122.659	37.157	0.000	28.319
1450.000	122.739	36.686	0.000	26.198
1452.000	122.731	35.281	0.000	23.855
1454.000	122.670	34.217	0.000	21.722
1456.000	122.752	33.667	0.000	19.895
1458.000	122.710	32.350	0.000	19.250
1460.000	122.675	31.496	0.000	14.960
1462.000	122.784	31.224	0.000	15.906
1464.000	122.652	29.845	0.000	13.622
1466.000	122.743	29.874	0.000	12.687
1468.000	122.725	28.678	0.000	12.472
1470.000	122.673	27.943	0.000	12.311
1472.000	122.755	27.619	0.000	8.641
1474.000	122.698	26.746	0.000	11.086
1476.000	122.703	26.317	0.000	5.954
1478.000	122.755	25.737	0.000	9.865
1480.000	122.669	24.623	0.000	5.386
1482.000	122.737	24.358	0.000	7.973
1484.000	122.727	23.409	0.000	8.510
1486.000	122.672	22.949	0.000	4.919
1488.000	122.762	23.020	0.000	5.325
1490.000	122.689	22.309	0.000	4.963
1492.000	122.703	21.932	0.000	1.159
1494.000	122.761	21.310	0.000	6.028
1496.000	122.656	20.809	0.000	3.482
1498.000	122.759	21.186	0.000	6.074
1500.000	122.702	20.373	0.000	1.608
1502.000	122.688	19.910	0.000	1.733
1504.000	122.763	19.521	0.000	4.402
1506.000	122.672	18.643	0.000	4.718
1508.000	122.729	19.151	0.000	-0.363
1510.000	122.741	18.668	0.000	-0.706
1512.000	122.663	18.386	0.000	-3.691
1514.000	122.762	18.010	0.000	2.924
1516.000	122.698	18.231	0.000	2.790
1518.000	122.690	18.038	0.000	-1.310
1520.000	122.772	17.138	0.000	4.717
1522.000	122.652	16.794	0.000	2.215
1524.000	122.760	17.422	0.000	-2.100
1526.000	122.703	16.130	0.000	-0.840
1528.000	122.703	16.721	0.000	-8.505
1530.000	122.746	15.868	0.000	-0.350
1532.000	122.692	15.214	0.000	-3.032
1534.000	122.714	15.329	0.000	-4.789
1536.000	122.749	15.443	0.000	-3.153
1538.000	122.664	15.576	0.000	-1.323
1540.000	122.765	15.597	0.000	0.873
1542.000	122.691	14.630	0.000	0.589
1544.000	122.707	14.578	0.000	-7.782
1546.000	122.753	14.649	0.000	-2.665
1548.000	122.666	14.372	0.000	-0.507
1550.000	122.752	14.803	0.000	-4.903
1552.000	122.714	14.225	0.000	-12.813
1554.000	122.685	14.247	0.000	-14.875
1556.000	122.771	14.073	0.000	-6.262
1558.000	122.670	14.900	0.000	-9.018
1560.000	122.739	14.745	0.000	-14.333
1562.000	122.728	14.447	0.000	-16.632
1564.000	122.678	14.024	0.000	-12.267
1566.000	122.764	13.977	0.000	-6.854
1568.000	122.685	12.658	0.000	-2.856
1570.000	122.721	13.510	0.000	-9.475
1572.000	122.752	14.091	0.000	-10.696
1574.000	122.666	13.797	0.000	-4.517
1576.000	122.764	14.244	0.000	-2.474
1578.000	122.694	13.663	0.000	-8.291
1580.000	122.710	13.680	0.000	-16.130
1582.000	122.753	14.068	0.000	-16.849
1584.000	122.673	13.671	0.000	-6.595
1586.000	122.758	13.290	0.000	-11.543
1588.000	122.708	12.690	0.000	-18.123
1590.000	122.698	12.633	0.000	-15.238
1592.000	122.761	12.285	0.000	-0.227
1594.000	122.677	13.460	0.000	-15.044
1596.000	122.744	14.016	0.000	-17.218
1598.000	122.726	14.209	0.000	-17.827
1600.000	122.690	13.199	0.000	-17.739
1602.000	122.765	12.911	0.000	-18.268
1604.000	122.680	12.346	0.000	-27.730
1606.000	122.741	13.139	0.000	-33.863
1608.000	122.731	13.069	0.000	-24.286
1610.000	122.686	12.823	0.000	-17.892
1612.000	122.761	13.416	0.000	-15.998
1614.000	122.697	12.364	0.000	-20.506
1616.000	122.718	12.145	0.000	-20.746
1618.000	122.758	12.599	0.000	-25.221
1620.000	122.665	12.784	0.000	-40.422
1622.000	122.780	11.736	0.000	-30.735
1624.000	122.688	12.506	0.000	-27.890
1626.000	122.723	13.605	0.000	-35.112
1628.000	122.753	14.137	0.000	-32.013
1630.000	122.678	13.060	0.000	-40.590
1632.000	122.765	12.982	0.000	-43.935
1634.000	122.704	13.229	0.000	-43.357
1636.000	122.712	13.509	0.000	-39.132
1638.000	122.763	13.033	0.000	-36.486
1640.000	122.669	12.531	0.000	-39.980
1642.000	122.769	12.673	0.000	-49.921
1644.000	122.703	12.102	0.000	-43.578
1646.000	122.719	12.815	0.000	-51.596
1648.000	122.760	12.432	0.000	-56.864
1650.000	122.683	13.315	0.000	-61.051
1652.000	122.758	13.227	0.000	-60.869
1654.000	122.717	11.671	0.000	-66.929
1656.000	122.703	12.010	0.000	-66.078
1658.000	122.771	12.746	0.000	-46.758
1660.000	122.672	12.652	0.000	-60.444
1662.000	122.773	12.997	0.000	-67.411
1664.000	122.705	12.575	0.000	-73.033
1666.000	122.718	13.180	0.000	-66.989
1668.000	122.758	13.320	0.000	-65.097
1670.000	122.688	12.409	0.000	-79.683
1672.000	122.752	12.423	0.000	-76.050
1674.000	122.724	12.227	0.000	-71.289
1676.000	122.709	12.523	0.000	-74.214
1678.000	122.770	13.031	0.000	-75.031
1680.000	122.674	12.094	0.000	-92.117
1682.000	122.773	11.834	0.000	-84.411
1684.000	122.716	11.553	0.000	-75.736
1686.000	122.706	11.491	0.000	-84.854
1688.000	122.783	11.630	0.000	-91.353
1690.000	122.669	11.080	0.000	-98.931
1692.000	122.784	11.692	0.000	-102.251
1694.000	122.698	11.863	0.000	-98.014
1696.000	122.738	11.659	0.000	-93.364
1698.000	122.744	10.946	0.000	-92.762
1700.000	122.707	11.135	0.000	-80.066
1702.000	122.752	11.817	0.000	-83.381
1704.000	122.724	12.229	0.000	-94.862
1706.000	122.715	11.449	0.000	-108.307
1708.000	122.774	12.182	0.000	-88.462
1710.000	122.678	12.113	0.000	-100.356
1712.000	122.781	11.169	0.000	-88.265
1714.000	122.701	11.431	0.000	-90.250
1716.000	122.741	11.446	0.000	-96.590
1718.000	122.751	10.372	0.000	-97.204
1720.000	122.694	10.881	0.000	-104.731
1722.000	122.776	10.765	0.000	-98.212
1724.000	122.710	10.286	0.000	-121.618
1726.000	122.733	11.811	0.000	-117.267
1728.000	122.759	10.646	0.000	-94.796
1730.000	122.688	11.188	0.000	-101.978
1732.000	122.787	11.180	0.000	-93.954
1734.000	122.687	9.623	0.000	-84.532
1736.000	122.769	11.239	0.000	-97.018
1738.000	122.724	10.578	0.000	-104.548
1740.000	122.728	10.667	0.000	-115.599
1742.000	122.758	11.553	0.000	-117.820
1744.000	122.706	11.404	0.000	-134.133
1746.000	122.754	11.185	0.000	-119.463
1748.000	122.739	11.372	0.000	-111.321
1750.000	122.716	11.932	0.000	-117.544
1752.000	122.772	10.086	0.000	-119.031
1754.000	122.697	11.062	0.000	-126.053
1756.000	122.769	10.764	0.000	-109.254
1758.000	122.726	10.601	0.000	-118.991
1760.000	122.720	10.732	0.000	-124.477
1762.000	122.777	10.131	0.000	-113.746
1764.000	122.691	10.104	0.000	-124.357
1766.000	122.789	10.053	0.000	-125.953
1768.000	122.695	10.663	0.000	-127.037
1770.000	122.765	10.137	0.000	-129.776
1772.000	122.738	9.269	0.000	-111.035
1774.000	122.720	10.502	0.000	-123.267
1776.000	122.775	11.137	0.000	-128.446
1778.000	122.705	9.944	0.000	-133.744
1780.000	122.761	10.856	0.000	-120.037
1782.000	122.745	11.398	0.000	-129.922
1784.000	122.713	10.681	0.000	-132.348
1786.000	122.780	10.467	0.000	-150.877
1788.000	122.694	11.662	0.000	-147.534
1790.000	122.783	11.774	0.000	-134.056
1792.000	122.717	11.956	0.000	-129.991
1794.000	122.747	11.916	0.000	-135.804
1796.000	122.752	10.342	0.000	-123.498
1798.000	122.730	8.827	0.000	-126.530
1800.000	122.758	9.762	0.000	-124.004
1802.000	122.733	10.061	0.000	-141.263
1804.000	122.735	10.711	0.000	-139.219
1806.000	122.768	10.691	0.000	-145.211
1808.000	122.705	10.697	0.000	-147.054
1810.000	122.794	11.744	0.000	-136.302
1812.000	122.695	10.695	0.000	-133.699
1814.000	122.775	11.369	0.000	-135.470
1816.000	122.736	11.541	0.000	-148.948
1818.000	122.730	11.330	0.000	-145.512
1820.000	122.778	11.604	0.000	-137.747
1822.000	122.698	11.003	0.000	-140.917
1824.000	122.794	10.307	0.000	-137.926
1826.000	122.705	10.024	0.000	-141.077
1828.000	122.775	10.244	0.000	-152.240
1830.000	122.732	10.146	0.000	-134.926
1832.000	122.741	10.205	0.000	-142.770
1834.000	122.769	10.788	0.000	-156.391
1836.000	122.725	9.732	0.000	-152.030
1838.000	122.763	10.542	0.000	-138.241
1840.000	122.744	10.836	0.000	-148.199
1842.000	122.734	11.469	0.000	-145.442
1844.000	122.778	12.100	0.000	-149.694
1846.000	122.707	11.249	0.000	-151.378
1848.000	122.785	11.408	0.000	-141.381
1850.000	122.720	11.089	0.000	-133.285
1852.000	122.762	10.759	0.000	-161.547
1854.000	122.758	10.512	0.000	-153.366
1856.000	122.725	9.834	0.000	-140.463
1858.000	122.781	10.237	0.000	-140.686
1860.000	122.711	9.813	0.000	-139.919
1862.000	122.787	9.318	0.000	-135.992
1864.000	122.721	9.780	0.000	-166.323
1866.000	122.768	10.769	0.000	-162.179
1868.000	122.747	10.081	0.000	-153.775
1870.000	122.742	10.799	0.000	-165.825
1872.000	122.771	11.131	0.000	-151.841
1874.000	122.728	10.034	0.000	-160.256
1876.000	122.764	9.691	0.000	-159.106
1878.000	122.750	9.975	0.000	-149.587
1880.000	122.742	10.360	0.000	-143.675
1882.000	122.775	10.417	0.000	-136.120
1884.000	122.727	10.948	0.000	-126.733
1886.000	122.767	11.313	0.000	-132.106
1888.000	122.751	10.444	0.000	-134.421
1890.000	122.742	10.956	0.000	-149.647
1892.000	122.782	11.247	0.000	-144.887
1894.000	122.713	11.707	0.000	-138.533
1896.000	122.800	11.553	0.000	-130.740
1898.000	122.706	12.068	0.000	-132.667
1900.000	122.800	11.620	0.000	-131.625
1902.000	122.721	11.738	0.000	-127.397
1904.000	122.765	12.840	0.000	-142.142
1906.000	122.764	12.887	0.000	-141.829
1908.000	122.726	13.443	0.000	-137.513
1910.000	122.805	13.793	0.000	-132.338
1912.000	122.699	13.530	0.000	-137.413
1914.000	122.805	13.827	0.000	-143.085
1916.000	122.717	13.512	0.000	-153.185
1918.000	122.778	14.065	0.000	-157.665
1920.000	122.755	13.343	0.000	-152.583
1922.000	122.739	13.738	0.000	-160.445
1924.000	122.780	13.182	0.000	-167.927
1926.000	122.727	13.241	0.000	-176.660
1928.000	122.789	13.539	0.000	-176.257
1930.000	122.730	12.348	0.000	-165.388
1932.000	122.773	11.295	0.000	-163.118
1934.000	122.749	9.613	0.000	-170.868
1936.000	122.755	10.608	0.000	-178.056
1938.000	122.776	11.416	0.000	-131.957
1940.000	122.738	11.473	0.000	-121.754
1942.000	122.773	11.196	0.000	-116.636
1944.000	122.743	12.062	0.000	-112.251
1946.000	122.761	13.624	0.000	-114.285
1948.000	122.769	14.401	0.000	-115.964
1950.000	122.743	15.179	0.000	-117.520
1952.000	122.778	16.088	0.000	-116.159
1954.000	122.737	16.860	0.000	-123.333
1956.000	122.772	17.682	0.000	-122.400
1958.000	122.757	18.017	0.000	-130.058
1960.000	122.752	18.770	0.000	-135.054
1962.000	122.775	19.420	0.000	-133.562
1964.000	122.733	20.258	0.000	-141.483
1966.000	122.788	20.941	0.000	-143.387
1968.000	122.738	21.476	0.000	-151.123
1970.000	122.781	21.571	0.000	-152.386
1972.000	122.747	21.522	0.000	-156.010
1974.000	122.761	22.398	0.000	-160.672
1976.000	122.766	22.366	0.000	-167.439
1978.000	122.749	22.975	0.000	-168.177
1980.000	122.784	23.284	0.000	-170.003
1982.000	122.731	23.650	0.000	-173.462
1984.000	122.783	24.187	0.000	-176.525
1986.000	122.740	24.074	0.000	178.791
1988.000	122.770	24.715	0.000	175.651
1990.000	122.768	24.348	0.000	171.280
1992.000	122.747	25.113	0.000	165.245
1994.000	122.780	25.086	0.000	162.532
1996.000	122.739	25.813	0.000	156.632
1998.000	122.780	25.884	0.000	155.184
2000.000	122.750	26.052	0.000	150.218
