2000.000	122.812	10.294	0.000	145.242
2.000	122.867	10.073	0.000	126.931
4.000	123.078	10.619	0.000	80.133
6.000	123.096	10.870	0.000	161.610
8.000	122.943	10.727	0.000	-165.489
10.000	122.802	11.531	0.000	145.719
12.000	122.905	10.496	0.000	-12.357
14.000	123.170	9.567	0.000	21.298
16.000	123.088	10.089	0.000	-62.976
18.000	122.756	10.416	0.000	161.526
20.000	122.860	11.050	0.000	-55.212
22.000	123.133	11.554	0.000	42.426
24.000	123.055	11.648	0.000	32.076
26.000	122.918	10.781	0.000	-54.228
28.000	122.887	10.494	0.000	-83.147
30.000	122.885	11.596	0.000	-97.387
32.000	123.084	11.654	0.000	-55.674
34.000	123.146	9.573	0.000	16.824
36.000	122.822	9.371	0.000	103.890
38.000	122.780	11.468	0.000	-149.635
40.000	123.119	12.162	0.000	-110.460
42.000	123.133	12.422	0.000	-87.931
44.000	122.895	10.378	0.000	-136.348
46.000	122.832	11.000	0.000	-151.012
48.000	122.947	11.307	0.000	-150.275
50.000	123.107	10.923	0.000	-152.970
52.000	123.067	11.123	0.000	-137.957
54.000	122.833	10.965	0.000	-134.850
56.000	122.855	11.335	0.000	-128.230
58.000	123.066	11.646	0.000	-154.181
60.000	123.091	12.015	0.000	-151.300
62.000	122.968	11.809	0.000	-140.876
64.000	122.815	12.420	0.000	-140.735
66.000	122.896	12.069	0.000	-146.242
68.000	123.185	12.015	0.000	-150.360
70.000	123.075	11.174	0.000	-132.550
72.000	122.740	10.743	0.000	-138.946
74.000	122.916	11.946	0.000	-158.970
76.000	123.138	12.551	0.000	-151.317
78.000	123.015	11.736	0.000	-161.915
80.000	122.933	11.635	0.000	178.274
82.000	122.877	9.954	0.000	175.458
84.000	122.908	10.859	0.000	159.596
86.000	123.157	12.719	0.000	171.726
88.000	123.066	13.247	0.000	-179.542
90.000	122.745	12.627	0.000	177.976
92.000	122.916	12.565	0.000	164.438
94.000	123.160	11.722	0.000	169.522
96.000	123.038	11.550	0.000	169.935
98.000	122.864	11.077	0.000	143.655
100.000	122.853	11.571	0.000	149.546
102.000	123.035	11.832	0.000	175.360
104.000	123.141	12.401	0.000	166.721
106.000	122.922	11.017	0.000	159.097
108.000	122.816	11.225	0.000	147.118
110.000	122.995	11.381	0.000	143.644
112.000	123.081	11.516	0.000	148.743
114.000	123.044	11.181	0.000	135.208
116.000	122.867	11.592	0.000	139.413
118.000	122.813	12.073	0.000	134.540
120.000	123.139	12.631	0.000	137.837
122.000	123.149	12.497	0.000	145.152
124.000	122.782	11.219	0.000	131.278
126.000	122.872	12.678	0.000	114.901
128.000	123.104	13.485	0.000	120.100
130.000	123.036	12.139	0.000	118.468
132.000	122.966	12.070	0.000	103.375
134.000	122.864	11.617	0.000	108.961
136.000	122.902	11.176	0.000	111.594
138.000	123.160	12.462	0.000	108.428
140.000	123.049	12.686	0.000	100.446
142.000	122.772	11.992	0.000	97.338
144.000	122.925	11.395	0.000	100.061
146.000	123.127	12.152	0.000	86.243
148.000	123.055	11.854	0.000	83.883
150.000	122.854	12.049	0.000	81.759
152.000	122.848	12.121	0.000	90.456
154.000	123.095	11.714	0.000	84.440
156.000	123.100	10.355	0.000	100.923
158.000	122.874	10.807	0.000	110.446
160.000	122.874	11.972	0.000	99.938
162.000	122.994	12.855	0.000	44.760
164.000	123.092	11.880	0.000	42.485
166.000	123.028	11.269	0.000	67.575
168.000	122.781	10.226	0.000	68.682
170.000	122.930	11.750	0.000	31.275
172.000	123.206	12.328	0.000	53.018
174.000	122.980	11.492	0.000	84.202
176.000	122.787	11.092	0.000	61.124
178.000	122.977	11.767	0.000	64.823
180.000	123.084	11.857	0.000	78.024
182.000	123.029	11.768	0.000	62.518
184.000	122.889	11.385	0.000	13.506
186.000	122.856	11.406	0.000	58.229
188.000	123.064	11.138	0.000	51.011
190.000	123.115	11.047	0.000	35.345
192.000	122.886	11.201	0.000	55.769
194.000	122.815	10.839	0.000	14.189
196.000	123.058	11.000	0.000	14.645
198.000	123.143	10.894	0.000	14.784
200.000	122.885	10.857	0.000	23.944
202.000	122.819	10.987	0.000	25.423
204.000	123.054	11.605	0.000	27.287
206.000	123.089	11.541	0.000	47.380
208.000	122.944	11.277	0.000	2.234
210.000	122.857	11.931	0.000	54.090
212.000	122.943	11.199	0.000	40.924
214.000	123.119	10.658	0.000	13.572
216.000	123.024	10.502	0.000	30.248
218.000	122.796	10.921	0.000	38.158
220.000	122.930	12.388	0.000	23.518
222.000	123.150	12.749	0.000	21.937
224.000	123.016	11.632	0.000	36.386
226.000	122.794	11.257	0.000	54.528
228.000	122.945	11.980	0.000	28.141
230.000	123.123	10.656	0.000	22.926
232.000	122.993	11.093	0.000	2.941
234.000	122.875	12.157	0.000	3.094
236.000	122.902	11.639	0.000	4.727
238.000	123.038	10.282	0.000	-4.946
240.000	123.117	10.486	0.000	13.637
242.000	122.854	10.939	0.000	26.563
244.000	122.821	11.912	0.000	-24.742
246.000	123.146	11.305	0.000	9.164
248.000	123.063	10.901	0.000	29.767
250.000	122.831	10.874	0.000	11.807
252.000	122.901	10.465	0.000	0.198
254.000	123.048	11.987	0.000	4.304
256.000	123.080	11.414	0.000	6.001
258.000	122.889	10.605	0.000	8.137
260.000	122.846	10.796	0.000	0.196
262.000	123.058	11.236	0.000	-13.763
264.000	123.075	12.185	0.000	-13.904
266.000	122.922	11.492	0.000	-7.957
268.000	122.818	10.744	0.000	-2.785
270.000	123.025	11.243	0.000	17.354
272.000	123.167	11.866	0.000	13.097
274.000	122.842	11.438	0.000	-2.430
276.000	122.840	10.394	0.000	-36.232
278.000	123.104	11.276	0.000	-16.408
280.000	123.019	10.602	0.000	-7.860
282.000	122.937	10.344	0.000	-31.073
284.000	122.864	11.224	0.000	-16.206
286.000	122.963	11.149	0.000	-7.507
288.000	123.159	11.109	0.000	-13.011
290.000	122.904	11.106	0.000	-14.181
292.000	122.798	10.058	0.000	-61.161
294.000	123.070	10.822	0.000	-0.528
296.000	123.086	11.025	0.000	38.658
298.000	122.900	10.708	0.000	57.521
300.000	122.831	12.831	0.000	69.031
302.000	123.043	15.708	0.000	88.086
304.000	123.096	18.108	0.000	87.610
306.000	122.877	20.064	0.000	81.470
308.000	122.877	23.345	0.000	65.655
310.000	122.999	26.869	0.000	48.576
312.000	123.085	29.246	0.000	40.020
314.000	122.948	30.531	0.000	26.094
316.000	122.778	32.696	0.000	1.202
318.000	123.067	35.921	0.000	-14.880
320.000	123.123	37.238	0.000	-23.132
322.000	122.828	37.267	0.000	-45.628
324.000	122.880	39.551	0.000	-73.444
326.000	123.055	41.222	0.000	-85.065
328.000	123.043	41.266	0.000	-102.227
330.000	122.900	41.841	0.000	-126.287
332.000	122.855	42.440	0.000	-146.097
334.000	123.029	43.427	0.000	-169.281
336.000	123.088	44.342	0.000	176.727
338.000	122.877	43.300	0.000	160.599
340.000	122.823	43.733	0.000	127.462
342.000	123.100	45.315	0.000	114.935
344.000	123.066	44.507	0.000	104.176
346.000	122.807	43.870	0.000	76.376
348.000	122.919	45.013	0.000	56.255
350.000	123.067	45.487	0.000	40.722
352.000	123.014	45.462	0.000	23.011
354.000	122.866	45.113	0.000	1.754
356.000	122.879	45.600	0.000	-23.581
358.000	123.084	46.389	0.000	-40.950
360.000	123.025	45.966	0.000	-56.688
362.000	122.829	44.981	0.000	-79.858
364.000	122.894	45.356	0.000	-107.987
366.000	123.118	46.096	0.000	-122.928
368.000	123.002	44.707	0.000	-135.940
370.000	122.768	43.355	0.000	-169.030
372.000	123.008	44.167	0.000	171.478
374.000	123.074	43.123	0.000	158.557
376.000	122.923	41.605	0.000	133.582
378.000	122.884	40.776	0.000	113.457
380.000	122.910	39.832	0.000	89.609
382.000	123.120	40.014	0.000	71.465
384.000	122.954	38.514	0.000	59.163
386.000	122.769	37.056	0.000	26.314
388.000	123.057	38.354	0.000	5.539
390.000	123.068	37.811	0.000	-5.708
392.000	122.876	36.614	0.000	-32.921
394.000	122.848	37.323	0.000	-59.267
396.000	123.040	37.941	0.000	-75.463
398.000	123.057	37.727	0.000	-91.997
400.000	122.842	37.206	0.000	-112.256
402.000	122.897	37.593	0.000	-133.380
404.000	123.023	38.292	0.000	-148.271
406.000	123.048	38.332	0.000	-159.061
408.000	122.849	37.544	0.000	-175.569
410.000	122.848	38.424	0.000	161.605
412.000	123.146	39.700	0.000	152.589
414.000	122.960	38.741	0.000	142.971
416.000	122.797	38.192	0.000	116.411
418.000	122.989	39.400	0.000	100.803
420.000	123.046	38.867	0.000	90.186
422.000	122.945	37.896	0.000	70.216
424.000	122.834	37.290	0.000	52.220
426.000	122.963	36.601	0.000	32.768
428.000	123.083	36.259	0.000	19.064
430.000	122.910	34.247	0.000	9.368
432.000	122.799	32.084	0.000	-15.738
434.000	123.053	31.882	0.000	-27.190
436.000	123.065	29.683	0.000	-29.771
438.000	122.805	26.341	0.000	-46.998
440.000	122.910	25.139	0.000	-57.449
442.000	123.048	23.796	0.000	-60.430
444.000	122.988	22.302	0.000	-63.666
446.000	122.843	20.146	0.000	-70.631
448.000	122.902	18.782	0.000	-73.157
450.000	123.080	18.758	0.000	-70.240
452.000	122.956	17.693	0.000	-72.584
454.000	122.810	16.059	0.000	-84.385
456.000	122.955	15.867	0.000	-90.067
458.000	123.113	15.024	0.000	-86.269
460.000	122.858	14.044	0.000	-91.569
462.000	122.831	14.531	0.000	-95.273
464.000	123.075	15.096	0.000	-100.026
466.000	122.969	13.515	0.000	-115.800
468.000	122.893	13.152	0.000	-122.104
470.000	122.857	13.572	0.000	-131.955
472.000	123.041	13.411	0.000	-126.314
474.000	123.037	11.345	0.000	-132.485
476.000	122.764	10.755	0.000	-155.024
478.000	122.964	11.213	0.000	-165.293
480.000	123.075	11.750	0.000	170.594
482.000	122.901	11.413	0.000	173.558
484.000	122.818	11.080	0.000	-159.508
486.000	123.014	12.099	0.000	170.236
488.000	123.037	11.554	0.000	145.845
490.000	122.845	12.644	0.000	65.853
492.000	122.883	11.931	0.000	66.973
494.000	123.005	11.085	0.000	20.238
496.000	123.031	11.232	0.000	-16.331
498.000	122.801	10.264	0.000	81.489
500.000	122.903	10.463	0.000	143.823
502.000	123.111	10.601	0.000	-133.437
504.000	122.884	10.370	0.000	-64.066
506.000	122.821	10.347	0.000	22.180
508.000	123.010	9.161	0.000	-42.438
510.000	123.015	8.629	0.000	-131.436
512.000	122.862	9.280	0.000	36.340
514.000	122.865	9.909	0.000	165.697
516.000	123.008	10.361	0.000	-139.149
518.000	123.025	10.895	0.000	-66.617
520.000	122.787	10.459	0.000	49.293
522.000	122.918	10.557	0.000	-162.259
524.000	123.101	10.550	0.000	-152.892
526.000	122.858	11.569	0.000	-103.453
528.000	122.845	11.564	0.000	-156.392
530.000	122.992	11.255	0.000	-55.300
532.000	123.018	10.319	0.000	-112.303
534.000	122.840	10.245	0.000	-155.056
536.000	122.872	8.604	0.000	-65.339
538.000	123.034	8.503	0.000	101.605
540.000	122.964	9.779	0.000	-57.865
542.000	122.807	9.859	0.000	68.440
544.000	122.920	10.888	0.000	68.921
546.000	123.104	10.458	0.000	-131.439
548.000	122.817	9.994	0.000	-34.832
550.000	122.862	10.540	0.000	-39.940
552.000	123.031	10.747	0.000	-92.745
554.000	122.950	10.547	0.000	-93.426
556.000	122.857	11.090	0.000	-49.221
558.000	122.866	11.062	0.000	-33.687
560.000	123.065	11.207	0.000	-13.102
562.000	122.914	11.034	0.000	13.883
564.000	122.788	10.802	0.000	-111.879
566.000	123.001	10.235	0.000	-53.665
568.000	123.026	10.261	0.000	-32.634
570.000	122.797	10.744	0.000	-80.312
572.000	122.896	10.371	0.000	-93.727
574.000	123.032	9.658	0.000	-75.818
576.000	122.916	10.705	0.000	-90.661
578.000	122.824	9.755	0.000	179.281
580.000	122.933	10.537	0.000	-121.453
582.000	123.041	9.975	0.000	-91.196
584.000	122.844	10.050	0.000	-51.803
586.000	122.827	10.631	0.000	-87.765
588.000	123.044	10.263	0.000	-124.837
590.000	122.956	9.482	0.000	-142.969
592.000	122.766	9.046	0.000	-142.854
594.000	122.985	10.005	0.000	-115.882
596.000	122.990	10.790	0.000	-135.820
598.000	122.867	9.837	0.000	-129.614
600.000	122.843	11.193	0.000	-128.412
602.000	122.979	11.706	0.000	-97.671
604.000	123.011	10.739	0.000	-92.895
606.000	122.755	11.251	0.000	-130.596
608.000	122.947	10.846	0.000	-124.452
610.000	123.030	10.993	0.000	-119.006
612.000	122.843	10.779	0.000	-86.888
614.000	122.829	10.006	0.000	-97.637
616.000	123.017	10.837	0.000	-103.792
618.000	122.940	11.667	0.000	-112.758
620.000	122.813	11.140	0.000	-134.067
622.000	122.906	11.013	0.000	-142.491
624.000	123.014	12.362	0.000	-142.236
626.000	122.884	12.575	0.000	-143.768
628.000	122.783	12.032	0.000	-140.117
630.000	123.039	11.384	0.000	-145.628
632.000	122.945	10.716	0.000	-141.605
634.000	122.776	10.718	0.000	-154.750
636.000	122.943	12.377	0.000	-157.945
638.000	122.995	12.335	0.000	-139.049
640.000	122.848	12.166	0.000	-137.068
642.000	122.840	13.024	0.000	-153.228
644.000	122.968	13.220	0.000	-154.359
646.000	122.985	12.510	0.000	-155.378
648.000	122.752	11.133	0.000	-158.337
650.000	122.944	10.954	0.000	175.347
652.000	123.021	12.663	0.000	-177.493
654.000	122.805	12.373	0.000	-171.377
656.000	122.853	12.240	0.000	-178.174
658.000	122.995	13.118	0.000	-168.569
660.000	122.920	12.049	0.000	-155.092
662.000	122.790	12.562	0.000	-162.879
664.000	122.936	13.257	0.000	-179.470
666.000	122.983	12.555	0.000	179.147
668.000	122.840	12.674	0.000	176.847
670.000	122.805	13.322	0.000	177.513
672.000	123.060	13.182	0.000	175.979
674.000	122.860	12.053	0.000	167.722
676.000	122.801	12.814	0.000	162.504
678.000	122.969	12.851	0.000	158.681
680.000	122.944	12.722	0.000	152.368
682.000	122.818	13.315	0.000	150.780
684.000	122.859	13.594	0.000	158.083
686.000	123.002	13.712	0.000	158.045
688.000	122.877	13.198	0.000	163.532
690.000	122.770	13.591	0.000	145.787
692.000	123.009	14.621	0.000	140.793
694.000	122.928	13.816	0.000	145.941
696.000	122.771	13.301	0.000	139.235
698.000	122.929	13.317	0.000	139.920
700.000	122.964	13.022	0.000	140.110
702.000	122.837	12.804	0.000	131.305
704.000	122.820	13.524	0.000	131.096
706.000	122.991	13.900	0.000	131.510
708.000	122.897	12.788	0.000	127.463
710.000	122.777	12.306	0.000	123.434
712.000	122.933	13.506	0.000	122.250
714.000	122.997	14.688	0.000	121.348
716.000	122.740	13.560	0.000	117.358
718.000	122.926	14.562	0.000	120.462
720.000	122.946	14.820	0.000	115.974
722.000	122.863	14.021	0.000	114.104
724.000	122.795	12.731	0.000	119.613
726.000	122.968	12.906	0.000	107.720
728.000	122.928	13.303	0.000	108.051
730.000	122.756	12.875	0.000	88.289
732.000	122.922	13.601	0.000	93.875
734.000	122.980	13.484	0.000	100.691
736.000	122.766	13.328	0.000	89.131
738.000	122.875	13.224	0.000	81.622
740.000	122.967	12.501	0.000	73.714
742.000	122.849	12.837	0.000	79.652
744.000	122.796	13.104	0.000	82.119
746.000	122.947	13.088	0.000	80.152
748.000	122.931	12.803	0.000	74.028
750.000	122.757	12.425	0.000	69.504
752.000	122.901	13.252	0.000	74.040
754.000	122.983	13.659	0.000	73.559
756.000	122.761	13.109	0.000	63.529
758.000	122.869	13.309	0.000	63.460
760.000	122.965	12.651	0.000	63.434
762.000	122.834	12.770	0.000	58.944
764.000	122.805	12.417	0.000	72.952
766.000	122.926	11.350	0.000	69.303
768.000	122.945	12.236	0.000	76.486
770.000	122.728	11.645	0.000	79.970
772.000	122.931	12.500	0.000	70.897
774.000	122.943	11.086	0.000	57.175
776.000	122.772	9.798	0.000	56.736
778.000	122.852	10.215	0.000	53.320
780.000	122.969	10.868	0.000	53.168
782.000	122.813	10.788	0.000	109.299
784.000	122.806	10.310	0.000	88.730
786.000	122.932	10.517	0.000	133.441
788.000	122.909	11.290	0.000	145.033
790.000	122.735	10.229	0.000	114.079
792.000	122.932	11.591	0.000	151.101
794.000	122.932	11.818	0.000	-179.014
796.000	122.744	12.768	0.000	-177.382
798.000	122.889	15.301	0.000	-175.622
800.000	122.934	15.833	0.000	175.812
802.000	122.802	17.696	0.000	175.434
804.000	122.808	18.851	0.000	172.442
806.000	122.946	20.661	0.000	173.822
808.000	122.868	21.870	0.000	178.969
810.000	122.738	23.912	0.000	166.601
812.000	122.968	26.355	0.000	170.023
814.000	122.870	26.638	0.000	171.275
816.000	122.755	28.669	0.000	161.238
818.000	122.902	30.676	0.000	160.071
820.000	122.916	32.446	0.000	158.911
822.000	122.771	34.063	0.000	151.582
824.000	122.838	36.672	0.000	142.997
826.000	122.945	38.813	0.000	139.977
828.000	122.807	40.058	0.000	130.868
830.000	122.775	42.597	0.000	113.089
832.000	122.974	44.978	0.000	106.633
834.000	122.816	44.881	0.000	93.336
836.000	122.767	46.425	0.000	69.623
838.000	122.940	47.157	0.000	63.904
840.000	122.848	46.598	0.000	50.457
842.000	122.779	46.793	0.000	40.358
844.000	122.857	47.307	0.000	30.690
846.000	122.945	48.010	0.000	30.064
848.000	122.729	47.396	0.000	21.690
850.000	122.865	49.526	0.000	12.661
852.000	122.936	50.050	0.000	15.111
854.000	122.762	50.434	0.000	1.496
856.000	122.812	52.494	0.000	-6.871
858.000	122.942	53.571	0.000	-13.540
860.000	122.792	54.254	0.000	-26.282
862.000	122.791	55.396	0.000	-42.923
864.000	122.903	56.802	0.000	-55.887
866.000	122.873	56.636	0.000	-66.755
868.000	122.716	56.267	0.000	-89.529
870.000	122.938	57.086	0.000	-101.659
872.000	122.863	55.905	0.000	-107.698
874.000	122.738	54.874	0.000	-125.980
876.000	122.885	55.440	0.000	-130.978
878.000	122.887	54.330	0.000	-135.420
880.000	122.758	54.143	0.000	-145.406
882.000	122.828	54.189	0.000	-152.450
884.000	122.922	54.963	0.000	-157.226
886.000	122.770	54.048	0.000	-161.552
888.000	122.791	55.255	0.000	-177.763
890.000	122.956	55.710	0.000	-175.685
892.000	122.757	54.916	0.000	169.435
894.000	122.792	56.027	0.000	157.594
896.000	122.913	56.458	0.000	148.345
898.000	122.813	56.004	0.000	135.887
900.000	122.759	55.760	0.000	116.652
902.000	122.892	55.696	0.000	104.529
904.000	122.860	54.470	0.000	95.116
906.000	122.716	52.713	0.000	79.428
908.000	122.905	52.722	0.000	69.411
910.000	122.867	51.013	0.000	68.910
912.000	122.723	49.253	0.000	53.309
914.000	122.874	49.180	0.000	50.906
916.000	122.869	47.635	0.000	47.176
918.000	122.751	46.557	0.000	39.011
920.000	122.817	45.906	0.000	32.078
922.000	122.907	45.595	0.000	28.647
924.000	122.749	43.801	0.000	23.392
926.000	122.797	43.441	0.000	7.431
928.000	122.928	42.635	0.000	7.665
930.000	122.739	39.314	0.000	-9.837
932.000	122.798	37.020	0.000	-27.845
934.000	122.896	31.896	0.000	-51.848
936.000	122.781	30.240	0.000	176.678
938.000	122.766	36.445	0.000	128.006
940.000	122.886	40.433	0.000	114.302
942.000	122.820	41.877	0.000	100.715
944.000	122.719	43.456	0.000	81.445
946.000	122.919	45.498	0.000	74.096
948.000	122.801	45.235	0.000	69.184
950.000	122.739	46.525	0.000	50.640
952.000	122.881	47.771	0.000	48.490
954.000	122.823	47.733	0.000	36.289
956.000	122.740	48.273	0.000	24.469
958.000	122.839	48.867	0.000	10.311
960.000	122.875	49.133	0.000	5.758
962.000	122.702	47.781	0.000	-8.876
964.000	122.863	48.827	0.000	-17.820
966.000	122.856	47.796	0.000	-17.914
968.000	122.725	47.305	0.000	-31.478
970.000	122.828	47.887	0.000	-34.985
972.000	122.869	47.710	0.000	-39.149
974.000	122.728	47.419	0.000	-47.556
976.000	122.811	48.047	0.000	-56.073
978.000	122.870	48.410	0.000	-59.027
980.000	122.747	47.825	0.000	-66.957
982.000	122.775	48.933	0.000	-79.819
984.000	122.912	49.420	0.000	-80.870
986.000	122.712	48.602	0.000	-96.083
988.000	122.805	49.673	0.000	-108.254
990.000	122.863	49.170	0.000	-114.247
992.000	122.756	48.434	0.000	-128.204
994.000	122.763	48.068	0.000	-138.691
996.000	122.878	48.100	0.000	-146.278
998.000	122.767	46.978	0.000	-149.468
1000.000	122.733	46.956	0.000	-164.666
1002.000	122.914	47.417	0.000	-161.413
1004.000	122.733	46.204	0.000	-171.172
1006.000	122.765	47.218	0.000	-179.314
1008.000	122.866	47.581	0.000	174.788
1010.000	122.770	47.679	0.000	165.732
1012.000	122.739	48.253	0.000	149.350
1014.000	122.867	49.167	0.000	140.253
1016.000	122.786	48.768	0.000	127.529
1018.000	122.708	48.839	0.000	106.267
1020.000	122.901	49.832	0.000	94.325
1022.000	122.756	48.466	0.000	81.881
1024.000	122.740	48.639	0.000	57.045
1026.000	122.861	48.329	0.000	48.888
1028.000	122.777	47.265	0.000	29.817
1030.000	122.728	46.673	0.000	13.174
1032.000	122.850	46.625	0.000	-4.954
1034.000	122.799	45.604	0.000	-15.107
1036.000	122.698	44.268	0.000	-41.515
1038.000	122.885	44.451	0.000	-54.019
1040.000	122.761	42.152	0.000	-69.302
1042.000	122.728	41.107	0.000	-97.059
1044.000	122.852	39.835	0.000	-114.453
1046.000	122.778	37.506	0.000	-142.021
1048.000	122.725	35.498	0.000	179.655
1050.000	122.835	35.227	0.000	134.552
1052.000	122.802	35.475	0.000	97.065
1054.000	122.692	37.255	0.000	54.192
1056.000	122.874	39.928	0.000	34.381
1058.000	122.764	40.443	0.000	19.029
1060.000	122.723	42.217	0.000	-6.761
1062.000	122.844	43.520	0.000	-14.041
1064.000	122.775	43.630	0.000	-29.471
1066.000	122.720	44.428	0.000	-41.321
1068.000	122.827	45.533	0.000	-53.073
1070.000	122.803	45.955	0.000	-55.964
1072.000	122.684	46.306	0.000	-74.527
1074.000	122.872	47.919	0.000	-77.569
1076.000	122.754	46.995	0.000	-86.164
1078.000	122.723	47.714	0.000	-98.134
1080.000	122.835	48.143	0.000	-100.733
1082.000	122.771	48.311	0.000	-105.073
1084.000	122.713	49.043	0.000	-113.354
1086.000	122.831	50.389	0.000	-116.976
1088.000	122.782	50.776	0.000	-121.214
1090.000	122.687	51.665	0.000	-134.305
1092.000	122.871	53.484	0.000	-138.047
1094.000	122.738	53.185	0.000	-145.110
1096.000	122.727	54.721	0.000	-159.930
1098.000	122.836	55.362	0.000	-163.412
1100.000	122.748	55.685	0.000	-176.060
1102.000	122.719	56.349	0.000	172.212
1104.000	122.839	57.386	0.000	161.486
1106.000	122.748	57.067	0.000	154.747
1108.000	122.711	57.444	0.000	135.039
1110.000	122.860	58.195	0.000	132.425
1112.000	122.712	56.866	0.000	119.750
1114.000	122.740	57.506	0.000	108.203
1116.000	122.834	57.146	0.000	102.853
1118.000	122.720	56.585	0.000	94.423
1120.000	122.738	56.515	0.000	83.248
1122.000	122.831	56.808	0.000	80.305
1124.000	122.719	55.736	0.000	73.873
1126.000	122.737	56.090	0.000	63.440
1128.000	122.844	56.483	0.000	63.523
1130.000	122.691	55.459	0.000	55.111
1132.000	122.766	56.599	0.000	47.722
1134.000	122.813	56.123	0.000	46.361
1136.000	122.711	56.103	0.000	37.317
1138.000	122.742	56.252	0.000	29.832
1140.000	122.839	57.012	0.000	27.001
1142.000	122.677	56.065	0.000	19.349
1144.000	122.785	57.332	0.000	9.788
1146.000	122.805	56.864	0.000	9.432
1148.000	122.683	56.661	0.000	-4.385
1150.000	122.788	57.347	0.000	-9.479
1152.000	122.792	57.021	0.000	-15.836
1154.000	122.688	56.754	0.000	-26.512
1156.000	122.782	57.128	0.000	-35.359
1158.000	122.801	56.784	0.000	-39.094
1160.000	122.663	55.891	0.000	-51.392
1162.000	122.825	56.482	0.000	-57.374
1164.000	122.755	55.312	0.000	-59.350
1166.000	122.689	54.982	0.000	-71.263
1168.000	122.819	55.139	0.000	-70.833
1170.000	122.736	54.254	0.000	-76.940
1172.000	122.705	54.260	0.000	-82.241
1174.000	122.811	54.593	0.000	-87.273
1176.000	122.737	54.136	0.000	-87.771
1178.000	122.701	54.205	0.000	-100.100
1180.000	122.829	54.820	0.000	-97.864
1182.000	122.701	53.761	0.000	-106.241
1184.000	122.732	54.595	0.000	-112.797
1186.000	122.805	54.573	0.000	-116.380
1188.000	122.708	54.333	0.000	-123.722
1190.000	122.725	54.742	0.000	-134.255
1192.000	122.819	54.969	0.000	-137.585
1194.000	122.681	54.073	0.000	-147.651
1196.000	122.751	54.559	0.000	-158.928
1198.000	122.810	54.363	0.000	-160.116
1200.000	122.658	53.247	0.000	-173.997
1202.000	122.797	53.840	0.000	-178.247
1204.000	122.761	52.576	0.000	175.735
1206.000	122.689	52.128	0.000	167.933
1208.000	122.776	52.032	0.000	159.853
1210.000	122.780	51.561	0.000	159.042
1212.000	122.662	50.465	0.000	146.114
1214.000	122.817	50.870	0.000	143.698
1216.000	122.727	49.273	0.000	139.315
1218.000	122.694	48.990	0.000	129.065
1220.000	122.813	48.335	0.000	128.901
1222.000	122.706	47.215	0.000	124.018
1224.000	122.710	46.622	0.000	119.932
1226.000	122.810	46.596	0.000	120.569
1228.000	122.690	45.451	0.000	119.149
1230.000	122.729	45.765	0.000	114.568
1232.000	122.806	45.810	0.000	117.309
1234.000	122.667	45.199	0.000	111.433
1236.000	122.771	46.260	0.000	109.512
1238.000	122.760	45.732	0.000	107.199
1240.000	122.693	46.039	0.000	100.770
1242.000	122.754	46.337	0.000	93.648
1244.000	122.778	46.599	0.000	91.381
1246.000	122.659	45.814	0.000	78.827
1248.000	122.801	46.531	0.000	75.518
1250.000	122.726	45.164	0.000	70.969
1252.000	122.689	45.265	0.000	61.257
1254.000	122.796	45.094	0.000	59.461
1256.000	122.709	44.536	0.000	53.705
1258.000	122.698	44.556	0.000	45.076
1260.000	122.806	44.733	0.000	41.614
1262.000	122.678	43.681	0.000	33.543
1264.000	122.728	43.684	0.000	22.133
1266.000	122.801	43.255	0.000	21.096
1268.000	122.650	41.710	0.000	9.767
1270.000	122.785	41.656	0.000	7.140
1272.000	122.738	40.024	0.000	4.338
1274.000	122.683	39.186	0.000	1.130
1276.000	122.774	38.685	0.000	-0.302
1278.000	122.737	37.984	0.000	3.058
1280.000	122.675	37.391	0.000	-0.520
1282.000	122.797	38.152	0.000	3.772
1284.000	122.697	37.423	0.000	2.142
1286.000	122.713	38.323	0.000	-1.580
1288.000	122.776	38.347	0.000	-2.512
1290.000	122.693	38.382	0.000	-6.392
1292.000	122.716	38.794	0.000	-13.823
1294.000	122.786	39.182	0.000	-14.121
1296.000	122.659	38.649	0.000	-21.165
1298.000	122.760	39.535	0.000	-27.497
1300.000	122.757	39.537	0.000	-27.435
1302.000	122.662	39.563	0.000	-40.084
1304.000	122.784	40.233	0.000	-41.196
1306.000	122.715	39.830	0.000	-49.252
1308.000	122.683	40.010	0.000	-56.830
1310.000	122.786	40.741	0.000	-64.899
1312.000	122.692	40.115	0.000	-70.446
1314.000	122.709	40.527	0.000	-86.409
1316.000	122.784	40.255	0.000	-88.592
1318.000	122.666	39.175	0.000	-104.078
1320.000	122.743	39.126	0.000	-111.836
1322.000	122.756	38.088	0.000	-118.825
1324.000	122.668	37.103	0.000	-128.832
1326.000	122.758	36.741	0.000	-136.316
1328.000	122.743	35.569	0.000	-139.397
1330.000	122.653	34.175	0.000	-149.047
1332.000	122.809	34.052	0.000	-150.016
1334.000	122.673	32.355	0.000	-153.034
1336.000	122.716	32.117	0.000	-158.689
1338.000	122.770	31.039	0.000	-157.761
1340.000	122.672	30.142	0.000	-163.779
1342.000	122.730	29.735	0.000	-167.215
1344.000	122.765	29.287	0.000	-165.187
1346.000	122.648	28.294	0.000	-170.140
1348.000	122.784	28.818	0.000	-171.375
1350.000	122.706	27.421	0.000	-172.103
1352.000	122.686	27.248	0.000	-177.433
1354.000	122.772	26.779	0.000	-173.767
1356.000	122.691	26.187	0.000	-174.635
1358.000	122.700	26.031	0.000	179.557
1360.000	122.778	25.884	0.000	179.850
1362.000	122.659	25.419	0.000	175.190
1364.000	122.745	25.989	0.000	172.083
1366.000	122.747	25.504	0.000	175.361
1368.000	122.656	25.294	0.000	168.501
1370.000	122.781	25.498	0.000	170.566
1372.000	122.696	24.638	0.000	165.086
1374.000	122.687	24.697	0.000	165.189
1376.000	122.786	25.029	0.000	165.328
1378.000	122.661	23.911	0.000	161.857
1380.000	122.738	24.396	0.000	153.663
1382.000	122.748	24.101	0.000	155.444
1384.000	122.662	23.588	0.000	143.091
1386.000	122.762	23.819	0.000	143.264
1388.000	122.714	23.146	0.000	141.534
1390.000	122.680	22.726	0.000	137.726
1392.000	122.766	22.992	0.000	134.895
1394.000	122.696	22.192	0.000	133.186
1396.000	122.693	22.236	0.000	130.017
1398.000	122.781	22.191	0.000	132.849
1400.000	122.646	21.372	0.000	127.875
1402.000	122.757	22.468	0.000	125.683
1404.000	122.727	21.230	0.000	126.988
1406.000	122.665	21.181	0.000	123.493
1408.000	122.773	21.627	0.000	119.157
1410.000	122.693	21.507	0.000	119.317
1412.000	122.694	21.711	0.000	111.196
1414.000	122.773	21.729	0.000	111.449
1416.000	122.659	21.453	0.000	103.465
1418.000	122.742	21.964	0.000	101.997
1420.000	122.733	21.696	0.000	98.563
1422.000	122.669	21.806	0.000	92.253
1424.000	122.756	21.851	0.000	89.528
1426.000	122.714	21.343	0.000	85.806
1428.000	122.667	20.248	0.000	74.467
1430.000	122.797	20.360	0.000	74.069
1432.000	122.648	19.421	0.000	66.130
1434.000	122.742	19.627	0.000	60.611
1436.000	122.740	18.643	0.000	63.297
1438.000	122.657	17.891	0.000	59.352
1440.000	122.768	17.680	0.000	48.805
1442.000	122.700	16.539	0.000	48.080
1444.000	122.684	16.303	0.000	47.385
1446.000	122.775	16.274	0.000	52.341
1448.000	122.658	15.526	0.000	42.317
1450.000	122.739	16.014	0.000	42.194
1452.000	122.732	14.957	0.000	39.986
1454.000	122.670	14.382	0.000	42.150
1456.000	122.753	14.986	0.000	43.115
1458.000	122.710	14.075	0.000	33.888
1460.000	122.675	14.233	0.000	29.706
1462.000	122.784	14.448	0.000	34.778
1464.000	122.653	13.537	0.000	29.917
1466.000	122.743	13.607	0.000	23.710
1468.000	122.726	12.915	0.000	21.193
1470.000	122.674	12.839	0.000	28.467
1472.000	122.755	12.653	0.000	31.205
1474.000	122.698	11.874	0.000	31.718
1476.000	122.703	12.680	0.000	19.633
1478.000	122.755	12.447	0.000	25.135
1480.000	122.669	11.438	0.000	28.328
1482.000	122.738	11.540	0.000	11.298
1484.000	122.727	12.444	0.000	14.947
1486.000	122.673	11.502	0.000	25.221
1488.000	122.762	11.327	0.000	24.304
1490.000	122.689	11.185	0.000	19.549
1492.000	122.704	12.290	0.000	13.436
1494.000	122.761	11.556	0.000	28.509
1496.000	122.657	11.158	0.000	18.977
1498.000	122.759	10.420	0.000	-5.117
1500.000	122.703	10.243	0.000	-4.234
1502.000	122.688	10.730	0.000	-17.595
1504.000	122.764	10.205	0.000	-16.099
1506.000	122.672	9.924	0.000	7.967
1508.000	122.729	10.455	0.000	20.918
1510.000	122.742	9.321	0.000	51.307
1512.000	122.663	9.158	0.000	10.831
1514.000	122.763	9.830	0.000	-5.766
1516.000	122.698	10.388	0.000	10.336
1518.000	122.690	9.694	0.000	-5.676
1520.000	122.773	9.412	0.000	15.034
1522.000	122.652	9.770	0.000	2.352
1524.000	122.761	9.771	0.000	14.843
1526.000	122.704	10.095	0.000	-24.490
1528.000	122.704	9.720	0.000	-32.491
1530.000	122.747	9.673	0.000	-36.081
1532.000	122.693	9.369	0.000	2.713
1534.000	122.715	9.951	0.000	95.074
1536.000	122.750	9.652	0.000	-18.808
1538.000	122.665	10.173	0.000	3.335
1540.000	122.766	9.938	0.000	-10.512
1542.000	122.692	8.893	0.000	-6.596
1544.000	122.708	8.494	0.000	-36.286
1546.000	122.754	8.886	0.000	-21.709
1548.000	122.667	9.488	0.000	9.062
1550.000	122.753	8.979	0.000	19.632
1552.000	122.715	8.381	0.000	24.937
1554.000	122.685	9.335	0.000	41.438
1556.000	122.772	9.464	0.000	15.256
1558.000	122.670	10.579	0.000	-129.612
1560.000	122.739	11.431	0.000	155.747
1562.000	122.730	9.264	0.000	-153.030
1564.000	122.679	8.742	0.000	-129.250
1566.000	122.764	8.870	0.000	23.315
1568.000	122.686	9.667	0.000	-54.547
1570.000	122.722	9.536	0.000	-162.845
1572.000	122.752	10.275	0.000	-38.179
1574.000	122.667	10.110	0.000	18.370
1576.000	122.766	10.146	0.000	43.877
1578.000	122.695	10.794	0.000	169.429
1580.000	122.711	9.503	0.000	74.520
1582.000	122.755	8.935	0.000	0.963
1584.000	122.674	8.885	0.000	-44.050
1586.000	122.759	9.795	0.000	-17.782
1588.000	122.709	10.245	0.000	-75.911
1590.000	122.700	10.016	0.000	-133.129
1592.000	122.763	9.687	0.000	-140.296
1594.000	122.677	9.782	0.000	-17.849
1596.000	122.745	10.365	0.000	2.305
1598.000	122.729	10.993	0.000	-18.201
1600.000	122.691	11.190	0.000	-49.201
1602.000	122.766	10.223	0.000	-105.877
1604.000	122.682	9.577	0.000	-106.675
1606.000	122.743	9.582	0.000	-71.914
1608.000	122.731	10.316	0.000	-44.218
1610.000	122.687	9.873	0.000	-26.799
1612.000	122.764	8.821	0.000	-132.035
1614.000	122.699	9.257	0.000	138.705
1616.000	122.719	8.952	0.000	125.755
1618.000	122.760	10.427	0.000	-147.073
1620.000	122.668	10.609	0.000	-130.321
1622.000	122.781	8.782	0.000	-83.396
1624.000	122.689	8.657	0.000	-66.936
1626.000	122.725	8.451	0.000	166.912
1628.000	122.756	8.567	0.000	-117.976
1630.000	122.678	9.926	0.000	-112.618
1632.000	122.766	9.183	0.000	-152.604
1634.000	122.706	9.765	0.000	-150.770
1636.000	122.715	10.272	0.000	-158.561
1638.000	122.764	8.756	0.000	92.283
1640.000	122.671	8.835	0.000	167.896
1642.000	122.772	8.761	0.000	-143.307
1644.000	122.706	9.955	0.000	-160.173
1646.000	122.719	10.062	0.000	164.197
1648.000	122.762	10.069	0.000	152.269
1650.000	122.686	10.290	0.000	155.612
1652.000	122.759	10.944	0.000	151.137
1654.000	122.717	11.153	0.000	138.782
1656.000	122.706	9.975	0.000	164.605
1658.000	122.774	9.718	0.000	-141.566
1660.000	122.673	8.137	0.000	-101.617
1662.000	122.774	8.633	0.000	-158.866
1664.000	122.709	8.661	0.000	-172.701
1666.000	122.721	9.659	0.000	-175.032
1668.000	122.759	11.127	0.000	162.678
1670.000	122.690	9.905	0.000	119.997
1672.000	122.756	9.324	0.000	127.227
1674.000	122.727	9.637	0.000	144.107
1676.000	122.710	9.097	0.000	126.600
1678.000	122.772	9.495	0.000	123.700
1680.000	122.678	10.169	0.000	107.806
1682.000	122.776	10.519	0.000	140.697
1684.000	122.716	8.711	0.000	167.675
1686.000	122.709	8.864	0.000	165.147
1688.000	122.788	9.304	0.000	160.973
1690.000	122.671	10.632	0.000	146.881
1692.000	122.784	10.286	0.000	144.476
1694.000	122.701	10.320	0.000	122.112
1696.000	122.743	10.007	0.000	79.652
1698.000	122.746	10.353	0.000	76.773
1700.000	122.708	10.813	0.000	82.591
1702.000	122.755	10.551	0.000	93.381
1704.000	122.729	10.172	0.000	93.060
1706.000	122.718	10.176	0.000	73.956
1708.000	122.775	10.172	0.000	61.243
1710.000	122.682	9.890	0.000	42.005
1712.000	122.786	10.409	0.000	73.027
1714.000	122.704	10.633	0.000	88.182
1716.000	122.741	9.535	0.000	95.306
1718.000	122.754	8.897	0.000	120.010
1720.000	122.699	9.256	0.000	50.278
1722.000	122.779	8.258	0.000	49.981
1724.000	122.710	9.997	0.000	95.183
1726.000	122.737	9.401	0.000	10.220
1728.000	122.765	10.688	0.000	-86.643
1730.000	122.691	10.443	0.000	-172.775
1732.000	122.788	9.424	0.000	-172.438
1734.000	122.691	9.059	0.000	-148.750
1736.000	122.774	9.789	0.000	168.802
1738.000	122.727	10.367	0.000	124.089
1740.000	122.729	10.132	0.000	105.056
1742.000	122.761	9.513	0.000	110.269
1744.000	122.712	8.348	0.000	168.774
1746.000	122.758	9.235	0.000	-155.975
1748.000	122.740	8.151	0.000	30.587
1750.000	122.719	9.755	0.000	-23.145
1752.000	122.777	10.140	0.000	-99.420
1754.000	122.702	9.983	0.000	56.135
1756.000	122.770	10.129	0.000	-23.413
1758.000	122.728	9.709	0.000	-151.995
1760.000	122.726	9.277	0.000	-108.663
1762.000	122.782	9.210	0.000	-77.563
1764.000	122.692	9.082	0.000	-18.755
1766.000	122.791	8.020	0.000	-46.067
1768.000	122.701	8.054	0.000	12.848
1770.000	122.771	8.543	0.000	-96.008
1772.000	122.740	8.009	0.000	89.897
1774.000	122.722	9.019	0.000	-122.442
1776.000	122.781	9.242	0.000	152.852
1778.000	122.711	8.869	0.000	65.044
1780.000	122.764	8.475	0.000	119.848
1782.000	122.747	8.962	0.000	99.621
1784.000	122.718	8.903	0.000	39.741
1786.000	122.786	9.852	0.000	17.712
1788.000	122.698	10.371	0.000	108.870
1790.000	122.784	9.736	0.000	117.664
1792.000	122.721	9.656	0.000	139.768
1794.000	122.754	9.511	0.000	131.630
1796.000	122.758	8.629	0.000	-143.144
1798.000	122.731	9.682	0.000	-96.833
1800.000	122.761	10.170	0.000	96.895
1802.000	122.740	10.105	0.000	13.643
1804.000	122.742	10.842	0.000	-10.455
1806.000	122.770	10.608	0.000	24.077
1808.000	122.706	9.868	0.000	41.272
1810.000	122.800	9.582	0.000	43.108
1812.000	122.703	8.613	0.000	104.873
1814.000	122.779	8.843	0.000	122.462
1816.000	122.737	9.689	0.000	140.704
1818.000	122.734	9.036	0.000	83.812
1820.000	122.786	9.167	0.000	74.364
1822.000	122.704	8.651	0.000	105.812
1824.000	122.796	9.191	0.000	14.126
1826.000	122.707	9.844	0.000	37.559
1828.000	122.782	10.535	0.000	130.727
1830.000	122.740	10.382	0.000	157.045
1832.000	122.744	9.891	0.000	51.114
1834.000	122.771	9.581	0.000	69.174
1836.000	122.730	9.091	0.000	40.962
1838.000	122.771	10.293	0.000	23.182
1840.000	122.750	10.241	0.000	-106.839
1842.000	122.736	9.449	0.000	-138.493
1844.000	122.781	9.184	0.000	60.239
1846.000	122.715	9.473	0.000	29.437
1848.000	122.793	9.609	0.000	-19.590
1850.000	122.724	9.106	0.000	-49.993
1852.000	122.763	9.527	0.000	-64.241
1854.000	122.763	8.940	0.000	-64.372
1856.000	122.735	7.811	0.000	-34.734
1858.000	122.788	8.850	0.000	-21.147
1860.000	122.713	9.303	0.000	-80.273
1862.000	122.790	9.480	0.000	-9.867
1864.000	122.728	9.698	0.000	0.606
1866.000	122.777	10.048	0.000	-91.361
1868.000	122.752	10.260	0.000	-83.244
1870.000	122.744	9.529	0.000	-89.549
1872.000	122.775	9.729	0.000	-94.196
1874.000	122.737	10.664	0.000	-83.841
1876.000	122.772	10.562	0.000	-103.625
1878.000	122.753	11.363	0.000	-85.709
1880.000	122.745	10.599	0.000	-98.076
1882.000	122.781	9.951	0.000	-125.827
1884.000	122.737	10.223	0.000	-107.106
1886.000	122.774	9.323	0.000	-106.880
1888.000	122.753	9.687	0.000	-78.248
1890.000	122.746	10.582	0.000	-96.177
1892.000	122.791	11.178	0.000	-96.760
1894.000	122.722	11.037	0.000	-120.387
1896.000	122.805	11.304	0.000	-98.945
1898.000	122.708	8.954	0.000	-82.141
1900.000	122.805	8.626	0.000	-89.774
1902.000	122.731	10.320	0.000	-95.785
1904.000	122.774	11.441	0.000	-108.004
1906.000	122.769	10.930	0.000	-107.085
1908.000	122.729	10.712	0.000	-114.182
1910.000	122.811	9.934	0.000	-123.984
1912.000	122.709	10.157	0.000	-108.138
1914.000	122.813	11.027	0.000	-124.786
1916.000	122.722	11.793	0.000	-130.885
1918.000	122.781	12.128	0.000	-133.864
1920.000	122.763	12.474	0.000	-133.912
1922.000	122.750	12.605	0.000	-134.329
1924.000	122.789	11.516	0.000	-134.960
1926.000	122.731	11.908	0.000	-137.092
1928.000	122.792	11.642	0.000	-129.107
1930.000	122.737	12.419	0.000	-132.816
1932.000	122.783	13.200	0.000	-147.052
1934.000	122.757	12.869	0.000	-151.445
1936.000	122.759	12.193	0.000	-149.497
1938.000	122.780	13.570	0.000	-148.291
1940.000	122.746	14.897	0.000	-152.710
1942.000	122.784	14.767	0.000	-153.993
1944.000	122.752	15.084	0.000	-161.486
1946.000	122.765	15.918	0.000	-160.352
1948.000	122.773	16.468	0.000	-161.065
1950.000	122.751	17.241	0.000	-169.194
1952.000	122.789	18.250	0.000	-170.754
1954.000	122.746	18.840	0.000	-177.038
1956.000	122.776	19.350	0.000	-177.366
1958.000	122.761	19.292	0.000	-179.147
1960.000	122.761	20.009	0.000	174.361
1962.000	122.787	20.776	0.000	164.459
1964.000	122.742	21.899	0.000	158.519
1966.000	122.792	22.372	0.000	153.854
1968.000	122.742	22.591	0.000	144.980
1970.000	122.789	23.574	0.000	141.417
1972.000	122.758	23.921	0.000	133.091
1974.000	122.771	24.560	0.000	130.302
1976.000	122.772	24.720	0.000	124.550
1978.000	122.754	25.386	0.000	115.883
1980.000	122.791	25.442	0.000	109.605
1982.000	122.743	25.511	0.000	101.160
1984.000	122.794	25.882	0.000	95.791
1986.000	122.748	25.798	0.000	88.643
1988.000	122.774	26.702	0.000	80.759
1990.000	122.775	26.396	0.000	72.869
1992.000	122.758	27.025	0.000	64.913
1994.000	122.791	26.950	0.000	60.234
1996.000	122.747	27.302	0.000	51.581
1998.000	122.785	26.998	0.000	46.230
2000.000	122.756	27.021	0.000	38.799
