2000.000	122.819	10.747	0.000	173.443
2.000	122.875	11.859	0.000	-162.601
4.000	123.085	12.151	0.000	-149.150
6.000	123.103	11.377	0.000	-157.468
8.000	122.950	10.931	0.000	109.775
10.000	122.809	12.266	0.000	40.368
12.000	122.913	11.828	0.000	-18.992
14.000	123.177	11.119	0.000	-99.956
16.000	123.095	11.664	0.000	-156.990
18.000	122.763	11.882	0.000	163.940
20.000	122.868	10.975	0.000	163.459
22.000	123.141	10.732	0.000	-168.801
24.000	123.062	10.674	0.000	-156.623
26.000	122.925	10.129	0.000	160.678
28.000	122.894	10.903	0.000	-179.524
30.000	122.892	10.930	0.000	-177.134
32.000	123.091	10.747	0.000	168.839
34.000	123.153	11.149	0.000	158.921
36.000	122.829	11.388	0.000	143.285
38.000	122.787	10.711	0.000	139.857
40.000	123.127	11.383	0.000	158.923
42.000	123.140	11.568	0.000	178.892
44.000	122.902	10.198	0.000	122.902
46.000	122.839	10.401	0.000	83.307
48.000	122.954	12.208	0.000	97.752
50.000	123.114	11.203	0.000	97.826
52.000	123.074	11.192	0.000	107.235
54.000	122.839	10.216	0.000	73.371
56.000	122.862	10.357	0.000	47.984
58.000	123.073	11.593	0.000	104.489
60.000	123.098	12.000	0.000	69.579
62.000	122.974	12.463	0.000	53.216
64.000	122.822	11.201	0.000	78.498
66.000	122.904	11.054	0.000	101.363
68.000	123.192	12.468	0.000	88.060
70.000	123.081	12.965	0.000	61.164
72.000	122.747	11.158	0.000	7.223
74.000	122.923	10.883	0.000	39.402
76.000	123.145	11.089	0.000	46.507
78.000	123.022	11.112	0.000	34.838
80.000	122.939	9.437	0.000	11.721
82.000	122.883	9.457	0.000	44.656
84.000	122.915	10.254	0.000	76.750
86.000	123.164	10.085	0.000	8.532
88.000	123.072	11.392	0.000	32.130
90.000	122.751	10.793	0.000	13.964
92.000	122.923	10.559	0.000	-33.549
94.000	123.167	10.632	0.000	52.985
96.000	123.044	11.126	0.000	60.904
98.000	122.870	11.070	0.000	37.585
100.000	122.859	11.010	0.000	33.834
102.000	123.042	11.697	0.000	-10.287
104.000	123.147	11.254	0.000	-41.114
106.000	122.928	11.101	0.000	31.178
108.000	122.822	10.686	0.000	104.947
110.000	123.001	9.762	0.000	55.646
112.000	123.088	10.677	0.000	-16.971
114.000	123.050	11.479	0.000	-36.310
116.000	122.873	10.561	0.000	-40.217
118.000	122.819	11.116	0.000	-50.011
120.000	123.146	11.394	0.000	-54.436
122.000	123.155	11.873	0.000	-70.226
124.000	122.787	12.217	0.000	-59.384
126.000	122.879	11.101	0.000	-31.180
128.000	123.111	11.042	0.000	-104.954
130.000	123.042	11.276	0.000	-105.216
132.000	122.972	11.731	0.000	-67.690
134.000	122.869	11.025	0.000	-115.140
136.000	122.908	11.611	0.000	168.322
138.000	123.166	11.753	0.000	-116.615
140.000	123.054	11.229	0.000	-64.801
142.000	122.777	10.294	0.000	-95.520
144.000	122.931	11.021	0.000	-96.677
146.000	123.134	11.532	0.000	-102.944
148.000	123.060	10.857	0.000	-111.728
150.000	122.860	10.359	0.000	-120.179
152.000	122.853	10.420	0.000	-129.373
154.000	123.101	10.723	0.000	-168.411
156.000	123.106	10.507	0.000	-137.200
158.000	122.879	11.291	0.000	-171.811
160.000	122.879	11.015	0.000	-145.793
162.000	123.000	12.020	0.000	-141.576
164.000	123.098	10.562	0.000	-102.099
166.000	123.033	10.623	0.000	-159.143
168.000	122.786	11.468	0.000	173.363
170.000	122.936	10.451	0.000	163.617
172.000	123.212	10.997	0.000	-176.961
174.000	122.985	11.110	0.000	-169.056
176.000	122.792	11.384	0.000	150.724
178.000	122.983	12.111	0.000	174.802
180.000	123.089	12.740	0.000	-164.541
182.000	123.034	12.777	0.000	-168.659
184.000	122.894	11.084	0.000	-165.904
186.000	122.861	10.736	0.000	-173.103
188.000	123.069	10.159	0.000	-167.582
190.000	123.120	10.298	0.000	-165.595
192.000	122.891	11.412	0.000	-178.087
194.000	122.821	11.457	0.000	160.149
196.000	123.063	11.669	0.000	158.274
198.000	123.148	11.965	0.000	160.451
200.000	122.890	12.004	0.000	139.634
202.000	122.824	10.851	0.000	130.312
204.000	123.059	9.966	0.000	136.554
206.000	123.095	10.821	0.000	145.177
208.000	122.949	11.286	0.000	157.068
210.000	122.862	12.480	0.000	141.499
212.000	122.948	12.486	0.000	121.210
214.000	123.125	12.063	0.000	132.173
216.000	123.029	11.614	0.000	157.996
218.000	122.800	11.146	0.000	144.039
220.000	122.935	11.097	0.000	134.850
222.000	123.156	10.862	0.000	110.321
224.000	123.020	11.961	0.000	86.905
226.000	122.799	11.043	0.000	135.506
228.000	122.950	11.247	0.000	120.783
230.000	123.128	12.652	0.000	108.003
232.000	122.998	12.149	0.000	84.995
234.000	122.880	12.076	0.000	99.220
236.000	122.906	10.607	0.000	101.711
238.000	123.043	10.646	0.000	97.329
240.000	123.122	12.075	0.000	103.453
242.000	122.858	11.941	0.000	103.213
244.000	122.825	11.919	0.000	96.384
246.000	123.152	11.775	0.000	105.516
248.000	123.068	11.150	0.000	102.419
250.000	122.835	10.821	0.000	105.403
252.000	122.906	10.575	0.000	104.799
254.000	123.053	11.627	0.000	111.424
256.000	123.085	11.014	0.000	107.188
258.000	122.893	10.935	0.000	101.837
260.000	122.851	11.107	0.000	83.279
262.000	123.062	11.442	0.000	68.337
264.000	123.080	11.587	0.000	93.907
266.000	122.926	11.558	0.000	109.209
268.000	122.822	10.837	0.000	81.374
270.000	123.030	11.953	0.000	91.093
272.000	123.171	12.097	0.000	111.313
274.000	122.846	9.873	0.000	113.280
276.000	122.844	9.829	0.000	86.844
278.000	123.109	11.845	0.000	120.257
280.000	123.023	12.563	0.000	128.925
282.000	122.941	11.972	0.000	109.306
284.000	122.868	11.742	0.000	98.107
286.000	122.967	11.488	0.000	88.899
288.000	123.164	12.651	0.000	111.169
290.000	122.907	12.873	0.000	125.728
292.000	122.802	12.457	0.000	113.075
294.000	123.075	13.790	0.000	108.049
296.000	123.090	14.294	0.000	110.414
298.000	122.903	14.930	0.000	101.910
300.000	122.835	16.240	0.000	101.011
302.000	123.047	18.682	0.000	104.963
304.000	123.100	20.268	0.000	103.555
306.000	122.881	22.157	0.000	95.391
308.000	122.881	24.946	0.000	80.035
310.000	123.004	27.661	0.000	66.828
312.000	123.089	29.848	0.000	57.261
314.000	122.952	30.852	0.000	43.493
316.000	122.781	32.571	0.000	17.648
318.000	123.072	35.618	0.000	1.678
320.000	123.127	36.829	0.000	-6.860
322.000	122.831	36.760	0.000	-29.757
324.000	122.884	38.977	0.000	-58.819
326.000	123.059	40.622	0.000	-71.137
328.000	123.047	40.718	0.000	-88.520
330.000	122.904	41.221	0.000	-112.048
332.000	122.859	41.839	0.000	-131.320
334.000	123.034	42.944	0.000	-153.296
336.000	123.092	43.919	0.000	-165.771
338.000	122.880	43.050	0.000	179.135
340.000	122.827	43.700	0.000	147.390
342.000	123.105	45.420	0.000	136.299
344.000	123.070	44.700	0.000	126.612
346.000	122.810	44.120	0.000	99.732
348.000	122.923	45.260	0.000	80.774
350.000	123.071	45.558	0.000	66.801
352.000	123.018	45.228	0.000	50.743
354.000	122.869	44.477	0.000	31.776
356.000	122.883	44.436	0.000	9.626
358.000	123.088	44.735	0.000	-4.507
360.000	123.029	43.876	0.000	-16.155
362.000	122.832	42.441	0.000	-34.786
364.000	122.898	42.475	0.000	-57.664
366.000	123.122	43.012	0.000	-68.830
368.000	123.005	41.339	0.000	-79.393
370.000	122.771	39.451	0.000	-110.982
372.000	123.012	39.791	0.000	-131.881
374.000	123.078	38.122	0.000	-147.041
376.000	122.927	35.580	0.000	-179.239
378.000	122.888	33.878	0.000	147.583
380.000	122.913	32.711	0.000	102.304
382.000	123.124	33.704	0.000	60.621
384.000	122.957	33.950	0.000	33.190
386.000	122.772	35.154	0.000	-9.412
388.000	123.061	37.979	0.000	-30.587
390.000	123.071	38.446	0.000	-42.225
392.000	122.879	38.136	0.000	-66.672
394.000	122.851	39.298	0.000	-89.670
396.000	123.044	40.123	0.000	-102.352
398.000	123.060	39.861	0.000	-115.601
400.000	122.845	39.241	0.000	-132.149
402.000	122.901	39.434	0.000	-150.364
404.000	123.026	40.044	0.000	-163.760
406.000	123.051	39.768	0.000	-172.752
408.000	122.851	38.554	0.000	172.828
410.000	122.852	38.843	0.000	150.419
412.000	123.150	39.721	0.000	141.960
414.000	122.963	38.390	0.000	133.308
416.000	122.800	37.238	0.000	107.617
418.000	122.992	37.986	0.000	92.993
420.000	123.049	37.112	0.000	83.910
422.000	122.948	35.864	0.000	64.311
424.000	122.837	35.118	0.000	45.932
426.000	122.966	34.370	0.000	25.384
428.000	123.086	34.069	0.000	10.659
430.000	122.913	32.100	0.000	0.469
432.000	122.802	30.081	0.000	-29.482
434.000	123.057	30.458	0.000	-44.856
436.000	123.067	28.430	0.000	-51.716
438.000	122.807	25.535	0.000	-73.782
440.000	122.913	24.874	0.000	-90.004
442.000	123.051	24.117	0.000	-99.639
444.000	122.991	22.669	0.000	-108.597
446.000	122.845	20.827	0.000	-116.975
448.000	122.905	20.428	0.000	-131.333
450.000	123.083	20.207	0.000	-136.493
452.000	122.959	19.156	0.000	-143.757
454.000	122.812	18.069	0.000	-152.945
456.000	122.958	18.712	0.000	-163.630
458.000	123.116	18.959	0.000	-164.334
460.000	122.860	17.768	0.000	-169.089
462.000	122.834	18.078	0.000	177.032
464.000	123.078	18.359	0.000	179.279
466.000	122.971	16.563	0.000	177.476
468.000	122.896	15.967	0.000	166.302
470.000	122.859	15.770	0.000	160.052
472.000	123.044	16.292	0.000	157.768
474.000	123.039	15.719	0.000	156.010
476.000	122.766	14.603	0.000	139.898
478.000	122.967	15.847	0.000	128.962
480.000	123.077	16.409	0.000	135.210
482.000	122.903	15.194	0.000	132.472
484.000	122.821	14.869	0.000	116.172
486.000	123.016	15.204	0.000	114.815
488.000	123.039	14.583	0.000	121.982
490.000	122.848	13.765	0.000	116.040
492.000	122.886	13.189	0.000	105.491
494.000	123.008	13.186	0.000	94.794
496.000	123.033	12.476	0.000	84.729
498.000	122.803	11.342	0.000	85.722
500.000	122.905	12.903	0.000	84.084
502.000	123.114	12.928	0.000	92.331
504.000	122.885	11.613	0.000	95.966
506.000	122.824	12.057	0.000	82.052
508.000	123.012	12.334	0.000	95.540
510.000	123.017	11.811	0.000	88.181
512.000	122.864	10.838	0.000	85.611
514.000	122.867	12.178	0.000	92.711
516.000	123.011	12.192	0.000	74.803
518.000	123.027	11.737	0.000	90.585
520.000	122.789	11.322	0.000	74.147
522.000	122.920	10.935	0.000	74.991
524.000	123.103	11.150	0.000	91.449
526.000	122.860	10.401	0.000	67.699
528.000	122.847	9.615	0.000	39.984
530.000	122.994	10.273	0.000	77.481
532.000	123.019	11.800	0.000	89.381
534.000	122.842	10.831	0.000	63.158
536.000	122.874	10.402	0.000	56.379
538.000	123.036	10.439	0.000	53.350
540.000	122.966	10.900	0.000	72.354
542.000	122.809	11.177	0.000	75.024
544.000	122.922	10.798	0.000	74.748
546.000	123.106	11.260	0.000	66.480
548.000	122.818	10.532	0.000	49.240
550.000	122.864	9.486	0.000	20.610
552.000	123.033	10.886	0.000	78.031
554.000	122.952	10.284	0.000	86.339
556.000	122.858	9.718	0.000	83.981
558.000	122.868	10.496	0.000	43.028
560.000	123.067	10.544	0.000	57.537
562.000	122.916	10.463	0.000	65.874
564.000	122.789	11.582	0.000	32.400
566.000	123.004	10.200	0.000	20.638
568.000	123.027	9.258	0.000	41.489
570.000	122.799	10.808	0.000	12.012
572.000	122.898	10.734	0.000	-12.935
574.000	123.034	10.480	0.000	-12.072
576.000	122.918	11.337	0.000	-1.567
578.000	122.826	11.290	0.000	7.851
580.000	122.935	11.073	0.000	-25.388
582.000	123.043	10.078	0.000	-53.149
584.000	122.846	10.743	0.000	-27.939
586.000	122.829	11.677	0.000	-28.041
588.000	123.046	10.327	0.000	-17.994
590.000	122.958	11.231	0.000	-27.462
592.000	122.767	11.472	0.000	-58.796
594.000	122.986	11.767	0.000	-50.895
596.000	122.991	11.380	0.000	-47.581
598.000	122.869	11.256	0.000	-58.592
600.000	122.844	11.463	0.000	-82.021
602.000	122.980	10.703	0.000	-98.411
604.000	123.012	12.148	0.000	-83.876
606.000	122.756	11.646	0.000	-58.339
608.000	122.949	11.470	0.000	-63.332
610.000	123.031	11.351	0.000	-62.944
612.000	122.844	10.808	0.000	-69.775
614.000	122.830	11.212	0.000	-72.957
616.000	123.019	10.929	0.000	-91.709
618.000	122.941	12.258	0.000	-96.540
620.000	122.815	12.509	0.000	-100.385
622.000	122.907	12.800	0.000	-113.293
624.000	123.015	12.794	0.000	-119.992
626.000	122.886	11.632	0.000	-127.678
628.000	122.784	11.424	0.000	-113.720
630.000	123.041	12.003	0.000	-118.610
632.000	122.946	12.878	0.000	-114.091
634.000	122.778	12.730	0.000	-138.991
636.000	122.945	13.402	0.000	-139.537
638.000	122.996	12.245	0.000	-133.455
640.000	122.850	12.037	0.000	-120.336
642.000	122.841	11.802	0.000	-120.085
644.000	122.969	12.906	0.000	-131.729
646.000	122.986	11.452	0.000	-123.846
648.000	122.753	10.692	0.000	-148.609
650.000	122.946	13.105	0.000	-155.047
652.000	123.022	13.351	0.000	-142.089
654.000	122.807	13.499	0.000	-144.154
656.000	122.854	13.120	0.000	-165.706
658.000	122.997	12.263	0.000	-163.082
660.000	122.921	12.113	0.000	-157.355
662.000	122.792	11.590	0.000	-148.019
664.000	122.937	12.661	0.000	-157.401
666.000	122.985	12.816	0.000	-154.359
668.000	122.841	13.417	0.000	-162.323
670.000	122.807	13.530	0.000	-164.249
672.000	123.061	13.398	0.000	-158.345
674.000	122.861	13.929	0.000	-163.021
676.000	122.802	14.094	0.000	-176.647
678.000	122.970	14.339	0.000	-167.159
680.000	122.944	13.681	0.000	-172.511
682.000	122.819	13.311	0.000	-171.289
684.000	122.860	13.870	0.000	-177.800
686.000	123.003	13.407	0.000	170.394
688.000	122.878	12.931	0.000	173.393
690.000	122.771	14.029	0.000	170.628
692.000	123.010	14.979	0.000	174.451
694.000	122.929	13.730	0.000	178.294
696.000	122.773	13.754	0.000	167.619
698.000	122.930	14.414	0.000	161.214
700.000	122.965	15.722	0.000	163.825
702.000	122.838	15.038	0.000	160.739
704.000	122.821	15.270	0.000	160.230
706.000	122.991	15.353	0.000	152.392
708.000	122.898	15.294	0.000	156.734
710.000	122.778	15.159	0.000	151.802
712.000	122.934	15.619	0.000	148.758
714.000	122.997	16.254	0.000	153.099
716.000	122.741	14.948	0.000	152.647
718.000	122.927	15.044	0.000	150.142
720.000	122.946	14.464	0.000	153.185
722.000	122.864	14.887	0.000	138.621
724.000	122.796	14.474	0.000	130.220
726.000	122.969	14.163	0.000	125.392
728.000	122.929	13.414	0.000	134.159
730.000	122.757	13.402	0.000	130.407
732.000	122.923	14.146	0.000	131.140
734.000	122.980	14.952	0.000	138.076
736.000	122.767	15.407	0.000	119.774
738.000	122.876	15.997	0.000	107.152
740.000	122.968	14.367	0.000	99.976
742.000	122.849	12.584	0.000	108.850
744.000	122.797	13.901	0.000	105.647
746.000	122.948	14.071	0.000	114.259
748.000	122.931	12.669	0.000	117.763
750.000	122.758	12.396	0.000	118.108
752.000	122.902	12.849	0.000	125.135
754.000	122.983	13.114	0.000	128.771
756.000	122.761	11.623	0.000	124.051
758.000	122.871	11.804	0.000	115.805
760.000	122.966	13.500	0.000	124.092
762.000	122.834	14.022	0.000	126.356
764.000	122.806	13.558	0.000	121.630
766.000	122.927	12.988	0.000	124.063
768.000	122.945	12.355	0.000	133.521
770.000	122.728	11.111	0.000	114.637
772.000	122.932	11.984	0.000	113.112
774.000	122.943	11.860	0.000	127.188
776.000	122.772	11.513	0.000	120.399
778.000	122.853	12.070	0.000	129.017
780.000	122.969	13.423	0.000	153.181
782.000	122.813	12.768	0.000	158.468
784.000	122.807	12.423	0.000	173.503
786.000	122.933	13.647	0.000	177.123
788.000	122.909	13.365	0.000	-175.341
790.000	122.736	14.050	0.000	174.158
792.000	122.933	15.825	0.000	170.938
794.000	122.932	16.693	0.000	175.544
796.000	122.745	17.476	0.000	173.519
798.000	122.890	19.388	0.000	173.959
800.000	122.934	19.409	0.000	173.516
802.000	122.803	20.459	0.000	170.850
804.000	122.809	21.618	0.000	173.274
806.000	122.947	23.402	0.000	173.165
808.000	122.868	24.223	0.000	177.518
810.000	122.738	25.773	0.000	166.564
812.000	122.969	28.131	0.000	170.478
814.000	122.871	28.037	0.000	170.692
816.000	122.755	29.825	0.000	161.317
818.000	122.903	31.574	0.000	161.213
820.000	122.916	32.919	0.000	159.357
822.000	122.771	34.197	0.000	153.613
824.000	122.839	36.573	0.000	146.939
826.000	122.945	38.578	0.000	144.941
828.000	122.807	39.642	0.000	136.746
830.000	122.776	42.036	0.000	120.380
832.000	122.975	44.354	0.000	115.210
834.000	122.816	44.303	0.000	102.750
836.000	122.768	45.956	0.000	79.970
838.000	122.940	46.757	0.000	74.331
840.000	122.849	46.280	0.000	60.997
842.000	122.780	46.541	0.000	50.845
844.000	122.858	47.141	0.000	40.588
846.000	122.945	47.881	0.000	38.879
848.000	122.729	47.235	0.000	29.175
850.000	122.866	49.272	0.000	19.318
852.000	122.936	49.688	0.000	21.436
854.000	122.762	49.902	0.000	7.507
856.000	122.813	51.842	0.000	-1.041
858.000	122.943	52.834	0.000	-7.592
860.000	122.792	53.455	0.000	-20.172
862.000	122.791	54.591	0.000	-36.713
864.000	122.903	56.033	0.000	-49.585
866.000	122.874	55.920	0.000	-60.836
868.000	122.716	55.649	0.000	-84.719
870.000	122.938	56.505	0.000	-98.200
872.000	122.863	55.267	0.000	-105.921
874.000	122.738	54.027	0.000	-126.804
876.000	122.886	54.300	0.000	-134.004
878.000	122.887	52.748	0.000	-139.757
880.000	122.759	51.932	0.000	-150.400
882.000	122.828	51.410	0.000	-156.403
884.000	122.923	51.732	0.000	-159.643
886.000	122.770	50.514	0.000	-161.981
888.000	122.791	51.377	0.000	-175.971
890.000	122.956	51.650	0.000	-172.273
892.000	122.757	50.589	0.000	174.829
894.000	122.792	51.518	0.000	164.480
896.000	122.913	51.733	0.000	156.990
898.000	122.813	51.013	0.000	146.242
900.000	122.760	50.445	0.000	128.925
902.000	122.892	50.049	0.000	118.803
904.000	122.861	48.383	0.000	112.123
906.000	122.716	46.067	0.000	100.693
908.000	122.906	45.524	0.000	96.079
910.000	122.867	43.502	0.000	101.774
912.000	122.723	41.479	0.000	96.063
914.000	122.875	41.377	0.000	102.801
916.000	122.869	40.124	0.000	109.644
918.000	122.752	39.696	0.000	112.890
920.000	122.818	40.247	0.000	118.005
922.000	122.907	41.360	0.000	125.635
924.000	122.749	41.387	0.000	128.343
926.000	122.797	43.918	0.000	122.898
928.000	122.928	45.097	0.000	129.226
930.000	122.739	45.420	0.000	116.848
932.000	122.799	47.385	0.000	109.994
934.000	122.896	48.044	0.000	103.584
936.000	122.781	48.269	0.000	94.337
938.000	122.766	48.936	0.000	80.591
940.000	122.886	49.948	0.000	74.609
942.000	122.821	49.562	0.000	66.685
944.000	122.720	49.788	0.000	49.745
946.000	122.920	50.986	0.000	41.396
948.000	122.801	49.960	0.000	34.858
950.000	122.740	49.980	0.000	13.322
952.000	122.881	50.296	0.000	8.926
954.000	122.823	49.025	0.000	-4.165
956.000	122.741	48.526	0.000	-16.693
958.000	122.839	48.094	0.000	-30.515
960.000	122.875	47.690	0.000	-35.685
962.000	122.702	45.634	0.000	-51.137
964.000	122.864	46.006	0.000	-63.275
966.000	122.857	44.438	0.000	-65.470
968.000	122.725	43.034	0.000	-83.336
970.000	122.828	43.105	0.000	-91.409
972.000	122.869	42.536	0.000	-101.153
974.000	122.728	42.007	0.000	-118.386
976.000	122.811	42.644	0.000	-138.515
978.000	122.870	43.127	0.000	-153.589
980.000	122.748	42.842	0.000	-175.844
982.000	122.775	44.400	0.000	156.002
984.000	122.913	45.205	0.000	144.420
986.000	122.712	44.857	0.000	117.354
988.000	122.805	46.399	0.000	96.790
990.000	122.863	46.247	0.000	84.337
992.000	122.756	45.937	0.000	64.384
994.000	122.763	45.881	0.000	49.590
996.000	122.879	46.081	0.000	38.455
998.000	122.767	44.957	0.000	33.503
1000.000	122.734	44.887	0.000	17.167
1002.000	122.914	45.359	0.000	20.844
1004.000	122.734	44.049	0.000	12.711
1006.000	122.765	45.077	0.000	6.888
1008.000	122.866	45.451	0.000	3.644
1010.000	122.771	45.504	0.000	-2.589
1012.000	122.738	45.977	0.000	-15.975
1014.000	122.868	46.676	0.000	-22.260
1016.000	122.786	45.835	0.000	-31.910
1018.000	122.708	45.065	0.000	-49.778
1020.000	122.901	44.982	0.000	-58.796
1022.000	122.755	41.971	0.000	-64.682
1024.000	122.740	38.494	0.000	-81.965
1026.000	122.861	34.481	0.000	-69.919
1028.000	122.777	31.166	0.000	0.506
1030.000	122.728	36.680	0.000	28.884
1032.000	122.850	41.553	0.000	29.695
1034.000	122.799	43.678	0.000	29.161
1036.000	122.698	46.336	0.000	13.893
1038.000	122.886	49.048	0.000	13.055
1040.000	122.762	49.441	0.000	4.736
1042.000	122.728	51.594	0.000	-9.328
1044.000	122.852	52.840	0.000	-14.044
1046.000	122.777	53.440	0.000	-23.675
1048.000	122.725	54.238	0.000	-35.785
1050.000	122.835	55.666	0.000	-43.767
1052.000	122.802	55.637	0.000	-48.932
1054.000	122.692	55.981	0.000	-63.533
1056.000	122.875	57.404	0.000	-68.140
1058.000	122.764	56.927	0.000	-72.468
1060.000	122.723	57.800	0.000	-87.840
1062.000	122.843	58.618	0.000	-89.026
1064.000	122.775	58.352	0.000	-98.937
1066.000	122.720	58.843	0.000	-107.354
1068.000	122.827	59.685	0.000	-116.559
1070.000	122.803	59.835	0.000	-118.157
1072.000	122.684	59.780	0.000	-134.666
1074.000	122.873	61.088	0.000	-136.455
1076.000	122.754	60.002	0.000	-143.769
1078.000	122.723	60.656	0.000	-155.337
1080.000	122.835	60.963	0.000	-159.266
1082.000	122.771	60.791	0.000	-165.421
1084.000	122.714	60.973	0.000	-175.865
1086.000	122.831	61.727	0.000	179.266
1088.000	122.782	61.457	0.000	174.801
1090.000	122.687	61.608	0.000	162.167
1092.000	122.871	62.868	0.000	158.913
1094.000	122.737	61.982	0.000	153.185
1096.000	122.727	62.852	0.000	139.507
1098.000	122.836	63.024	0.000	137.596
1100.000	122.748	62.782	0.000	127.241
1102.000	122.719	62.991	0.000	118.161
1104.000	122.839	63.699	0.000	110.317
1106.000	122.748	63.197	0.000	106.150
1108.000	122.711	63.480	0.000	89.350
1110.000	122.861	64.206	0.000	88.475
1112.000	122.712	62.913	0.000	76.983
1114.000	122.740	63.599	0.000	66.209
1116.000	122.835	63.259	0.000	60.899
1118.000	122.720	62.681	0.000	52.183
1120.000	122.738	62.555	0.000	40.507
1122.000	122.831	62.757	0.000	36.898
1124.000	122.719	61.557	0.000	29.350
1126.000	122.738	61.690	0.000	17.635
1128.000	122.844	61.820	0.000	16.615
1130.000	122.690	60.418	0.000	7.421
1132.000	122.766	61.153	0.000	-0.822
1134.000	122.813	60.276	0.000	-2.144
1136.000	122.711	59.800	0.000	-11.104
1138.000	122.742	59.544	0.000	-17.800
1140.000	122.839	59.952	0.000	-19.902
1142.000	122.677	58.644	0.000	-26.436
1144.000	122.785	59.541	0.000	-35.073
1146.000	122.805	58.779	0.000	-34.059
1148.000	122.683	58.217	0.000	-46.077
1150.000	122.787	58.671	0.000	-49.300
1152.000	122.792	58.158	0.000	-53.616
1154.000	122.689	57.780	0.000	-62.303
1156.000	122.782	58.138	0.000	-69.386
1158.000	122.801	57.794	0.000	-71.992
1160.000	122.662	56.913	0.000	-83.705
1162.000	122.825	57.505	0.000	-89.440
1164.000	122.756	56.247	0.000	-91.570
1166.000	122.689	55.688	0.000	-104.059
1168.000	122.819	55.607	0.000	-103.569
1170.000	122.736	54.356	0.000	-109.024
1172.000	122.704	53.987	0.000	-112.982
1174.000	122.811	53.984	0.000	-115.855
1176.000	122.737	53.332	0.000	-114.015
1178.000	122.701	53.246	0.000	-123.125
1180.000	122.829	53.835	0.000	-118.163
1182.000	122.701	52.852	0.000	-123.718
1184.000	122.732	53.824	0.000	-127.746
1186.000	122.806	53.983	0.000	-129.473
1188.000	122.707	53.987	0.000	-135.296
1190.000	122.725	54.691	0.000	-144.644
1192.000	122.819	55.146	0.000	-147.275
1194.000	122.680	54.499	0.000	-157.244
1196.000	122.752	55.230	0.000	-168.653
1198.000	122.810	55.192	0.000	-170.254
1200.000	122.658	54.226	0.000	174.836
1202.000	122.797	54.923	0.000	169.808
1204.000	122.760	53.676	0.000	162.567
1206.000	122.690	53.213	0.000	153.770
1208.000	122.776	53.007	0.000	144.827
1210.000	122.779	52.399	0.000	143.694
1212.000	122.662	51.166	0.000	130.578
1214.000	122.817	51.481	0.000	128.201
1216.000	122.726	49.755	0.000	123.996
1218.000	122.694	49.410	0.000	113.808
1220.000	122.813	48.666	0.000	113.727
1222.000	122.706	47.358	0.000	108.709
1224.000	122.711	46.523	0.000	105.051
1226.000	122.810	46.272	0.000	106.513
1228.000	122.690	44.938	0.000	106.888
1230.000	122.730	45.125	0.000	104.689
1232.000	122.805	45.189	0.000	109.476
1234.000	122.666	44.686	0.000	105.365
1236.000	122.772	45.899	0.000	105.035
1238.000	122.759	45.491	0.000	103.806
1240.000	122.693	45.992	0.000	98.134
1242.000	122.754	46.495	0.000	91.633
1244.000	122.777	46.919	0.000	90.063
1246.000	122.660	46.348	0.000	77.159
1248.000	122.801	47.216	0.000	73.856
1250.000	122.726	45.907	0.000	68.976
1252.000	122.690	46.107	0.000	59.153
1254.000	122.796	45.958	0.000	57.145
1256.000	122.708	45.428	0.000	51.444
1258.000	122.699	45.516	0.000	42.654
1260.000	122.805	45.755	0.000	39.532
1262.000	122.678	44.835	0.000	31.613
1264.000	122.728	45.094	0.000	20.249
1266.000	122.801	44.859	0.000	18.651
1268.000	122.650	43.505	0.000	5.684
1270.000	122.786	43.582	0.000	1.925
1272.000	122.737	42.030	0.000	-3.125
1274.000	122.683	41.199	0.000	-9.268
1276.000	122.775	40.625	0.000	-13.757
1278.000	122.736	39.676	0.000	-12.211
1280.000	122.676	38.533	0.000	-19.021
1282.000	122.798	38.733	0.000	-16.225
1284.000	122.696	37.315	0.000	-17.223
1286.000	122.714	37.557	0.000	-19.329
1288.000	122.776	37.169	0.000	-17.255
1290.000	122.693	36.903	0.000	-18.249
1292.000	122.717	37.139	0.000	-22.786
1294.000	122.786	37.482	0.000	-20.326
1296.000	122.658	37.106	0.000	-25.119
1298.000	122.761	38.092	0.000	-29.595
1300.000	122.756	38.147	0.000	-28.221
1302.000	122.662	38.241	0.000	-39.357
1304.000	122.784	39.018	0.000	-39.394
1306.000	122.715	38.813	0.000	-47.323
1308.000	122.683	39.074	0.000	-54.390
1310.000	122.787	39.892	0.000	-62.017
1312.000	122.691	39.276	0.000	-67.471
1314.000	122.709	39.894	0.000	-83.102
1316.000	122.785	39.785	0.000	-85.631
1318.000	122.666	38.851	0.000	-101.106
1320.000	122.742	38.891	0.000	-109.171
1322.000	122.757	37.830	0.000	-117.222
1324.000	122.667	36.754	0.000	-127.898
1326.000	122.757	36.419	0.000	-135.728
1328.000	122.744	35.259	0.000	-140.116
1330.000	122.653	33.938	0.000	-150.229
1332.000	122.809	33.690	0.000	-151.870
1334.000	122.674	31.789	0.000	-156.271
1336.000	122.715	31.512	0.000	-162.386
1338.000	122.769	30.414	0.000	-161.952
1340.000	122.672	29.344	0.000	-166.195
1342.000	122.730	28.700	0.000	-169.527
1344.000	122.765	28.357	0.000	-170.583
1346.000	122.649	27.072	0.000	-174.725
1348.000	122.784	27.564	0.000	-176.153
1350.000	122.705	25.945	0.000	-175.724
1352.000	122.687	25.999	0.000	178.082
1354.000	122.772	25.540	0.000	178.803
1356.000	122.690	25.196	0.000	176.006
1358.000	122.701	25.160	0.000	172.373
1360.000	122.777	24.585	0.000	171.507
1362.000	122.658	23.711	0.000	166.639
1364.000	122.746	23.782	0.000	165.997
1366.000	122.746	23.336	0.000	169.627
1368.000	122.655	23.297	0.000	161.503
1370.000	122.782	23.382	0.000	163.088
1372.000	122.696	22.255	0.000	158.734
1374.000	122.686	22.409	0.000	154.964
1376.000	122.787	22.759	0.000	149.605
1378.000	122.660	22.002	0.000	147.969
1380.000	122.738	22.412	0.000	142.023
1382.000	122.749	21.990	0.000	144.956
1384.000	122.662	21.451	0.000	133.936
1386.000	122.761	21.538	0.000	134.135
1388.000	122.715	21.163	0.000	127.896
1390.000	122.680	21.266	0.000	119.529
1392.000	122.765	20.856	0.000	117.825
1394.000	122.697	19.823	0.000	119.133
1396.000	122.694	19.424	0.000	108.980
1398.000	122.780	19.424	0.000	111.103
1400.000	122.647	17.996	0.000	106.526
1402.000	122.758	18.120	0.000	102.215
1404.000	122.726	17.053	0.000	103.276
1406.000	122.666	17.246	0.000	102.554
1408.000	122.774	17.780	0.000	101.619
1410.000	122.692	17.901	0.000	102.073
1412.000	122.694	17.571	0.000	90.998
1414.000	122.774	17.711	0.000	99.334
1416.000	122.658	17.327	0.000	91.208
1418.000	122.742	18.048	0.000	82.766
1420.000	122.734	18.087	0.000	90.167
1422.000	122.669	18.186	0.000	85.281
1424.000	122.755	19.197	0.000	71.883
1426.000	122.715	18.566	0.000	66.183
1428.000	122.667	18.251	0.000	55.448
1430.000	122.796	18.468	0.000	51.955
1432.000	122.649	17.137	0.000	42.935
1434.000	122.743	16.647	0.000	41.909
1436.000	122.739	15.895	0.000	44.061
1438.000	122.658	15.672	0.000	33.802
1440.000	122.769	15.734	0.000	33.439
1442.000	122.699	14.710	0.000	36.710
1444.000	122.684	13.475	0.000	28.063
1446.000	122.776	13.764	0.000	31.423
1448.000	122.657	13.762	0.000	27.164
1450.000	122.739	12.756	0.000	23.754
1452.000	122.733	12.482	0.000	24.108
1454.000	122.669	13.445	0.000	23.393
1456.000	122.752	14.161	0.000	11.503
1458.000	122.711	13.203	0.000	13.491
1460.000	122.674	12.714	0.000	16.846
1462.000	122.782	13.033	0.000	17.277
1464.000	122.653	12.287	0.000	24.171
1466.000	122.744	12.853	0.000	15.829
1468.000	122.724	12.691	0.000	6.151
1470.000	122.674	12.598	0.000	1.683
1472.000	122.756	12.346	0.000	-2.305
1474.000	122.697	11.827	0.000	-1.469
1476.000	122.702	11.032	0.000	-12.798
1478.000	122.756	12.085	0.000	-6.848
1480.000	122.669	11.322	0.000	-10.960
1482.000	122.736	10.996	0.000	-15.301
1484.000	122.728	11.258	0.000	-18.469
1486.000	122.673	11.576	0.000	-34.969
1488.000	122.760	11.224	0.000	-26.016
1490.000	122.690	9.763	0.000	-12.363
1492.000	122.705	10.000	0.000	-17.249
1494.000	122.760	10.126	0.000	-25.628
1496.000	122.656	11.955	0.000	-45.470
1498.000	122.761	11.753	0.000	-43.945
1500.000	122.702	10.079	0.000	-62.623
1502.000	122.687	10.587	0.000	-53.819
1504.000	122.765	11.310	0.000	-55.293
1506.000	122.673	10.359	0.000	-57.842
1508.000	122.728	10.842	0.000	-58.784
1510.000	122.742	9.965	0.000	-51.013
1512.000	122.664	10.570	0.000	-36.110
1514.000	122.762	11.246	0.000	-45.594
1516.000	122.697	11.389	0.000	-47.064
1518.000	122.691	10.564	0.000	-53.998
1520.000	122.773	10.806	0.000	-71.032
1522.000	122.650	10.283	0.000	-63.933
1524.000	122.761	9.607	0.000	-65.491
1526.000	122.704	10.507	0.000	-51.595
1528.000	122.702	10.213	0.000	-50.550
1530.000	122.746	8.772	0.000	-61.365
1532.000	122.694	10.001	0.000	-78.260
1534.000	122.714	10.987	0.000	-82.290
1536.000	122.748	9.945	0.000	-65.592
1538.000	122.666	10.287	0.000	-63.501
1540.000	122.767	11.117	0.000	-61.887
1542.000	122.690	11.483	0.000	-70.865
1544.000	122.708	11.128	0.000	-78.930
1546.000	122.755	11.242	0.000	-61.775
1548.000	122.665	10.956	0.000	-91.995
1550.000	122.751	10.164	0.000	-106.264
1552.000	122.716	10.575	0.000	-78.352
1554.000	122.686	10.271	0.000	-86.191
1556.000	122.770	11.283	0.000	-89.305
1558.000	122.670	11.355	0.000	-100.070
1560.000	122.741	10.454	0.000	-99.044
1562.000	122.729	10.333	0.000	-112.613
1564.000	122.677	10.472	0.000	-113.089
1566.000	122.765	11.185	0.000	-101.250
1568.000	122.686	11.266	0.000	-84.278
1570.000	122.720	11.433	0.000	-104.275
1572.000	122.752	11.487	0.000	-111.914
1574.000	122.669	9.665	0.000	-115.836
1576.000	122.765	9.812	0.000	-113.174
1578.000	122.693	10.010	0.000	-107.338
1580.000	122.711	9.740	0.000	-104.939
1582.000	122.755	10.456	0.000	-113.980
1584.000	122.672	10.697	0.000	-115.066
1586.000	122.758	10.284	0.000	-116.700
1588.000	122.710	10.822	0.000	-132.220
1590.000	122.699	10.877	0.000	-147.502
1592.000	122.760	10.590	0.000	-144.830
1594.000	122.678	11.944	0.000	-134.443
1596.000	122.746	11.418	0.000	-136.135
1598.000	122.727	10.691	0.000	-136.223
1600.000	122.689	11.027	0.000	-145.209
1602.000	122.767	10.900	0.000	-155.368
1604.000	122.682	10.825	0.000	-137.803
1606.000	122.740	11.216	0.000	-144.382
1608.000	122.731	11.036	0.000	-136.959
1610.000	122.689	11.407	0.000	-132.222
1612.000	122.762	10.690	0.000	-146.261
1614.000	122.696	11.110	0.000	-167.916
1616.000	122.719	10.799	0.000	-173.378
1618.000	122.761	11.317	0.000	176.480
1620.000	122.665	11.547	0.000	-161.541
1622.000	122.779	10.794	0.000	-151.047
1624.000	122.690	10.150	0.000	-158.163
1626.000	122.725	10.732	0.000	-175.009
1628.000	122.753	11.463	0.000	177.685
1630.000	122.678	11.035	0.000	166.319
1632.000	122.767	11.185	0.000	176.621
1634.000	122.705	10.155	0.000	177.841
1636.000	122.712	10.722	0.000	165.715
1638.000	122.764	11.005	0.000	177.135
1640.000	122.672	9.676	0.000	-173.638
1642.000	122.770	11.061	0.000	179.186
1644.000	122.703	9.913	0.000	-179.285
1646.000	122.720	10.200	0.000	-177.383
1648.000	122.762	10.322	0.000	178.244
1650.000	122.683	10.992	0.000	148.480
1652.000	122.758	11.145	0.000	147.999
1654.000	122.719	10.918	0.000	177.560
1656.000	122.706	11.135	0.000	147.944
1658.000	122.771	10.793	0.000	146.352
1660.000	122.672	10.108	0.000	157.793
1662.000	122.776	10.593	0.000	164.878
1664.000	122.707	11.674	0.000	148.310
1666.000	122.717	11.194	0.000	147.230
1668.000	122.759	10.563	0.000	152.759
1670.000	122.691	10.555	0.000	144.938
1672.000	122.754	10.482	0.000	162.069
1674.000	122.724	9.820	0.000	151.516
1676.000	122.710	10.249	0.000	120.132
1678.000	122.773	9.851	0.000	111.022
1680.000	122.676	9.915	0.000	98.032
1682.000	122.773	10.790	0.000	102.418
1684.000	122.717	10.604	0.000	124.717
1686.000	122.709	10.183	0.000	122.693
1688.000	122.785	9.517	0.000	100.717
1690.000	122.669	9.601	0.000	94.006
1692.000	122.785	10.558	0.000	109.753
1694.000	122.701	10.906	0.000	121.213
1696.000	122.739	10.758	0.000	130.826
1698.000	122.744	10.873	0.000	118.061
1700.000	122.709	10.301	0.000	96.816
1702.000	122.755	9.845	0.000	126.345
1704.000	122.725	10.137	0.000	114.083
1706.000	122.715	9.811	0.000	69.083
1708.000	122.776	10.271	0.000	72.579
1710.000	122.681	10.595	0.000	97.242
1712.000	122.782	10.792	0.000	112.191
1714.000	122.701	10.191	0.000	133.765
1716.000	122.743	9.205	0.000	132.488
1718.000	122.753	9.460	0.000	110.263
1720.000	122.695	9.966	0.000	114.060
1722.000	122.777	9.322	0.000	135.482
1724.000	122.711	9.620	0.000	115.753
1726.000	122.736	10.248	0.000	83.764
1728.000	122.761	10.412	0.000	105.849
1730.000	122.689	10.466	0.000	148.353
1732.000	122.790	10.845	0.000	132.127
1734.000	122.690	9.946	0.000	110.130
1736.000	122.770	10.020	0.000	96.547
1738.000	122.725	10.651	0.000	111.541
1740.000	122.730	10.824	0.000	109.984
1742.000	122.761	10.107	0.000	82.245
1744.000	122.708	10.182	0.000	59.283
1746.000	122.755	10.963	0.000	94.877
1748.000	122.741	11.048	0.000	106.376
1750.000	122.719	10.721	0.000	98.933
1752.000	122.774	9.186	0.000	81.497
1754.000	122.698	8.178	0.000	85.748
1756.000	122.771	9.801	0.000	59.128
1758.000	122.729	9.888	0.000	52.670
1760.000	122.723	10.426	0.000	55.410
1762.000	122.778	10.477	0.000	50.764
1764.000	122.693	10.325	0.000	49.820
1766.000	122.792	10.190	0.000	51.542
1768.000	122.698	9.872	0.000	67.467
1770.000	122.767	9.124	0.000	58.351
1772.000	122.740	9.097	0.000	72.832
1774.000	122.723	10.349	0.000	53.779
1776.000	122.778	10.975	0.000	64.007
1778.000	122.706	9.359	0.000	78.942
1780.000	122.763	9.370	0.000	67.215
1782.000	122.748	10.115	0.000	62.607
1784.000	122.717	10.063	0.000	21.193
1786.000	122.782	8.673	0.000	23.928
1788.000	122.695	8.900	0.000	59.997
1790.000	122.785	9.310	0.000	49.788
1792.000	122.720	10.269	0.000	48.568
1794.000	122.749	10.207	0.000	26.112
1796.000	122.754	9.625	0.000	25.710
1798.000	122.732	8.729	0.000	-32.415
1800.000	122.761	8.184	0.000	-42.952
1802.000	122.736	9.439	0.000	14.661
1804.000	122.737	9.220	0.000	-23.618
1806.000	122.770	10.064	0.000	-2.943
1808.000	122.707	9.864	0.000	27.822
1810.000	122.797	9.800	0.000	49.913
1812.000	122.698	9.483	0.000	6.543
1814.000	122.777	9.484	0.000	-1.538
1816.000	122.738	9.164	0.000	-4.267
1818.000	122.733	9.818	0.000	7.382
1820.000	122.781	9.852	0.000	6.790
1822.000	122.700	9.753	0.000	24.895
1824.000	122.797	10.030	0.000	21.497
1826.000	122.708	10.159	0.000	3.496
1828.000	122.779	8.296	0.000	-10.255
1830.000	122.734	9.304	0.000	-19.410
1832.000	122.743	9.518	0.000	-44.517
1834.000	122.772	9.182	0.000	-56.235
1836.000	122.728	8.951	0.000	20.587
1838.000	122.766	9.178	0.000	-26.502
1840.000	122.747	9.321	0.000	13.433
1842.000	122.736	9.737	0.000	-5.158
1844.000	122.781	10.069	0.000	-18.001
1846.000	122.711	9.352	0.000	-13.680
1848.000	122.788	9.390	0.000	29.188
1850.000	122.723	9.031	0.000	-19.360
1852.000	122.765	7.072	0.000	-15.701
1854.000	122.761	8.579	0.000	-58.450
1856.000	122.729	10.408	0.000	-39.569
1858.000	122.784	9.547	0.000	-40.700
1860.000	122.714	8.819	0.000	-43.244
1862.000	122.790	10.257	0.000	-62.782
1864.000	122.724	10.684	0.000	-53.067
1866.000	122.771	11.041	0.000	-35.220
1868.000	122.750	10.290	0.000	-34.898
1870.000	122.746	10.755	0.000	-55.037
1872.000	122.774	9.325	0.000	-86.660
1874.000	122.731	10.324	0.000	-77.950
1876.000	122.768	11.596	0.000	-62.921
1878.000	122.753	10.768	0.000	-54.885
1880.000	122.746	10.317	0.000	-62.996
1882.000	122.778	10.040	0.000	-65.341
1884.000	122.730	10.429	0.000	-67.978
1886.000	122.771	11.311	0.000	-85.233
1888.000	122.754	11.425	0.000	-98.161
1890.000	122.746	11.173	0.000	-103.000
1892.000	122.786	11.309	0.000	-99.795
1894.000	122.716	10.932	0.000	-109.134
1896.000	122.803	10.575	0.000	-99.685
1898.000	122.710	11.889	0.000	-88.183
1900.000	122.804	10.689	0.000	-88.770
1902.000	122.725	12.421	0.000	-103.573
1904.000	122.769	12.569	0.000	-110.138
1906.000	122.768	12.324	0.000	-108.170
1908.000	122.730	12.957	0.000	-107.205
1910.000	122.808	12.857	0.000	-104.624
1912.000	122.702	12.330	0.000	-104.559
1914.000	122.809	11.798	0.000	-112.849
1916.000	122.721	12.380	0.000	-118.442
1918.000	122.782	11.970	0.000	-117.781
1920.000	122.759	12.869	0.000	-114.928
1922.000	122.743	13.629	0.000	-120.195
1924.000	122.785	14.697	0.000	-120.164
1926.000	122.732	15.583	0.000	-129.222
1928.000	122.792	15.892	0.000	-131.187
1930.000	122.733	15.504	0.000	-130.286
1932.000	122.776	16.594	0.000	-134.754
1934.000	122.753	16.606	0.000	-139.208
1936.000	122.760	16.441	0.000	-149.994
1938.000	122.780	17.113	0.000	-149.820
1940.000	122.741	17.028	0.000	-153.636
1942.000	122.777	17.068	0.000	-151.426
1944.000	122.749	17.350	0.000	-164.138
1946.000	122.766	18.274	0.000	-164.807
1948.000	122.772	18.266	0.000	-165.318
1950.000	122.746	18.437	0.000	-172.121
1952.000	122.781	18.751	0.000	-169.203
1954.000	122.743	18.652	0.000	-173.894
1956.000	122.777	19.444	0.000	-176.377
1958.000	122.761	19.690	0.000	177.602
1960.000	122.755	20.123	0.000	170.971
1962.000	122.779	20.497	0.000	168.259
1964.000	122.739	21.044	0.000	160.768
1966.000	122.793	21.926	0.000	157.105
1968.000	122.742	22.836	0.000	149.482
1970.000	122.784	22.915	0.000	145.618
1972.000	122.751	22.813	0.000	137.689
1974.000	122.766	23.351	0.000	135.142
1976.000	122.772	23.411	0.000	128.210
1978.000	122.754	23.777	0.000	119.397
1980.000	122.787	23.758	0.000	115.687
1982.000	122.735	23.648	0.000	109.099
1984.000	122.789	23.887	0.000	102.003
1986.000	122.747	23.797	0.000	92.645
1988.000	122.775	24.286	0.000	87.584
1990.000	122.771	23.702	0.000	83.967
1992.000	122.750	24.279	0.000	76.552
1994.000	122.785	24.102	0.000	71.776
1996.000	122.745	24.430	0.000	65.154
1998.000	122.786	24.121	0.000	61.644
2000.000	122.754	24.270	0.000	54.839
