2000.000	122.819	11.492	0.000	109.290
2.000	122.874	11.521	0.000	92.379
4.000	123.087	11.702	0.000	100.511
6.000	123.106	11.407	0.000	100.211
8.000	122.951	11.081	0.000	87.707
10.000	122.810	11.307	0.000	71.497
12.000	122.913	10.959	0.000	55.970
14.000	123.179	11.786	0.000	76.524
16.000	123.097	11.683	0.000	65.815
18.000	122.764	10.698	0.000	44.359
20.000	122.867	10.632	0.000	60.499
22.000	123.141	9.872	0.000	109.153
24.000	123.065	10.617	0.000	113.077
26.000	122.926	11.930	0.000	-20.307
28.000	122.894	11.427	0.000	23.934
30.000	122.892	11.333	0.000	-15.673
32.000	123.093	11.651	0.000	25.177
34.000	123.155	10.971	0.000	113.247
36.000	122.830	11.170	0.000	28.190
38.000	122.787	10.993	0.000	54.377
40.000	123.127	11.149	0.000	110.101
42.000	123.142	11.517	0.000	96.480
44.000	122.903	11.505	0.000	94.443
46.000	122.839	9.779	0.000	55.943
48.000	122.953	10.063	0.000	-23.379
50.000	123.116	11.979	0.000	-25.243
52.000	123.076	12.250	0.000	40.379
54.000	122.840	12.245	0.000	46.057
56.000	122.861	11.640	0.000	10.845
58.000	123.073	10.878	0.000	9.200
60.000	123.100	10.900	0.000	59.346
62.000	122.975	11.180	0.000	70.739
64.000	122.822	10.265	0.000	64.987
66.000	122.903	10.747	0.000	46.606
68.000	123.193	11.660	0.000	36.850
70.000	123.083	11.080	0.000	73.580
72.000	122.747	10.828	0.000	73.777
74.000	122.921	11.630	0.000	87.112
76.000	123.145	11.735	0.000	37.558
78.000	123.024	10.131	0.000	5.650
80.000	122.940	9.595	0.000	47.055
82.000	122.883	10.174	0.000	45.773
84.000	122.915	11.392	0.000	17.940
86.000	123.165	11.742	0.000	8.621
88.000	123.074	10.454	0.000	50.126
90.000	122.750	11.463	0.000	29.617
92.000	122.922	11.099	0.000	-64.528
94.000	123.168	10.774	0.000	-16.335
96.000	123.046	10.747	0.000	-5.209
98.000	122.870	10.263	0.000	-6.964
100.000	122.858	11.772	0.000	5.704
102.000	123.042	11.042	0.000	-55.220
104.000	123.149	11.310	0.000	-34.674
106.000	122.929	11.629	0.000	-33.020
108.000	122.821	10.965	0.000	-127.003
110.000	123.000	9.650	0.000	-56.896
112.000	123.089	9.844	0.000	-32.883
114.000	123.050	11.245	0.000	-34.186
116.000	122.873	10.650	0.000	-73.578
118.000	122.818	11.385	0.000	-50.208
120.000	123.146	11.318	0.000	-78.541
122.000	123.156	10.972	0.000	-103.645
124.000	122.788	11.619	0.000	157.303
126.000	122.877	12.027	0.000	111.862
128.000	123.110	11.021	0.000	69.779
130.000	123.044	11.893	0.000	-152.821
132.000	122.973	11.682	0.000	-122.762
134.000	122.868	11.783	0.000	-140.108
136.000	122.907	11.822	0.000	-174.689
138.000	123.166	10.548	0.000	139.183
140.000	123.055	10.164	0.000	-27.854
142.000	122.777	11.314	0.000	-15.081
144.000	122.930	11.495	0.000	29.677
146.000	123.134	10.609	0.000	124.212
148.000	123.061	10.242	0.000	-82.818
150.000	122.859	10.982	0.000	-52.934
152.000	122.852	10.005	0.000	97.696
154.000	123.100	9.337	0.000	105.234
156.000	123.107	9.673	0.000	99.480
158.000	122.880	10.824	0.000	-113.244
160.000	122.877	10.762	0.000	-108.314
162.000	122.999	9.832	0.000	-158.865
164.000	123.099	10.006	0.000	-175.705
166.000	123.033	10.918	0.000	165.684
168.000	122.785	10.770	0.000	127.820
170.000	122.935	10.881	0.000	113.013
172.000	123.211	10.985	0.000	137.485
174.000	122.986	11.120	0.000	134.390
176.000	122.791	10.957	0.000	107.281
178.000	122.981	10.896	0.000	107.376
180.000	123.090	10.726	0.000	177.693
182.000	123.035	9.268	0.000	156.169
184.000	122.893	9.132	0.000	114.506
186.000	122.860	10.884	0.000	136.394
188.000	123.069	11.138	0.000	129.375
190.000	123.121	10.748	0.000	121.686
192.000	122.890	11.818	0.000	142.767
194.000	122.819	12.225	0.000	146.240
196.000	123.063	11.793	0.000	131.610
198.000	123.148	12.527	0.000	137.555
200.000	122.890	12.147	0.000	132.621
202.000	122.822	11.623	0.000	94.232
204.000	123.058	11.926	0.000	101.851
206.000	123.095	11.242	0.000	110.122
208.000	122.949	10.608	0.000	95.286
210.000	122.860	11.051	0.000	89.154
212.000	122.946	11.308	0.000	92.711
214.000	123.125	11.815	0.000	91.116
216.000	123.028	11.570	0.000	115.680
218.000	122.799	11.097	0.000	103.945
220.000	122.934	10.533	0.000	57.514
222.000	123.155	10.658	0.000	62.031
224.000	123.021	10.381	0.000	105.258
226.000	122.798	11.870	0.000	92.258
228.000	122.947	12.854	0.000	67.011
230.000	123.128	12.797	0.000	78.188
232.000	122.998	13.121	0.000	89.166
234.000	122.878	12.808	0.000	71.698
236.000	122.904	11.596	0.000	71.608
238.000	123.042	12.878	0.000	89.390
240.000	123.122	13.174	0.000	89.105
242.000	122.857	12.431	0.000	85.164
244.000	122.823	12.232	0.000	63.603
246.000	123.151	13.251	0.000	74.470
248.000	123.068	13.708	0.000	92.069
250.000	122.834	13.089	0.000	82.635
252.000	122.904	12.398	0.000	64.014
254.000	123.052	13.186	0.000	83.113
256.000	123.085	13.378	0.000	92.921
258.000	122.892	13.366	0.000	74.357
260.000	122.848	13.396	0.000	61.510
262.000	123.062	13.184	0.000	67.295
264.000	123.080	13.997	0.000	67.946
266.000	122.925	14.380	0.000	65.800
268.000	122.820	13.578	0.000	69.058
270.000	123.028	13.722	0.000	63.805
272.000	123.171	13.826	0.000	81.156
274.000	122.845	13.226	0.000	78.634
276.000	122.841	13.726	0.000	76.822
278.000	123.107	12.961	0.000	85.524
280.000	123.023	13.143	0.000	102.802
282.000	122.940	13.044	0.000	102.293
284.000	122.866	13.021	0.000	110.042
286.000	122.966	15.064	0.000	122.322
288.000	123.164	17.768	0.000	128.023
290.000	122.906	18.412	0.000	134.925
292.000	122.799	20.781	0.000	127.040
294.000	123.073	24.078	0.000	130.775
296.000	123.090	25.793	0.000	133.074
298.000	122.902	27.144	0.000	126.319
300.000	122.833	30.301	0.000	115.517
302.000	123.045	33.372	0.000	111.725
304.000	123.100	35.328	0.000	104.509
306.000	122.880	36.892	0.000	91.663
308.000	122.877	39.003	0.000	73.944
310.000	123.002	41.321	0.000	59.438
312.000	123.088	42.856	0.000	49.289
314.000	122.950	43.066	0.000	35.795
316.000	122.779	43.938	0.000	11.335
318.000	123.069	46.144	0.000	-4.184
320.000	123.126	46.541	0.000	-11.498
322.000	122.831	45.375	0.000	-29.946
324.000	122.881	46.254	0.000	-54.144
326.000	123.058	46.995	0.000	-61.687
328.000	123.046	46.112	0.000	-71.823
330.000	122.902	45.760	0.000	-87.608
332.000	122.856	45.657	0.000	-99.916
334.000	123.032	45.998	0.000	-114.132
336.000	123.091	46.387	0.000	-120.011
338.000	122.878	44.918	0.000	-127.367
340.000	122.824	44.906	0.000	-149.305
342.000	123.103	46.280	0.000	-153.564
344.000	123.069	45.214	0.000	-155.807
346.000	122.808	44.281	0.000	-172.976
348.000	122.920	45.283	0.000	176.429
350.000	123.069	45.616	0.000	170.225
352.000	123.017	45.428	0.000	161.742
354.000	122.867	44.933	0.000	149.672
356.000	122.880	45.253	0.000	134.638
358.000	123.087	45.858	0.000	126.915
360.000	123.027	45.368	0.000	121.174
362.000	122.830	44.441	0.000	109.955
364.000	122.895	45.112	0.000	95.813
366.000	123.120	46.331	0.000	93.193
368.000	123.005	45.590	0.000	90.583
370.000	122.769	45.500	0.000	70.688
372.000	123.009	47.434	0.000	61.925
374.000	123.077	47.409	0.000	57.125
376.000	122.925	47.233	0.000	41.510
378.000	122.885	47.607	0.000	29.705
380.000	122.911	47.820	0.000	14.348
382.000	123.123	48.905	0.000	4.961
384.000	122.955	48.080	0.000	-0.123
386.000	122.770	47.371	0.000	-22.551
388.000	123.058	49.013	0.000	-33.376
390.000	123.070	48.586	0.000	-36.239
392.000	122.877	47.271	0.000	-52.832
394.000	122.848	47.625	0.000	-69.750
396.000	123.042	47.840	0.000	-77.731
398.000	123.059	47.061	0.000	-86.103
400.000	122.843	45.836	0.000	-97.831
402.000	122.897	45.334	0.000	-110.429
404.000	123.025	45.360	0.000	-117.255
406.000	123.050	44.782	0.000	-119.610
408.000	122.849	43.392	0.000	-127.176
410.000	122.849	43.598	0.000	-140.130
412.000	123.147	44.532	0.000	-141.249
414.000	122.962	43.321	0.000	-143.079
416.000	122.798	42.728	0.000	-159.901
418.000	122.989	43.981	0.000	-167.054
420.000	123.048	43.591	0.000	-170.430
422.000	122.946	42.855	0.000	177.158
424.000	122.834	42.462	0.000	165.852
426.000	122.964	42.089	0.000	152.629
428.000	123.084	42.036	0.000	144.910
430.000	122.911	40.240	0.000	141.035
432.000	122.799	38.494	0.000	122.993
434.000	123.054	39.059	0.000	118.732
436.000	123.066	37.368	0.000	122.074
438.000	122.805	35.087	0.000	111.045
440.000	122.910	35.199	0.000	106.449
442.000	123.049	34.590	0.000	107.692
444.000	122.990	33.693	0.000	105.651
446.000	122.842	32.557	0.000	101.499
448.000	122.902	32.447	0.000	95.433
450.000	123.082	32.623	0.000	96.179
452.000	122.957	31.495	0.000	95.814
454.000	122.809	30.290	0.000	85.665
456.000	122.955	30.990	0.000	80.037
458.000	123.114	31.005	0.000	84.685
460.000	122.859	29.119	0.000	80.332
462.000	122.830	29.175	0.000	67.106
464.000	123.076	29.587	0.000	68.833
466.000	122.970	28.212	0.000	64.765
468.000	122.893	27.883	0.000	56.447
470.000	122.856	27.132	0.000	48.888
472.000	123.042	27.089	0.000	40.034
474.000	123.037	26.282	0.000	41.580
476.000	122.764	23.761	0.000	30.471
478.000	122.964	23.465	0.000	19.974
480.000	123.076	22.507	0.000	23.719
482.000	122.901	20.081	0.000	18.544
484.000	122.818	18.395	0.000	17.520
486.000	123.014	17.994	0.000	23.644
488.000	123.038	16.489	0.000	30.785
490.000	122.845	14.934	0.000	39.269
492.000	122.882	14.546	0.000	51.030
494.000	123.007	15.459	0.000	48.035
496.000	123.031	15.435	0.000	52.836
498.000	122.801	15.119	0.000	60.564
500.000	122.902	16.050	0.000	53.027
502.000	123.112	15.997	0.000	60.917
504.000	122.884	14.532	0.000	68.555
506.000	122.820	14.031	0.000	54.583
508.000	123.009	15.423	0.000	61.063
510.000	123.016	14.963	0.000	76.249
512.000	122.862	14.425	0.000	66.749
514.000	122.864	14.392	0.000	59.400
516.000	123.009	14.892	0.000	52.635
518.000	123.025	14.432	0.000	60.454
520.000	122.786	13.271	0.000	67.066
522.000	122.918	14.471	0.000	49.677
524.000	123.101	14.318	0.000	52.000
526.000	122.858	13.489	0.000	51.396
528.000	122.844	14.827	0.000	41.553
530.000	122.991	14.537	0.000	53.683
532.000	123.018	13.415	0.000	56.278
534.000	122.840	13.768	0.000	64.337
536.000	122.871	14.693	0.000	47.703
538.000	123.035	15.105	0.000	39.860
540.000	122.964	13.542	0.000	46.078
542.000	122.806	12.468	0.000	53.030
544.000	122.920	12.428	0.000	61.350
546.000	123.104	13.344	0.000	57.785
548.000	122.816	13.142	0.000	47.821
550.000	122.860	14.604	0.000	36.397
552.000	123.031	14.169	0.000	41.482
554.000	122.950	12.398	0.000	44.522
556.000	122.855	11.480	0.000	52.080
558.000	122.865	12.876	0.000	35.516
560.000	123.065	14.051	0.000	38.180
562.000	122.914	13.841	0.000	46.517
564.000	122.786	12.840	0.000	37.184
566.000	123.001	12.891	0.000	36.147
568.000	123.026	12.453	0.000	38.189
570.000	122.796	12.325	0.000	39.195
572.000	122.895	12.905	0.000	23.446
574.000	123.032	11.782	0.000	33.745
576.000	122.917	12.181	0.000	29.991
578.000	122.823	12.869	0.000	36.450
580.000	122.932	12.547	0.000	23.473
582.000	123.041	11.896	0.000	16.096
584.000	122.843	11.240	0.000	21.235
586.000	122.826	11.835	0.000	18.670
588.000	123.044	12.665	0.000	17.548
590.000	122.956	12.641	0.000	24.700
592.000	122.765	12.330	0.000	26.526
594.000	122.983	11.605	0.000	19.168
596.000	122.990	11.334	0.000	17.926
598.000	122.867	11.484	0.000	-1.091
600.000	122.841	12.059	0.000	-8.666
602.000	122.978	12.362	0.000	-4.656
604.000	123.011	11.961	0.000	5.572
606.000	122.754	11.182	0.000	-15.548
608.000	122.946	11.840	0.000	-8.333
610.000	123.029	11.842	0.000	2.738
612.000	122.842	11.425	0.000	-13.739
614.000	122.828	11.332	0.000	-20.453
616.000	123.016	11.490	0.000	-3.639
618.000	122.940	10.665	0.000	-3.191
620.000	122.812	9.673	0.000	7.740
622.000	122.905	10.863	0.000	-0.120
624.000	123.014	10.537	0.000	-13.152
626.000	122.883	10.475	0.000	-3.018
628.000	122.782	11.346	0.000	-14.334
630.000	123.038	11.502	0.000	-38.211
632.000	122.945	10.241	0.000	-16.172
634.000	122.775	10.224	0.000	-34.924
636.000	122.942	10.732	0.000	-38.916
638.000	122.995	10.461	0.000	-16.239
640.000	122.847	10.725	0.000	-4.880
642.000	122.838	11.478	0.000	-28.018
644.000	122.968	11.899	0.000	-18.428
646.000	122.985	10.917	0.000	-27.181
648.000	122.751	9.560	0.000	28.707
650.000	122.943	11.050	0.000	49.932
652.000	123.021	12.168	0.000	-7.498
654.000	122.805	10.576	0.000	-41.883
656.000	122.852	10.351	0.000	-54.781
658.000	122.995	10.103	0.000	-18.631
660.000	122.920	9.828	0.000	4.477
662.000	122.789	10.186	0.000	28.398
664.000	122.935	8.704	0.000	75.079
666.000	122.983	9.349	0.000	-41.452
668.000	122.839	9.541	0.000	-21.849
670.000	122.804	9.797	0.000	-142.858
672.000	123.060	9.919	0.000	-30.003
674.000	122.860	10.396	0.000	-10.796
676.000	122.800	9.137	0.000	-31.850
678.000	122.968	9.993	0.000	-38.794
680.000	122.944	10.667	0.000	42.200
682.000	122.816	11.176	0.000	-159.279
684.000	122.858	10.757	0.000	-22.566
686.000	123.002	9.572	0.000	-5.002
688.000	122.876	9.456	0.000	-26.624
690.000	122.768	9.765	0.000	-57.766
692.000	123.009	9.993	0.000	-5.687
694.000	122.928	10.815	0.000	3.102
696.000	122.771	8.945	0.000	-44.715
698.000	122.927	9.344	0.000	-51.256
700.000	122.964	10.437	0.000	-32.916
702.000	122.836	11.109	0.000	-28.898
704.000	122.819	10.073	0.000	-47.261
706.000	122.990	10.417	0.000	-8.403
708.000	122.896	12.129	0.000	-10.207
710.000	122.776	10.925	0.000	-5.284
712.000	122.932	10.470	0.000	-8.939
714.000	122.996	10.719	0.000	-0.545
716.000	122.739	10.382	0.000	15.438
718.000	122.925	9.721	0.000	-16.458
720.000	122.945	10.169	0.000	-28.262
722.000	122.862	11.232	0.000	-79.485
724.000	122.794	10.872	0.000	-2.676
726.000	122.968	9.730	0.000	21.562
728.000	122.928	9.730	0.000	-13.926
730.000	122.755	10.599	0.000	-2.172
732.000	122.922	10.852	0.000	37.573
734.000	122.979	11.215	0.000	53.379
736.000	122.766	10.986	0.000	44.679
738.000	122.874	10.856	0.000	36.012
740.000	122.967	10.227	0.000	45.628
742.000	122.848	11.653	0.000	41.425
744.000	122.795	11.052	0.000	39.267
746.000	122.947	10.935	0.000	27.745
748.000	122.930	11.045	0.000	34.498
750.000	122.756	11.200	0.000	48.521
752.000	122.901	12.572	0.000	47.460
754.000	122.982	12.344	0.000	49.093
756.000	122.760	12.648	0.000	37.302
758.000	122.868	13.646	0.000	33.247
760.000	122.965	13.598	0.000	36.846
762.000	122.833	13.815	0.000	34.533
764.000	122.804	14.457	0.000	36.234
766.000	122.926	15.519	0.000	32.647
768.000	122.944	16.198	0.000	34.799
770.000	122.727	16.160	0.000	24.996
772.000	122.930	17.379	0.000	31.437
774.000	122.943	17.537	0.000	34.544
776.000	122.771	18.403	0.000	22.990
778.000	122.852	19.836	0.000	24.432
780.000	122.968	20.185	0.000	25.203
782.000	122.813	20.864	0.000	22.538
784.000	122.804	21.678	0.000	20.155
786.000	122.932	23.080	0.000	20.914
788.000	122.908	23.349	0.000	22.887
790.000	122.735	23.544	0.000	14.303
792.000	122.932	25.030	0.000	12.725
794.000	122.931	25.509	0.000	18.604
796.000	122.744	25.795	0.000	10.793
798.000	122.888	27.839	0.000	9.037
800.000	122.935	28.295	0.000	10.883
802.000	122.801	29.105	0.000	4.312
804.000	122.808	30.112	0.000	2.815
806.000	122.947	31.816	0.000	0.169
808.000	122.867	32.266	0.000	3.995
810.000	122.737	33.403	0.000	-8.540
812.000	122.968	35.703	0.000	-4.848
814.000	122.870	35.733	0.000	-6.558
816.000	122.754	37.354	0.000	-16.641
818.000	122.901	39.208	0.000	-17.738
820.000	122.916	40.484	0.000	-21.480
822.000	122.770	41.605	0.000	-30.298
824.000	122.837	43.848	0.000	-41.132
826.000	122.946	45.494	0.000	-47.012
828.000	122.806	45.929	0.000	-58.876
830.000	122.775	47.223	0.000	-79.651
832.000	122.974	48.560	0.000	-87.128
834.000	122.816	47.429	0.000	-96.820
836.000	122.766	47.904	0.000	-115.990
838.000	122.940	48.335	0.000	-117.674
840.000	122.849	47.628	0.000	-127.191
842.000	122.778	47.795	0.000	-135.321
844.000	122.857	48.283	0.000	-144.359
846.000	122.945	48.909	0.000	-145.611
848.000	122.728	48.110	0.000	-155.065
850.000	122.866	49.969	0.000	-166.384
852.000	122.936	50.211	0.000	-166.002
854.000	122.762	49.943	0.000	177.443
856.000	122.812	51.314	0.000	165.726
858.000	122.943	51.611	0.000	156.480
860.000	122.792	51.259	0.000	141.339
862.000	122.790	51.061	0.000	122.210
864.000	122.903	51.051	0.000	107.460
866.000	122.873	49.540	0.000	96.757
868.000	122.716	47.360	0.000	75.235
870.000	122.938	46.517	0.000	62.157
872.000	122.864	43.742	0.000	56.043
874.000	122.737	39.334	0.000	36.631
876.000	122.885	35.440	0.000	26.658
878.000	122.888	28.328	0.000	49.992
880.000	122.758	29.425	0.000	161.088
882.000	122.828	34.741	0.000	161.240
884.000	122.923	38.406	0.000	160.126
886.000	122.769	39.351	0.000	155.378
888.000	122.791	42.615	0.000	141.675
890.000	122.956	43.965	0.000	144.384
892.000	122.757	44.285	0.000	128.678
894.000	122.792	46.067	0.000	116.834
896.000	122.913	46.884	0.000	107.552
898.000	122.813	46.589	0.000	96.221
900.000	122.758	46.459	0.000	80.016
902.000	122.893	46.585	0.000	71.721
904.000	122.860	45.666	0.000	66.470
906.000	122.716	44.416	0.000	54.865
908.000	122.906	45.029	0.000	48.557
910.000	122.868	43.741	0.000	49.967
912.000	122.723	42.614	0.000	36.144
914.000	122.875	42.878	0.000	34.995
916.000	122.870	41.596	0.000	32.229
918.000	122.751	40.771	0.000	24.624
920.000	122.818	40.012	0.000	17.018
922.000	122.908	39.402	0.000	11.662
924.000	122.749	36.704	0.000	4.015
926.000	122.797	33.302	0.000	-24.861
928.000	122.929	29.968	0.000	-61.315
930.000	122.739	34.069	0.000	164.293
932.000	122.798	40.013	0.000	144.833
934.000	122.897	43.524	0.000	127.709
936.000	122.782	45.479	0.000	111.011
938.000	122.766	47.343	0.000	89.953
940.000	122.887	48.886	0.000	79.352
942.000	122.820	48.682	0.000	68.769
944.000	122.720	48.994	0.000	51.927
946.000	122.920	50.295	0.000	45.844
948.000	122.802	49.536	0.000	41.841
950.000	122.739	50.086	0.000	24.291
952.000	122.882	50.800	0.000	22.630
954.000	122.824	50.057	0.000	12.362
956.000	122.740	50.019	0.000	3.271
958.000	122.840	50.099	0.000	-6.238
960.000	122.876	50.155	0.000	-6.539
962.000	122.702	48.987	0.000	-16.826
964.000	122.864	50.295	0.000	-22.963
966.000	122.857	49.413	0.000	-22.789
968.000	122.725	48.856	0.000	-37.005
970.000	122.828	49.053	0.000	-41.368
972.000	122.871	48.200	0.000	-45.095
974.000	122.728	46.963	0.000	-50.722
976.000	122.812	46.586	0.000	-53.725
978.000	122.872	46.273	0.000	-49.224
980.000	122.747	45.361	0.000	-47.232
982.000	122.776	46.549	0.000	-48.974
984.000	122.913	47.327	0.000	-42.318
986.000	122.713	47.143	0.000	-50.179
988.000	122.805	48.860	0.000	-55.715
990.000	122.864	48.942	0.000	-57.412
992.000	122.757	48.889	0.000	-67.618
994.000	122.763	49.083	0.000	-75.148
996.000	122.880	49.520	0.000	-80.486
998.000	122.767	48.541	0.000	-81.649
1000.000	122.734	48.544	0.000	-94.179
1002.000	122.915	49.004	0.000	-88.287
1004.000	122.734	47.533	0.000	-93.421
1006.000	122.766	48.352	0.000	-96.653
1008.000	122.867	48.490	0.000	-96.392
1010.000	122.772	48.359	0.000	-98.649
1012.000	122.738	48.688	0.000	-106.328
1014.000	122.869	49.452	0.000	-106.789
1016.000	122.787	48.919	0.000	-108.974
1018.000	122.708	48.997	0.000	-117.564
1020.000	122.902	50.216	0.000	-116.782
1022.000	122.757	49.337	0.000	-116.995
1024.000	122.740	50.487	0.000	-126.300
1026.000	122.863	51.017	0.000	-123.901
1028.000	122.777	51.157	0.000	-131.899
1030.000	122.728	51.606	0.000	-138.946
1032.000	122.852	52.558	0.000	-146.810
1034.000	122.800	52.276	0.000	-148.406
1036.000	122.699	52.035	0.000	-162.996
1038.000	122.887	53.099	0.000	-163.725
1040.000	122.763	51.898	0.000	-167.637
1042.000	122.729	52.502	0.000	-178.262
1044.000	122.853	52.858	0.000	-179.328
1046.000	122.779	52.694	0.000	174.261
1048.000	122.725	52.821	0.000	164.638
1050.000	122.838	53.669	0.000	157.841
1052.000	122.803	53.129	0.000	153.330
1054.000	122.693	52.699	0.000	138.299
1056.000	122.876	53.283	0.000	132.011
1058.000	122.765	51.779	0.000	127.756
1060.000	122.724	50.862	0.000	113.552
1062.000	122.845	50.378	0.000	115.769
1064.000	122.776	48.679	0.000	115.129
1066.000	122.721	48.473	0.000	117.127
1068.000	122.828	49.372	0.000	118.139
1070.000	122.804	49.842	0.000	122.097
1072.000	122.684	50.318	0.000	109.484
1074.000	122.874	51.864	0.000	109.154
1076.000	122.756	50.987	0.000	102.058
1078.000	122.723	51.695	0.000	90.155
1080.000	122.837	51.936	0.000	84.993
1082.000	122.773	51.549	0.000	77.360
1084.000	122.713	51.258	0.000	65.355
1086.000	122.834	51.465	0.000	59.094
1088.000	122.783	50.572	0.000	54.183
1090.000	122.688	49.918	0.000	41.732
1092.000	122.873	50.488	0.000	37.725
1094.000	122.738	48.797	0.000	33.240
1096.000	122.728	48.376	0.000	20.278
1098.000	122.838	47.607	0.000	20.473
1100.000	122.749	46.007	0.000	14.851
1102.000	122.719	44.986	0.000	13.259
1104.000	122.841	44.693	0.000	15.663
1106.000	122.749	44.040	0.000	22.106
1108.000	122.712	44.737	0.000	17.702
1110.000	122.862	46.002	0.000	22.632
1112.000	122.714	45.593	0.000	14.944
1114.000	122.741	46.856	0.000	7.247
1116.000	122.837	47.011	0.000	2.894
1118.000	122.721	46.908	0.000	-5.103
1120.000	122.738	47.279	0.000	-16.959
1122.000	122.834	47.879	0.000	-21.938
1124.000	122.720	47.021	0.000	-32.108
1126.000	122.739	47.314	0.000	-48.041
1128.000	122.846	47.421	0.000	-53.620
1130.000	122.691	45.748	0.000	-66.797
1132.000	122.768	46.113	0.000	-80.051
1134.000	122.815	44.948	0.000	-85.067
1136.000	122.712	43.963	0.000	-100.019
1138.000	122.744	43.122	0.000	-113.158
1140.000	122.841	42.850	0.000	-123.467
1142.000	122.678	40.480	0.000	-137.185
1144.000	122.787	39.910	0.000	-159.254
1146.000	122.807	37.759	0.000	-166.058
1148.000	122.685	34.478	0.000	165.818
1150.000	122.789	32.558	0.000	147.148
1152.000	122.795	28.988	0.000	127.734
1154.000	122.689	25.101	0.000	93.749
1156.000	122.784	23.240	0.000	59.087
1158.000	122.803	22.422	0.000	27.262
1160.000	122.664	22.467	0.000	-2.663
1162.000	122.827	23.371	0.000	-15.916
1164.000	122.758	23.340	0.000	-33.591
1166.000	122.689	23.821	0.000	-53.246
1168.000	122.821	24.141	0.000	-66.538
1170.000	122.738	23.760	0.000	-85.230
1172.000	122.705	23.586	0.000	-104.304
1174.000	122.814	24.102	0.000	-124.354
1176.000	122.739	24.926	0.000	-139.706
1178.000	122.702	26.340	0.000	-167.836
1180.000	122.832	28.498	0.000	-178.142
1182.000	122.702	29.062	0.000	164.286
1184.000	122.733	31.260	0.000	147.481
1186.000	122.808	32.356	0.000	139.050
1188.000	122.709	33.201	0.000	128.833
1190.000	122.726	34.787	0.000	116.264
1192.000	122.822	36.061	0.000	113.052
1194.000	122.682	36.163	0.000	104.736
1196.000	122.754	37.871	0.000	95.589
1198.000	122.813	38.843	0.000	97.144
1200.000	122.659	39.442	0.000	86.539
1202.000	122.799	41.534	0.000	86.165
1204.000	122.763	42.204	0.000	80.562
1206.000	122.691	43.563	0.000	73.015
1208.000	122.778	45.353	0.000	63.001
1210.000	122.782	46.211	0.000	59.765
1212.000	122.663	46.812	0.000	42.393
1214.000	122.819	48.377	0.000	37.503
1216.000	122.728	47.876	0.000	28.644
1218.000	122.695	48.916	0.000	14.981
1220.000	122.815	49.205	0.000	11.101
1222.000	122.708	49.056	0.000	1.444
1224.000	122.711	49.383	0.000	-7.953
1226.000	122.813	50.040	0.000	-11.970
1228.000	122.691	49.395	0.000	-18.617
1230.000	122.731	50.104	0.000	-27.912
1232.000	122.808	50.364	0.000	-28.623
1234.000	122.668	49.942	0.000	-38.040
1236.000	122.773	51.092	0.000	-42.257
1238.000	122.762	50.596	0.000	-45.757
1240.000	122.693	50.983	0.000	-52.232
1242.000	122.756	51.449	0.000	-58.061
1244.000	122.780	51.992	0.000	-58.417
1246.000	122.660	51.977	0.000	-69.137
1248.000	122.804	53.444	0.000	-70.813
1250.000	122.728	52.965	0.000	-76.839
1252.000	122.690	54.079	0.000	-88.051
1254.000	122.799	54.585	0.000	-93.026
1256.000	122.711	54.578	0.000	-102.601
1258.000	122.700	55.017	0.000	-115.087
1260.000	122.809	55.422	0.000	-121.137
1262.000	122.679	54.600	0.000	-131.448
1264.000	122.730	54.974	0.000	-144.144
1266.000	122.804	54.843	0.000	-146.261
1268.000	122.651	53.792	0.000	-160.096
1270.000	122.788	54.192	0.000	-164.577
1272.000	122.741	52.963	0.000	-170.979
1274.000	122.684	52.538	0.000	-178.174
1276.000	122.777	52.362	0.000	175.245
1278.000	122.739	51.712	0.000	174.254
1280.000	122.676	50.950	0.000	164.413
1282.000	122.800	51.397	0.000	164.527
1284.000	122.699	50.113	0.000	160.720
1286.000	122.714	50.418	0.000	155.204
1288.000	122.779	49.984	0.000	154.326
1290.000	122.695	49.664	0.000	151.209
1292.000	122.717	49.839	0.000	145.423
1294.000	122.790	50.078	0.000	146.206
1296.000	122.660	49.505	0.000	140.002
1298.000	122.762	50.444	0.000	134.534
1300.000	122.760	50.479	0.000	134.762
1302.000	122.663	50.585	0.000	122.251
1304.000	122.786	51.297	0.000	120.978
1306.000	122.718	50.907	0.000	111.360
1308.000	122.684	50.981	0.000	102.754
1310.000	122.789	51.522	0.000	93.591
1312.000	122.694	50.618	0.000	87.882
1314.000	122.710	50.638	0.000	71.924
1316.000	122.787	50.170	0.000	70.092
1318.000	122.668	48.774	0.000	56.438
1320.000	122.744	48.518	0.000	50.556
1322.000	122.759	47.318	0.000	45.044
1324.000	122.669	46.162	0.000	37.482
1326.000	122.760	45.649	0.000	32.169
1328.000	122.745	44.494	0.000	30.964
1330.000	122.655	43.340	0.000	22.993
1332.000	122.811	43.277	0.000	22.855
1334.000	122.676	41.632	0.000	20.311
1336.000	122.718	41.458	0.000	14.820
1338.000	122.772	40.550	0.000	16.413
1340.000	122.674	39.638	0.000	11.998
1342.000	122.733	39.188	0.000	9.371
1344.000	122.767	38.956	0.000	9.656
1346.000	122.650	37.880	0.000	4.897
1348.000	122.787	38.442	0.000	3.455
1350.000	122.707	36.965	0.000	3.806
1352.000	122.688	36.837	0.000	-1.832
1354.000	122.775	36.244	0.000	-0.777
1356.000	122.691	35.498	0.000	-3.443
1358.000	122.702	35.273	0.000	-8.087
1360.000	122.781	34.973	0.000	-6.625
1362.000	122.659	34.104	0.000	-9.871
1364.000	122.748	34.406	0.000	-12.545
1366.000	122.750	33.932	0.000	-9.699
1368.000	122.656	33.544	0.000	-17.198
1370.000	122.785	33.652	0.000	-14.976
1372.000	122.699	32.881	0.000	-20.735
1374.000	122.687	32.752	0.000	-23.292
1376.000	122.790	32.897	0.000	-26.407
1378.000	122.663	31.982	0.000	-29.886
1380.000	122.739	32.296	0.000	-37.299
1382.000	122.751	31.388	0.000	-35.910
1384.000	122.664	30.447	0.000	-45.679
1386.000	122.763	30.155	0.000	-46.099
1388.000	122.717	28.904	0.000	-48.009
1390.000	122.682	28.247	0.000	-50.671
1392.000	122.767	28.315	0.000	-48.777
1394.000	122.698	27.281	0.000	-46.189
1396.000	122.696	27.094	0.000	-48.995
1398.000	122.783	27.367	0.000	-44.404
1400.000	122.647	26.960	0.000	-48.627
1402.000	122.760	28.077	0.000	-48.915
1404.000	122.728	27.777	0.000	-50.361
1406.000	122.666	28.036	0.000	-54.811
1408.000	122.777	28.806	0.000	-59.956
1410.000	122.694	28.561	0.000	-60.418
1412.000	122.694	28.941	0.000	-72.035
1414.000	122.776	29.290	0.000	-73.713
1416.000	122.660	28.510	0.000	-88.156
1418.000	122.743	29.002	0.000	-96.237
1420.000	122.736	28.455	0.000	-103.208
1422.000	122.670	27.807	0.000	-114.435
1424.000	122.758	27.691	0.000	-125.017
1426.000	122.716	26.610	0.000	-132.732
1428.000	122.668	25.236	0.000	-144.011
1430.000	122.798	24.756	0.000	-149.671
1432.000	122.651	23.219	0.000	-160.400
1434.000	122.744	22.815	0.000	-168.399
1436.000	122.741	21.431	0.000	-174.873
1438.000	122.659	20.351	0.000	178.038
1440.000	122.771	19.603	0.000	171.762
1442.000	122.701	18.044	0.000	167.248
1444.000	122.686	17.610	0.000	156.550
1446.000	122.778	17.249	0.000	156.362
1448.000	122.659	16.407	0.000	145.747
1450.000	122.740	15.967	0.000	140.173
1452.000	122.735	15.094	0.000	136.607
1454.000	122.670	13.925	0.000	140.154
1456.000	122.755	13.289	0.000	124.153
1458.000	122.713	12.923	0.000	107.616
1460.000	122.676	14.061	0.000	97.410
1462.000	122.785	13.698	0.000	98.084
1464.000	122.655	13.687	0.000	90.471
1466.000	122.745	14.036	0.000	74.035
1468.000	122.727	13.158	0.000	66.993
1470.000	122.675	11.730	0.000	53.702
1472.000	122.758	11.663	0.000	53.395
1474.000	122.698	11.928	0.000	65.049
1476.000	122.704	12.250	0.000	45.780
1478.000	122.759	13.265	0.000	42.133
1480.000	122.670	13.190	0.000	43.087
1482.000	122.738	12.354	0.000	33.663
1484.000	122.730	12.198	0.000	28.145
1486.000	122.673	12.148	0.000	32.800
1488.000	122.763	11.447	0.000	10.862
1490.000	122.691	11.554	0.000	10.695
1492.000	122.706	11.516	0.000	3.405
1494.000	122.762	11.355	0.000	2.805
1496.000	122.658	12.255	0.000	4.561
1498.000	122.762	12.739	0.000	-17.013
1500.000	122.704	12.597	0.000	-16.524
1502.000	122.689	12.642	0.000	-2.061
1504.000	122.767	12.612	0.000	-8.929
1506.000	122.673	12.391	0.000	-13.991
1508.000	122.730	12.531	0.000	-29.261
1510.000	122.744	11.404	0.000	-23.814
1512.000	122.664	12.411	0.000	-20.739
1514.000	122.764	12.759	0.000	-27.028
1516.000	122.700	12.139	0.000	-46.330
1518.000	122.691	11.822	0.000	-56.370
1520.000	122.775	11.694	0.000	-61.698
1522.000	122.652	11.845	0.000	-56.354
1524.000	122.763	11.813	0.000	-69.382
1526.000	122.705	11.772	0.000	-59.292
1528.000	122.703	11.310	0.000	-49.211
1530.000	122.749	10.686	0.000	-49.031
1532.000	122.694	10.835	0.000	-64.155
1534.000	122.716	10.537	0.000	-75.932
1536.000	122.752	10.575	0.000	-61.036
1538.000	122.666	10.707	0.000	-57.796
1540.000	122.767	10.712	0.000	-63.218
1542.000	122.693	9.572	0.000	-95.893
1544.000	122.708	10.750	0.000	-75.657
1546.000	122.756	10.562	0.000	-70.993
1548.000	122.666	10.447	0.000	-69.378
1550.000	122.754	9.226	0.000	-84.770
1552.000	122.716	10.300	0.000	-80.833
1554.000	122.686	11.018	0.000	-71.425
1556.000	122.773	10.011	0.000	-81.309
1558.000	122.671	9.091	0.000	-119.616
1560.000	122.740	10.052	0.000	-139.703
1562.000	122.731	9.601	0.000	-102.706
1564.000	122.679	10.065	0.000	-93.424
1566.000	122.766	9.755	0.000	-99.093
1568.000	122.687	9.128	0.000	67.320
1570.000	122.723	9.345	0.000	-4.178
1572.000	122.754	9.455	0.000	178.870
1574.000	122.667	9.932	0.000	-113.344
1576.000	122.767	10.100	0.000	-87.683
1578.000	122.696	9.578	0.000	-108.315
1580.000	122.710	9.434	0.000	-136.167
1582.000	122.756	9.575	0.000	-47.178
1584.000	122.674	8.316	0.000	-45.873
1586.000	122.759	9.561	0.000	-98.481
1588.000	122.710	10.210	0.000	-37.304
1590.000	122.700	10.643	0.000	-33.618
1592.000	122.764	10.723	0.000	33.832
1594.000	122.677	10.277	0.000	-74.367
1596.000	122.746	10.124	0.000	-125.358
1598.000	122.730	8.855	0.000	-131.698
1600.000	122.690	9.378	0.000	-108.900
1602.000	122.767	9.121	0.000	-112.340
1604.000	122.683	9.358	0.000	-15.361
1606.000	122.743	9.216	0.000	15.970
1608.000	122.732	8.715	0.000	58.639
1610.000	122.687	9.732	0.000	104.331
1612.000	122.766	9.572	0.000	172.273
1614.000	122.698	8.814	0.000	-111.309
1616.000	122.718	8.545	0.000	-57.262
1618.000	122.762	9.090	0.000	-10.335
1620.000	122.667	9.932	0.000	-57.564
1622.000	122.781	9.514	0.000	-80.562
1624.000	122.689	9.559	0.000	33.460
1626.000	122.726	7.559	0.000	92.948
1628.000	122.756	9.806	0.000	25.419
1630.000	122.677	10.766	0.000	0.547
1632.000	122.767	9.509	0.000	-0.038
1634.000	122.708	8.728	0.000	-14.786
1636.000	122.713	9.734	0.000	9.455
1638.000	122.764	9.676	0.000	5.831
1640.000	122.671	10.214	0.000	-10.557
1642.000	122.773	9.988	0.000	-17.641
1644.000	122.704	9.748	0.000	-30.809
1646.000	122.718	10.415	0.000	-34.432
1648.000	122.764	10.621	0.000	-120.526
1650.000	122.685	10.375	0.000	-89.808
1652.000	122.758	10.557	0.000	-9.692
1654.000	122.718	10.289	0.000	-3.243
1656.000	122.707	9.654	0.000	-43.792
1658.000	122.773	10.730	0.000	-15.558
1660.000	122.671	9.811	0.000	-20.112
1662.000	122.775	10.863	0.000	-40.365
1664.000	122.710	9.963	0.000	-16.649
1666.000	122.718	10.077	0.000	-27.731
1668.000	122.759	10.734	0.000	-60.214
1670.000	122.690	9.375	0.000	-71.978
1672.000	122.757	9.713	0.000	-65.000
1674.000	122.724	10.107	0.000	-48.342
1676.000	122.709	8.510	0.000	-87.840
1678.000	122.774	7.910	0.000	-61.701
1680.000	122.677	9.766	0.000	-68.569
1682.000	122.773	11.166	0.000	-80.783
1684.000	122.717	9.954	0.000	-42.920
1686.000	122.710	10.303	0.000	-102.211
1688.000	122.787	10.231	0.000	-129.712
1690.000	122.668	9.997	0.000	-100.861
1692.000	122.785	10.552	0.000	-103.646
1694.000	122.702	10.194	0.000	-85.063
1696.000	122.740	9.027	0.000	-98.600
1698.000	122.744	9.445	0.000	-122.310
1700.000	122.707	9.841	0.000	-123.741
1702.000	122.757	9.693	0.000	-139.627
1704.000	122.726	10.771	0.000	-120.662
1706.000	122.715	10.634	0.000	-112.680
1708.000	122.777	10.012	0.000	-115.554
1710.000	122.682	9.382	0.000	-113.668
1712.000	122.783	8.604	0.000	-86.209
1714.000	122.701	9.755	0.000	-94.616
1716.000	122.742	10.474	0.000	-124.113
1718.000	122.755	10.979	0.000	-122.475
1720.000	122.695	9.096	0.000	-68.401
1722.000	122.777	9.209	0.000	-122.191
1724.000	122.711	10.234	0.000	-133.479
1726.000	122.736	10.669	0.000	-172.042
1728.000	122.762	10.225	0.000	-123.251
1730.000	122.688	9.237	0.000	-137.702
1732.000	122.791	9.587	0.000	-154.613
1734.000	122.690	9.784	0.000	-154.035
1736.000	122.771	9.657	0.000	-120.016
1738.000	122.726	9.882	0.000	-108.560
1740.000	122.729	9.717	0.000	-159.727
1742.000	122.762	10.421	0.000	-162.720
1744.000	122.707	11.075	0.000	-130.746
1746.000	122.756	10.552	0.000	-179.028
1748.000	122.741	10.431	0.000	155.212
1750.000	122.719	9.947	0.000	140.730
1752.000	122.774	10.132	0.000	-104.112
1754.000	122.698	9.824	0.000	-90.977
1756.000	122.771	9.975	0.000	-170.808
1758.000	122.729	9.204	0.000	173.064
1760.000	122.722	8.252	0.000	125.567
1762.000	122.780	8.998	0.000	-164.417
1764.000	122.692	9.950	0.000	-135.027
1766.000	122.791	10.835	0.000	176.916
1768.000	122.697	10.214	0.000	-173.429
1770.000	122.767	9.838	0.000	-155.729
1772.000	122.741	9.599	0.000	-143.355
1774.000	122.722	9.146	0.000	-152.116
1776.000	122.778	10.278	0.000	-135.805
1778.000	122.707	10.624	0.000	153.907
1780.000	122.764	9.107	0.000	159.387
1782.000	122.748	8.622	0.000	91.676
1784.000	122.715	9.284	0.000	165.080
1786.000	122.783	9.711	0.000	-91.249
1788.000	122.696	9.564	0.000	-53.759
1790.000	122.785	9.285	0.000	-143.131
1792.000	122.718	9.157	0.000	-5.156
1794.000	122.749	9.885	0.000	20.838
1796.000	122.756	10.416	0.000	-100.859
1798.000	122.731	10.322	0.000	-120.518
1800.000	122.760	9.100	0.000	-88.157
1802.000	122.735	8.355	0.000	-85.016
1804.000	122.739	8.988	0.000	-102.648
1806.000	122.771	10.444	0.000	-121.253
1808.000	122.705	9.847	0.000	-128.831
1810.000	122.796	10.696	0.000	-80.937
1812.000	122.699	9.816	0.000	-57.949
1814.000	122.778	8.931	0.000	-55.774
1816.000	122.737	8.820	0.000	-104.628
1818.000	122.730	9.030	0.000	-125.078
1820.000	122.782	9.190	0.000	-134.351
1822.000	122.702	8.937	0.000	-120.828
1824.000	122.797	9.129	0.000	-88.763
1826.000	122.705	9.891	0.000	-99.513
1828.000	122.778	9.821	0.000	-114.115
1830.000	122.737	10.437	0.000	-45.518
1832.000	122.743	10.066	0.000	-74.289
1834.000	122.770	9.363	0.000	-140.240
1836.000	122.726	10.745	0.000	-125.719
1838.000	122.767	10.089	0.000	-132.391
1840.000	122.749	9.918	0.000	-99.778
1842.000	122.734	9.714	0.000	-123.141
1844.000	122.779	10.514	0.000	-126.796
1846.000	122.710	10.259	0.000	-122.029
1848.000	122.791	9.107	0.000	-110.137
1850.000	122.723	10.000	0.000	-78.338
1852.000	122.761	10.621	0.000	-96.723
1854.000	122.759	10.893	0.000	-84.439
1856.000	122.730	8.995	0.000	-102.332
1858.000	122.787	10.009	0.000	-119.186
1860.000	122.711	10.695	0.000	-146.006
1862.000	122.787	10.027	0.000	-129.925
1864.000	122.724	9.744	0.000	-118.961
1866.000	122.774	8.159	0.000	-116.545
1868.000	122.750	9.173	0.000	-118.162
1870.000	122.741	10.113	0.000	-109.373
1872.000	122.772	10.139	0.000	-122.221
1874.000	122.733	10.889	0.000	-134.129
1876.000	122.770	10.377	0.000	-100.598
1878.000	122.751	9.839	0.000	-106.383
1880.000	122.741	9.360	0.000	-116.973
1882.000	122.778	10.468	0.000	-134.864
1884.000	122.733	10.957	0.000	-164.725
1886.000	122.772	11.263	0.000	-146.903
1888.000	122.750	11.204	0.000	-131.810
1890.000	122.743	10.771	0.000	-140.801
1892.000	122.788	11.509	0.000	-132.560
1894.000	122.719	11.374	0.000	-138.452
1896.000	122.803	10.949	0.000	-142.964
1898.000	122.704	11.090	0.000	-146.757
1900.000	122.802	12.524	0.000	-151.910
1902.000	122.727	11.232	0.000	-138.606
1904.000	122.770	9.857	0.000	-137.228
1906.000	122.766	10.879	0.000	-158.974
1908.000	122.725	11.460	0.000	-176.567
1910.000	122.808	11.747	0.000	-161.942
1912.000	122.705	12.367	0.000	-169.955
1914.000	122.810	12.972	0.000	-178.746
1916.000	122.717	12.527	0.000	-176.597
1918.000	122.778	13.092	0.000	-173.526
1920.000	122.760	12.467	0.000	-171.464
1922.000	122.745	12.105	0.000	168.533
1924.000	122.785	12.381	0.000	155.869
1926.000	122.727	12.043	0.000	141.930
1928.000	122.790	11.897	0.000	140.349
1930.000	122.734	11.374	0.000	147.898
1932.000	122.778	11.751	0.000	150.624
1934.000	122.752	12.226	0.000	151.090
1936.000	122.754	12.752	0.000	145.348
1938.000	122.778	12.283	0.000	137.653
1940.000	122.742	12.629	0.000	129.827
1942.000	122.779	12.020	0.000	126.831
1944.000	122.746	11.921	0.000	118.598
1946.000	122.762	12.942	0.000	124.779
1948.000	122.771	13.025	0.000	130.063
1950.000	122.747	12.134	0.000	110.588
1952.000	122.783	13.270	0.000	107.716
1954.000	122.740	13.318	0.000	106.674
1956.000	122.773	13.024	0.000	97.211
1958.000	122.759	13.454	0.000	95.765
1960.000	122.757	12.971	0.000	86.607
1962.000	122.780	12.002	0.000	80.337
1964.000	122.736	12.104	0.000	55.801
1966.000	122.790	12.579	0.000	62.595
1968.000	122.740	12.840	0.000	58.537
1970.000	122.786	12.794	0.000	43.729
1972.000	122.751	13.520	0.000	34.375
1974.000	122.764	13.773	0.000	31.755
1976.000	122.769	13.890	0.000	23.817
1978.000	122.752	13.923	0.000	14.657
1980.000	122.788	13.788	0.000	8.726
1982.000	122.735	14.813	0.000	4.263
1984.000	122.787	15.573	0.000	-10.123
1986.000	122.743	15.869	0.000	-21.270
1988.000	122.773	17.499	0.000	-25.752
1990.000	122.771	17.564	0.000	-33.575
1992.000	122.750	17.719	0.000	-46.290
1994.000	122.784	17.531	0.000	-55.440
1996.000	122.742	18.067	0.000	-66.577
1998.000	122.785	18.560	0.000	-75.283
2000.000	122.752	19.473	0.000	-84.490
