2000.000	122.823	11.120	0.000	1.979
2.000	122.877	10.379	0.000	-39.871
4.000	123.089	10.806	0.000	-28.838
6.000	123.109	11.600	0.000	-6.745
8.000	122.956	10.274	0.000	168.868
10.000	122.813	10.702	0.000	-160.849
12.000	122.914	11.736	0.000	-16.307
14.000	123.182	10.848	0.000	76.056
16.000	123.103	10.270	0.000	28.323
18.000	122.767	10.576	0.000	51.531
20.000	122.868	10.037	0.000	153.142
22.000	123.144	10.152	0.000	-29.519
24.000	123.069	10.297	0.000	14.146
26.000	122.930	11.979	0.000	-54.580
28.000	122.897	11.434	0.000	-21.563
30.000	122.894	11.187	0.000	-20.685
32.000	123.095	10.952	0.000	1.290
34.000	123.160	10.089	0.000	6.715
36.000	122.834	10.346	0.000	18.206
38.000	122.788	10.028	0.000	38.741
40.000	123.129	11.573	0.000	-102.124
42.000	123.146	12.170	0.000	-145.131
44.000	122.908	11.691	0.000	24.595
46.000	122.841	12.242	0.000	26.311
48.000	122.955	11.699	0.000	41.812
50.000	123.119	11.897	0.000	91.307
52.000	123.081	11.515	0.000	-6.423
54.000	122.843	11.421	0.000	-22.063
56.000	122.863	10.610	0.000	-10.720
58.000	123.076	11.503	0.000	-46.855
60.000	123.103	11.355	0.000	-39.937
62.000	122.979	11.346	0.000	-60.123
64.000	122.825	11.298	0.000	-35.172
66.000	122.904	10.879	0.000	-24.054
68.000	123.196	10.905	0.000	-20.121
70.000	123.089	11.449	0.000	-45.069
72.000	122.750	11.358	0.000	-92.519
74.000	122.922	10.689	0.000	-95.842
76.000	123.149	11.012	0.000	-92.727
78.000	123.028	10.822	0.000	-66.411
80.000	122.943	10.369	0.000	-62.716
82.000	122.886	10.453	0.000	-101.579
84.000	122.917	11.044	0.000	-67.538
86.000	123.167	10.858	0.000	-65.368
88.000	123.079	11.400	0.000	-61.709
90.000	122.754	11.101	0.000	-31.411
92.000	122.922	11.334	0.000	-77.234
94.000	123.170	11.219	0.000	-51.552
96.000	123.051	11.045	0.000	-46.787
98.000	122.874	10.516	0.000	-89.486
100.000	122.860	9.573	0.000	-128.330
102.000	123.044	11.359	0.000	-123.934
104.000	123.152	11.694	0.000	-84.522
106.000	122.933	10.432	0.000	-85.981
108.000	122.823	11.138	0.000	-76.276
110.000	123.002	11.109	0.000	-82.395
112.000	123.092	9.838	0.000	-92.093
114.000	123.054	10.347	0.000	-103.433
116.000	122.876	11.889	0.000	-120.684
118.000	122.819	12.688	0.000	-107.794
120.000	123.147	13.074	0.000	-98.885
122.000	123.161	11.272	0.000	-107.606
124.000	122.792	11.257	0.000	-96.278
126.000	122.877	12.155	0.000	-120.543
128.000	123.112	12.492	0.000	-122.395
130.000	123.047	10.880	0.000	-111.672
132.000	122.975	10.983	0.000	-89.774
134.000	122.871	11.200	0.000	-106.845
136.000	122.909	12.024	0.000	-135.420
138.000	123.168	12.017	0.000	-141.684
140.000	123.060	12.215	0.000	-102.968
142.000	122.780	12.821	0.000	-112.498
144.000	122.930	12.370	0.000	-142.157
146.000	123.136	11.272	0.000	-162.322
148.000	123.065	11.842	0.000	-166.834
150.000	122.862	12.007	0.000	-164.051
152.000	122.853	11.228	0.000	-168.852
154.000	123.102	11.545	0.000	-131.648
156.000	123.110	11.891	0.000	-124.832
158.000	122.883	12.238	0.000	-129.108
160.000	122.879	12.092	0.000	-160.831
162.000	123.001	11.872	0.000	-162.463
164.000	123.101	11.587	0.000	-148.030
166.000	123.037	11.971	0.000	-135.485
168.000	122.787	11.596	0.000	-149.417
170.000	122.935	12.064	0.000	170.847
172.000	123.213	12.323	0.000	179.862
174.000	122.991	10.302	0.000	-165.389
176.000	122.793	11.599	0.000	-161.643
178.000	122.981	11.756	0.000	-151.753
180.000	123.093	10.609	0.000	-149.084
182.000	123.038	10.451	0.000	-170.033
184.000	122.896	10.222	0.000	-172.232
186.000	122.862	10.904	0.000	-150.716
188.000	123.069	12.562	0.000	-159.745
190.000	123.124	12.488	0.000	-165.206
192.000	122.894	11.853	0.000	-156.812
194.000	122.819	11.897	0.000	-155.698
196.000	123.063	12.224	0.000	176.041
198.000	123.152	12.484	0.000	-175.589
200.000	122.893	11.650	0.000	-155.612
202.000	122.823	12.299	0.000	-158.341
204.000	123.059	12.632	0.000	-165.115
206.000	123.097	12.002	0.000	-167.283
208.000	122.952	11.996	0.000	-173.338
210.000	122.861	12.850	0.000	-176.200
212.000	122.947	13.370	0.000	-171.723
214.000	123.127	13.511	0.000	-168.198
216.000	123.031	13.500	0.000	-161.655
218.000	122.801	12.936	0.000	-173.911
220.000	122.933	12.719	0.000	-169.651
222.000	123.156	12.789	0.000	-162.806
224.000	123.025	11.222	0.000	-172.778
226.000	122.799	12.376	0.000	-169.429
228.000	122.947	13.584	0.000	-167.712
230.000	123.130	13.577	0.000	-162.661
232.000	123.000	13.057	0.000	-175.817
234.000	122.880	12.516	0.000	175.521
236.000	122.906	12.073	0.000	-173.355
238.000	123.043	13.368	0.000	-159.832
240.000	123.125	14.067	0.000	-154.076
242.000	122.860	13.292	0.000	-159.148
244.000	122.822	13.455	0.000	-168.101
246.000	123.152	14.382	0.000	-153.834
248.000	123.071	14.855	0.000	-150.093
250.000	122.836	14.846	0.000	-157.667
252.000	122.904	16.267	0.000	-161.441
254.000	123.052	16.744	0.000	-151.132
256.000	123.088	16.823	0.000	-151.746
258.000	122.894	16.606	0.000	-154.980
260.000	122.848	17.650	0.000	-160.571
262.000	123.063	19.254	0.000	-158.195
264.000	123.082	20.082	0.000	-159.289
266.000	122.927	20.041	0.000	-155.602
268.000	122.821	21.111	0.000	-160.905
270.000	123.028	23.443	0.000	-162.000
272.000	123.174	24.575	0.000	-154.984
274.000	122.848	23.985	0.000	-157.756
276.000	122.840	25.632	0.000	-167.105
278.000	123.108	27.428	0.000	-162.861
280.000	123.026	27.562	0.000	-162.470
282.000	122.941	28.719	0.000	-168.337
284.000	122.867	30.062	0.000	-169.897
286.000	122.965	31.916	0.000	-174.329
288.000	123.165	33.824	0.000	-173.076
290.000	122.910	33.862	0.000	-172.642
292.000	122.799	35.123	0.000	173.993
294.000	123.072	38.098	0.000	170.845
296.000	123.092	39.062	0.000	173.651
298.000	122.904	39.497	0.000	163.503
300.000	122.833	41.685	0.000	150.794
302.000	123.045	43.730	0.000	145.668
304.000	123.101	44.795	0.000	138.313
306.000	122.882	45.391	0.000	126.560
308.000	122.878	46.355	0.000	111.252
310.000	123.002	47.776	0.000	98.793
312.000	123.090	48.543	0.000	91.974
314.000	122.952	48.059	0.000	83.439
316.000	122.780	48.019	0.000	65.692
318.000	123.069	49.541	0.000	56.207
320.000	123.129	49.612	0.000	55.898
322.000	122.833	48.281	0.000	46.320
324.000	122.880	49.302	0.000	31.230
326.000	123.058	50.373	0.000	29.983
328.000	123.048	49.949	0.000	24.672
330.000	122.903	50.057	0.000	13.233
332.000	122.857	50.235	0.000	4.995
334.000	123.031	50.810	0.000	-5.663
336.000	123.092	51.390	0.000	-8.346
338.000	122.881	50.074	0.000	-12.109
340.000	122.823	50.204	0.000	-29.142
342.000	123.103	51.721	0.000	-29.344
344.000	123.071	50.908	0.000	-27.789
346.000	122.809	50.308	0.000	-40.061
348.000	122.920	51.602	0.000	-46.110
350.000	123.069	52.285	0.000	-48.377
352.000	123.019	52.538	0.000	-53.400
354.000	122.868	52.489	0.000	-62.444
356.000	122.879	53.286	0.000	-75.005
358.000	123.087	54.303	0.000	-81.339
360.000	123.029	54.093	0.000	-86.618
362.000	122.831	53.259	0.000	-97.857
364.000	122.894	53.769	0.000	-112.595
366.000	123.120	54.699	0.000	-115.632
368.000	123.008	53.549	0.000	-117.060
370.000	122.768	52.669	0.000	-134.049
372.000	123.008	54.018	0.000	-139.658
374.000	123.079	53.580	0.000	-140.159
376.000	122.926	53.021	0.000	-150.402
378.000	122.885	53.128	0.000	-157.302
380.000	122.910	53.191	0.000	-167.719
382.000	123.123	54.187	0.000	-173.232
384.000	122.958	53.337	0.000	-175.056
386.000	122.769	52.542	0.000	166.068
388.000	123.057	54.051	0.000	157.353
390.000	123.071	53.488	0.000	156.308
392.000	122.878	51.926	0.000	142.199
394.000	122.847	51.960	0.000	126.900
396.000	123.041	51.862	0.000	119.839
398.000	123.061	50.719	0.000	112.363
400.000	122.844	48.998	0.000	101.082
402.000	122.896	47.725	0.000	88.591
404.000	123.024	46.717	0.000	81.354
406.000	123.050	44.856	0.000	79.565
408.000	122.850	41.610	0.000	76.099
410.000	122.847	39.063	0.000	72.251
412.000	123.147	38.011	0.000	87.354
414.000	122.964	36.147	0.000	111.212
416.000	122.797	37.135	0.000	121.460
418.000	122.988	40.254	0.000	128.353
420.000	123.049	41.511	0.000	131.093
422.000	122.947	42.452	0.000	122.596
424.000	122.834	43.373	0.000	114.114
426.000	122.963	44.092	0.000	102.849
428.000	123.084	45.015	0.000	96.869
430.000	122.913	44.026	0.000	94.013
432.000	122.798	43.290	0.000	76.301
434.000	123.053	44.540	0.000	72.602
436.000	123.067	43.512	0.000	74.775
438.000	122.806	41.952	0.000	62.849
440.000	122.909	42.395	0.000	57.214
442.000	123.049	42.161	0.000	56.800
444.000	122.991	41.442	0.000	54.884
446.000	122.842	40.547	0.000	50.187
448.000	122.901	40.766	0.000	44.340
450.000	123.082	41.249	0.000	45.023
452.000	122.957	40.551	0.000	45.023
454.000	122.810	39.868	0.000	37.492
456.000	122.953	40.942	0.000	30.937
458.000	123.114	41.424	0.000	34.154
460.000	122.861	39.917	0.000	29.261
462.000	122.828	40.609	0.000	15.217
464.000	123.075	41.373	0.000	16.892
466.000	122.971	40.374	0.000	11.391
468.000	122.893	40.352	0.000	2.373
470.000	122.856	40.071	0.000	-4.963
472.000	123.040	40.687	0.000	-14.041
474.000	123.038	40.389	0.000	-14.465
476.000	122.764	38.479	0.000	-27.789
478.000	122.962	39.299	0.000	-41.025
480.000	123.076	38.857	0.000	-39.978
482.000	122.902	36.554	0.000	-48.454
484.000	122.817	35.783	0.000	-61.685
486.000	123.012	35.247	0.000	-63.677
488.000	123.038	33.839	0.000	-65.278
490.000	122.845	32.163	0.000	-70.576
492.000	122.881	31.266	0.000	-77.106
494.000	123.006	30.798	0.000	-77.855
496.000	123.031	29.854	0.000	-74.780
498.000	122.801	27.778	0.000	-79.044
500.000	122.900	27.535	0.000	-86.415
502.000	123.111	27.520	0.000	-81.164
504.000	122.885	25.339	0.000	-79.806
506.000	122.818	24.548	0.000	-89.457
508.000	123.008	24.760	0.000	-86.958
510.000	123.016	23.121	0.000	-81.981
512.000	122.861	21.876	0.000	-84.661
514.000	122.863	21.410	0.000	-87.474
516.000	123.007	20.874	0.000	-88.843
518.000	123.026	20.690	0.000	-83.113
520.000	122.786	18.988	0.000	-85.727
522.000	122.915	19.385	0.000	-94.318
524.000	123.101	19.400	0.000	-88.909
526.000	122.858	17.835	0.000	-90.101
528.000	122.842	17.286	0.000	-92.539
530.000	122.990	17.253	0.000	-83.302
532.000	123.018	16.866	0.000	-89.165
534.000	122.839	15.343	0.000	-97.455
536.000	122.869	15.078	0.000	-101.250
538.000	123.034	15.372	0.000	-96.429
540.000	122.964	14.210	0.000	-89.243
542.000	122.806	13.588	0.000	-101.209
544.000	122.917	14.289	0.000	-97.870
546.000	123.104	14.120	0.000	-85.032
548.000	122.817	12.390	0.000	-94.854
550.000	122.858	12.605	0.000	-92.135
552.000	123.030	12.048	0.000	-81.418
554.000	122.950	11.670	0.000	-91.291
556.000	122.855	11.415	0.000	-91.101
558.000	122.864	10.405	0.000	-108.496
560.000	123.063	10.457	0.000	-114.678
562.000	122.915	11.740	0.000	-122.893
564.000	122.785	10.980	0.000	-140.908
566.000	122.999	10.208	0.000	-107.944
568.000	123.026	10.901	0.000	-95.217
570.000	122.796	9.932	0.000	-58.128
572.000	122.893	9.535	0.000	-171.734
574.000	123.031	10.349	0.000	-147.400
576.000	122.917	10.530	0.000	132.018
578.000	122.821	9.784	0.000	115.296
580.000	122.931	10.472	0.000	117.580
582.000	123.041	11.340	0.000	123.891
584.000	122.843	11.629	0.000	115.836
586.000	122.825	11.339	0.000	125.533
588.000	123.042	11.056	0.000	111.036
590.000	122.957	10.620	0.000	90.594
592.000	122.763	11.095	0.000	96.088
594.000	122.982	13.354	0.000	97.809
596.000	122.990	12.772	0.000	102.790
598.000	122.866	12.234	0.000	85.880
600.000	122.840	13.719	0.000	85.115
602.000	122.977	13.947	0.000	82.725
604.000	123.010	13.674	0.000	89.794
606.000	122.754	13.472	0.000	92.660
608.000	122.944	14.227	0.000	81.529
610.000	123.029	13.808	0.000	85.531
612.000	122.842	13.717	0.000	80.525
614.000	122.826	13.888	0.000	76.217
616.000	123.015	13.988	0.000	80.554
618.000	122.940	14.107	0.000	80.790
620.000	122.811	14.855	0.000	75.849
622.000	122.903	15.579	0.000	72.473
624.000	123.013	16.673	0.000	77.139
626.000	122.883	16.489	0.000	71.192
628.000	122.780	15.846	0.000	66.945
630.000	123.036	16.683	0.000	71.504
632.000	122.945	16.958	0.000	74.007
634.000	122.774	16.123	0.000	62.961
636.000	122.940	17.014	0.000	65.689
638.000	122.995	17.309	0.000	67.194
640.000	122.846	17.470	0.000	60.404
642.000	122.837	17.974	0.000	63.149
644.000	122.965	18.590	0.000	61.002
646.000	122.985	18.459	0.000	65.647
648.000	122.750	17.473	0.000	63.010
650.000	122.941	19.058	0.000	56.510
652.000	123.020	18.901	0.000	62.533
654.000	122.805	17.962	0.000	56.235
656.000	122.850	19.047	0.000	53.024
658.000	122.994	19.342	0.000	56.624
660.000	122.920	19.339	0.000	50.800
662.000	122.787	19.474	0.000	44.798
664.000	122.934	20.239	0.000	43.513
666.000	122.983	20.519	0.000	49.609
668.000	122.839	19.369	0.000	49.384
670.000	122.803	20.038	0.000	39.049
672.000	123.058	21.017	0.000	43.405
674.000	122.860	20.268	0.000	44.835
676.000	122.798	20.875	0.000	36.574
678.000	122.967	21.733	0.000	43.906
680.000	122.944	21.419	0.000	44.598
682.000	122.815	21.323	0.000	41.998
684.000	122.857	21.138	0.000	38.953
686.000	123.000	22.650	0.000	36.292
688.000	122.877	22.433	0.000	41.187
690.000	122.766	21.981	0.000	29.963
692.000	123.007	23.195	0.000	35.013
694.000	122.928	22.477	0.000	40.626
696.000	122.770	22.538	0.000	33.981
698.000	122.925	23.111	0.000	34.045
700.000	122.963	22.956	0.000	31.059
702.000	122.836	22.789	0.000	28.418
704.000	122.817	23.013	0.000	25.120
706.000	122.989	23.496	0.000	29.618
708.000	122.896	23.436	0.000	30.417
710.000	122.776	23.364	0.000	23.967
712.000	122.930	24.791	0.000	23.835
714.000	122.996	24.676	0.000	32.400
716.000	122.738	23.878	0.000	23.585
718.000	122.923	25.371	0.000	22.064
720.000	122.945	25.147	0.000	26.401
722.000	122.861	24.730	0.000	23.092
724.000	122.793	24.964	0.000	20.728
726.000	122.967	26.077	0.000	19.528
728.000	122.927	25.888	0.000	22.919
730.000	122.754	24.868	0.000	16.631
732.000	122.919	26.671	0.000	14.950
734.000	122.979	26.370	0.000	21.931
736.000	122.765	25.667	0.000	13.839
738.000	122.872	26.729	0.000	15.623
740.000	122.966	26.676	0.000	18.818
742.000	122.848	26.816	0.000	17.605
744.000	122.793	26.699	0.000	12.434
746.000	122.946	27.696	0.000	12.760
748.000	122.930	27.556	0.000	16.448
750.000	122.756	27.034	0.000	12.958
752.000	122.898	28.376	0.000	11.376
754.000	122.982	28.824	0.000	18.151
756.000	122.760	27.671	0.000	13.909
758.000	122.866	29.205	0.000	10.193
760.000	122.965	29.056	0.000	15.847
762.000	122.832	28.915	0.000	10.836
764.000	122.803	29.175	0.000	12.102
766.000	122.924	30.203	0.000	10.362
768.000	122.944	30.507	0.000	16.338
770.000	122.726	29.859	0.000	10.130
772.000	122.929	31.513	0.000	9.583
774.000	122.943	31.232	0.000	16.044
776.000	122.771	31.052	0.000	9.277
778.000	122.850	32.381	0.000	8.963
780.000	122.968	32.658	0.000	12.865
782.000	122.812	32.538	0.000	11.704
784.000	122.803	33.073	0.000	9.004
786.000	122.931	34.101	0.000	8.933
788.000	122.908	34.149	0.000	12.503
790.000	122.734	34.295	0.000	6.374
792.000	122.930	35.947	0.000	6.598
794.000	122.932	35.919	0.000	11.925
796.000	122.743	35.904	0.000	4.587
798.000	122.886	37.663	0.000	5.030
800.000	122.935	37.686	0.000	8.951
802.000	122.801	38.083	0.000	4.216
804.000	122.806	38.861	0.000	2.742
806.000	122.945	40.371	0.000	1.177
808.000	122.867	40.594	0.000	5.081
810.000	122.736	41.264	0.000	-5.883
812.000	122.966	43.386	0.000	-2.286
814.000	122.870	42.966	0.000	-2.401
816.000	122.753	44.238	0.000	-11.855
818.000	122.900	45.744	0.000	-12.884
820.000	122.916	46.645	0.000	-16.079
822.000	122.769	47.313	0.000	-24.326
824.000	122.836	48.958	0.000	-34.933
826.000	122.945	50.074	0.000	-40.833
828.000	122.806	49.897	0.000	-51.484
830.000	122.774	50.305	0.000	-69.872
832.000	122.973	51.013	0.000	-75.171
834.000	122.816	49.401	0.000	-81.039
836.000	122.765	49.308	0.000	-96.373
838.000	122.939	49.373	0.000	-95.887
840.000	122.849	48.108	0.000	-103.052
842.000	122.778	47.614	0.000	-108.825
844.000	122.856	47.201	0.000	-114.275
846.000	122.945	47.132	0.000	-111.977
848.000	122.727	45.478	0.000	-114.979
850.000	122.864	46.264	0.000	-119.572
852.000	122.936	45.815	0.000	-111.313
854.000	122.762	44.729	0.000	-114.635
856.000	122.810	45.783	0.000	-113.287
858.000	122.942	46.269	0.000	-109.288
860.000	122.792	46.568	0.000	-111.471
862.000	122.788	47.277	0.000	-117.793
864.000	122.903	48.281	0.000	-120.533
866.000	122.873	47.964	0.000	-120.811
868.000	122.715	47.816	0.000	-129.568
870.000	122.936	49.224	0.000	-129.821
872.000	122.864	48.933	0.000	-127.873
874.000	122.736	49.291	0.000	-139.516
876.000	122.884	50.770	0.000	-141.446
878.000	122.888	50.329	0.000	-145.411
880.000	122.756	50.603	0.000	-154.856
882.000	122.828	50.784	0.000	-161.319
884.000	122.922	51.626	0.000	-165.560
886.000	122.770	50.666	0.000	-169.243
888.000	122.789	51.600	0.000	174.867
890.000	122.956	51.780	0.000	177.003
892.000	122.757	50.214	0.000	163.062
894.000	122.791	50.269	0.000	152.409
896.000	122.913	49.352	0.000	147.342
898.000	122.813	47.565	0.000	142.956
900.000	122.757	45.916	0.000	137.086
902.000	122.892	45.127	0.000	139.773
904.000	122.860	43.785	0.000	146.100
906.000	122.716	42.472	0.000	147.321
908.000	122.904	43.228	0.000	153.121
910.000	122.868	42.391	0.000	164.115
912.000	122.721	42.228	0.000	162.323
914.000	122.874	43.391	0.000	170.178
916.000	122.869	43.292	0.000	175.227
918.000	122.751	43.844	0.000	176.426
920.000	122.817	44.949	0.000	177.977
922.000	122.907	46.383	0.000	-177.546
924.000	122.749	46.542	0.000	-177.180
926.000	122.795	49.013	0.000	175.464
928.000	122.929	50.206	0.000	-179.474
930.000	122.739	50.405	0.000	167.163
932.000	122.797	52.111	0.000	158.860
934.000	122.897	52.417	0.000	151.383
936.000	122.782	52.142	0.000	141.539
938.000	122.765	51.757	0.000	128.171
940.000	122.887	51.645	0.000	123.785
942.000	122.821	50.063	0.000	122.355
944.000	122.719	48.981	0.000	117.532
946.000	122.919	49.534	0.000	123.306
948.000	122.803	48.768	0.000	130.466
950.000	122.738	49.839	0.000	125.404
952.000	122.881	51.110	0.000	130.331
954.000	122.824	51.168	0.000	124.887
956.000	122.740	51.680	0.000	119.361
958.000	122.839	52.207	0.000	112.428
960.000	122.876	52.498	0.000	114.268
962.000	122.702	51.550	0.000	107.590
964.000	122.863	53.060	0.000	106.178
966.000	122.858	52.595	0.000	110.325
968.000	122.725	52.942	0.000	102.004
970.000	122.827	54.061	0.000	101.541
972.000	122.871	54.385	0.000	99.793
974.000	122.728	54.586	0.000	93.903
976.000	122.811	55.677	0.000	87.935
978.000	122.871	56.434	0.000	86.562
980.000	122.748	56.225	0.000	79.740
982.000	122.775	57.508	0.000	68.233
984.000	122.914	58.024	0.000	68.408
986.000	122.713	57.155	0.000	56.423
988.000	122.804	58.196	0.000	48.102
990.000	122.865	57.840	0.000	46.137
992.000	122.757	57.448	0.000	36.933
994.000	122.763	57.533	0.000	30.531
996.000	122.880	58.045	0.000	25.844
998.000	122.768	57.309	0.000	24.369
1000.000	122.733	57.675	0.000	10.226
1002.000	122.915	58.320	0.000	13.441
1004.000	122.735	56.979	0.000	3.893
1006.000	122.765	57.644	0.000	-3.708
1008.000	122.868	57.474	0.000	-7.604
1010.000	122.772	56.932	0.000	-13.062
1012.000	122.738	56.622	0.000	-23.418
1014.000	122.870	56.829	0.000	-26.314
1016.000	122.787	55.743	0.000	-30.055
1018.000	122.708	55.165	0.000	-39.781
1020.000	122.901	55.761	0.000	-40.841
1022.000	122.758	54.222	0.000	-41.681
1024.000	122.739	54.259	0.000	-52.000
1026.000	122.863	53.987	0.000	-49.090
1028.000	122.778	53.067	0.000	-54.316
1030.000	122.728	52.612	0.000	-57.302
1032.000	122.852	52.781	0.000	-60.349
1034.000	122.801	52.059	0.000	-57.265
1036.000	122.698	51.412	0.000	-64.891
1038.000	122.887	52.255	0.000	-60.689
1040.000	122.764	51.006	0.000	-59.884
1042.000	122.728	51.618	0.000	-64.885
1044.000	122.853	52.012	0.000	-61.812
1046.000	122.780	52.000	0.000	-64.003
1048.000	122.725	52.322	0.000	-69.365
1050.000	122.837	53.414	0.000	-72.415
1052.000	122.804	53.198	0.000	-73.999
1054.000	122.693	53.246	0.000	-85.888
1056.000	122.876	54.274	0.000	-89.693
1058.000	122.766	53.269	0.000	-92.886
1060.000	122.723	53.141	0.000	-106.788
1062.000	122.845	53.206	0.000	-106.087
1064.000	122.777	51.936	0.000	-111.409
1066.000	122.721	51.634	0.000	-114.811
1068.000	122.828	51.836	0.000	-118.104
1070.000	122.805	51.675	0.000	-115.056
1072.000	122.685	51.250	0.000	-125.766
1074.000	122.874	52.346	0.000	-124.925
1076.000	122.757	50.999	0.000	-128.918
1078.000	122.723	51.182	0.000	-137.913
1080.000	122.837	51.026	0.000	-139.396
1082.000	122.774	50.347	0.000	-142.513
1084.000	122.713	49.896	0.000	-149.289
1086.000	122.835	50.118	0.000	-151.089
1088.000	122.783	49.332	0.000	-151.941
1090.000	122.688	48.757	0.000	-160.213
1092.000	122.873	49.351	0.000	-160.883
1094.000	122.740	47.749	0.000	-161.764
1096.000	122.728	47.308	0.000	-169.666
1098.000	122.839	46.609	0.000	-164.179
1100.000	122.750	45.381	0.000	-161.272
1102.000	122.720	45.424	0.000	-154.545
1104.000	122.841	46.935	0.000	-147.843
1106.000	122.750	47.554	0.000	-144.012
1108.000	122.712	49.282	0.000	-154.442
1110.000	122.863	50.753	0.000	-153.160
1112.000	122.715	50.294	0.000	-163.238
1114.000	122.740	51.523	0.000	-172.136
1116.000	122.837	51.647	0.000	-176.549
1118.000	122.722	51.537	0.000	175.884
1120.000	122.738	51.836	0.000	165.133
1122.000	122.835	52.369	0.000	161.413
1124.000	122.720	51.461	0.000	153.643
1126.000	122.739	51.668	0.000	141.565
1128.000	122.847	51.786	0.000	140.320
1130.000	122.692	50.366	0.000	132.517
1132.000	122.767	50.966	0.000	125.586
1134.000	122.816	50.168	0.000	126.163
1136.000	122.712	49.812	0.000	120.252
1138.000	122.744	49.835	0.000	116.410
1140.000	122.842	50.657	0.000	116.286
1142.000	122.678	50.049	0.000	110.868
1144.000	122.788	51.599	0.000	102.808
1146.000	122.808	51.447	0.000	102.032
1148.000	122.685	51.561	0.000	87.431
1150.000	122.789	52.421	0.000	80.616
1152.000	122.796	52.220	0.000	72.236
1154.000	122.690	51.997	0.000	59.651
1156.000	122.785	52.369	0.000	48.621
1158.000	122.804	52.037	0.000	42.627
1160.000	122.664	51.122	0.000	28.202
1162.000	122.827	51.697	0.000	19.514
1164.000	122.759	50.545	0.000	14.893
1166.000	122.689	50.070	0.000	-0.565
1168.000	122.822	50.109	0.000	-3.264
1170.000	122.739	48.970	0.000	-12.355
1172.000	122.705	48.672	0.000	-20.317
1174.000	122.814	48.679	0.000	-27.958
1176.000	122.740	48.034	0.000	-30.008
1178.000	122.702	47.692	0.000	-44.383
1180.000	122.833	48.101	0.000	-43.610
1182.000	122.704	46.644	0.000	-52.588
1184.000	122.733	47.148	0.000	-59.380
1186.000	122.809	46.844	0.000	-62.044
1188.000	122.710	46.454	0.000	-67.565
1190.000	122.727	46.852	0.000	-75.994
1192.000	122.824	47.232	0.000	-77.250
1194.000	122.683	46.613	0.000	-85.442
1196.000	122.754	47.453	0.000	-95.475
1198.000	122.814	47.606	0.000	-95.873
1200.000	122.660	46.864	0.000	-109.062
1202.000	122.800	47.810	0.000	-112.384
1204.000	122.765	46.911	0.000	-117.453
1206.000	122.691	46.897	0.000	-124.130
1208.000	122.779	47.305	0.000	-131.277
1210.000	122.784	47.282	0.000	-130.967
1212.000	122.664	46.826	0.000	-142.885
1214.000	122.820	47.812	0.000	-144.148
1216.000	122.730	46.884	0.000	-148.546
1218.000	122.695	47.531	0.000	-158.591
1220.000	122.817	47.618	0.000	-160.015
1222.000	122.709	47.372	0.000	-167.248
1224.000	122.712	47.641	0.000	-174.989
1226.000	122.814	48.310	0.000	-178.579
1228.000	122.692	47.736	0.000	173.836
1230.000	122.732	48.438	0.000	162.102
1232.000	122.809	48.643	0.000	157.902
1234.000	122.669	47.899	0.000	143.258
1236.000	122.774	48.508	0.000	131.486
1238.000	122.764	47.262	0.000	121.149
1240.000	122.694	46.337	0.000	104.751
1242.000	122.757	44.870	0.000	87.686
1244.000	122.781	43.561	0.000	75.727
1246.000	122.661	40.251	0.000	49.896
1248.000	122.805	38.639	0.000	21.760
1250.000	122.730	36.487	0.000	-19.156
1252.000	122.691	38.258	0.000	-69.858
1254.000	122.800	40.834	0.000	-94.481
1256.000	122.712	42.791	0.000	-114.961
1258.000	122.700	44.984	0.000	-134.557
1260.000	122.811	46.622	0.000	-144.130
1262.000	122.680	46.952	0.000	-157.628
1264.000	122.730	48.411	0.000	-172.539
1266.000	122.806	49.007	0.000	-176.119
1268.000	122.651	48.845	0.000	168.276
1270.000	122.789	49.899	0.000	163.054
1272.000	122.742	49.293	0.000	154.929
1274.000	122.684	49.412	0.000	146.539
1276.000	122.779	49.747	0.000	138.934
1278.000	122.740	49.458	0.000	136.895
1280.000	122.677	49.010	0.000	125.992
1282.000	122.802	49.630	0.000	125.324
1284.000	122.700	48.547	0.000	121.228
1286.000	122.715	48.983	0.000	116.043
1288.000	122.781	48.658	0.000	115.838
1290.000	122.696	48.500	0.000	114.172
1292.000	122.718	48.917	0.000	110.343
1294.000	122.792	49.403	0.000	112.810
1296.000	122.661	49.276	0.000	108.350
1298.000	122.763	50.569	0.000	104.365
1300.000	122.762	50.966	0.000	105.524
1302.000	122.663	51.572	0.000	94.045
1304.000	122.788	52.588	0.000	93.131
1306.000	122.719	52.626	0.000	83.908
1308.000	122.685	53.007	0.000	75.929
1310.000	122.791	53.878	0.000	67.127
1312.000	122.695	53.277	0.000	61.675
1314.000	122.711	53.642	0.000	46.605
1316.000	122.789	53.431	0.000	45.237
1318.000	122.669	52.411	0.000	32.189
1320.000	122.744	52.442	0.000	26.719
1322.000	122.761	51.572	0.000	21.539
1324.000	122.669	50.753	0.000	14.205
1326.000	122.761	50.545	0.000	9.238
1328.000	122.747	49.678	0.000	8.029
1330.000	122.655	48.859	0.000	0.635
1332.000	122.812	49.077	0.000	0.805
1334.000	122.678	47.764	0.000	-1.630
1336.000	122.717	47.932	0.000	-6.322
1338.000	122.774	47.311	0.000	-5.035
1340.000	122.675	46.781	0.000	-9.435
1342.000	122.733	46.673	0.000	-12.025
1344.000	122.769	46.680	0.000	-11.589
1346.000	122.651	45.855	0.000	-16.711
1348.000	122.787	46.654	0.000	-17.873
1350.000	122.709	45.468	0.000	-18.207
1352.000	122.689	45.678	0.000	-24.339
1354.000	122.776	45.355	0.000	-23.782
1356.000	122.693	44.801	0.000	-26.742
1358.000	122.703	44.763	0.000	-30.962
1360.000	122.782	44.687	0.000	-29.227
1362.000	122.661	43.956	0.000	-32.656
1364.000	122.749	44.482	0.000	-35.388
1366.000	122.751	44.189	0.000	-32.768
1368.000	122.657	44.151	0.000	-40.475
1370.000	122.787	44.541	0.000	-38.148
1372.000	122.699	44.036	0.000	-43.281
1374.000	122.688	44.177	0.000	-46.709
1376.000	122.791	44.634	0.000	-49.872
1378.000	122.663	43.866	0.000	-52.978
1380.000	122.741	44.307	0.000	-61.101
1382.000	122.753	43.698	0.000	-60.445
1384.000	122.664	42.934	0.000	-69.720
1386.000	122.765	42.856	0.000	-70.467
1388.000	122.719	41.860	0.000	-72.327
1390.000	122.682	41.201	0.000	-74.816
1392.000	122.769	41.275	0.000	-74.193
1394.000	122.700	40.510	0.000	-71.750
1396.000	122.696	40.640	0.000	-74.713
1398.000	122.785	40.903	0.000	-70.296
1400.000	122.649	40.436	0.000	-73.304
1402.000	122.760	41.491	0.000	-73.521
1404.000	122.731	41.250	0.000	-74.205
1406.000	122.668	41.572	0.000	-77.230
1408.000	122.777	42.351	0.000	-81.141
1410.000	122.696	42.358	0.000	-81.652
1412.000	122.696	42.972	0.000	-92.588
1414.000	122.777	43.359	0.000	-92.105
1416.000	122.662	42.923	0.000	-103.434
1418.000	122.745	43.418	0.000	-109.626
1420.000	122.737	42.965	0.000	-116.289
1422.000	122.671	42.357	0.000	-125.564
1424.000	122.760	42.215	0.000	-132.307
1426.000	122.717	41.192	0.000	-136.376
1428.000	122.669	40.345	0.000	-145.416
1430.000	122.800	40.203	0.000	-146.737
1432.000	122.651	38.593	0.000	-152.563
1434.000	122.745	38.500	0.000	-156.157
1436.000	122.744	37.260	0.000	-157.154
1438.000	122.659	36.342	0.000	-160.578
1440.000	122.772	36.032	0.000	-163.690
1442.000	122.703	35.068	0.000	-162.085
1444.000	122.686	34.363	0.000	-168.542
1446.000	122.779	34.201	0.000	-165.096
1448.000	122.661	32.867	0.000	-169.158
1450.000	122.741	32.809	0.000	-168.037
1452.000	122.736	31.778	0.000	-169.305
1454.000	122.672	31.268	0.000	-170.742
1456.000	122.756	31.218	0.000	-170.972
1458.000	122.713	30.174	0.000	-170.564
1460.000	122.678	29.570	0.000	-173.613
1462.000	122.787	29.714	0.000	-171.851
1464.000	122.655	28.932	0.000	-172.062
1466.000	122.746	29.108	0.000	-171.598
1468.000	122.729	28.263	0.000	-173.171
1470.000	122.675	27.746	0.000	-174.360
1472.000	122.759	27.687	0.000	-175.080
1474.000	122.701	26.967	0.000	-172.283
1476.000	122.704	26.499	0.000	-176.067
1478.000	122.759	26.335	0.000	-170.947
1480.000	122.672	25.626	0.000	-175.248
1482.000	122.739	25.699	0.000	-175.137
1484.000	122.731	25.215	0.000	-176.514
1486.000	122.675	24.995	0.000	-175.221
1488.000	122.765	24.967	0.000	-174.729
1490.000	122.691	24.420	0.000	-174.995
1492.000	122.707	24.202	0.000	-178.850
1494.000	122.765	23.813	0.000	-175.955
1496.000	122.657	23.304	0.000	179.317
1498.000	122.763	23.465	0.000	-177.684
1500.000	122.707	22.561	0.000	-176.686
1502.000	122.689	22.520	0.000	-178.576
1504.000	122.767	22.328	0.000	-176.430
1506.000	122.676	21.930	0.000	-176.692
1508.000	122.730	22.310	0.000	-179.471
1510.000	122.745	21.738	0.000	-175.534
1512.000	122.666	21.405	0.000	-178.676
1514.000	122.766	21.187	0.000	-175.147
1516.000	122.700	20.784	0.000	-177.383
1518.000	122.692	20.692	0.000	178.369
1520.000	122.778	20.856	0.000	-179.109
1522.000	122.652	20.079	0.000	179.503
1524.000	122.763	20.353	0.000	-179.158
1526.000	122.708	19.889	0.000	-178.773
1528.000	122.703	20.307	0.000	179.962
1530.000	122.749	19.866	0.000	-173.280
1532.000	122.696	19.473	0.000	-174.798
1534.000	122.717	19.448	0.000	-175.133
1536.000	122.751	19.025	0.000	-177.860
1538.000	122.667	18.619	0.000	-179.349
1540.000	122.770	19.242	0.000	-179.025
1542.000	122.693	18.573	0.000	-177.879
1544.000	122.708	19.037	0.000	-178.275
1546.000	122.759	18.900	0.000	-177.379
1548.000	122.667	18.194	0.000	-178.573
1550.000	122.754	18.575	0.000	179.375
1552.000	122.718	17.991	0.000	-179.892
1554.000	122.687	17.842	0.000	175.565
1556.000	122.773	18.220	0.000	178.249
1558.000	122.672	17.808	0.000	-179.465
1560.000	122.743	18.488	0.000	177.591
1562.000	122.732	18.015	0.000	177.576
1564.000	122.678	17.901	0.000	175.609
1566.000	122.768	17.445	0.000	176.179
1568.000	122.689	17.330	0.000	177.958
1570.000	122.722	18.115	0.000	170.020
1572.000	122.756	17.665	0.000	175.498
1574.000	122.669	17.486	0.000	177.539
1576.000	122.767	17.934	0.000	173.628
1578.000	122.696	17.024	0.000	172.880
1580.000	122.712	16.606	0.000	168.429
1582.000	122.758	16.405	0.000	174.583
1584.000	122.673	16.401	0.000	166.804
1586.000	122.760	16.976	0.000	167.337
1588.000	122.713	16.501	0.000	174.671
1590.000	122.699	16.898	0.000	162.603
1592.000	122.765	16.470	0.000	167.197
1594.000	122.679	16.593	0.000	161.075
1596.000	122.747	16.692	0.000	162.977
1598.000	122.729	16.156	0.000	160.757
1600.000	122.691	16.529	0.000	155.285
1602.000	122.769	16.885	0.000	161.915
1604.000	122.683	16.316	0.000	153.385
1606.000	122.743	16.626	0.000	149.604
1608.000	122.734	16.102	0.000	151.855
1610.000	122.688	15.978	0.000	148.912
1612.000	122.765	16.419	0.000	147.527
1614.000	122.700	16.007	0.000	147.057
1616.000	122.720	16.624	0.000	142.302
1618.000	122.763	15.968	0.000	154.431
1620.000	122.666	15.095	0.000	146.683
1622.000	122.783	15.055	0.000	131.281
1624.000	122.690	14.817	0.000	130.202
1626.000	122.725	15.115	0.000	135.708
1628.000	122.758	15.145	0.000	145.546
1630.000	122.679	15.088	0.000	137.495
1632.000	122.767	14.966	0.000	131.982
1634.000	122.707	14.556	0.000	131.466
1636.000	122.714	15.317	0.000	130.664
1638.000	122.766	15.056	0.000	130.418
1640.000	122.670	13.683	0.000	134.188
1642.000	122.773	13.646	0.000	122.687
1644.000	122.706	13.349	0.000	124.245
1646.000	122.719	13.321	0.000	122.274
1648.000	122.764	12.503	0.000	124.886
1650.000	122.685	13.165	0.000	110.384
1652.000	122.760	13.302	0.000	108.822
1654.000	122.718	12.734	0.000	106.009
1656.000	122.706	12.487	0.000	108.228
1658.000	122.775	11.829	0.000	119.881
1660.000	122.672	11.056	0.000	113.323
1662.000	122.775	11.940	0.000	93.692
1664.000	122.710	11.628	0.000	92.647
1666.000	122.719	11.483	0.000	79.018
1668.000	122.760	11.478	0.000	76.610
1670.000	122.690	11.106	0.000	97.734
1672.000	122.757	10.575	0.000	75.645
1674.000	122.726	9.396	0.000	71.555
1676.000	122.708	10.331	0.000	75.165
1678.000	122.774	10.312	0.000	95.560
1680.000	122.678	10.474	0.000	89.772
1682.000	122.775	9.897	0.000	102.787
1684.000	122.717	10.224	0.000	99.779
1686.000	122.709	10.232	0.000	72.204
1688.000	122.789	9.390	0.000	12.173
1690.000	122.669	10.073	0.000	4.653
1692.000	122.784	10.434	0.000	34.101
1694.000	122.702	9.893	0.000	113.178
1696.000	122.741	8.598	0.000	105.546
1698.000	122.745	8.606	0.000	21.445
1700.000	122.707	8.947	0.000	-96.084
1702.000	122.757	8.843	0.000	32.592
1704.000	122.728	9.428	0.000	6.413
1706.000	122.714	9.820	0.000	-25.106
1708.000	122.777	8.460	0.000	-40.076
1710.000	122.682	9.035	0.000	-159.808
1712.000	122.784	9.771	0.000	-110.539
1714.000	122.701	10.119	0.000	-58.559
1716.000	122.742	10.345	0.000	-117.880
1718.000	122.756	10.335	0.000	-103.987
1720.000	122.696	9.285	0.000	-66.875
1722.000	122.777	10.057	0.000	-94.730
1724.000	122.712	10.079	0.000	-106.142
1726.000	122.736	9.566	0.000	-115.184
1728.000	122.764	10.147	0.000	-120.879
1730.000	122.687	11.261	0.000	-129.303
1732.000	122.791	9.526	0.000	-128.263
1734.000	122.691	8.827	0.000	-138.675
1736.000	122.771	9.946	0.000	-140.532
1738.000	122.727	10.116	0.000	-155.659
1740.000	122.728	10.014	0.000	-152.186
1742.000	122.763	9.829	0.000	-158.277
1744.000	122.707	9.786	0.000	-149.306
1746.000	122.756	10.525	0.000	-136.058
1748.000	122.741	11.329	0.000	-135.603
1750.000	122.719	11.186	0.000	-174.049
1752.000	122.775	11.596	0.000	-168.978
1754.000	122.698	10.325	0.000	-155.958
1756.000	122.771	10.010	0.000	-159.888
1758.000	122.730	10.523	0.000	-166.279
1760.000	122.721	11.438	0.000	-176.545
1762.000	122.780	12.261	0.000	-178.181
1764.000	122.692	11.184	0.000	174.083
1766.000	122.791	10.243	0.000	171.667
1768.000	122.698	9.620	0.000	166.803
1770.000	122.766	10.748	0.000	149.985
1772.000	122.742	11.537	0.000	157.304
1774.000	122.721	10.466	0.000	160.395
1776.000	122.778	11.251	0.000	151.112
1778.000	122.707	10.620	0.000	136.238
1780.000	122.764	10.296	0.000	143.030
1782.000	122.748	11.680	0.000	153.805
1784.000	122.714	10.775	0.000	142.110
1786.000	122.784	10.775	0.000	153.807
1788.000	122.696	10.973	0.000	143.848
1790.000	122.785	10.204	0.000	126.523
1792.000	122.718	11.003	0.000	130.569
1794.000	122.749	11.949	0.000	141.636
1796.000	122.757	10.708	0.000	149.251
1798.000	122.730	10.435	0.000	122.609
1800.000	122.760	9.836	0.000	121.217
1802.000	122.735	8.905	0.000	143.829
1804.000	122.739	10.438	0.000	140.696
1806.000	122.771	9.849	0.000	120.733
1808.000	122.704	10.134	0.000	95.003
1810.000	122.797	9.665	0.000	102.602
1812.000	122.699	8.733	0.000	119.031
1814.000	122.778	8.043	0.000	124.451
1816.000	122.736	8.490	0.000	125.052
1818.000	122.729	10.272	0.000	106.448
1820.000	122.783	10.514	0.000	92.236
1822.000	122.701	10.727	0.000	67.709
1824.000	122.796	9.549	0.000	58.042
1826.000	122.704	9.724	0.000	67.922
1828.000	122.778	9.408	0.000	51.391
1830.000	122.737	9.571	0.000	52.786
1832.000	122.742	10.997	0.000	67.043
1834.000	122.769	11.158	0.000	81.854
1836.000	122.726	9.908	0.000	37.802
1838.000	122.767	9.900	0.000	41.513
1840.000	122.748	8.728	0.000	32.545
1842.000	122.732	10.200	0.000	52.950
1844.000	122.779	9.572	0.000	53.139
1846.000	122.710	9.362	0.000	66.609
1848.000	122.791	10.391	0.000	74.018
1850.000	122.721	10.415	0.000	66.334
1852.000	122.760	9.106	0.000	39.466
1854.000	122.760	9.812	0.000	14.277
1856.000	122.730	9.335	0.000	-1.404
1858.000	122.785	8.640	0.000	130.223
1860.000	122.709	10.314	0.000	35.379
1862.000	122.788	10.986	0.000	-13.683
1864.000	122.725	10.722	0.000	-19.283
1866.000	122.772	9.645	0.000	13.806
1868.000	122.748	8.448	0.000	-45.258
1870.000	122.740	9.299	0.000	-65.702
1872.000	122.773	10.233	0.000	-49.160
1874.000	122.733	10.472	0.000	-37.143
1876.000	122.768	9.935	0.000	-42.220
1878.000	122.749	9.439	0.000	-25.451
1880.000	122.742	10.108	0.000	-28.557
1882.000	122.779	10.810	0.000	-46.387
1884.000	122.731	11.722	0.000	-63.821
1886.000	122.769	10.850	0.000	-73.992
1888.000	122.750	11.152	0.000	-55.819
1890.000	122.744	10.592	0.000	-74.382
1892.000	122.788	10.327	0.000	-76.205
1894.000	122.715	11.296	0.000	-81.383
1896.000	122.801	11.144	0.000	-90.947
1898.000	122.705	11.197	0.000	-94.666
1900.000	122.804	11.841	0.000	-91.058
1902.000	122.725	11.487	0.000	-102.009
1904.000	122.767	11.221	0.000	-119.205
1906.000	122.765	11.415	0.000	-129.072
1908.000	122.727	12.237	0.000	-134.680
1910.000	122.808	11.523	0.000	-147.635
1912.000	122.702	10.179	0.000	-144.699
1914.000	122.807	10.382	0.000	-153.878
1916.000	122.718	10.603	0.000	-167.715
1918.000	122.779	11.510	0.000	171.971
1920.000	122.759	11.964	0.000	-179.432
1922.000	122.741	10.026	0.000	-178.217
1924.000	122.783	11.223	0.000	-177.001
1926.000	122.728	10.687	0.000	-176.405
1928.000	122.791	9.990	0.000	174.918
1930.000	122.732	9.745	0.000	167.915
1932.000	122.774	10.578	0.000	166.442
1934.000	122.752	11.122	0.000	165.404
1936.000	122.756	11.429	0.000	165.778
1938.000	122.779	11.723	0.000	161.046
1940.000	122.738	11.720	0.000	153.076
1942.000	122.776	11.732	0.000	144.604
1944.000	122.746	10.928	0.000	157.798
1946.000	122.764	11.826	0.000	156.769
1948.000	122.770	12.488	0.000	150.940
1950.000	122.743	11.921	0.000	138.590
1952.000	122.780	11.664	0.000	131.741
1954.000	122.741	12.556	0.000	126.105
1956.000	122.775	13.636	0.000	119.348
1958.000	122.757	13.495	0.000	110.442
1960.000	122.752	13.674	0.000	102.818
1962.000	122.778	14.319	0.000	98.740
1964.000	122.737	15.455	0.000	91.792
1966.000	122.792	15.085	0.000	91.771
1968.000	122.737	15.826	0.000	70.298
1970.000	122.781	16.394	0.000	63.744
1972.000	122.748	17.122	0.000	53.346
1974.000	122.766	17.977	0.000	46.236
1976.000	122.770	17.982	0.000	39.084
1978.000	122.749	18.383	0.000	27.553
1980.000	122.783	19.075	0.000	19.199
1982.000	122.733	19.084	0.000	8.153
1984.000	122.790	19.602	0.000	3.719
1986.000	122.745	19.515	0.000	-0.177
1988.000	122.770	20.013	0.000	-8.622
1990.000	122.766	20.126	0.000	-13.304
1992.000	122.748	20.593	0.000	-24.661
1994.000	122.786	20.478	0.000	-33.541
1996.000	122.743	21.378	0.000	-41.876
1998.000	122.782	21.580	0.000	-49.289
2000.000	122.746	21.338	0.000	-58.157
