2000.000	122.816	14.627	0.000	-172.486
2.000	122.869	14.898	0.000	-170.056
4.000	123.084	14.827	0.000	-175.544
6.000	123.103	15.064	0.000	-176.642
8.000	122.947	14.839	0.000	-164.799
10.000	122.807	14.222	0.000	-175.135
12.000	122.910	14.451	0.000	174.431
14.000	123.174	15.206	0.000	179.860
16.000	123.095	14.795	0.000	-177.918
18.000	122.763	12.102	0.000	176.273
20.000	122.862	14.010	0.000	171.237
22.000	123.136	14.688	0.000	171.408
24.000	123.063	14.471	0.000	157.710
26.000	122.924	14.493	0.000	157.054
28.000	122.889	13.723	0.000	158.027
30.000	122.888	13.649	0.000	164.285
32.000	123.090	14.461	0.000	154.887
34.000	123.152	13.770	0.000	165.504
36.000	122.827	12.939	0.000	170.834
38.000	122.783	13.308	0.000	145.578
40.000	123.123	13.518	0.000	161.691
42.000	123.138	13.021	0.000	173.608
44.000	122.901	12.747	0.000	166.366
46.000	122.837	12.950	0.000	164.817
48.000	122.948	14.705	0.000	149.335
50.000	123.111	13.901	0.000	149.317
52.000	123.075	13.711	0.000	165.001
54.000	122.837	12.950	0.000	149.498
56.000	122.856	12.576	0.000	148.044
58.000	123.070	13.170	0.000	156.434
60.000	123.097	13.614	0.000	160.554
62.000	122.971	13.425	0.000	166.469
64.000	122.819	13.517	0.000	162.571
66.000	122.900	13.041	0.000	151.332
68.000	123.188	13.617	0.000	151.446
70.000	123.081	13.043	0.000	168.955
72.000	122.746	12.926	0.000	160.847
74.000	122.916	13.256	0.000	147.329
76.000	123.141	13.935	0.000	154.208
78.000	123.022	13.954	0.000	152.858
80.000	122.937	13.440	0.000	157.045
82.000	122.879	12.598	0.000	151.214
84.000	122.911	13.439	0.000	143.755
86.000	123.162	13.680	0.000	148.781
88.000	123.071	14.005	0.000	159.542
90.000	122.748	12.761	0.000	162.721
92.000	122.918	13.183	0.000	154.690
94.000	123.164	13.087	0.000	148.736
96.000	123.043	11.595	0.000	155.035
98.000	122.869	11.850	0.000	160.038
100.000	122.855	13.296	0.000	148.495
102.000	123.037	13.574	0.000	152.321
104.000	123.146	13.098	0.000	150.562
106.000	122.928	12.384	0.000	144.727
108.000	122.817	11.953	0.000	135.414
110.000	122.996	13.658	0.000	131.772
112.000	123.087	14.492	0.000	133.691
114.000	123.047	14.782	0.000	141.635
116.000	122.870	13.536	0.000	147.838
118.000	122.816	12.863	0.000	127.675
120.000	123.141	13.909	0.000	140.360
122.000	123.153	13.853	0.000	141.317
124.000	122.787	12.912	0.000	132.231
126.000	122.873	14.248	0.000	128.515
128.000	123.105	14.806	0.000	134.459
130.000	123.042	15.161	0.000	131.424
132.000	122.971	14.383	0.000	136.136
134.000	122.864	13.907	0.000	122.694
136.000	122.904	13.771	0.000	113.511
138.000	123.164	14.193	0.000	115.141
140.000	123.053	14.706	0.000	123.134
142.000	122.774	14.539	0.000	115.629
144.000	122.927	14.411	0.000	108.364
146.000	123.130	14.469	0.000	111.329
148.000	123.059	14.658	0.000	111.057
150.000	122.858	13.401	0.000	103.403
152.000	122.849	14.206	0.000	97.795
154.000	123.096	14.577	0.000	114.565
156.000	123.105	14.486	0.000	116.993
158.000	122.879	14.161	0.000	104.285
160.000	122.873	14.020	0.000	91.266
162.000	122.996	14.402	0.000	90.994
164.000	123.097	14.841	0.000	88.066
166.000	123.030	14.884	0.000	89.922
168.000	122.783	14.794	0.000	86.837
170.000	122.932	14.068	0.000	77.056
172.000	123.207	14.148	0.000	90.320
174.000	122.985	14.251	0.000	92.465
176.000	122.790	13.554	0.000	83.600
178.000	122.976	13.183	0.000	82.494
180.000	123.086	13.731	0.000	86.142
182.000	123.034	14.078	0.000	79.076
184.000	122.891	13.734	0.000	73.919
186.000	122.856	12.391	0.000	79.636
188.000	123.066	13.855	0.000	71.394
190.000	123.119	14.840	0.000	72.325
192.000	122.888	14.461	0.000	79.578
194.000	122.816	14.318	0.000	73.064
196.000	123.059	13.858	0.000	69.723
198.000	123.145	13.434	0.000	73.477
200.000	122.889	13.283	0.000	67.639
202.000	122.820	12.836	0.000	59.906
204.000	123.053	13.145	0.000	63.998
206.000	123.093	14.005	0.000	57.164
208.000	122.949	13.723	0.000	54.665
210.000	122.856	13.853	0.000	54.641
212.000	122.943	13.901	0.000	50.964
214.000	123.124	13.257	0.000	48.204
216.000	123.026	12.608	0.000	52.120
218.000	122.797	11.497	0.000	49.246
220.000	122.931	11.379	0.000	29.276
222.000	123.151	12.752	0.000	49.718
224.000	123.020	12.862	0.000	63.207
226.000	122.796	12.680	0.000	49.252
228.000	122.943	12.722	0.000	38.581
230.000	123.125	12.918	0.000	54.820
232.000	122.997	12.026	0.000	50.237
234.000	122.876	11.755	0.000	53.050
236.000	122.901	12.895	0.000	55.236
238.000	123.040	12.845	0.000	45.530
240.000	123.120	12.837	0.000	35.607
242.000	122.855	13.473	0.000	46.243
244.000	122.820	13.160	0.000	36.768
246.000	123.148	13.750	0.000	27.950
248.000	123.065	12.371	0.000	18.374
250.000	122.833	11.877	0.000	30.569
252.000	122.901	11.842	0.000	27.170
254.000	123.048	12.340	0.000	30.046
256.000	123.085	12.036	0.000	24.913
258.000	122.891	11.356	0.000	43.342
260.000	122.844	11.118	0.000	38.981
262.000	123.060	12.089	0.000	31.725
264.000	123.078	11.921	0.000	38.851
266.000	122.922	11.482	0.000	35.843
268.000	122.819	10.819	0.000	15.200
270.000	123.025	11.799	0.000	19.005
272.000	123.168	12.062	0.000	38.884
274.000	122.845	10.793	0.000	50.264
276.000	122.838	11.407	0.000	37.248
278.000	123.103	11.351	0.000	38.093
280.000	123.023	11.306	0.000	20.439
282.000	122.939	10.781	0.000	37.751
284.000	122.863	11.552	0.000	28.113
286.000	122.963	12.211	0.000	-3.513
288.000	123.162	12.195	0.000	-25.077
290.000	122.905	10.980	0.000	-46.912
292.000	122.797	10.067	0.000	-158.471
294.000	123.070	11.583	0.000	138.061
296.000	123.087	11.143	0.000	101.722
298.000	122.902	11.363	0.000	124.112
300.000	122.830	12.985	0.000	134.146
302.000	123.041	14.454	0.000	136.562
304.000	123.099	15.227	0.000	119.882
306.000	122.879	16.958	0.000	96.424
308.000	122.874	18.941	0.000	80.692
310.000	123.000	21.879	0.000	67.303
312.000	123.087	24.045	0.000	48.167
314.000	122.948	24.845	0.000	25.339
316.000	122.778	26.163	0.000	-1.212
318.000	123.066	28.809	0.000	-23.126
320.000	123.124	29.638	0.000	-33.467
322.000	122.831	29.265	0.000	-55.372
324.000	122.877	31.545	0.000	-83.050
326.000	123.054	33.268	0.000	-95.104
328.000	123.046	33.542	0.000	-112.302
330.000	122.900	34.266	0.000	-134.272
332.000	122.853	34.969	0.000	-151.711
334.000	123.030	35.944	0.000	-173.987
336.000	123.090	36.744	0.000	173.229
338.000	122.877	35.633	0.000	161.504
340.000	122.821	36.181	0.000	133.919
342.000	123.100	37.927	0.000	126.460
344.000	123.067	37.254	0.000	120.285
346.000	122.807	36.615	0.000	96.339
348.000	122.917	37.673	0.000	80.675
350.000	123.065	37.981	0.000	71.086
352.000	123.017	37.663	0.000	58.728
354.000	122.865	37.032	0.000	42.360
356.000	122.876	37.093	0.000	21.939
358.000	123.085	37.284	0.000	8.142
360.000	123.026	36.283	0.000	-3.430
362.000	122.828	34.365	0.000	-22.022
364.000	122.893	33.105	0.000	-46.861
366.000	123.117	32.152	0.000	-61.566
368.000	123.004	28.594	0.000	-75.434
370.000	122.767	21.987	0.000	-107.290
372.000	123.004	17.423	0.000	155.028
374.000	123.076	20.671	0.000	79.422
376.000	122.924	25.398	0.000	57.317
378.000	122.882	27.449	0.000	38.679
380.000	122.908	29.271	0.000	20.497
382.000	123.121	31.082	0.000	9.819
384.000	122.954	30.410	0.000	5.188
386.000	122.767	29.951	0.000	-15.140
388.000	123.056	32.105	0.000	-23.119
390.000	123.067	31.890	0.000	-22.564
392.000	122.877	30.050	0.000	-36.863
394.000	122.846	30.902	0.000	-48.978
396.000	123.038	31.734	0.000	-52.467
398.000	123.059	30.737	0.000	-57.531
400.000	122.841	30.281	0.000	-63.860
402.000	122.893	30.501	0.000	-73.626
404.000	123.023	31.122	0.000	-80.883
406.000	123.048	30.989	0.000	-83.790
408.000	122.847	30.237	0.000	-94.416
410.000	122.847	30.722	0.000	-112.482
412.000	123.144	31.298	0.000	-116.340
414.000	122.961	29.770	0.000	-121.375
416.000	122.796	28.746	0.000	-144.037
418.000	122.985	29.273	0.000	-156.491
420.000	123.047	28.068	0.000	-164.279
422.000	122.945	26.130	0.000	-178.119
424.000	122.831	24.706	0.000	163.065
426.000	122.961	23.250	0.000	138.472
428.000	123.083	21.892	0.000	113.080
430.000	122.909	19.183	0.000	86.525
432.000	122.796	18.871	0.000	17.980
434.000	123.052	21.071	0.000	-17.264
436.000	123.064	21.419	0.000	-36.092
438.000	122.805	21.306	0.000	-65.986
440.000	122.907	22.329	0.000	-82.025
442.000	123.046	23.153	0.000	-93.780
444.000	122.990	22.962	0.000	-103.353
446.000	122.840	21.741	0.000	-111.060
448.000	122.899	21.813	0.000	-123.035
450.000	123.081	22.178	0.000	-129.020
452.000	122.954	21.176	0.000	-128.910
454.000	122.808	20.202	0.000	-137.578
456.000	122.952	21.399	0.000	-148.263
458.000	123.112	21.835	0.000	-143.971
460.000	122.859	19.889	0.000	-143.785
462.000	122.827	19.681	0.000	-157.348
464.000	123.072	20.636	0.000	-153.895
466.000	122.970	18.875	0.000	-156.555
468.000	122.891	18.082	0.000	-161.489
470.000	122.853	17.509	0.000	-163.930
472.000	123.040	18.594	0.000	-169.055
474.000	123.036	18.419	0.000	-163.372
476.000	122.761	17.298	0.000	-173.210
478.000	122.961	17.966	0.000	-178.593
480.000	123.073	17.280	0.000	-177.665
482.000	122.900	15.400	0.000	174.881
484.000	122.815	16.014	0.000	167.820
486.000	123.009	15.927	0.000	171.163
488.000	123.037	15.235	0.000	170.315
490.000	122.843	14.527	0.000	165.733
492.000	122.878	13.895	0.000	155.808
494.000	123.005	13.189	0.000	161.302
496.000	123.029	12.635	0.000	169.552
498.000	122.798	11.578	0.000	179.501
500.000	122.899	12.785	0.000	166.943
502.000	123.108	12.160	0.000	165.056
504.000	122.883	12.450	0.000	172.920
506.000	122.817	12.190	0.000	160.281
508.000	123.005	11.098	0.000	165.530
510.000	123.015	10.727	0.000	169.917
512.000	122.859	11.906	0.000	168.140
514.000	122.860	12.012	0.000	-178.082
516.000	123.006	11.599	0.000	-158.756
518.000	123.023	11.948	0.000	-147.071
520.000	122.783	11.897	0.000	-156.915
522.000	122.914	12.900	0.000	178.319
524.000	123.098	12.584	0.000	-165.313
526.000	122.857	12.616	0.000	-159.392
528.000	122.841	11.974	0.000	-165.362
530.000	122.987	10.422	0.000	-156.299
532.000	123.018	10.935	0.000	-149.369
534.000	122.837	11.430	0.000	-147.113
536.000	122.867	11.517	0.000	-159.341
538.000	123.033	12.083	0.000	-159.988
540.000	122.961	13.308	0.000	-166.063
542.000	122.804	12.489	0.000	-171.004
544.000	122.916	12.804	0.000	-164.528
546.000	123.101	13.747	0.000	-155.859
548.000	122.815	13.438	0.000	-150.778
550.000	122.856	13.852	0.000	-165.035
552.000	123.027	14.639	0.000	-150.942
554.000	122.950	13.449	0.000	-144.996
556.000	122.852	12.761	0.000	-167.060
558.000	122.862	13.217	0.000	-173.016
560.000	123.063	13.743	0.000	-164.042
562.000	122.912	14.214	0.000	-156.530
564.000	122.783	14.034	0.000	-162.450
566.000	122.998	15.082	0.000	-168.487
568.000	123.023	14.722	0.000	-167.735
570.000	122.795	14.050	0.000	-179.110
572.000	122.891	13.641	0.000	-177.290
574.000	123.028	14.939	0.000	-169.687
576.000	122.916	14.296	0.000	-172.363
578.000	122.818	14.440	0.000	-170.269
580.000	122.929	15.071	0.000	-175.100
582.000	123.039	15.825	0.000	179.859
584.000	122.840	15.077	0.000	177.768
586.000	122.823	14.332	0.000	172.807
588.000	123.039	14.369	0.000	172.926
590.000	122.955	13.823	0.000	173.944
592.000	122.762	14.336	0.000	166.504
594.000	122.979	15.891	0.000	171.468
596.000	122.988	15.666	0.000	170.369
598.000	122.864	16.020	0.000	165.079
600.000	122.837	15.743	0.000	159.328
602.000	122.976	15.794	0.000	152.720
604.000	123.008	15.953	0.000	162.019
606.000	122.751	14.999	0.000	157.964
608.000	122.943	16.457	0.000	149.296
610.000	123.026	16.644	0.000	154.314
612.000	122.841	14.962	0.000	152.632
614.000	122.823	14.966	0.000	137.820
616.000	123.012	15.325	0.000	147.075
618.000	122.939	15.616	0.000	148.687
620.000	122.808	15.424	0.000	142.912
622.000	122.901	14.515	0.000	144.212
624.000	123.012	14.295	0.000	146.826
626.000	122.880	14.366	0.000	139.818
628.000	122.778	14.361	0.000	134.094
630.000	123.034	15.434	0.000	132.948
632.000	122.943	15.791	0.000	139.425
634.000	122.773	14.589	0.000	127.274
636.000	122.936	15.906	0.000	121.302
638.000	122.994	15.289	0.000	121.959
640.000	122.845	14.721	0.000	122.423
642.000	122.834	15.408	0.000	121.381
644.000	122.964	15.214	0.000	120.374
646.000	122.983	15.303	0.000	120.044
648.000	122.747	14.956	0.000	115.103
650.000	122.940	15.354	0.000	108.894
652.000	123.017	14.818	0.000	112.341
654.000	122.803	14.871	0.000	106.642
656.000	122.847	15.970	0.000	105.486
658.000	122.991	15.958	0.000	108.448
660.000	122.919	15.501	0.000	106.099
662.000	122.784	15.273	0.000	102.771
664.000	122.932	14.293	0.000	101.506
666.000	122.981	14.732	0.000	99.925
668.000	122.836	14.733	0.000	98.834
670.000	122.801	14.505	0.000	97.228
672.000	123.055	15.345	0.000	97.881
674.000	122.858	14.932	0.000	92.512
676.000	122.795	14.363	0.000	86.162
678.000	122.963	14.315	0.000	83.572
680.000	122.942	13.973	0.000	81.200
682.000	122.813	14.591	0.000	80.850
684.000	122.853	14.464	0.000	82.462
686.000	122.999	15.145	0.000	74.352
688.000	122.873	13.972	0.000	71.042
690.000	122.764	13.479	0.000	72.363
692.000	123.004	14.123	0.000	82.767
694.000	122.925	13.470	0.000	87.181
696.000	122.768	13.531	0.000	74.614
698.000	122.922	14.072	0.000	76.958
700.000	122.961	13.981	0.000	92.335
702.000	122.833	13.592	0.000	89.683
704.000	122.813	13.489	0.000	85.475
706.000	122.988	13.771	0.000	84.458
708.000	122.893	13.874	0.000	75.226
710.000	122.773	13.645	0.000	75.982
712.000	122.927	13.484	0.000	76.804
714.000	122.993	13.761	0.000	82.071
716.000	122.736	13.242	0.000	72.152
718.000	122.919	14.823	0.000	65.577
720.000	122.943	14.599	0.000	61.535
722.000	122.859	13.695	0.000	52.942
724.000	122.789	14.389	0.000	51.354
726.000	122.965	15.036	0.000	44.436
728.000	122.925	15.568	0.000	56.264
730.000	122.751	13.950	0.000	59.054
732.000	122.917	14.451	0.000	55.190
734.000	122.976	13.954	0.000	63.467
736.000	122.763	13.748	0.000	52.710
738.000	122.868	14.952	0.000	45.747
740.000	122.963	15.299	0.000	42.663
742.000	122.846	14.762	0.000	35.706
744.000	122.789	15.294	0.000	28.233
746.000	122.943	16.161	0.000	32.959
748.000	122.927	15.359	0.000	32.346
750.000	122.752	15.500	0.000	27.444
752.000	122.896	15.744	0.000	23.136
754.000	122.979	16.008	0.000	30.662
756.000	122.758	15.055	0.000	28.645
758.000	122.862	17.048	0.000	12.450
760.000	122.962	16.938	0.000	12.351
762.000	122.830	16.613	0.000	8.677
764.000	122.798	16.298	0.000	5.823
766.000	122.922	16.582	0.000	4.081
768.000	122.941	17.186	0.000	9.705
770.000	122.722	16.216	0.000	-6.337
772.000	122.926	17.978	0.000	-3.821
774.000	122.939	17.376	0.000	1.021
776.000	122.768	17.146	0.000	-2.689
778.000	122.846	18.157	0.000	-3.342
780.000	122.965	18.794	0.000	-3.444
782.000	122.810	18.615	0.000	-4.145
784.000	122.799	18.673	0.000	-10.040
786.000	122.929	19.384	0.000	-4.540
788.000	122.904	19.424	0.000	0.925
790.000	122.731	19.970	0.000	-7.450
792.000	122.926	22.021	0.000	-10.314
794.000	122.928	22.032	0.000	-2.631
796.000	122.740	21.783	0.000	-8.807
798.000	122.882	23.897	0.000	-8.210
800.000	122.932	24.221	0.000	-4.117
802.000	122.798	25.368	0.000	-9.148
804.000	122.802	26.423	0.000	-10.539
806.000	122.943	28.158	0.000	-12.102
808.000	122.864	28.704	0.000	-6.996
810.000	122.732	30.169	0.000	-17.216
812.000	122.963	32.715	0.000	-12.921
814.000	122.867	32.890	0.000	-14.264
816.000	122.750	34.834	0.000	-23.831
818.000	122.896	36.867	0.000	-24.308
820.000	122.914	38.396	0.000	-27.331
822.000	122.766	39.933	0.000	-35.889
824.000	122.832	42.539	0.000	-46.020
826.000	122.942	44.599	0.000	-51.679
828.000	122.802	45.588	0.000	-63.561
830.000	122.770	47.634	0.000	-84.573
832.000	122.969	49.529	0.000	-92.798
834.000	122.813	48.986	0.000	-105.139
836.000	122.761	50.161	0.000	-127.012
838.000	122.935	50.998	0.000	-131.601
840.000	122.846	50.840	0.000	-145.286
842.000	122.773	51.430	0.000	-157.959
844.000	122.853	52.231	0.000	-173.039
846.000	122.942	52.977	0.000	-179.962
848.000	122.723	51.959	0.000	163.910
850.000	122.861	53.228	0.000	144.297
852.000	122.932	52.693	0.000	139.758
854.000	122.759	50.678	0.000	119.908
856.000	122.806	50.100	0.000	107.696
858.000	122.939	48.421	0.000	104.923
860.000	122.789	46.117	0.000	104.435
862.000	122.784	44.957	0.000	110.392
864.000	122.900	46.037	0.000	122.783
866.000	122.869	47.010	0.000	130.955
868.000	122.711	48.915	0.000	123.263
870.000	122.932	51.728	0.000	120.320
872.000	122.861	52.350	0.000	116.202
874.000	122.732	53.576	0.000	95.894
876.000	122.879	55.382	0.000	87.522
878.000	122.885	54.997	0.000	76.768
880.000	122.753	55.132	0.000	60.706
882.000	122.823	55.055	0.000	49.388
884.000	122.919	55.562	0.000	41.763
886.000	122.765	54.321	0.000	36.689
888.000	122.785	55.033	0.000	20.341
890.000	122.952	55.212	0.000	23.323
892.000	122.754	53.997	0.000	11.111
894.000	122.786	54.756	0.000	2.422
896.000	122.908	54.937	0.000	-2.187
898.000	122.810	54.428	0.000	-8.858
900.000	122.752	54.435	0.000	-20.466
902.000	122.888	55.013	0.000	-25.685
904.000	122.856	54.762	0.000	-29.913
906.000	122.712	54.361	0.000	-43.517
908.000	122.900	55.647	0.000	-53.071
910.000	122.864	54.685	0.000	-55.969
912.000	122.718	53.616	0.000	-75.194
914.000	122.869	53.715	0.000	-79.851
916.000	122.866	52.132	0.000	-84.184
918.000	122.746	51.013	0.000	-90.363
920.000	122.812	50.497	0.000	-93.080
922.000	122.904	50.634	0.000	-90.847
924.000	122.744	49.750	0.000	-90.622
926.000	122.792	51.176	0.000	-99.253
928.000	122.924	51.789	0.000	-94.845
930.000	122.736	51.115	0.000	-109.041
932.000	122.792	52.148	0.000	-118.689
934.000	122.893	51.714	0.000	-126.125
936.000	122.778	50.756	0.000	-135.593
938.000	122.760	49.743	0.000	-147.815
940.000	122.883	49.229	0.000	-151.038
942.000	122.816	47.365	0.000	-151.381
944.000	122.714	46.070	0.000	-156.417
946.000	122.914	46.375	0.000	-151.973
948.000	122.799	45.122	0.000	-145.715
950.000	122.734	45.351	0.000	-150.104
952.000	122.876	46.216	0.000	-142.401
954.000	122.821	46.171	0.000	-143.569
956.000	122.735	47.014	0.000	-146.245
958.000	122.835	48.235	0.000	-152.824
960.000	122.872	49.000	0.000	-153.220
962.000	122.697	48.387	0.000	-166.056
964.000	122.858	49.916	0.000	-173.791
966.000	122.853	49.023	0.000	-174.849
968.000	122.721	48.452	0.000	170.971
970.000	122.821	48.652	0.000	167.514
972.000	122.868	48.000	0.000	164.730
974.000	122.723	47.255	0.000	159.310
976.000	122.806	47.588	0.000	154.926
978.000	122.867	47.783	0.000	155.343
980.000	122.743	47.035	0.000	149.850
982.000	122.770	47.798	0.000	139.015
984.000	122.909	47.899	0.000	140.359
986.000	122.709	46.280	0.000	129.965
988.000	122.798	46.662	0.000	123.372
990.000	122.860	45.770	0.000	124.742
992.000	122.752	44.903	0.000	118.519
994.000	122.757	44.703	0.000	114.074
996.000	122.876	44.809	0.000	109.572
998.000	122.762	43.263	0.000	108.255
1000.000	122.729	41.459	0.000	92.720
1002.000	122.909	40.072	0.000	100.218
1004.000	122.730	35.069	0.000	123.459
1006.000	122.759	36.920	0.000	165.915
1008.000	122.863	41.280	0.000	-179.913
1010.000	122.768	44.276	0.000	178.068
1012.000	122.732	47.040	0.000	166.199
1014.000	122.865	49.165	0.000	160.826
1016.000	122.782	49.786	0.000	153.399
1018.000	122.703	50.862	0.000	139.944
1020.000	122.896	52.772	0.000	136.552
1022.000	122.753	52.526	0.000	131.617
1024.000	122.734	54.232	0.000	117.506
1026.000	122.858	55.089	0.000	115.575
1028.000	122.774	55.592	0.000	103.553
1030.000	122.723	56.317	0.000	92.759
1032.000	122.847	57.559	0.000	80.957
1034.000	122.796	57.514	0.000	75.476
1036.000	122.693	57.502	0.000	55.706
1038.000	122.881	58.596	0.000	50.174
1040.000	122.759	57.279	0.000	41.538
1042.000	122.723	57.536	0.000	25.902
1044.000	122.848	57.477	0.000	21.758
1046.000	122.776	56.823	0.000	13.338
1048.000	122.719	56.441	0.000	2.971
1050.000	122.833	56.878	0.000	-3.674
1052.000	122.798	56.135	0.000	-6.894
1054.000	122.688	55.657	0.000	-19.997
1056.000	122.870	56.396	0.000	-24.507
1058.000	122.762	55.250	0.000	-27.717
1060.000	122.718	55.095	0.000	-41.920
1062.000	122.839	55.270	0.000	-41.911
1064.000	122.773	54.227	0.000	-48.992
1066.000	122.714	54.124	0.000	-55.037
1068.000	122.823	54.437	0.000	-61.866
1070.000	122.800	54.249	0.000	-61.945
1072.000	122.679	53.673	0.000	-76.521
1074.000	122.868	54.629	0.000	-78.118
1076.000	122.752	53.032	0.000	-84.243
1078.000	122.717	52.932	0.000	-95.577
1080.000	122.831	52.486	0.000	-98.229
1082.000	122.769	51.435	0.000	-101.512
1084.000	122.707	50.597	0.000	-106.479
1086.000	122.829	50.740	0.000	-104.627
1088.000	122.778	50.353	0.000	-100.756
1090.000	122.683	50.974	0.000	-105.227
1092.000	122.866	52.874	0.000	-103.985
1094.000	122.735	52.765	0.000	-108.869
1096.000	122.721	54.357	0.000	-122.825
1098.000	122.833	54.879	0.000	-126.980
1100.000	122.745	54.887	0.000	-140.415
1102.000	122.713	55.112	0.000	-152.596
1104.000	122.836	55.656	0.000	-163.900
1106.000	122.744	54.924	0.000	-170.671
1108.000	122.707	54.672	0.000	169.915
1110.000	122.857	55.026	0.000	166.925
1112.000	122.710	53.230	0.000	154.748
1114.000	122.734	53.392	0.000	142.793
1116.000	122.832	52.622	0.000	136.905
1118.000	122.717	51.613	0.000	127.437
1120.000	122.732	50.977	0.000	114.843
1122.000	122.829	50.732	0.000	110.109
1124.000	122.715	48.943	0.000	102.027
1126.000	122.733	48.326	0.000	89.817
1128.000	122.841	47.882	0.000	88.400
1130.000	122.688	45.866	0.000	80.545
1132.000	122.761	45.930	0.000	72.751
1134.000	122.811	44.604	0.000	72.423
1136.000	122.707	43.595	0.000	63.967
1138.000	122.738	42.793	0.000	57.418
1140.000	122.837	42.567	0.000	54.674
1142.000	122.673	40.475	0.000	48.663
1144.000	122.782	40.233	0.000	39.525
1146.000	122.803	38.538	0.000	44.370
1148.000	122.680	36.854	0.000	40.856
1150.000	122.783	37.308	0.000	46.812
1152.000	122.792	37.610	0.000	48.779
1154.000	122.685	38.354	0.000	41.660
1156.000	122.781	39.639	0.000	30.243
1158.000	122.799	39.878	0.000	20.354
1160.000	122.661	39.187	0.000	-1.911
1162.000	122.823	39.581	0.000	-19.655
1164.000	122.756	37.748	0.000	-33.534
1166.000	122.686	35.813	0.000	-63.953
1168.000	122.818	34.283	0.000	-79.293
1170.000	122.736	30.840	0.000	-102.988
1172.000	122.700	27.983	0.000	-127.861
1174.000	122.810	25.762	0.000	-153.903
1176.000	122.735	23.902	0.000	-175.575
1178.000	122.697	22.512	0.000	149.700
1180.000	122.827	23.208	0.000	141.805
1182.000	122.700	23.434	0.000	123.409
1184.000	122.727	25.240	0.000	111.464
1186.000	122.805	26.359	0.000	101.473
1188.000	122.706	26.829	0.000	88.121
1190.000	122.721	27.929	0.000	72.130
1192.000	122.820	28.657	0.000	61.903
1194.000	122.678	28.139	0.000	46.162
1196.000	122.748	28.593	0.000	30.452
1198.000	122.810	28.157	0.000	24.982
1200.000	122.654	26.725	0.000	5.407
1202.000	122.793	26.766	0.000	-4.511
1204.000	122.760	24.747	0.000	-14.536
1206.000	122.684	23.337	0.000	-25.424
1208.000	122.773	21.972	0.000	-41.147
1210.000	122.777	20.088	0.000	-45.924
1212.000	122.657	17.393	0.000	-63.916
1214.000	122.814	15.674	0.000	-78.290
1216.000	122.723	11.981	0.000	-105.862
1218.000	122.688	10.045	0.000	173.924
1220.000	122.810	9.977	0.000	109.812
1222.000	122.702	12.031	0.000	83.040
1224.000	122.704	13.861	0.000	60.858
1226.000	122.807	15.132	0.000	55.823
1228.000	122.685	14.379	0.000	51.229
1230.000	122.724	14.373	0.000	29.963
1232.000	122.802	14.241	0.000	13.087
1234.000	122.662	12.695	0.000	-5.199
1236.000	122.766	10.794	0.000	-24.729
1238.000	122.757	10.328	0.000	-28.964
1240.000	122.687	10.550	0.000	57.814
1242.000	122.750	11.513	0.000	102.489
1244.000	122.774	12.288	0.000	109.434
1246.000	122.654	13.806	0.000	105.598
1248.000	122.797	14.367	0.000	104.836
1250.000	122.723	14.477	0.000	102.218
1252.000	122.684	15.835	0.000	87.721
1254.000	122.793	16.598	0.000	84.078
1256.000	122.705	16.665	0.000	78.141
1258.000	122.693	17.911	0.000	68.705
1260.000	122.804	18.380	0.000	62.519
1262.000	122.673	17.318	0.000	51.218
1264.000	122.724	17.200	0.000	36.593
1266.000	122.798	17.089	0.000	39.676
1268.000	122.645	15.834	0.000	36.614
1270.000	122.781	15.350	0.000	33.702
1272.000	122.736	15.399	0.000	41.225
1274.000	122.678	16.131	0.000	47.097
1276.000	122.771	16.563	0.000	45.076
1278.000	122.733	16.282	0.000	37.912
1280.000	122.671	16.627	0.000	26.796
1282.000	122.794	16.433	0.000	21.891
1284.000	122.694	14.483	0.000	12.638
1286.000	122.708	12.579	0.000	15.295
1288.000	122.774	11.640	0.000	70.968
1290.000	122.689	13.652	0.000	102.011
1292.000	122.712	16.722	0.000	101.620
1294.000	122.784	18.793	0.000	99.779
1296.000	122.654	20.070	0.000	84.267
1298.000	122.756	22.299	0.000	69.812
1300.000	122.755	23.039	0.000	66.075
1302.000	122.657	22.936	0.000	50.588
1304.000	122.781	23.935	0.000	45.774
1306.000	122.713	23.926	0.000	37.239
1308.000	122.678	23.675	0.000	30.424
1310.000	122.784	24.304	0.000	23.846
1312.000	122.688	23.934	0.000	20.960
1314.000	122.705	24.305	0.000	9.737
1316.000	122.782	24.402	0.000	10.424
1318.000	122.663	23.739	0.000	-0.503
1320.000	122.737	24.141	0.000	-8.095
1322.000	122.755	23.752	0.000	-12.482
1324.000	122.663	23.477	0.000	-17.755
1326.000	122.755	23.459	0.000	-19.507
1328.000	122.740	22.958	0.000	-21.076
1330.000	122.650	23.059	0.000	-28.309
1332.000	122.806	23.747	0.000	-28.375
1334.000	122.672	22.907	0.000	-32.418
1336.000	122.711	23.643	0.000	-35.686
1338.000	122.768	23.722	0.000	-34.982
1340.000	122.668	23.580	0.000	-38.654
1342.000	122.726	24.250	0.000	-43.086
1344.000	122.763	24.522	0.000	-43.544
1346.000	122.644	24.012	0.000	-53.432
1348.000	122.781	25.835	0.000	-57.186
1350.000	122.704	25.341	0.000	-60.274
1352.000	122.681	25.878	0.000	-69.068
1354.000	122.770	25.951	0.000	-73.475
1356.000	122.687	25.913	0.000	-82.022
1358.000	122.696	26.186	0.000	-92.315
1360.000	122.777	26.049	0.000	-96.429
1362.000	122.654	24.924	0.000	-106.024
1364.000	122.742	25.197	0.000	-114.799
1366.000	122.745	24.600	0.000	-115.253
1368.000	122.650	23.711	0.000	-129.857
1370.000	122.779	23.534	0.000	-125.808
1372.000	122.694	22.207	0.000	-129.626
1374.000	122.681	22.505	0.000	-133.443
1376.000	122.784	22.920	0.000	-133.870
1378.000	122.657	22.081	0.000	-133.953
1380.000	122.733	23.069	0.000	-139.615
1382.000	122.746	23.107	0.000	-140.065
1384.000	122.659	23.103	0.000	-148.840
1386.000	122.757	23.696	0.000	-153.043
1388.000	122.713	23.507	0.000	-160.402
1390.000	122.675	23.264	0.000	-172.158
1392.000	122.763	23.696	0.000	-175.570
1394.000	122.692	22.949	0.000	179.671
1396.000	122.690	23.092	0.000	163.327
1398.000	122.778	23.225	0.000	160.077
1400.000	122.642	22.415	0.000	148.880
1402.000	122.754	22.587	0.000	144.758
1404.000	122.725	21.452	0.000	139.744
1406.000	122.660	20.645	0.000	128.416
1408.000	122.772	20.380	0.000	117.587
1410.000	122.689	19.981	0.000	116.855
1412.000	122.689	19.829	0.000	102.882
1414.000	122.771	19.132	0.000	99.971
1416.000	122.656	17.560	0.000	89.037
1418.000	122.737	17.533	0.000	80.535
1420.000	122.732	17.418	0.000	79.279
1422.000	122.665	15.920	0.000	68.079
1424.000	122.753	15.593	0.000	57.808
1426.000	122.712	15.363	0.000	53.719
1428.000	122.663	13.313	0.000	40.021
1430.000	122.793	13.746	0.000	37.991
1432.000	122.646	11.695	0.000	4.074
1434.000	122.738	12.089	0.000	3.319
1436.000	122.738	11.299	0.000	-3.043
1438.000	122.653	10.253	0.000	-15.424
1440.000	122.766	9.562	0.000	-4.896
1442.000	122.697	9.123	0.000	16.015
1444.000	122.680	9.480	0.000	-8.446
1446.000	122.773	9.754	0.000	16.364
1448.000	122.655	9.134	0.000	11.838
1450.000	122.734	9.332	0.000	17.784
1452.000	122.732	10.103	0.000	-43.476
1454.000	122.665	9.360	0.000	-39.370
1456.000	122.750	9.648	0.000	-106.841
1458.000	122.708	9.358	0.000	-82.505
1460.000	122.671	9.075	0.000	-85.255
1462.000	122.780	9.197	0.000	-172.419
1464.000	122.650	9.732	0.000	-160.950
1466.000	122.739	10.458	0.000	-103.255
1468.000	122.723	9.573	0.000	-134.944
1470.000	122.669	9.798	0.000	164.977
1472.000	122.754	9.685	0.000	-108.682
1474.000	122.694	9.871	0.000	9.458
1476.000	122.699	9.657	0.000	10.646
1478.000	122.754	9.913	0.000	-78.472
1480.000	122.666	8.476	0.000	-19.935
1482.000	122.733	9.167	0.000	113.692
1484.000	122.726	9.527	0.000	-164.229
1486.000	122.668	8.781	0.000	-177.026
1488.000	122.759	9.446	0.000	168.588
1490.000	122.686	9.333	0.000	-174.034
1492.000	122.701	9.583	0.000	-172.987
1494.000	122.758	9.509	0.000	-80.057
1496.000	122.653	8.465	0.000	-5.602
1498.000	122.757	9.227	0.000	156.427
1500.000	122.700	9.005	0.000	-152.310
1502.000	122.683	8.516	0.000	155.228
1504.000	122.762	9.191	0.000	132.856
1506.000	122.669	9.658	0.000	156.274
1508.000	122.725	8.287	0.000	-87.863
1510.000	122.740	8.587	0.000	-81.288
1512.000	122.659	9.884	0.000	-67.760
1514.000	122.760	10.286	0.000	-82.503
1516.000	122.696	9.841	0.000	-74.429
1518.000	122.686	9.832	0.000	-52.236
1520.000	122.772	10.073	0.000	-71.072
1522.000	122.648	9.620	0.000	-126.439
1524.000	122.757	10.800	0.000	-111.130
1526.000	122.702	11.277	0.000	-83.177
1528.000	122.698	9.610	0.000	-31.870
1530.000	122.745	9.493	0.000	-12.779
1532.000	122.690	10.086	0.000	-22.475
1534.000	122.711	9.625	0.000	-64.590
1536.000	122.747	9.635	0.000	-61.356
1538.000	122.661	9.640	0.000	-82.315
1540.000	122.763	9.118	0.000	-122.091
1542.000	122.690	9.816	0.000	-104.954
1544.000	122.702	11.065	0.000	-104.396
1546.000	122.753	10.055	0.000	-103.141
1548.000	122.662	10.535	0.000	-125.261
1550.000	122.750	9.984	0.000	-136.745
1552.000	122.712	11.462	0.000	-103.077
1554.000	122.682	10.665	0.000	-107.963
1556.000	122.769	8.654	0.000	-110.344
1558.000	122.666	8.738	0.000	-127.519
1560.000	122.736	9.940	0.000	-119.942
1562.000	122.728	9.509	0.000	-118.133
1564.000	122.673	9.489	0.000	-122.714
1566.000	122.762	10.070	0.000	-138.444
1568.000	122.684	10.772	0.000	-135.112
1570.000	122.717	11.147	0.000	-145.025
1572.000	122.750	10.661	0.000	-128.001
1574.000	122.664	9.733	0.000	-133.912
1576.000	122.763	10.198	0.000	-153.502
1578.000	122.692	10.018	0.000	-157.244
1580.000	122.705	10.072	0.000	-167.480
1582.000	122.754	10.265	0.000	-160.480
1584.000	122.669	10.845	0.000	-149.908
1586.000	122.754	11.530	0.000	-140.993
1588.000	122.708	11.102	0.000	-151.982
1590.000	122.695	10.645	0.000	-174.444
1592.000	122.760	10.692	0.000	-159.415
1594.000	122.673	9.952	0.000	172.277
1596.000	122.743	10.602	0.000	157.634
1598.000	122.725	11.484	0.000	175.624
1600.000	122.685	10.999	0.000	174.214
1602.000	122.764	10.800	0.000	178.198
1604.000	122.680	11.801	0.000	165.958
1606.000	122.737	11.294	0.000	163.621
1608.000	122.729	10.714	0.000	179.796
1610.000	122.683	10.744	0.000	159.338
1612.000	122.761	10.560	0.000	168.905
1614.000	122.694	10.764	0.000	175.108
1616.000	122.714	10.920	0.000	135.980
1618.000	122.759	10.264	0.000	152.777
1620.000	122.661	10.632	0.000	158.533
1622.000	122.777	9.730	0.000	160.417
1624.000	122.687	10.207	0.000	118.647
1626.000	122.721	10.481	0.000	140.628
1628.000	122.752	10.552	0.000	157.160
1630.000	122.673	10.297	0.000	148.710
1632.000	122.764	9.036	0.000	129.787
1634.000	122.703	8.060	0.000	103.163
1636.000	122.707	8.900	0.000	135.015
1638.000	122.763	9.950	0.000	135.792
1640.000	122.667	10.480	0.000	106.908
1642.000	122.767	10.165	0.000	121.699
1644.000	122.701	9.826	0.000	123.652
1646.000	122.715	8.643	0.000	94.428
1648.000	122.760	9.910	0.000	102.008
1650.000	122.679	9.967	0.000	126.713
1652.000	122.755	10.014	0.000	123.780
1654.000	122.716	9.945	0.000	101.633
1656.000	122.701	10.023	0.000	112.103
1658.000	122.769	10.627	0.000	115.264
1660.000	122.669	9.513	0.000	156.832
1662.000	122.771	8.542	0.000	147.430
1664.000	122.705	8.512	0.000	30.286
1666.000	122.713	9.531	0.000	81.052
1668.000	122.758	10.299	0.000	112.552
1670.000	122.685	10.620	0.000	82.209
1672.000	122.751	10.398	0.000	71.296
1674.000	122.722	9.478	0.000	79.460
1676.000	122.706	9.596	0.000	121.787
1678.000	122.769	9.904	0.000	104.832
1680.000	122.672	9.520	0.000	64.582
1682.000	122.770	9.604	0.000	117.742
1684.000	122.714	9.636	0.000	149.985
1686.000	122.703	9.544	0.000	150.376
1688.000	122.783	9.293	0.000	161.980
1690.000	122.666	10.330	0.000	127.754
1692.000	122.781	10.288	0.000	132.926
1694.000	122.697	9.403	0.000	87.065
1696.000	122.735	9.642	0.000	41.109
1698.000	122.744	8.904	0.000	130.983
1700.000	122.702	9.380	0.000	117.833
1702.000	122.751	9.074	0.000	113.855
1704.000	122.724	8.997	0.000	10.567
1706.000	122.712	9.187	0.000	16.833
1708.000	122.772	8.977	0.000	35.529
1710.000	122.676	9.195	0.000	-2.208
1712.000	122.781	10.049	0.000	-59.051
1714.000	122.699	9.376	0.000	-170.326
1716.000	122.736	9.561	0.000	-174.915
1718.000	122.750	9.109	0.000	-148.884
1720.000	122.693	9.017	0.000	78.081
1722.000	122.774	9.689	0.000	50.869
1724.000	122.706	9.992	0.000	99.625
1726.000	122.730	9.097	0.000	129.515
1728.000	122.762	9.019	0.000	163.569
1730.000	122.684	9.277	0.000	160.820
1732.000	122.785	9.394	0.000	-28.391
1734.000	122.686	8.947	0.000	122.605
1736.000	122.768	9.530	0.000	96.097
1738.000	122.724	9.962	0.000	167.110
1740.000	122.722	8.991	0.000	-153.393
1742.000	122.759	10.052	0.000	-51.489
1744.000	122.705	9.466	0.000	-152.124
1746.000	122.752	10.360	0.000	-117.301
1748.000	122.735	10.516	0.000	-164.317
1750.000	122.714	9.345	0.000	-164.300
1752.000	122.772	9.574	0.000	-134.234
1754.000	122.695	9.995	0.000	-159.072
1756.000	122.765	9.574	0.000	-168.560
1758.000	122.726	10.499	0.000	-112.397
1760.000	122.719	10.530	0.000	-102.572
1762.000	122.777	9.304	0.000	-146.960
1764.000	122.686	9.424	0.000	-131.092
1766.000	122.787	9.959	0.000	-140.923
1768.000	122.696	9.098	0.000	-176.175
1770.000	122.763	9.927	0.000	-168.965
1772.000	122.736	9.914	0.000	-170.858
1774.000	122.717	9.442	0.000	-165.700
1776.000	122.776	9.519	0.000	176.477
1778.000	122.704	10.658	0.000	173.053
1780.000	122.757	10.616	0.000	-178.056
1782.000	122.744	9.994	0.000	167.902
1784.000	122.712	10.013	0.000	176.361
1786.000	122.781	10.486	0.000	176.310
1788.000	122.689	10.307	0.000	-161.476
1790.000	122.781	10.685	0.000	-151.424
1792.000	122.716	9.895	0.000	179.895
1794.000	122.746	9.986	0.000	-155.580
1796.000	122.751	9.081	0.000	-147.576
1798.000	122.725	8.945	0.000	144.810
1800.000	122.757	9.560	0.000	166.327
1802.000	122.733	9.905	0.000	-175.065
1804.000	122.733	9.367	0.000	-154.019
1806.000	122.766	9.367	0.000	140.470
1808.000	122.702	8.526	0.000	151.994
1810.000	122.794	9.297	0.000	-166.780
1812.000	122.694	9.448	0.000	176.920
1814.000	122.772	9.903	0.000	127.603
1816.000	122.734	9.861	0.000	146.620
1818.000	122.727	9.211	0.000	-144.527
1820.000	122.778	9.907	0.000	-162.093
1822.000	122.695	10.475	0.000	173.327
1824.000	122.793	10.856	0.000	177.499
1826.000	122.703	8.531	0.000	156.630
1828.000	122.774	8.882	0.000	177.085
1830.000	122.732	10.179	0.000	175.109
1832.000	122.738	10.066	0.000	120.565
1834.000	122.768	9.541	0.000	93.509
1836.000	122.723	10.595	0.000	134.960
1838.000	122.761	9.810	0.000	163.118
1840.000	122.744	10.047	0.000	117.237
1842.000	122.730	11.385	0.000	148.555
1844.000	122.777	10.595	0.000	159.137
1846.000	122.704	10.491	0.000	132.041
1848.000	122.786	10.522	0.000	136.269
1850.000	122.719	9.547	0.000	153.324
1852.000	122.758	10.484	0.000	143.134
1854.000	122.756	10.825	0.000	135.818
1856.000	122.724	9.381	0.000	129.981
1858.000	122.782	9.556	0.000	125.684
1860.000	122.708	9.540	0.000	120.452
1862.000	122.784	9.542	0.000	137.226
1864.000	122.719	10.876	0.000	136.484
1866.000	122.768	9.697	0.000	168.545
1868.000	122.747	9.225	0.000	173.073
1870.000	122.738	9.009	0.000	161.151
1872.000	122.768	8.936	0.000	163.787
1874.000	122.727	8.557	0.000	139.781
1876.000	122.765	9.438	0.000	122.385
1878.000	122.748	8.966	0.000	-107.176
1880.000	122.737	9.229	0.000	165.239
1882.000	122.773	9.944	0.000	143.257
1884.000	122.727	9.031	0.000	166.263
1886.000	122.768	7.995	0.000	-146.320
1888.000	122.747	9.207	0.000	174.317
1890.000	122.738	9.896	0.000	155.666
1892.000	122.782	8.691	0.000	133.892
1894.000	122.713	10.716	0.000	150.441
1896.000	122.800	10.898	0.000	146.127
1898.000	122.700	9.851	0.000	149.017
1900.000	122.797	10.622	0.000	163.875
1902.000	122.722	9.454	0.000	119.100
1904.000	122.766	8.465	0.000	138.624
1906.000	122.763	8.469	0.000	110.801
1908.000	122.720	8.957	0.000	108.161
1910.000	122.803	9.138	0.000	122.152
1912.000	122.700	10.045	0.000	141.709
1914.000	122.805	9.586	0.000	156.220
1916.000	122.714	9.910	0.000	158.610
1918.000	122.772	8.421	0.000	-178.553
1920.000	122.755	7.901	0.000	161.927
1922.000	122.740	8.341	0.000	142.055
1924.000	122.781	8.842	0.000	146.520
1926.000	122.722	9.838	0.000	144.012
1928.000	122.784	10.090	0.000	144.458
1930.000	122.730	10.392	0.000	138.401
1932.000	122.773	10.690	0.000	148.874
1934.000	122.749	10.802	0.000	130.927
1936.000	122.749	11.652	0.000	140.403
1938.000	122.774	11.296	0.000	139.360
1940.000	122.736	11.131	0.000	149.394
1942.000	122.775	11.286	0.000	161.400
1944.000	122.741	10.910	0.000	142.452
1946.000	122.757	12.659	0.000	151.056
1948.000	122.765	13.059	0.000	148.147
1950.000	122.742	12.957	0.000	145.554
1952.000	122.778	13.608	0.000	150.253
1954.000	122.735	14.456	0.000	148.638
1956.000	122.768	16.581	0.000	143.529
1958.000	122.754	17.514	0.000	140.923
1960.000	122.751	18.536	0.000	132.710
1962.000	122.775	19.829	0.000	127.157
1964.000	122.731	20.593	0.000	118.513
1966.000	122.785	21.164	0.000	118.263
1968.000	122.734	21.754	0.000	107.364
1970.000	122.780	22.369	0.000	103.431
1972.000	122.746	22.962	0.000	95.576
1974.000	122.759	24.013	0.000	89.773
1976.000	122.765	24.205	0.000	82.440
1978.000	122.746	24.834	0.000	74.310
1980.000	122.783	25.125	0.000	69.332
1982.000	122.729	25.673	0.000	60.835
1984.000	122.783	26.285	0.000	56.489
1986.000	122.739	26.496	0.000	49.453
1988.000	122.768	27.721	0.000	43.911
1990.000	122.765	27.617	0.000	37.632
1992.000	122.743	28.641	0.000	30.074
1994.000	122.779	28.790	0.000	23.894
1996.000	122.737	29.814	0.000	13.473
1998.000	122.780	30.180	0.000	6.720
2000.000	122.745	30.730	0.000	-1.491
