2000.000	122.816	12.806	0.000	-32.820
2.000	122.869	12.123	0.000	-77.774
4.000	123.081	10.498	0.000	-24.502
6.000	123.101	11.173	0.000	-75.341
8.000	122.948	11.742	0.000	-93.465
10.000	122.806	11.005	0.000	-88.057
12.000	122.907	12.078	0.000	-73.508
14.000	123.173	10.696	0.000	-38.980
16.000	123.095	10.717	0.000	-83.765
18.000	122.761	11.805	0.000	-69.583
20.000	122.861	12.261	0.000	-76.431
22.000	123.136	12.855	0.000	-88.154
24.000	123.061	10.679	0.000	-101.135
26.000	122.923	10.199	0.000	-105.421
28.000	122.890	11.685	0.000	-93.010
30.000	122.887	12.830	0.000	-103.048
32.000	123.087	12.605	0.000	-128.735
34.000	123.152	11.574	0.000	-130.040
36.000	122.827	11.487	0.000	-131.023
38.000	122.782	12.313	0.000	-122.287
40.000	123.121	13.029	0.000	-107.924
42.000	123.138	12.887	0.000	-112.546
44.000	122.901	11.764	0.000	-143.315
46.000	122.835	11.966	0.000	-153.494
48.000	122.947	13.142	0.000	-146.316
50.000	123.110	13.871	0.000	-142.287
52.000	123.073	13.667	0.000	-140.050
54.000	122.837	12.274	0.000	-151.588
56.000	122.856	12.231	0.000	-154.020
58.000	123.068	12.934	0.000	-158.633
60.000	123.095	13.701	0.000	-158.789
62.000	122.972	13.348	0.000	-165.790
64.000	122.818	13.274	0.000	-158.755
66.000	122.897	13.102	0.000	-162.983
68.000	123.187	12.848	0.000	-169.704
70.000	123.081	12.742	0.000	-170.734
72.000	122.744	13.544	0.000	-177.406
74.000	122.915	13.720	0.000	170.984
76.000	123.140	12.420	0.000	-179.685
78.000	123.020	13.323	0.000	177.415
80.000	122.936	13.677	0.000	-165.168
82.000	122.879	13.833	0.000	-162.331
84.000	122.909	14.488	0.000	171.052
86.000	123.160	14.162	0.000	179.260
88.000	123.071	14.339	0.000	-179.032
90.000	122.747	12.831	0.000	162.630
92.000	122.916	13.533	0.000	169.167
94.000	123.162	14.278	0.000	171.659
96.000	123.043	13.283	0.000	167.071
98.000	122.868	13.387	0.000	162.042
100.000	122.853	14.048	0.000	150.479
102.000	123.036	14.399	0.000	153.775
104.000	123.145	13.966	0.000	161.762
106.000	122.927	14.264	0.000	160.315
108.000	122.817	13.550	0.000	157.287
110.000	122.995	14.351	0.000	149.808
112.000	123.084	14.627	0.000	140.507
114.000	123.047	13.821	0.000	141.092
116.000	122.870	12.429	0.000	143.499
118.000	122.813	14.175	0.000	139.473
120.000	123.139	15.403	0.000	133.033
122.000	123.153	14.867	0.000	140.919
124.000	122.786	13.826	0.000	140.458
126.000	122.871	15.006	0.000	132.622
128.000	123.104	15.979	0.000	137.179
130.000	123.040	15.072	0.000	141.594
132.000	122.969	14.868	0.000	122.910
134.000	122.865	14.879	0.000	118.891
136.000	122.902	14.935	0.000	118.953
138.000	123.161	15.333	0.000	107.474
140.000	123.053	14.842	0.000	108.859
142.000	122.774	14.438	0.000	105.407
144.000	122.924	14.847	0.000	98.910
146.000	123.128	15.939	0.000	110.166
148.000	123.058	15.182	0.000	109.029
150.000	122.857	15.233	0.000	88.856
152.000	122.847	15.746	0.000	85.736
154.000	123.094	14.914	0.000	91.598
156.000	123.103	14.928	0.000	90.648
158.000	122.877	14.372	0.000	93.134
160.000	122.873	14.028	0.000	85.524
162.000	122.994	14.761	0.000	78.354
164.000	123.094	14.449	0.000	73.086
166.000	123.030	14.878	0.000	74.919
168.000	122.782	13.916	0.000	78.223
170.000	122.929	13.910	0.000	63.033
172.000	123.206	15.317	0.000	69.277
174.000	122.984	15.496	0.000	71.377
176.000	122.788	13.820	0.000	61.929
178.000	122.975	14.117	0.000	57.383
180.000	123.085	13.790	0.000	65.062
182.000	123.031	13.718	0.000	60.777
184.000	122.890	13.036	0.000	59.907
186.000	122.856	13.766	0.000	40.900
188.000	123.063	14.015	0.000	42.204
190.000	123.117	12.554	0.000	62.591
192.000	122.888	13.157	0.000	69.135
194.000	122.814	13.612	0.000	53.273
196.000	123.056	14.279	0.000	30.961
198.000	123.144	14.028	0.000	31.937
200.000	122.888	12.448	0.000	33.497
202.000	122.818	13.225	0.000	20.594
204.000	123.052	12.572	0.000	25.968
206.000	123.091	11.015	0.000	39.964
208.000	122.946	11.883	0.000	29.925
210.000	122.856	11.939	0.000	23.752
212.000	122.941	11.817	0.000	10.588
214.000	123.120	12.720	0.000	29.752
216.000	123.025	12.407	0.000	29.391
218.000	122.796	12.206	0.000	6.491
220.000	122.928	11.966	0.000	-1.577
222.000	123.149	11.997	0.000	13.143
224.000	123.019	10.703	0.000	22.116
226.000	122.794	12.203	0.000	8.338
228.000	122.941	13.126	0.000	-15.032
230.000	123.123	11.830	0.000	-12.559
232.000	122.995	11.582	0.000	19.091
234.000	122.875	11.713	0.000	9.885
236.000	122.900	11.126	0.000	0.490
238.000	123.037	10.919	0.000	7.652
240.000	123.118	11.405	0.000	-20.477
242.000	122.855	11.585	0.000	18.412
244.000	122.818	11.194	0.000	-25.266
246.000	123.145	11.019	0.000	-55.147
248.000	123.064	9.392	0.000	-42.014
250.000	122.832	9.914	0.000	-35.114
252.000	122.899	9.917	0.000	4.426
254.000	123.046	9.722	0.000	13.478
256.000	123.082	9.998	0.000	7.306
258.000	122.889	10.370	0.000	48.731
260.000	122.843	9.900	0.000	31.754
262.000	123.056	9.579	0.000	47.885
264.000	123.076	10.313	0.000	49.489
266.000	122.922	9.722	0.000	84.791
268.000	122.816	10.772	0.000	103.934
270.000	123.022	11.216	0.000	74.970
272.000	123.167	10.724	0.000	71.846
274.000	122.844	10.290	0.000	98.922
276.000	122.836	10.447	0.000	66.448
278.000	123.101	11.180	0.000	74.080
280.000	123.020	11.414	0.000	106.987
282.000	122.937	12.247	0.000	105.548
284.000	122.862	12.278	0.000	93.309
286.000	122.960	13.235	0.000	88.044
288.000	123.159	13.374	0.000	99.468
290.000	122.904	12.008	0.000	107.186
292.000	122.795	12.022	0.000	87.260
294.000	123.067	14.179	0.000	91.033
296.000	123.086	15.391	0.000	96.470
298.000	122.900	16.551	0.000	92.804
300.000	122.828	18.224	0.000	79.310
302.000	123.039	20.091	0.000	72.495
304.000	123.096	20.820	0.000	65.646
306.000	122.877	21.840	0.000	51.282
308.000	122.873	23.220	0.000	33.152
310.000	122.997	24.786	0.000	16.639
312.000	123.084	25.527	0.000	1.594
314.000	122.948	25.162	0.000	-18.841
316.000	122.775	25.172	0.000	-49.815
318.000	123.063	26.481	0.000	-74.230
320.000	123.123	26.321	0.000	-92.538
322.000	122.829	24.919	0.000	-121.953
324.000	122.875	25.998	0.000	-158.419
326.000	123.052	27.729	0.000	-176.925
328.000	123.043	28.481	0.000	162.687
330.000	122.899	29.916	0.000	135.989
332.000	122.852	31.517	0.000	112.850
334.000	123.026	33.744	0.000	89.004
336.000	123.087	35.688	0.000	75.151
338.000	122.876	35.563	0.000	58.721
340.000	122.819	36.853	0.000	25.857
342.000	123.097	38.888	0.000	14.272
344.000	123.066	38.397	0.000	4.082
346.000	122.805	37.994	0.000	-22.700
348.000	122.915	39.335	0.000	-40.372
350.000	123.063	39.834	0.000	-53.861
352.000	123.014	39.741	0.000	-69.743
354.000	122.864	39.283	0.000	-89.288
356.000	122.875	39.399	0.000	-112.897
358.000	123.081	39.729	0.000	-129.156
360.000	123.024	38.726	0.000	-143.768
362.000	122.827	36.966	0.000	-165.588
364.000	122.890	36.331	0.000	167.278
366.000	123.114	36.142	0.000	152.878
368.000	123.003	33.947	0.000	139.162
370.000	122.765	31.057	0.000	104.298
372.000	123.002	30.611	0.000	78.707
374.000	123.073	28.578	0.000	58.545
376.000	122.922	26.460	0.000	19.307
378.000	122.881	26.234	0.000	-13.908
380.000	122.905	26.078	0.000	-52.227
382.000	123.118	27.587	0.000	-80.194
384.000	122.953	27.315	0.000	-94.543
386.000	122.765	26.972	0.000	-127.547
388.000	123.052	28.616	0.000	-145.980
390.000	123.065	28.094	0.000	-153.715
392.000	122.875	26.798	0.000	-172.594
394.000	122.843	26.955	0.000	170.004
396.000	123.035	27.270	0.000	161.614
398.000	123.056	26.247	0.000	154.050
400.000	122.840	24.976	0.000	138.088
402.000	122.892	24.849	0.000	120.159
404.000	123.019	24.559	0.000	103.720
406.000	123.046	23.472	0.000	91.836
408.000	122.846	21.404	0.000	70.283
410.000	122.843	19.019	0.000	47.134
412.000	123.141	16.986	0.000	35.427
414.000	122.960	14.123	0.000	32.865
416.000	122.794	11.375	0.000	50.048
418.000	122.983	12.031	0.000	69.807
420.000	123.044	11.575	0.000	134.227
422.000	122.943	10.522	0.000	165.726
424.000	122.830	10.076	0.000	-143.628
426.000	122.958	10.804	0.000	-138.953
428.000	123.080	12.272	0.000	-167.684
430.000	122.908	12.588	0.000	171.923
432.000	122.794	13.465	0.000	144.481
434.000	123.048	14.560	0.000	128.695
436.000	123.063	13.771	0.000	118.598
438.000	122.803	13.047	0.000	78.460
440.000	122.905	14.166	0.000	60.925
442.000	123.044	12.287	0.000	55.736
444.000	122.987	11.300	0.000	26.333
446.000	122.839	11.402	0.000	14.377
448.000	122.897	11.375	0.000	-48.388
450.000	123.077	11.625	0.000	-66.379
452.000	122.953	11.733	0.000	-75.635
454.000	122.806	9.898	0.000	-109.743
456.000	122.949	10.862	0.000	-155.660
458.000	123.110	11.631	0.000	-158.833
460.000	122.857	11.486	0.000	118.353
462.000	122.825	11.063	0.000	168.555
464.000	123.070	9.422	0.000	-144.864
466.000	122.967	9.299	0.000	-178.285
468.000	122.889	9.409	0.000	-156.659
470.000	122.851	10.280	0.000	-143.739
472.000	123.036	10.581	0.000	-98.145
474.000	123.034	9.468	0.000	-84.653
476.000	122.760	9.740	0.000	-129.978
478.000	122.958	11.810	0.000	-123.210
480.000	123.071	11.417	0.000	-114.426
482.000	122.898	10.230	0.000	-135.333
484.000	122.813	10.975	0.000	-144.942
486.000	123.007	11.395	0.000	-155.730
488.000	123.034	11.869	0.000	-147.808
490.000	122.842	12.562	0.000	-134.787
492.000	122.877	12.807	0.000	-151.449
494.000	123.001	13.063	0.000	-157.353
496.000	123.027	12.665	0.000	-151.724
498.000	122.797	12.573	0.000	-165.515
500.000	122.896	12.233	0.000	-177.705
502.000	123.106	11.565	0.000	178.809
504.000	122.882	11.326	0.000	178.622
506.000	122.815	11.749	0.000	173.129
508.000	123.003	12.247	0.000	-177.789
510.000	123.012	11.600	0.000	177.352
512.000	122.858	12.512	0.000	166.818
514.000	122.859	12.790	0.000	176.743
516.000	123.003	11.907	0.000	159.806
518.000	123.021	11.871	0.000	150.829
520.000	122.783	11.473	0.000	145.207
522.000	122.911	12.104	0.000	138.529
524.000	123.096	12.575	0.000	135.207
526.000	122.855	12.114	0.000	133.581
528.000	122.839	11.925	0.000	113.137
530.000	122.985	11.467	0.000	116.974
532.000	123.014	12.250	0.000	116.565
534.000	122.836	12.259	0.000	121.339
536.000	122.865	11.897	0.000	110.860
538.000	123.030	12.658	0.000	92.332
540.000	122.960	12.337	0.000	98.962
542.000	122.803	11.524	0.000	102.179
544.000	122.913	11.634	0.000	93.992
546.000	123.099	12.602	0.000	102.016
548.000	122.814	12.375	0.000	97.239
550.000	122.854	11.186	0.000	79.710
552.000	123.025	11.114	0.000	72.286
554.000	122.947	11.260	0.000	68.129
556.000	122.851	11.661	0.000	71.139
558.000	122.860	12.055	0.000	70.555
560.000	123.059	12.534	0.000	41.154
562.000	122.911	12.197	0.000	47.842
564.000	122.782	10.967	0.000	47.527
566.000	122.995	10.559	0.000	23.020
568.000	123.022	10.806	0.000	-7.868
570.000	122.793	9.953	0.000	-10.392
572.000	122.889	9.628	0.000	-5.300
574.000	123.026	10.810	0.000	-1.600
576.000	122.913	12.068	0.000	-37.457
578.000	122.818	11.087	0.000	-65.142
580.000	122.926	10.066	0.000	-63.687
582.000	123.036	10.894	0.000	-78.977
584.000	122.840	10.826	0.000	-102.543
586.000	122.821	10.498	0.000	-88.710
588.000	123.037	11.389	0.000	-95.249
590.000	122.953	11.193	0.000	-81.254
592.000	122.760	10.054	0.000	-116.496
594.000	122.977	10.734	0.000	-129.271
596.000	122.986	10.846	0.000	-149.875
598.000	122.863	11.614	0.000	-136.887
600.000	122.836	10.804	0.000	-126.187
602.000	122.972	11.648	0.000	-141.341
604.000	123.007	13.107	0.000	-159.296
606.000	122.750	12.228	0.000	-167.250
608.000	122.940	11.364	0.000	173.400
610.000	123.024	12.565	0.000	-175.178
612.000	122.839	12.040	0.000	-159.986
614.000	122.822	12.274	0.000	-178.676
616.000	123.010	12.381	0.000	-175.806
618.000	122.936	12.309	0.000	-176.833
620.000	122.807	12.175	0.000	-179.072
622.000	122.899	11.654	0.000	174.173
624.000	123.009	11.305	0.000	173.239
626.000	122.880	12.990	0.000	169.363
628.000	122.776	13.318	0.000	148.652
630.000	123.031	13.449	0.000	145.730
632.000	122.941	12.320	0.000	151.627
634.000	122.771	11.816	0.000	141.782
636.000	122.935	11.901	0.000	135.539
638.000	122.991	11.789	0.000	129.428
640.000	122.843	10.620	0.000	119.856
642.000	122.833	11.224	0.000	129.695
644.000	122.961	10.808	0.000	127.930
646.000	122.981	11.128	0.000	92.987
648.000	122.747	11.397	0.000	74.758
650.000	122.937	10.432	0.000	74.040
652.000	123.016	10.631	0.000	95.973
654.000	122.801	10.628	0.000	107.190
656.000	122.846	11.076	0.000	69.335
658.000	122.989	11.050	0.000	72.280
660.000	122.916	10.845	0.000	70.671
662.000	122.784	10.236	0.000	64.960
664.000	122.929	10.107	0.000	83.358
666.000	122.978	10.062	0.000	94.113
668.000	122.836	10.290	0.000	44.454
670.000	122.798	10.683	0.000	23.279
672.000	123.053	8.996	0.000	4.015
674.000	122.857	8.195	0.000	-48.826
676.000	122.794	11.149	0.000	88.298
678.000	122.962	11.689	0.000	113.743
680.000	122.940	10.439	0.000	105.545
682.000	122.812	10.097	0.000	-107.093
684.000	122.852	9.367	0.000	-55.198
686.000	122.996	9.229	0.000	-73.521
688.000	122.873	9.228	0.000	-113.730
690.000	122.763	10.678	0.000	-125.205
692.000	123.002	12.141	0.000	-128.883
694.000	122.924	11.240	0.000	-105.705
696.000	122.766	10.819	0.000	-104.948
698.000	122.921	9.162	0.000	-117.565
700.000	122.959	9.974	0.000	-129.285
702.000	122.832	10.034	0.000	-91.671
704.000	122.813	9.407	0.000	-115.981
706.000	122.985	10.153	0.000	-159.099
708.000	122.892	10.159	0.000	-135.975
710.000	122.772	10.883	0.000	-151.453
712.000	122.925	11.486	0.000	-167.101
714.000	122.992	11.612	0.000	-146.028
716.000	122.735	10.611	0.000	-147.470
718.000	122.918	12.290	0.000	-175.882
720.000	122.941	11.782	0.000	-166.169
722.000	122.858	11.456	0.000	-162.773
724.000	122.788	11.794	0.000	-167.521
726.000	122.962	11.895	0.000	178.759
728.000	122.924	12.545	0.000	179.048
730.000	122.751	11.585	0.000	-171.702
732.000	122.915	12.851	0.000	-163.923
734.000	122.975	13.627	0.000	-165.891
736.000	122.762	12.524	0.000	173.937
738.000	122.868	12.653	0.000	157.090
740.000	122.962	13.017	0.000	158.218
742.000	122.844	13.329	0.000	164.543
744.000	122.789	13.442	0.000	161.635
746.000	122.941	13.512	0.000	164.052
748.000	122.926	12.971	0.000	154.201
750.000	122.752	12.531	0.000	150.460
752.000	122.894	13.642	0.000	156.765
754.000	122.978	14.299	0.000	172.100
756.000	122.757	13.482	0.000	170.972
758.000	122.861	13.335	0.000	155.613
760.000	122.961	13.619	0.000	169.042
762.000	122.829	14.603	0.000	162.317
764.000	122.799	14.980	0.000	154.182
766.000	122.920	14.847	0.000	157.246
768.000	122.940	14.944	0.000	175.141
770.000	122.722	13.989	0.000	158.253
772.000	122.924	15.471	0.000	157.849
774.000	122.938	15.273	0.000	161.460
776.000	122.767	14.913	0.000	158.389
778.000	122.845	16.105	0.000	159.220
780.000	122.963	17.203	0.000	155.870
782.000	122.809	16.802	0.000	150.416
784.000	122.799	17.246	0.000	154.102
786.000	122.927	18.120	0.000	149.255
788.000	122.904	18.432	0.000	152.145
790.000	122.730	18.206	0.000	149.216
792.000	122.925	19.025	0.000	147.694
794.000	122.927	19.259	0.000	154.109
796.000	122.740	19.759	0.000	147.645
798.000	122.882	21.960	0.000	148.763
800.000	122.930	21.926	0.000	150.290
802.000	122.797	22.726	0.000	147.577
804.000	122.802	24.020	0.000	149.364
806.000	122.941	25.860	0.000	147.313
808.000	122.864	26.587	0.000	152.742
810.000	122.732	28.004	0.000	143.391
812.000	122.961	30.654	0.000	145.037
814.000	122.866	31.282	0.000	143.568
816.000	122.750	33.599	0.000	134.429
818.000	122.895	36.018	0.000	131.794
820.000	122.912	37.979	0.000	126.189
822.000	122.766	39.781	0.000	115.311
824.000	122.831	42.634	0.000	101.771
826.000	122.940	44.789	0.000	91.579
828.000	122.802	45.635	0.000	75.358
830.000	122.769	47.208	0.000	50.371
832.000	122.968	48.786	0.000	39.202
834.000	122.812	47.908	0.000	25.382
836.000	122.761	48.531	0.000	1.607
838.000	122.934	48.977	0.000	-3.289
840.000	122.845	48.435	0.000	-15.220
842.000	122.774	48.988	0.000	-25.294
844.000	122.851	50.196	0.000	-38.485
846.000	122.940	51.470	0.000	-45.665
848.000	122.724	50.984	0.000	-64.507
850.000	122.859	52.654	0.000	-87.186
852.000	122.931	52.337	0.000	-94.338
854.000	122.758	50.741	0.000	-117.665
856.000	122.805	50.717	0.000	-133.693
858.000	122.938	49.679	0.000	-142.978
860.000	122.788	47.954	0.000	-154.534
862.000	122.784	46.502	0.000	-165.802
864.000	122.898	45.928	0.000	-170.150
866.000	122.869	44.633	0.000	-169.545
868.000	122.711	43.540	0.000	-178.330
870.000	122.931	44.180	0.000	179.561
872.000	122.860	43.107	0.000	-179.323
874.000	122.733	42.098	0.000	170.511
876.000	122.879	42.543	0.000	171.368
878.000	122.884	41.385	0.000	173.874
880.000	122.753	41.197	0.000	172.955
882.000	122.823	41.509	0.000	174.247
884.000	122.918	42.694	0.000	177.452
886.000	122.766	42.248	0.000	179.714
888.000	122.785	44.175	0.000	173.156
890.000	122.951	45.246	0.000	-178.619
892.000	122.754	45.551	0.000	174.342
894.000	122.786	47.725	0.000	170.027
896.000	122.908	49.464	0.000	166.961
898.000	122.810	50.471	0.000	159.592
900.000	122.753	52.144	0.000	145.227
902.000	122.887	53.940	0.000	135.511
904.000	122.856	54.619	0.000	125.629
906.000	122.712	54.924	0.000	105.803
908.000	122.899	56.651	0.000	91.050
910.000	122.864	55.986	0.000	84.494
912.000	122.718	55.410	0.000	61.518
914.000	122.869	55.961	0.000	53.867
916.000	122.865	54.967	0.000	45.329
918.000	122.747	54.446	0.000	33.828
920.000	122.812	54.377	0.000	24.419
922.000	122.903	54.721	0.000	19.412
924.000	122.745	53.693	0.000	13.135
926.000	122.791	54.582	0.000	-2.307
928.000	122.924	54.852	0.000	-1.163
930.000	122.736	53.730	0.000	-16.761
932.000	122.793	54.528	0.000	-27.542
934.000	122.892	54.100	0.000	-36.246
936.000	122.778	53.230	0.000	-47.340
938.000	122.760	52.267	0.000	-62.452
940.000	122.882	51.707	0.000	-68.907
942.000	122.817	49.645	0.000	-72.181
944.000	122.715	47.908	0.000	-79.330
946.000	122.914	47.876	0.000	-75.637
948.000	122.799	46.556	0.000	-68.635
950.000	122.734	46.891	0.000	-73.247
952.000	122.876	47.826	0.000	-67.359
954.000	122.820	47.641	0.000	-70.775
956.000	122.736	48.141	0.000	-74.459
958.000	122.834	48.917	0.000	-79.727
960.000	122.872	49.601	0.000	-77.324
962.000	122.698	49.293	0.000	-86.270
964.000	122.858	51.356	0.000	-90.884
966.000	122.853	51.171	0.000	-91.282
968.000	122.721	51.705	0.000	-106.002
970.000	122.822	52.752	0.000	-111.854
972.000	122.867	52.834	0.000	-118.601
974.000	122.724	52.641	0.000	-129.034
976.000	122.806	53.218	0.000	-138.892
978.000	122.867	53.517	0.000	-142.361
980.000	122.744	52.902	0.000	-150.026
982.000	122.770	53.945	0.000	-162.190
984.000	122.909	54.456	0.000	-162.610
986.000	122.709	53.680	0.000	-176.066
988.000	122.799	54.864	0.000	173.270
990.000	122.860	54.605	0.000	168.419
992.000	122.753	54.218	0.000	155.378
994.000	122.758	54.152	0.000	145.230
996.000	122.875	54.434	0.000	136.972
998.000	122.764	53.495	0.000	133.182
1000.000	122.729	53.555	0.000	116.362
1002.000	122.910	54.110	0.000	117.936
1004.000	122.731	52.620	0.000	106.651
1006.000	122.760	53.198	0.000	96.700
1008.000	122.863	52.947	0.000	90.779
1010.000	122.768	52.325	0.000	83.382
1012.000	122.733	51.905	0.000	71.041
1014.000	122.865	52.118	0.000	66.417
1016.000	122.783	51.083	0.000	61.203
1018.000	122.704	50.573	0.000	49.440
1020.000	122.896	51.315	0.000	46.367
1022.000	122.754	49.978	0.000	43.379
1024.000	122.735	50.335	0.000	30.047
1026.000	122.858	50.341	0.000	29.794
1028.000	122.774	49.798	0.000	20.053
1030.000	122.724	49.645	0.000	11.539
1032.000	122.847	50.025	0.000	1.769
1034.000	122.797	49.373	0.000	-1.323
1036.000	122.694	48.516	0.000	-17.609
1038.000	122.881	49.108	0.000	-20.865
1040.000	122.760	47.398	0.000	-26.056
1042.000	122.724	47.326	0.000	-38.530
1044.000	122.848	47.112	0.000	-40.788
1046.000	122.776	46.358	0.000	-48.065
1048.000	122.720	45.805	0.000	-57.751
1050.000	122.832	46.065	0.000	-64.364
1052.000	122.799	45.143	0.000	-68.284
1054.000	122.689	44.270	0.000	-82.934
1056.000	122.871	44.380	0.000	-89.950
1058.000	122.762	42.401	0.000	-93.338
1060.000	122.719	40.904	0.000	-104.456
1062.000	122.840	40.251	0.000	-99.005
1064.000	122.773	38.828	0.000	-97.038
1066.000	122.716	39.016	0.000	-95.406
1068.000	122.823	40.146	0.000	-96.532
1070.000	122.800	40.743	0.000	-93.934
1072.000	122.680	41.383	0.000	-108.427
1074.000	122.868	43.074	0.000	-111.156
1076.000	122.752	42.383	0.000	-121.493
1078.000	122.719	43.125	0.000	-137.158
1080.000	122.831	43.429	0.000	-144.962
1082.000	122.770	43.300	0.000	-155.386
1084.000	122.709	43.534	0.000	-171.479
1086.000	122.829	44.358	0.000	176.864
1088.000	122.779	44.219	0.000	164.367
1090.000	122.684	44.433	0.000	140.755
1092.000	122.867	45.722	0.000	126.006
1094.000	122.736	44.857	0.000	108.055
1096.000	122.723	45.536	0.000	77.332
1098.000	122.834	45.586	0.000	60.839
1100.000	122.745	45.080	0.000	32.296
1102.000	122.715	44.861	0.000	6.055
1104.000	122.836	45.116	0.000	-19.409
1106.000	122.746	44.253	0.000	-37.959
1108.000	122.708	43.887	0.000	-73.378
1110.000	122.857	44.092	0.000	-88.024
1112.000	122.711	42.002	0.000	-113.918
1114.000	122.736	41.673	0.000	-139.750
1116.000	122.832	40.157	0.000	-157.298
1118.000	122.719	38.006	0.000	-177.272
1120.000	122.733	35.735	0.000	161.149
1122.000	122.830	33.865	0.000	150.275
1124.000	122.717	30.426	0.000	139.242
1126.000	122.734	28.189	0.000	128.269
1128.000	122.842	26.630	0.000	132.622
1130.000	122.689	24.501	0.000	131.555
1132.000	122.762	26.111	0.000	124.739
1134.000	122.812	26.591	0.000	112.420
1136.000	122.708	28.021	0.000	84.650
1138.000	122.739	29.619	0.000	53.731
1140.000	122.838	31.937	0.000	30.949
1142.000	122.674	33.407	0.000	0.907
1144.000	122.783	36.671	0.000	-26.717
1146.000	122.804	37.575	0.000	-44.851
1148.000	122.682	38.902	0.000	-76.816
1150.000	122.785	40.344	0.000	-96.834
1152.000	122.792	40.452	0.000	-116.833
1154.000	122.687	40.323	0.000	-140.212
1156.000	122.781	40.724	0.000	-160.360
1158.000	122.800	40.277	0.000	-174.182
1160.000	122.662	38.974	0.000	163.623
1162.000	122.823	38.941	0.000	147.525
1164.000	122.756	37.126	0.000	137.841
1166.000	122.687	35.271	0.000	116.228
1168.000	122.818	34.213	0.000	110.414
1170.000	122.736	31.500	0.000	100.326
1172.000	122.702	29.400	0.000	90.972
1174.000	122.810	27.180	0.000	84.048
1176.000	122.737	24.464	0.000	83.463
1178.000	122.698	20.089	0.000	73.740
1180.000	122.828	16.564	0.000	83.494
1182.000	122.701	14.582	0.000	-176.900
1184.000	122.729	19.811	0.000	-150.003
1186.000	122.806	23.016	0.000	-152.801
1188.000	122.707	25.520	0.000	-160.629
1190.000	122.723	28.484	0.000	-173.771
1192.000	122.820	30.274	0.000	-179.035
1194.000	122.679	30.832	0.000	168.560
1196.000	122.749	32.390	0.000	153.898
1198.000	122.811	33.054	0.000	149.397
1200.000	122.655	32.773	0.000	132.451
1202.000	122.794	33.824	0.000	125.259
1204.000	122.760	32.829	0.000	116.559
1206.000	122.686	32.501	0.000	106.269
1208.000	122.773	32.418	0.000	96.446
1210.000	122.778	32.069	0.000	95.513
1212.000	122.658	30.848	0.000	83.738
1214.000	122.814	31.352	0.000	81.648
1216.000	122.724	29.973	0.000	78.990
1218.000	122.689	29.859	0.000	70.321
1220.000	122.811	29.345	0.000	70.865
1222.000	122.703	28.297	0.000	67.157
1224.000	122.706	28.069	0.000	63.703
1226.000	122.808	28.129	0.000	64.766
1228.000	122.687	27.126	0.000	64.283
1230.000	122.726	27.537	0.000	61.045
1232.000	122.803	27.662	0.000	64.834
1234.000	122.663	26.755	0.000	62.284
1236.000	122.768	27.829	0.000	63.518
1238.000	122.758	27.648	0.000	66.007
1240.000	122.689	28.199	0.000	63.710
1242.000	122.751	28.666	0.000	60.501
1244.000	122.775	29.575	0.000	61.933
1246.000	122.656	29.589	0.000	51.889
1248.000	122.798	31.051	0.000	49.766
1250.000	122.724	30.562	0.000	45.331
1252.000	122.686	31.257	0.000	36.289
1254.000	122.794	31.641	0.000	33.024
1256.000	122.706	31.585	0.000	25.767
1258.000	122.695	31.745	0.000	16.149
1260.000	122.804	32.063	0.000	13.163
1262.000	122.675	31.357	0.000	5.633
1264.000	122.725	31.825	0.000	-3.825
1266.000	122.799	31.958	0.000	-4.533
1268.000	122.647	31.189	0.000	-17.094
1270.000	122.783	31.924	0.000	-21.285
1272.000	122.736	31.043	0.000	-27.066
1274.000	122.680	30.749	0.000	-35.751
1276.000	122.772	30.832	0.000	-42.555
1278.000	122.734	30.499	0.000	-44.873
1280.000	122.672	29.795	0.000	-57.833
1282.000	122.795	30.170	0.000	-59.893
1284.000	122.695	28.679	0.000	-66.367
1286.000	122.710	28.599	0.000	-74.680
1288.000	122.775	27.924	0.000	-78.457
1290.000	122.691	26.992	0.000	-82.813
1292.000	122.713	26.074	0.000	-90.385
1294.000	122.785	25.670	0.000	-89.288
1296.000	122.656	24.559	0.000	-92.623
1298.000	122.757	24.632	0.000	-95.699
1300.000	122.756	23.753	0.000	-94.953
1302.000	122.658	22.936	0.000	-100.397
1304.000	122.782	23.365	0.000	-94.461
1306.000	122.714	22.564	0.000	-96.647
1308.000	122.680	22.109	0.000	-99.951
1310.000	122.785	23.089	0.000	-97.930
1312.000	122.690	22.775	0.000	-96.858
1314.000	122.706	23.068	0.000	-103.097
1316.000	122.783	23.467	0.000	-99.477
1318.000	122.664	23.413	0.000	-108.090
1320.000	122.739	24.523	0.000	-111.710
1322.000	122.756	24.537	0.000	-116.254
1324.000	122.664	24.235	0.000	-125.308
1326.000	122.756	24.813	0.000	-134.947
1328.000	122.742	24.522	0.000	-137.821
1330.000	122.650	24.240	0.000	-146.426
1332.000	122.807	24.624	0.000	-150.816
1334.000	122.673	23.231	0.000	-157.095
1336.000	122.712	23.504	0.000	-165.402
1338.000	122.769	22.988	0.000	-165.616
1340.000	122.670	21.970	0.000	-170.895
1342.000	122.727	21.784	0.000	-177.068
1344.000	122.764	22.048	0.000	-178.616
1346.000	122.646	20.874	0.000	174.453
1348.000	122.781	21.711	0.000	173.785
1350.000	122.705	20.851	0.000	171.534
1352.000	122.683	21.420	0.000	162.365
1354.000	122.770	21.032	0.000	162.852
1356.000	122.689	20.764	0.000	157.601
1358.000	122.697	21.469	0.000	148.655
1360.000	122.777	21.309	0.000	148.822
1362.000	122.656	20.963	0.000	143.990
1364.000	122.743	22.030	0.000	138.892
1366.000	122.746	21.631	0.000	137.065
1368.000	122.652	21.994	0.000	124.718
1370.000	122.780	22.707	0.000	124.519
1372.000	122.694	22.733	0.000	114.849
1374.000	122.683	23.284	0.000	104.959
1376.000	122.785	24.021	0.000	97.293
1378.000	122.658	23.564	0.000	89.185
1380.000	122.735	24.624	0.000	74.742
1382.000	122.748	24.211	0.000	68.704
1384.000	122.659	23.697	0.000	51.899
1386.000	122.759	23.989	0.000	44.203
1388.000	122.714	22.993	0.000	34.275
1390.000	122.677	22.799	0.000	22.079
1392.000	122.764	23.158	0.000	16.065
1394.000	122.695	21.769	0.000	9.184
1396.000	122.690	21.075	0.000	-8.051
1398.000	122.779	21.216	0.000	-13.592
1400.000	122.644	20.590	0.000	-23.152
1402.000	122.755	20.792	0.000	-31.448
1404.000	122.726	20.273	0.000	-38.885
1406.000	122.662	19.934	0.000	-46.642
1408.000	122.771	19.898	0.000	-53.066
1410.000	122.691	19.548	0.000	-54.511
1412.000	122.691	19.994	0.000	-71.266
1414.000	122.771	20.098	0.000	-74.241
1416.000	122.657	19.327	0.000	-87.289
1418.000	122.739	19.605	0.000	-98.965
1420.000	122.732	18.484	0.000	-106.520
1422.000	122.666	16.800	0.000	-113.151
1424.000	122.754	16.575	0.000	-119.282
1426.000	122.713	16.189	0.000	-124.762
1428.000	122.664	16.189	0.000	-137.388
1430.000	122.795	16.880	0.000	-138.989
1432.000	122.647	15.429	0.000	-141.741
1434.000	122.739	14.601	0.000	-152.180
1436.000	122.739	14.325	0.000	-155.166
1438.000	122.655	13.905	0.000	-167.255
1440.000	122.766	13.507	0.000	-166.372
1442.000	122.699	13.181	0.000	-158.233
1444.000	122.682	13.886	0.000	-176.004
1446.000	122.774	14.081	0.000	-173.869
1448.000	122.657	12.246	0.000	-166.761
1450.000	122.736	12.058	0.000	-173.482
1452.000	122.731	12.061	0.000	173.480
1454.000	122.667	12.114	0.000	177.900
1456.000	122.751	11.530	0.000	-179.331
1458.000	122.709	11.498	0.000	167.959
1460.000	122.672	12.603	0.000	153.985
1462.000	122.782	12.197	0.000	164.940
1464.000	122.651	9.999	0.000	170.286
1466.000	122.741	11.208	0.000	158.915
1468.000	122.725	11.547	0.000	168.580
1470.000	122.671	11.429	0.000	161.087
1472.000	122.753	11.381	0.000	156.622
1474.000	122.697	10.770	0.000	168.988
1476.000	122.700	10.578	0.000	150.000
1478.000	122.754	10.152	0.000	153.591
1480.000	122.667	11.507	0.000	135.541
1482.000	122.734	11.947	0.000	128.418
1484.000	122.726	11.053	0.000	123.387
1486.000	122.670	10.308	0.000	101.539
1488.000	122.760	10.518	0.000	124.097
1490.000	122.687	10.123	0.000	130.138
1492.000	122.701	9.769	0.000	122.743
1494.000	122.760	11.134	0.000	145.878
1496.000	122.654	11.637	0.000	122.757
1498.000	122.757	11.302	0.000	112.052
1500.000	122.702	10.713	0.000	109.233
1502.000	122.685	10.906	0.000	110.128
1504.000	122.762	9.598	0.000	102.213
1506.000	122.671	10.408	0.000	91.508
1508.000	122.726	10.001	0.000	95.779
1510.000	122.741	9.208	0.000	108.398
1512.000	122.661	9.563	0.000	69.609
1514.000	122.761	10.865	0.000	96.152
1516.000	122.697	10.896	0.000	102.650
1518.000	122.687	9.632	0.000	146.753
1520.000	122.773	8.769	0.000	147.313
1522.000	122.650	8.677	0.000	123.989
1524.000	122.758	9.929	0.000	127.872
1526.000	122.703	9.989	0.000	131.844
1528.000	122.700	9.242	0.000	133.265
1530.000	122.745	9.388	0.000	114.736
1532.000	122.691	9.657	0.000	125.148
1534.000	122.713	10.021	0.000	113.484
1536.000	122.748	9.939	0.000	90.873
1538.000	122.662	10.851	0.000	68.861
1540.000	122.765	10.142	0.000	79.313
1542.000	122.691	9.847	0.000	91.320
1544.000	122.704	9.553	0.000	92.222
1546.000	122.754	9.857	0.000	113.720
1548.000	122.664	9.128	0.000	128.602
1550.000	122.750	9.581	0.000	177.683
1552.000	122.713	9.957	0.000	-154.640
1554.000	122.683	10.351	0.000	57.438
1556.000	122.770	10.048	0.000	71.331
1558.000	122.667	8.422	0.000	63.953
1560.000	122.737	8.983	0.000	76.743
1562.000	122.729	9.702	0.000	76.166
1564.000	122.675	9.191	0.000	111.134
1566.000	122.762	9.902	0.000	91.759
1568.000	122.686	9.502	0.000	48.921
1570.000	122.718	10.087	0.000	72.622
1572.000	122.750	10.112	0.000	93.843
1574.000	122.665	9.923	0.000	85.016
1576.000	122.764	9.597	0.000	123.245
1578.000	122.693	8.244	0.000	-93.084
1580.000	122.707	9.297	0.000	-95.485
1582.000	122.755	9.694	0.000	-137.857
1584.000	122.671	9.836	0.000	92.701
1586.000	122.754	8.751	0.000	108.227
1588.000	122.709	9.341	0.000	133.068
1590.000	122.697	8.874	0.000	137.146
1592.000	122.760	9.849	0.000	34.263
1594.000	122.674	9.779	0.000	-20.932
1596.000	122.743	9.052	0.000	-26.007
1598.000	122.727	9.765	0.000	14.861
1600.000	122.686	10.073	0.000	28.627
1602.000	122.764	9.282	0.000	53.081
1604.000	122.681	7.929	0.000	72.904
1606.000	122.738	8.340	0.000	-14.949
1608.000	122.729	8.792	0.000	104.581
1610.000	122.685	9.147	0.000	-178.007
1612.000	122.762	9.257	0.000	18.699
1614.000	122.695	9.080	0.000	-99.497
1616.000	122.715	9.065	0.000	-11.584
1618.000	122.760	9.303	0.000	-22.943
1620.000	122.663	8.439	0.000	-66.527
1622.000	122.777	9.408	0.000	-48.697
1624.000	122.687	10.246	0.000	-66.012
1626.000	122.723	10.121	0.000	-158.647
1628.000	122.753	10.469	0.000	-91.807
1630.000	122.674	9.199	0.000	-94.039
1632.000	122.764	9.175	0.000	-115.188
1634.000	122.705	9.801	0.000	-92.827
1636.000	122.709	10.559	0.000	-122.493
1638.000	122.762	11.256	0.000	-112.998
1640.000	122.669	10.430	0.000	-82.560
1642.000	122.769	9.496	0.000	-110.435
1644.000	122.701	10.428	0.000	-125.241
1646.000	122.715	9.663	0.000	-111.269
1648.000	122.762	8.478	0.000	-151.564
1650.000	122.681	9.506	0.000	-137.940
1652.000	122.755	9.667	0.000	-120.184
1654.000	122.716	9.528	0.000	-142.484
1656.000	122.704	10.625	0.000	-150.554
1658.000	122.770	9.638	0.000	-141.556
1660.000	122.669	9.537	0.000	-132.620
1662.000	122.772	9.929	0.000	-148.675
1664.000	122.707	9.833	0.000	135.173
1666.000	122.714	10.465	0.000	-154.145
1668.000	122.757	9.542	0.000	-137.968
1670.000	122.688	9.595	0.000	-178.568
1672.000	122.752	10.240	0.000	-167.599
1674.000	122.722	9.545	0.000	-176.203
1676.000	122.706	10.366	0.000	173.357
1678.000	122.772	10.529	0.000	-150.210
1680.000	122.674	9.517	0.000	-131.998
1682.000	122.770	9.913	0.000	-148.539
1684.000	122.715	8.969	0.000	-174.540
1686.000	122.706	9.800	0.000	-167.373
1688.000	122.784	9.067	0.000	-172.788
1690.000	122.666	9.208	0.000	121.379
1692.000	122.782	9.697	0.000	177.358
1694.000	122.700	10.200	0.000	-144.372
1696.000	122.736	9.278	0.000	-172.777
1698.000	122.743	10.020	0.000	162.349
1700.000	122.705	9.720	0.000	143.026
1702.000	122.753	10.273	0.000	128.252
1704.000	122.724	10.188	0.000	161.115
1706.000	122.712	9.441	0.000	145.340
1708.000	122.775	10.241	0.000	152.634
1710.000	122.678	10.399	0.000	134.081
1712.000	122.780	9.683	0.000	142.868
1714.000	122.699	10.173	0.000	178.998
1716.000	122.739	9.157	0.000	170.845
1718.000	122.752	9.449	0.000	158.354
1720.000	122.693	9.532	0.000	-177.948
1722.000	122.775	9.243	0.000	151.439
1724.000	122.710	9.490	0.000	157.886
1726.000	122.732	10.253	0.000	141.530
1728.000	122.760	9.570	0.000	-160.436
1730.000	122.685	10.042	0.000	159.855
1732.000	122.788	9.376	0.000	164.784
1734.000	122.688	10.036	0.000	-179.790
1736.000	122.767	10.578	0.000	117.005
1738.000	122.725	10.241	0.000	148.433
1740.000	122.726	9.329	0.000	135.290
1742.000	122.759	8.984	0.000	137.683
1744.000	122.705	9.510	0.000	131.408
1746.000	122.753	9.322	0.000	112.926
1748.000	122.739	9.651	0.000	136.301
1750.000	122.715	9.507	0.000	128.538
1752.000	122.772	8.962	0.000	121.712
1754.000	122.697	8.601	0.000	118.472
1756.000	122.768	9.531	0.000	148.283
1758.000	122.727	9.999	0.000	131.446
1760.000	122.719	10.247	0.000	109.677
1762.000	122.778	10.648	0.000	114.867
1764.000	122.690	9.730	0.000	138.323
1766.000	122.788	8.963	0.000	151.885
1768.000	122.696	8.779	0.000	140.884
1770.000	122.764	10.216	0.000	129.486
1772.000	122.739	10.422	0.000	137.913
1774.000	122.718	10.074	0.000	117.854
1776.000	122.775	10.661	0.000	127.018
1778.000	122.705	10.899	0.000	115.538
1780.000	122.761	9.311	0.000	115.949
1782.000	122.746	8.430	0.000	102.879
1784.000	122.712	8.817	0.000	75.058
1786.000	122.781	10.198	0.000	86.062
1788.000	122.694	9.617	0.000	128.051
1790.000	122.782	9.532	0.000	143.874
1792.000	122.717	10.000	0.000	127.856
1794.000	122.746	9.743	0.000	104.949
1796.000	122.754	9.744	0.000	106.187
1798.000	122.728	9.516	0.000	95.904
1800.000	122.757	9.675	0.000	83.557
1802.000	122.734	8.700	0.000	79.309
1804.000	122.736	8.147	0.000	109.500
1806.000	122.768	8.728	0.000	91.002
1808.000	122.702	8.615	0.000	95.826
1810.000	122.794	8.955	0.000	126.904
1812.000	122.697	9.991	0.000	117.464
1814.000	122.775	9.211	0.000	121.359
1816.000	122.735	9.609	0.000	102.665
1818.000	122.727	9.345	0.000	103.666
1820.000	122.780	9.932	0.000	93.867
1822.000	122.699	9.710	0.000	103.464
1824.000	122.794	9.900	0.000	64.407
1826.000	122.703	10.012	0.000	45.942
1828.000	122.775	9.913	0.000	87.488
1830.000	122.735	9.928	0.000	90.093
1832.000	122.741	10.173	0.000	110.319
1834.000	122.768	9.448	0.000	97.425
1836.000	122.724	9.506	0.000	104.874
1838.000	122.763	10.071	0.000	115.449
1840.000	122.747	8.942	0.000	93.432
1842.000	122.731	8.240	0.000	66.260
1844.000	122.777	9.256	0.000	96.252
1846.000	122.707	10.019	0.000	98.317
1848.000	122.788	10.730	0.000	100.440
1850.000	122.721	9.910	0.000	86.145
1852.000	122.758	9.361	0.000	86.384
1854.000	122.757	9.563	0.000	45.829
1856.000	122.727	9.420	0.000	33.455
1858.000	122.784	8.105	0.000	74.865
1860.000	122.709	8.060	0.000	89.336
1862.000	122.784	8.086	0.000	112.358
1864.000	122.722	9.640	0.000	33.300
1866.000	122.770	10.078	0.000	-140.471
1868.000	122.749	9.612	0.000	135.101
1870.000	122.739	9.771	0.000	81.692
1872.000	122.769	9.595	0.000	35.188
1874.000	122.730	8.716	0.000	25.151
1876.000	122.767	9.567	0.000	30.347
1878.000	122.750	9.841	0.000	70.166
1880.000	122.738	9.673	0.000	69.966
1882.000	122.775	8.749	0.000	38.686
1884.000	122.730	8.974	0.000	79.331
1886.000	122.769	10.336	0.000	69.327
1888.000	122.748	10.252	0.000	85.512
1890.000	122.739	9.798	0.000	45.139
1892.000	122.785	9.792	0.000	122.153
1894.000	122.715	9.121	0.000	67.741
1896.000	122.801	9.918	0.000	50.245
1898.000	122.702	10.175	0.000	-0.988
1900.000	122.799	10.024	0.000	45.031
1902.000	122.724	9.971	0.000	53.260
1904.000	122.768	9.901	0.000	61.107
1906.000	122.764	9.203	0.000	49.315
1908.000	122.722	10.022	0.000	61.770
1910.000	122.804	11.042	0.000	51.527
1912.000	122.702	10.536	0.000	17.968
1914.000	122.807	11.039	0.000	30.200
1916.000	122.716	11.988	0.000	43.832
1918.000	122.774	12.078	0.000	46.069
1920.000	122.756	11.351	0.000	24.433
1922.000	122.742	12.483	0.000	10.947
1924.000	122.784	13.041	0.000	10.178
1926.000	122.725	12.729	0.000	1.531
1928.000	122.785	13.664	0.000	-2.504
1930.000	122.731	13.865	0.000	-9.758
1932.000	122.775	13.396	0.000	-20.408
1934.000	122.752	14.304	0.000	-21.830
1936.000	122.751	15.199	0.000	-27.447
1938.000	122.774	15.138	0.000	-27.207
1940.000	122.738	15.966	0.000	-38.849
1942.000	122.777	16.309	0.000	-44.887
1944.000	122.745	16.570	0.000	-50.419
1946.000	122.758	17.013	0.000	-55.688
1948.000	122.766	17.036	0.000	-53.860
1950.000	122.744	16.596	0.000	-62.514
1952.000	122.781	17.884	0.000	-65.265
1954.000	122.738	18.161	0.000	-69.308
1956.000	122.769	18.457	0.000	-73.270
1958.000	122.755	18.043	0.000	-75.353
1960.000	122.753	19.064	0.000	-80.228
1962.000	122.779	19.039	0.000	-82.298
1964.000	122.734	19.557	0.000	-89.411
1966.000	122.786	20.539	0.000	-86.871
1968.000	122.735	21.020	0.000	-90.870
1970.000	122.783	21.363	0.000	-89.715
1972.000	122.750	21.579	0.000	-97.302
1974.000	122.762	22.557	0.000	-98.009
1976.000	122.765	23.105	0.000	-104.046
1978.000	122.746	23.756	0.000	-106.598
1980.000	122.785	24.197	0.000	-108.847
1982.000	122.734	24.823	0.000	-113.003
1984.000	122.785	25.634	0.000	-116.522
1986.000	122.740	25.949	0.000	-122.630
1988.000	122.767	27.005	0.000	-128.144
1990.000	122.768	27.435	0.000	-130.566
1992.000	122.748	28.551	0.000	-135.247
1994.000	122.782	28.867	0.000	-140.002
1996.000	122.737	29.659	0.000	-147.307
1998.000	122.779	30.134	0.000	-151.684
2000.000	122.749	30.883	0.000	-157.603
