2000.000	122.813	12.009	0.000	-123.245
2.000	122.864	13.192	0.000	-129.977
4.000	123.080	12.342	0.000	-139.214
6.000	123.101	11.976	0.000	-129.363
8.000	122.946	12.169	0.000	-135.703
10.000	122.804	11.443	0.000	-144.002
12.000	122.904	12.212	0.000	-152.148
14.000	123.170	12.128	0.000	-148.521
16.000	123.095	11.757	0.000	-132.988
18.000	122.761	12.360	0.000	-148.491
20.000	122.856	13.031	0.000	-165.856
22.000	123.132	11.587	0.000	-169.777
24.000	123.062	11.159	0.000	-159.791
26.000	122.923	12.161	0.000	-153.944
28.000	122.886	12.187	0.000	-173.922
30.000	122.883	11.327	0.000	173.008
32.000	123.086	13.116	0.000	178.253
34.000	123.151	13.117	0.000	-179.983
36.000	122.825	11.631	0.000	-176.308
38.000	122.778	12.100	0.000	168.357
40.000	123.118	11.504	0.000	150.299
42.000	123.136	11.563	0.000	170.840
44.000	122.901	11.914	0.000	162.005
46.000	122.833	12.244	0.000	154.583
48.000	122.942	12.901	0.000	159.138
50.000	123.108	12.862	0.000	154.876
52.000	123.075	14.058	0.000	142.370
54.000	122.835	13.446	0.000	143.742
56.000	122.850	12.545	0.000	155.582
58.000	123.066	13.606	0.000	146.594
60.000	123.095	13.589	0.000	140.747
62.000	122.969	13.631	0.000	136.068
64.000	122.816	13.187	0.000	127.478
66.000	122.894	14.079	0.000	119.407
68.000	123.184	13.975	0.000	120.562
70.000	123.081	13.160	0.000	134.408
72.000	122.743	12.029	0.000	130.195
74.000	122.910	12.629	0.000	115.439
76.000	123.137	13.343	0.000	104.196
78.000	123.021	12.384	0.000	115.036
80.000	122.935	11.732	0.000	108.552
82.000	122.874	11.803	0.000	101.755
84.000	122.907	12.277	0.000	98.273
86.000	123.159	12.808	0.000	103.845
88.000	123.070	12.281	0.000	89.615
90.000	122.745	11.751	0.000	83.470
92.000	122.912	12.856	0.000	72.765
94.000	123.160	13.101	0.000	94.878
96.000	123.042	12.231	0.000	89.977
98.000	122.867	11.715	0.000	68.234
100.000	122.850	12.571	0.000	47.179
102.000	123.031	13.012	0.000	63.134
104.000	123.145	12.471	0.000	60.202
106.000	122.927	12.098	0.000	44.986
108.000	122.812	11.999	0.000	34.329
110.000	122.991	12.270	0.000	34.586
112.000	123.084	11.740	0.000	52.303
114.000	123.045	12.300	0.000	58.606
116.000	122.867	10.712	0.000	39.925
118.000	122.811	12.064	0.000	17.389
120.000	123.136	13.330	0.000	16.977
122.000	123.152	12.568	0.000	5.756
124.000	122.786	12.709	0.000	19.348
126.000	122.866	12.284	0.000	-1.309
128.000	123.100	11.987	0.000	-9.827
130.000	123.041	10.772	0.000	0.256
132.000	122.968	11.555	0.000	-9.449
134.000	122.860	12.261	0.000	-12.517
136.000	122.899	12.135	0.000	-4.094
138.000	123.160	12.050	0.000	-27.733
140.000	123.052	11.706	0.000	-23.180
142.000	122.772	10.966	0.000	-33.827
144.000	122.920	12.081	0.000	-46.450
146.000	123.126	11.587	0.000	-36.397
148.000	123.058	10.451	0.000	-32.005
150.000	122.856	10.869	0.000	-37.515
152.000	122.843	11.743	0.000	-36.388
154.000	123.090	11.344	0.000	-51.746
156.000	123.104	11.150	0.000	-54.518
158.000	122.877	10.726	0.000	-61.539
160.000	122.867	10.550	0.000	-46.730
162.000	122.991	10.532	0.000	-59.443
164.000	123.095	9.402	0.000	-74.022
166.000	123.028	9.942	0.000	-59.908
168.000	122.779	11.040	0.000	-62.420
170.000	122.926	10.571	0.000	-57.374
172.000	123.202	10.525	0.000	-97.591
174.000	122.985	10.255	0.000	-122.360
176.000	122.786	10.301	0.000	-95.613
178.000	122.969	11.198	0.000	-87.941
180.000	123.084	9.687	0.000	-71.547
182.000	123.032	9.434	0.000	-113.292
184.000	122.887	9.667	0.000	-115.995
186.000	122.852	10.175	0.000	-133.931
188.000	123.061	11.542	0.000	-65.901
190.000	123.116	11.817	0.000	-66.201
192.000	122.887	11.265	0.000	-76.426
194.000	122.810	11.430	0.000	-73.424
196.000	123.054	11.117	0.000	-20.384
198.000	123.144	10.815	0.000	-19.728
200.000	122.887	10.305	0.000	7.555
202.000	122.815	10.080	0.000	-47.753
204.000	123.047	10.031	0.000	-29.668
206.000	123.090	11.321	0.000	-59.657
208.000	122.947	11.445	0.000	-86.069
210.000	122.850	11.532	0.000	-72.202
212.000	122.937	11.453	0.000	-72.529
214.000	123.121	11.173	0.000	-64.401
216.000	123.023	10.920	0.000	-67.309
218.000	122.794	11.710	0.000	-95.597
220.000	122.925	11.287	0.000	-90.502
222.000	123.146	11.784	0.000	-77.364
224.000	123.020	11.851	0.000	-82.742
226.000	122.793	11.124	0.000	-93.443
228.000	122.935	11.494	0.000	-107.360
230.000	123.122	11.328	0.000	-104.871
232.000	122.995	11.183	0.000	-98.284
234.000	122.871	11.150	0.000	-112.863
236.000	122.896	12.382	0.000	-104.445
238.000	123.035	11.759	0.000	-94.703
240.000	123.118	11.214	0.000	-86.033
242.000	122.853	11.620	0.000	-101.932
244.000	122.814	12.670	0.000	-126.523
246.000	123.143	12.576	0.000	-120.936
248.000	123.064	12.853	0.000	-126.153
250.000	122.831	12.859	0.000	-134.656
252.000	122.895	12.338	0.000	-148.601
254.000	123.042	12.535	0.000	-133.869
256.000	123.083	11.738	0.000	-119.022
258.000	122.888	10.695	0.000	-151.631
260.000	122.837	11.048	0.000	-163.637
262.000	123.055	11.713	0.000	-149.788
264.000	123.075	11.865	0.000	-145.005
266.000	122.919	12.168	0.000	-144.478
268.000	122.814	11.707	0.000	-157.450
270.000	123.018	12.393	0.000	-162.171
272.000	123.166	13.137	0.000	-158.606
274.000	122.844	13.038	0.000	-175.012
276.000	122.831	12.042	0.000	179.305
278.000	123.098	12.143	0.000	-173.874
280.000	123.021	12.626	0.000	179.156
282.000	122.935	12.741	0.000	178.317
284.000	122.858	11.597	0.000	176.132
286.000	122.957	12.732	0.000	167.235
288.000	123.158	14.102	0.000	168.607
290.000	122.903	13.382	0.000	-176.755
292.000	122.791	12.971	0.000	166.582
294.000	123.064	13.323	0.000	144.287
296.000	123.085	13.727	0.000	136.564
298.000	122.899	13.853	0.000	119.150
300.000	122.825	12.972	0.000	112.279
302.000	123.035	11.889	0.000	85.767
304.000	123.096	11.263	0.000	81.221
306.000	122.877	11.392	0.000	-110.756
308.000	122.867	13.972	0.000	-134.211
310.000	122.995	18.049	0.000	-156.597
312.000	123.084	20.755	0.000	178.236
314.000	122.945	22.166	0.000	149.271
316.000	122.773	23.267	0.000	107.369
318.000	123.059	24.567	0.000	76.569
320.000	123.121	24.348	0.000	55.873
322.000	122.829	22.094	0.000	25.536
324.000	122.870	21.651	0.000	-16.483
326.000	123.049	21.249	0.000	-37.698
328.000	123.044	19.629	0.000	-60.053
330.000	122.896	19.315	0.000	-78.986
332.000	122.848	19.170	0.000	-85.230
334.000	123.024	20.696	0.000	-94.973
336.000	123.086	23.054	0.000	-103.213
338.000	122.875	24.050	0.000	-120.659
340.000	122.815	26.654	0.000	-155.145
342.000	123.095	29.412	0.000	-169.985
344.000	123.065	29.321	0.000	172.471
346.000	122.804	29.066	0.000	139.011
348.000	122.910	30.121	0.000	112.130
350.000	123.060	30.178	0.000	89.292
352.000	123.016	29.280	0.000	64.883
354.000	122.861	27.636	0.000	34.963
356.000	122.870	26.355	0.000	-3.427
358.000	123.082	25.068	0.000	-37.634
360.000	123.022	22.982	0.000	-76.519
362.000	122.824	21.352	0.000	-134.870
364.000	122.887	22.859	0.000	172.711
366.000	123.111	24.631	0.000	146.531
368.000	123.003	24.363	0.000	128.507
370.000	122.762	24.068	0.000	92.460
372.000	122.997	25.480	0.000	77.270
374.000	123.073	25.066	0.000	72.022
376.000	122.921	24.765	0.000	56.768
378.000	122.877	24.944	0.000	43.689
380.000	122.902	25.393	0.000	30.818
382.000	123.117	26.322	0.000	20.540
384.000	122.952	25.451	0.000	11.911
386.000	122.762	24.138	0.000	-11.848
388.000	123.049	24.729	0.000	-21.106
390.000	123.064	23.320	0.000	-20.190
392.000	122.874	21.461	0.000	-31.268
394.000	122.840	21.246	0.000	-39.397
396.000	123.032	21.023	0.000	-34.123
398.000	123.057	20.259	0.000	-33.733
400.000	122.838	19.835	0.000	-33.773
402.000	122.887	20.336	0.000	-37.750
404.000	123.019	21.456	0.000	-45.663
406.000	123.044	21.159	0.000	-49.805
408.000	122.843	19.790	0.000	-48.733
410.000	122.841	19.842	0.000	-58.786
412.000	123.138	21.414	0.000	-53.932
414.000	122.960	21.809	0.000	-50.201
416.000	122.791	22.708	0.000	-67.880
418.000	122.977	24.453	0.000	-75.749
420.000	123.044	24.231	0.000	-79.378
422.000	122.942	23.385	0.000	-92.861
424.000	122.825	23.153	0.000	-101.937
426.000	122.955	23.333	0.000	-109.994
428.000	123.079	24.413	0.000	-108.506
430.000	122.907	24.980	0.000	-109.080
432.000	122.791	26.316	0.000	-136.036
434.000	123.046	28.291	0.000	-154.277
436.000	123.062	27.413	0.000	-171.546
438.000	122.801	25.300	0.000	145.428
440.000	122.901	23.776	0.000	92.742
442.000	123.041	23.510	0.000	19.995
444.000	122.988	25.909	0.000	-41.140
446.000	122.835	28.324	0.000	-86.164
448.000	122.893	31.038	0.000	-124.006
450.000	123.077	32.541	0.000	-148.472
452.000	122.951	32.128	0.000	-172.383
454.000	122.804	31.241	0.000	155.055
456.000	122.945	31.281	0.000	123.178
458.000	123.108	30.486	0.000	105.689
460.000	122.857	27.083	0.000	79.769
462.000	122.819	24.206	0.000	32.497
464.000	123.067	21.612	0.000	2.104
466.000	122.967	17.601	0.000	-60.489
468.000	122.886	17.627	0.000	-140.202
470.000	122.847	18.928	0.000	-177.208
472.000	123.034	20.183	0.000	151.814
474.000	123.033	20.057	0.000	138.717
476.000	122.757	18.180	0.000	115.731
478.000	122.954	18.406	0.000	93.179
480.000	123.069	17.467	0.000	94.822
482.000	122.897	15.107	0.000	93.169
484.000	122.809	15.668	0.000	77.185
486.000	123.003	15.300	0.000	70.351
488.000	123.034	13.818	0.000	75.553
490.000	122.840	13.235	0.000	73.462
492.000	122.871	12.419	0.000	63.839
494.000	123.000	12.412	0.000	60.441
496.000	123.025	11.493	0.000	56.926
498.000	122.794	11.283	0.000	58.483
500.000	122.893	11.146	0.000	48.516
502.000	123.103	10.901	0.000	52.478
504.000	122.882	10.336	0.000	55.122
506.000	122.810	10.299	0.000	46.581
508.000	122.999	10.369	0.000	59.974
510.000	123.012	10.734	0.000	73.560
512.000	122.855	10.352	0.000	80.539
514.000	122.855	10.232	0.000	84.179
516.000	123.001	10.523	0.000	70.476
518.000	123.020	10.506	0.000	83.342
520.000	122.780	11.408	0.000	96.594
522.000	122.907	11.935	0.000	69.831
524.000	123.095	10.342	0.000	56.880
526.000	122.854	9.995	0.000	40.168
528.000	122.835	8.791	0.000	57.879
530.000	122.981	10.038	0.000	97.880
532.000	123.015	10.667	0.000	95.376
534.000	122.833	9.901	0.000	86.236
536.000	122.860	10.865	0.000	85.790
538.000	123.029	11.029	0.000	73.996
540.000	122.958	11.955	0.000	74.028
542.000	122.800	10.674	0.000	81.339
544.000	122.909	8.957	0.000	107.287
546.000	123.097	10.045	0.000	91.632
548.000	122.814	11.337	0.000	76.993
550.000	122.849	11.254	0.000	51.848
552.000	123.023	11.179	0.000	30.319
554.000	122.947	10.530	0.000	23.190
556.000	122.847	9.916	0.000	31.357
558.000	122.856	10.759	0.000	35.606
560.000	123.058	10.890	0.000	36.465
562.000	122.909	9.336	0.000	26.781
564.000	122.778	9.764	0.000	-17.105
566.000	122.992	11.167	0.000	-5.467
568.000	123.021	10.799	0.000	8.339
570.000	122.791	10.893	0.000	-49.772
572.000	122.884	11.332	0.000	-9.530
574.000	123.024	9.901	0.000	-38.596
576.000	122.914	10.139	0.000	-17.343
578.000	122.812	10.173	0.000	-25.980
580.000	122.924	10.466	0.000	-79.676
582.000	123.036	9.341	0.000	-93.864
584.000	122.837	8.650	0.000	-77.328
586.000	122.818	9.322	0.000	-26.385
588.000	123.033	10.194	0.000	-15.644
590.000	122.953	10.687	0.000	-52.437
592.000	122.756	10.125	0.000	-158.102
594.000	122.972	10.401	0.000	137.015
596.000	122.986	10.089	0.000	168.783
598.000	122.860	9.463	0.000	144.942
600.000	122.831	9.257	0.000	130.346
602.000	122.971	9.045	0.000	-178.394
604.000	123.005	9.914	0.000	-169.589
606.000	122.747	10.301	0.000	164.023
608.000	122.936	9.933	0.000	-179.637
610.000	123.023	9.204	0.000	144.640
612.000	122.838	8.841	0.000	128.799
614.000	122.817	9.033	0.000	168.301
616.000	123.007	10.296	0.000	136.609
618.000	122.937	10.155	0.000	135.009
620.000	122.802	9.178	0.000	89.398
622.000	122.895	9.122	0.000	114.196
624.000	123.008	10.197	0.000	112.009
626.000	122.876	10.922	0.000	116.492
628.000	122.774	11.563	0.000	75.729
630.000	123.028	10.498	0.000	55.634
632.000	122.941	11.290	0.000	80.200
634.000	122.768	9.896	0.000	102.909
636.000	122.930	9.785	0.000	63.234
638.000	122.992	10.036	0.000	51.054
640.000	122.840	10.798	0.000	92.574
642.000	122.829	10.139	0.000	49.246
644.000	122.959	9.086	0.000	45.567
646.000	122.980	9.375	0.000	106.288
648.000	122.743	10.529	0.000	66.676
650.000	122.933	11.254	0.000	63.004
652.000	123.014	11.392	0.000	55.753
654.000	122.800	10.859	0.000	49.715
656.000	122.841	9.861	0.000	67.357
658.000	122.986	9.878	0.000	-111.621
660.000	122.917	10.078	0.000	-69.999
662.000	122.778	10.230	0.000	-148.190
664.000	122.927	10.347	0.000	-134.387
666.000	122.977	9.700	0.000	-48.933
668.000	122.832	9.806	0.000	-36.329
670.000	122.795	9.472	0.000	179.187
672.000	123.050	9.524	0.000	-66.655
674.000	122.856	9.763	0.000	-21.872
676.000	122.789	10.694	0.000	-173.529
678.000	122.958	10.190	0.000	-167.619
680.000	122.940	10.274	0.000	158.140
682.000	122.808	9.689	0.000	-124.821
684.000	122.849	9.090	0.000	-141.256
686.000	122.995	10.469	0.000	-116.489
688.000	122.871	9.104	0.000	-142.459
690.000	122.759	8.114	0.000	166.105
692.000	122.999	10.420	0.000	-169.885
694.000	122.923	11.314	0.000	-66.510
696.000	122.763	11.411	0.000	-166.991
698.000	122.916	11.324	0.000	162.037
700.000	122.959	10.773	0.000	14.457
702.000	122.830	9.836	0.000	-161.936
704.000	122.807	9.348	0.000	-170.813
706.000	122.985	8.866	0.000	135.347
708.000	122.889	8.699	0.000	155.246
710.000	122.769	10.301	0.000	177.671
712.000	122.921	10.524	0.000	159.688
714.000	122.991	9.767	0.000	134.002
716.000	122.733	10.212	0.000	-163.853
718.000	122.913	9.744	0.000	155.843
720.000	122.940	9.325	0.000	137.664
722.000	122.856	9.795	0.000	-23.186
724.000	122.784	9.773	0.000	-135.030
726.000	122.960	10.222	0.000	-165.263
728.000	122.922	10.337	0.000	-129.611
730.000	122.747	10.403	0.000	-96.196
732.000	122.912	9.258	0.000	-82.241
734.000	122.973	9.422	0.000	-84.379
736.000	122.760	10.538	0.000	-35.995
738.000	122.862	9.743	0.000	-72.344
740.000	122.960	9.715	0.000	-73.245
742.000	122.843	10.203	0.000	-78.831
744.000	122.784	10.097	0.000	-123.542
746.000	122.940	9.955	0.000	163.593
748.000	122.924	9.656	0.000	-72.701
750.000	122.748	9.484	0.000	-44.926
752.000	122.891	9.635	0.000	-57.421
754.000	122.976	9.788	0.000	-77.636
756.000	122.755	10.608	0.000	-62.686
758.000	122.855	10.347	0.000	-48.080
760.000	122.960	8.047	0.000	-131.080
762.000	122.827	9.464	0.000	-146.739
764.000	122.794	10.135	0.000	-112.729
766.000	122.918	9.786	0.000	-120.557
768.000	122.939	10.589	0.000	-132.474
770.000	122.718	11.442	0.000	-122.240
772.000	122.921	10.499	0.000	-114.863
774.000	122.937	10.445	0.000	-92.734
776.000	122.765	10.807	0.000	-110.089
778.000	122.840	9.811	0.000	-153.747
780.000	122.962	9.237	0.000	-120.839
782.000	122.807	9.076	0.000	-146.552
784.000	122.793	8.534	0.000	-152.968
786.000	122.926	10.152	0.000	-128.826
788.000	122.901	11.298	0.000	-88.179
790.000	122.727	10.326	0.000	-90.972
792.000	122.921	10.450	0.000	-35.801
794.000	122.926	10.242	0.000	-33.099
796.000	122.737	9.732	0.000	-34.158
798.000	122.877	11.269	0.000	-11.552
800.000	122.930	12.021	0.000	-36.496
802.000	122.794	11.745	0.000	-48.432
804.000	122.798	13.262	0.000	-46.070
806.000	122.939	17.667	0.000	-45.767
808.000	122.862	19.756	0.000	-41.291
810.000	122.728	23.458	0.000	-55.907
812.000	122.959	26.774	0.000	-55.029
814.000	122.865	28.327	0.000	-61.721
816.000	122.746	31.910	0.000	-76.264
818.000	122.891	35.471	0.000	-86.067
820.000	122.912	38.505	0.000	-99.200
822.000	122.762	41.238	0.000	-119.760
824.000	122.828	44.642	0.000	-143.639
826.000	122.940	47.028	0.000	-162.373
828.000	122.799	48.107	0.000	173.397
830.000	122.766	50.005	0.000	139.468
832.000	122.965	51.841	0.000	121.036
834.000	122.812	51.176	0.000	98.904
836.000	122.755	51.956	0.000	63.580
838.000	122.932	52.382	0.000	49.150
840.000	122.844	51.462	0.000	25.151
842.000	122.769	51.245	0.000	3.227
844.000	122.849	50.941	0.000	-20.875
846.000	122.939	50.724	0.000	-35.155
848.000	122.721	48.435	0.000	-53.938
850.000	122.856	48.292	0.000	-75.815
852.000	122.930	47.307	0.000	-79.069
854.000	122.756	45.508	0.000	-96.832
856.000	122.801	45.823	0.000	-109.838
858.000	122.937	45.435	0.000	-119.245
860.000	122.787	44.543	0.000	-134.174
862.000	122.779	44.055	0.000	-153.023
864.000	122.897	44.090	0.000	-168.716
866.000	122.866	42.858	0.000	178.118
868.000	122.708	41.207	0.000	150.633
870.000	122.928	40.815	0.000	129.964
872.000	122.859	38.658	0.000	114.135
874.000	122.729	36.194	0.000	76.383
876.000	122.875	36.019	0.000	48.339
878.000	122.884	35.307	0.000	19.825
880.000	122.748	36.761	0.000	-12.929
882.000	122.820	38.908	0.000	-37.125
884.000	122.916	41.819	0.000	-53.969
886.000	122.763	42.734	0.000	-70.675
888.000	122.781	46.102	0.000	-99.319
890.000	122.950	47.558	0.000	-106.400
892.000	122.752	47.821	0.000	-133.057
894.000	122.782	49.481	0.000	-153.029
896.000	122.905	50.313	0.000	-168.500
898.000	122.809	50.272	0.000	175.025
900.000	122.747	50.594	0.000	152.177
902.000	122.886	51.172	0.000	136.818
904.000	122.853	50.566	0.000	123.642
906.000	122.709	49.322	0.000	103.657
908.000	122.895	49.635	0.000	89.307
910.000	122.863	48.130	0.000	86.365
912.000	122.714	46.487	0.000	69.489
914.000	122.865	46.442	0.000	67.067
916.000	122.865	45.089	0.000	65.452
918.000	122.743	44.427	0.000	61.685
920.000	122.809	44.516	0.000	60.884
922.000	122.902	45.341	0.000	64.579
924.000	122.742	45.270	0.000	65.013
926.000	122.787	47.737	0.000	57.183
928.000	122.922	49.163	0.000	61.264
930.000	122.734	49.888	0.000	45.879
932.000	122.788	52.166	0.000	35.400
934.000	122.891	53.209	0.000	24.624
936.000	122.776	53.773	0.000	10.962
938.000	122.755	54.595	0.000	-8.646
940.000	122.881	55.673	0.000	-20.418
942.000	122.814	55.233	0.000	-33.490
944.000	122.711	55.138	0.000	-55.211
946.000	122.910	55.942	0.000	-67.739
948.000	122.798	54.639	0.000	-76.188
950.000	122.729	54.077	0.000	-98.988
952.000	122.874	54.080	0.000	-103.968
954.000	122.820	52.548	0.000	-115.925
956.000	122.731	51.873	0.000	-126.469
958.000	122.832	51.353	0.000	-137.553
960.000	122.870	50.953	0.000	-139.937
962.000	122.695	49.006	0.000	-150.509
964.000	122.855	49.479	0.000	-157.160
966.000	122.852	48.098	0.000	-153.954
968.000	122.718	47.164	0.000	-161.511
970.000	122.818	47.727	0.000	-159.227
972.000	122.867	47.951	0.000	-157.705
974.000	122.720	48.508	0.000	-161.534
976.000	122.803	50.141	0.000	-168.360
978.000	122.865	51.370	0.000	-172.403
980.000	122.740	51.574	0.000	176.779
982.000	122.767	53.237	0.000	160.063
984.000	122.907	54.014	0.000	155.609
986.000	122.707	53.400	0.000	136.922
988.000	122.794	54.589	0.000	121.283
990.000	122.860	54.221	0.000	112.362
992.000	122.750	53.599	0.000	94.920
994.000	122.754	53.235	0.000	80.823
996.000	122.874	53.135	0.000	68.837
998.000	122.761	51.794	0.000	62.442
1000.000	122.725	51.087	0.000	42.714
1002.000	122.907	51.114	0.000	42.733
1004.000	122.729	48.881	0.000	32.188
1006.000	122.756	48.800	0.000	23.677
1008.000	122.861	48.109	0.000	21.073
1010.000	122.767	47.329	0.000	17.820
1012.000	122.728	47.150	0.000	10.043
1014.000	122.864	47.829	0.000	8.887
1016.000	122.780	47.542	0.000	5.431
1018.000	122.701	48.075	0.000	-6.658
1020.000	122.893	49.695	0.000	-11.189
1022.000	122.753	49.158	0.000	-18.377
1024.000	122.730	50.425	0.000	-37.392
1026.000	122.856	50.887	0.000	-43.022
1028.000	122.772	50.815	0.000	-59.909
1030.000	122.719	50.997	0.000	-75.074
1032.000	122.845	51.711	0.000	-91.842
1034.000	122.795	51.284	0.000	-101.126
1036.000	122.690	50.774	0.000	-126.291
1038.000	122.879	51.594	0.000	-136.771
1040.000	122.758	50.083	0.000	-150.654
1042.000	122.720	50.200	0.000	-173.150
1044.000	122.846	50.090	0.000	175.654
1046.000	122.775	49.390	0.000	159.175
1048.000	122.715	48.966	0.000	139.483
1050.000	122.832	49.411	0.000	123.103
1052.000	122.796	48.663	0.000	110.134
1054.000	122.686	48.036	0.000	85.971
1056.000	122.867	48.628	0.000	71.450
1058.000	122.761	47.467	0.000	59.462
1060.000	122.714	47.325	0.000	34.697
1062.000	122.838	47.585	0.000	25.767
1064.000	122.772	46.702	0.000	8.347
1066.000	122.711	46.652	0.000	-7.410
1068.000	122.822	46.945	0.000	-24.651
1070.000	122.798	46.736	0.000	-32.834
1072.000	122.677	45.950	0.000	-57.006
1074.000	122.866	46.777	0.000	-65.991
1076.000	122.751	45.123	0.000	-79.282
1078.000	122.715	44.975	0.000	-98.159
1080.000	122.829	44.580	0.000	-107.811
1082.000	122.769	43.635	0.000	-119.367
1084.000	122.704	42.858	0.000	-134.880
1086.000	122.828	42.766	0.000	-144.638
1088.000	122.776	41.753	0.000	-153.283
1090.000	122.681	40.922	0.000	-171.173
1092.000	122.864	41.197	0.000	178.236
1094.000	122.735	39.051	0.000	167.515
1096.000	122.718	37.761	0.000	146.483
1098.000	122.832	36.062	0.000	139.732
1100.000	122.744	32.723	0.000	125.509
1102.000	122.711	29.200	0.000	119.390
1104.000	122.835	25.659	0.000	127.575
1106.000	122.743	23.773	0.000	148.654
1108.000	122.704	23.979	0.000	140.174
1110.000	122.855	23.630	0.000	135.549
1112.000	122.709	19.963	0.000	85.031
1114.000	122.731	23.762	0.000	-27.331
1116.000	122.831	29.493	0.000	-60.864
1118.000	122.716	33.159	0.000	-80.676
1120.000	122.729	36.508	0.000	-103.585
1122.000	122.829	38.959	0.000	-115.371
1124.000	122.713	39.725	0.000	-131.492
1126.000	122.731	41.492	0.000	-150.613
1128.000	122.840	42.778	0.000	-157.742
1130.000	122.687	42.685	0.000	-173.377
1132.000	122.757	44.517	0.000	173.140
1134.000	122.812	44.664	0.000	165.633
1136.000	122.705	45.312	0.000	150.025
1138.000	122.737	45.936	0.000	135.493
1140.000	122.837	47.132	0.000	125.590
1142.000	122.672	46.469	0.000	109.671
1144.000	122.780	47.766	0.000	90.516
1146.000	122.803	47.160	0.000	81.858
1148.000	122.679	46.373	0.000	57.593
1150.000	122.782	46.289	0.000	42.784
1152.000	122.793	44.882	0.000	27.067
1154.000	122.683	42.963	0.000	5.993
1156.000	122.780	41.129	0.000	-14.239
1158.000	122.799	38.227	0.000	-29.813
1160.000	122.659	33.264	0.000	-60.914
1162.000	122.820	29.836	0.000	-125.457
1164.000	122.755	31.273	0.000	170.938
1166.000	122.682	35.997	0.000	134.024
1168.000	122.816	38.918	0.000	125.309
1170.000	122.735	40.760	0.000	110.247
1172.000	122.698	42.937	0.000	99.043
1174.000	122.809	45.399	0.000	88.244
1176.000	122.735	46.501	0.000	81.968
1178.000	122.695	48.634	0.000	61.184
1180.000	122.827	50.433	0.000	56.649
1182.000	122.700	50.734	0.000	37.540
1184.000	122.725	52.463	0.000	21.486
1186.000	122.805	52.993	0.000	7.813
1188.000	122.705	53.006	0.000	-8.687
1190.000	122.718	53.314	0.000	-28.217
1192.000	122.819	53.314	0.000	-37.997
1194.000	122.676	52.006	0.000	-52.779
1196.000	122.745	51.956	0.000	-67.209
1198.000	122.809	51.477	0.000	-69.491
1200.000	122.652	50.177	0.000	-81.870
1202.000	122.790	50.814	0.000	-84.784
1204.000	122.760	49.965	0.000	-89.596
1206.000	122.682	50.062	0.000	-96.272
1208.000	122.771	50.651	0.000	-104.801
1210.000	122.777	50.725	0.000	-106.457
1212.000	122.655	50.285	0.000	-121.321
1214.000	122.812	51.130	0.000	-125.214
1216.000	122.723	49.944	0.000	-131.116
1218.000	122.685	50.204	0.000	-141.790
1220.000	122.809	50.035	0.000	-142.418
1222.000	122.702	49.636	0.000	-147.278
1224.000	122.702	50.021	0.000	-152.028
1226.000	122.807	50.968	0.000	-152.975
1228.000	122.684	50.796	0.000	-158.330
1230.000	122.723	52.016	0.000	-167.399
1232.000	122.801	52.639	0.000	-169.027
1234.000	122.661	52.619	0.000	-179.792
1236.000	122.764	54.099	0.000	174.412
1238.000	122.758	53.981	0.000	168.803
1240.000	122.685	54.802	0.000	159.759
1242.000	122.749	55.655	0.000	150.295
1244.000	122.774	56.491	0.000	146.571
1246.000	122.653	56.735	0.000	131.132
1248.000	122.796	58.322	0.000	124.997
1250.000	122.723	57.929	0.000	114.803
1252.000	122.682	58.988	0.000	99.161
1254.000	122.792	59.451	0.000	90.343
1256.000	122.705	59.362	0.000	77.421
1258.000	122.691	59.643	0.000	61.649
1260.000	122.804	59.940	0.000	52.887
1262.000	122.672	59.050	0.000	40.919
1264.000	122.722	59.353	0.000	26.600
1266.000	122.799	59.305	0.000	23.177
1268.000	122.644	58.468	0.000	8.536
1270.000	122.780	59.154	0.000	2.985
1272.000	122.736	58.400	0.000	-4.965
1274.000	122.676	58.538	0.000	-13.972
1276.000	122.771	59.079	0.000	-23.344
1278.000	122.733	59.097	0.000	-27.887
1280.000	122.669	59.232	0.000	-43.446
1282.000	122.794	60.311	0.000	-49.271
1284.000	122.694	59.703	0.000	-61.211
1286.000	122.706	60.493	0.000	-75.801
1288.000	122.774	60.303	0.000	-85.917
1290.000	122.689	60.001	0.000	-98.815
1292.000	122.710	59.869	0.000	-114.856
1294.000	122.785	59.765	0.000	-122.062
1296.000	122.654	58.522	0.000	-136.176
1298.000	122.754	58.684	0.000	-148.513
1300.000	122.756	58.084	0.000	-152.891
1302.000	122.655	57.248	0.000	-169.282
1304.000	122.780	57.421	0.000	-173.245
1306.000	122.713	56.358	0.000	176.104
1308.000	122.676	56.006	0.000	167.083
1310.000	122.784	56.261	0.000	157.806
1312.000	122.689	55.369	0.000	152.296
1314.000	122.703	55.538	0.000	136.346
1316.000	122.783	55.347	0.000	133.358
1318.000	122.663	54.393	0.000	117.322
1320.000	122.736	54.460	0.000	107.995
1322.000	122.757	53.579	0.000	98.417
1324.000	122.661	52.586	0.000	86.135
1326.000	122.755	52.118	0.000	75.968
1328.000	122.740	50.944	0.000	70.518
1330.000	122.649	49.618	0.000	58.840
1332.000	122.805	49.424	0.000	55.315
1334.000	122.673	47.642	0.000	50.754
1336.000	122.709	47.357	0.000	43.882
1338.000	122.769	46.482	0.000	44.321
1340.000	122.668	45.782	0.000	39.780
1342.000	122.726	45.741	0.000	37.183
1344.000	122.763	45.968	0.000	37.441
1346.000	122.644	45.638	0.000	31.131
1348.000	122.780	47.028	0.000	28.304
1350.000	122.705	46.443	0.000	24.153
1352.000	122.680	47.360	0.000	13.391
1354.000	122.770	47.642	0.000	8.347
1356.000	122.688	47.623	0.000	-0.570
1358.000	122.695	48.109	0.000	-11.816
1360.000	122.778	48.428	0.000	-16.747
1362.000	122.654	48.109	0.000	-27.795
1364.000	122.741	49.015	0.000	-38.407
1366.000	122.746	48.983	0.000	-42.619
1368.000	122.649	49.289	0.000	-59.209
1370.000	122.780	49.955	0.000	-64.419
1372.000	122.694	49.756	0.000	-78.676
1374.000	122.680	50.125	0.000	-91.159
1376.000	122.785	50.766	0.000	-103.818
1378.000	122.657	50.116	0.000	-115.671
1380.000	122.733	50.678	0.000	-134.439
1382.000	122.747	50.186	0.000	-142.044
1384.000	122.658	49.585	0.000	-161.407
1386.000	122.757	49.684	0.000	-172.251
1388.000	122.714	48.974	0.000	174.386
1390.000	122.674	48.524	0.000	159.081
1392.000	122.764	48.659	0.000	145.816
1394.000	122.693	47.745	0.000	133.573
1396.000	122.689	47.478	0.000	113.627
1398.000	122.780	47.196	0.000	103.197
1400.000	122.643	45.794	0.000	83.687
1402.000	122.753	45.794	0.000	67.735
1404.000	122.727	44.212	0.000	53.206
1406.000	122.659	43.055	0.000	35.250
1408.000	122.773	42.060	0.000	18.262
1410.000	122.690	40.436	0.000	7.752
1412.000	122.689	38.711	0.000	-15.174
1414.000	122.772	37.403	0.000	-22.839
1416.000	122.657	34.562	0.000	-41.345
1418.000	122.737	33.031	0.000	-54.291
1420.000	122.734	30.619	0.000	-64.853
1422.000	122.664	28.137	0.000	-76.866
1424.000	122.754	26.536	0.000	-84.664
1426.000	122.712	24.104	0.000	-90.252
1428.000	122.663	21.594	0.000	-102.955
1430.000	122.794	20.858	0.000	-107.531
1432.000	122.647	18.082	0.000	-114.051
1434.000	122.738	17.118	0.000	-125.260
1436.000	122.740	14.596	0.000	-126.569
1438.000	122.652	13.130	0.000	-135.633
1440.000	122.767	12.376	0.000	-129.396
1442.000	122.698	12.048	0.000	-126.315
1444.000	122.680	10.124	0.000	-144.629
1446.000	122.775	10.806	0.000	-137.082
1448.000	122.656	10.784	0.000	-138.352
1450.000	122.734	10.045	0.000	-158.788
1452.000	122.733	10.239	0.000	-147.622
1454.000	122.665	11.078	0.000	169.299
1456.000	122.752	10.272	0.000	177.892
1458.000	122.709	10.060	0.000	-159.128
1460.000	122.671	8.568	0.000	164.848
1462.000	122.781	9.065	0.000	78.792
1464.000	122.651	10.132	0.000	70.177
1466.000	122.739	10.833	0.000	98.999
1468.000	122.726	9.900	0.000	-144.467
1470.000	122.669	9.875	0.000	79.652
1472.000	122.755	10.036	0.000	120.827
1474.000	122.696	9.177	0.000	120.938
1476.000	122.698	9.227	0.000	96.596
1478.000	122.755	9.931	0.000	123.299
1480.000	122.667	10.267	0.000	49.132
1482.000	122.733	8.950	0.000	55.043
1484.000	122.728	8.718	0.000	132.922
1486.000	122.668	9.495	0.000	149.079
1488.000	122.762	9.457	0.000	141.019
1490.000	122.687	9.688	0.000	131.664
1492.000	122.701	9.210	0.000	139.140
1494.000	122.761	8.687	0.000	71.338
1496.000	122.653	9.014	0.000	78.314
1498.000	122.758	8.981	0.000	121.540
1500.000	122.703	9.199	0.000	159.355
1502.000	122.683	9.637	0.000	132.607
1504.000	122.764	9.555	0.000	61.003
1506.000	122.672	9.612	0.000	-58.939
1508.000	122.725	9.378	0.000	-132.084
1510.000	122.742	9.204	0.000	-159.077
1512.000	122.660	9.337	0.000	-61.258
1514.000	122.761	9.927	0.000	-30.835
1516.000	122.697	9.522	0.000	39.170
1518.000	122.686	9.270	0.000	53.221
1520.000	122.775	9.647	0.000	133.954
1522.000	122.648	9.743	0.000	114.998
1524.000	122.758	10.091	0.000	95.747
1526.000	122.705	10.061	0.000	-167.652
1528.000	122.697	8.617	0.000	-169.604
1530.000	122.747	8.639	0.000	-96.433
1532.000	122.691	8.416	0.000	-179.034
1534.000	122.712	7.940	0.000	99.095
1536.000	122.749	8.266	0.000	36.481
1538.000	122.662	9.029	0.000	32.898
1540.000	122.764	9.270	0.000	38.206
1542.000	122.691	9.228	0.000	-95.122
1544.000	122.703	8.611	0.000	116.329
1546.000	122.756	9.042	0.000	127.068
1548.000	122.661	9.472	0.000	144.214
1550.000	122.751	10.111	0.000	162.804
1552.000	122.714	9.380	0.000	118.467
1554.000	122.682	10.240	0.000	122.856
1556.000	122.770	8.997	0.000	147.864
1558.000	122.668	8.664	0.000	71.762
1560.000	122.736	8.721	0.000	62.251
1562.000	122.730	9.770	0.000	-177.080
1564.000	122.674	10.042	0.000	-176.387
1566.000	122.764	8.337	0.000	-169.270
1568.000	122.685	8.851	0.000	-131.754
1570.000	122.717	9.313	0.000	-148.140
1572.000	122.753	9.395	0.000	166.175
1574.000	122.664	9.637	0.000	-170.897
1576.000	122.764	9.808	0.000	-135.450
1578.000	122.694	10.745	0.000	97.031
1580.000	122.705	10.639	0.000	136.974
1582.000	122.756	9.376	0.000	142.087
1584.000	122.670	8.994	0.000	-17.258
1586.000	122.755	8.873	0.000	-12.818
1588.000	122.710	8.677	0.000	11.573
1590.000	122.694	9.077	0.000	-54.941
1592.000	122.762	8.856	0.000	121.539
1594.000	122.673	8.625	0.000	-145.858
1596.000	122.744	9.173	0.000	-113.452
1598.000	122.727	8.814	0.000	26.767
1600.000	122.685	9.667	0.000	-110.880
1602.000	122.765	9.849	0.000	-113.445
1604.000	122.681	10.849	0.000	-136.147
1606.000	122.737	10.816	0.000	178.739
1608.000	122.731	10.756	0.000	-161.365
1610.000	122.683	10.279	0.000	-162.625
1612.000	122.763	9.214	0.000	-147.803
1614.000	122.695	9.652	0.000	-134.128
1616.000	122.714	8.586	0.000	170.371
1618.000	122.762	9.150	0.000	-10.527
1620.000	122.661	9.497	0.000	-103.175
1622.000	122.778	9.711	0.000	-88.555
1624.000	122.688	9.801	0.000	-76.571
1626.000	122.721	8.406	0.000	-105.779
1628.000	122.754	8.733	0.000	-110.142
1630.000	122.674	9.955	0.000	-100.798
1632.000	122.764	9.774	0.000	-108.667
1634.000	122.704	9.156	0.000	-129.617
1636.000	122.707	10.252	0.000	-156.505
1638.000	122.765	10.639	0.000	-116.815
1640.000	122.666	10.259	0.000	-125.746
1642.000	122.769	10.554	0.000	-176.282
1644.000	122.703	10.562	0.000	-148.494
1646.000	122.714	10.051	0.000	-129.445
1648.000	122.762	10.207	0.000	-154.139
1650.000	122.679	9.590	0.000	164.841
1652.000	122.757	10.979	0.000	177.429
1654.000	122.716	10.460	0.000	169.579
1656.000	122.701	9.294	0.000	-170.117
1658.000	122.771	10.668	0.000	-164.637
1660.000	122.669	9.572	0.000	169.065
1662.000	122.770	8.164	0.000	161.027
1664.000	122.707	9.270	0.000	179.565
1666.000	122.713	10.189	0.000	178.958
1668.000	122.758	9.557	0.000	179.388
1670.000	122.685	9.598	0.000	-176.919
1672.000	122.753	10.360	0.000	-171.255
1674.000	122.723	9.665	0.000	-163.530
1676.000	122.704	10.259	0.000	170.937
1678.000	122.771	10.844	0.000	179.428
1680.000	122.673	9.818	0.000	-173.724
1682.000	122.771	8.770	0.000	171.645
1684.000	122.714	8.419	0.000	148.615
1686.000	122.704	9.618	0.000	116.334
1688.000	122.786	9.314	0.000	129.689
1690.000	122.665	8.370	0.000	149.982
1692.000	122.781	9.198	0.000	134.343
1694.000	122.700	9.651	0.000	106.838
1696.000	122.734	8.773	0.000	103.145
1698.000	122.744	7.969	0.000	89.611
1700.000	122.701	8.940	0.000	109.887
1702.000	122.753	8.935	0.000	116.695
1704.000	122.724	7.861	0.000	159.129
1706.000	122.710	9.114	0.000	138.624
1708.000	122.774	9.657	0.000	116.879
1710.000	122.676	9.731	0.000	91.264
1712.000	122.780	10.259	0.000	89.008
1714.000	122.698	9.718	0.000	108.165
1716.000	122.737	9.900	0.000	111.200
1718.000	122.752	9.342	0.000	88.896
1720.000	122.691	9.854	0.000	124.309
1722.000	122.774	10.180	0.000	165.302
1724.000	122.708	10.258	0.000	114.661
1726.000	122.730	8.638	0.000	41.180
1728.000	122.762	8.863	0.000	111.062
1730.000	122.683	9.420	0.000	119.100
1732.000	122.788	8.436	0.000	133.478
1734.000	122.685	8.975	0.000	139.215
1736.000	122.765	9.769	0.000	126.456
1738.000	122.726	8.881	0.000	93.410
1740.000	122.721	9.065	0.000	63.043
1742.000	122.759	8.886	0.000	63.062
1744.000	122.703	8.799	0.000	70.850
1746.000	122.753	10.209	0.000	99.974
1748.000	122.736	9.603	0.000	108.945
1750.000	122.713	8.353	0.000	-178.780
1752.000	122.772	9.081	0.000	134.379
1754.000	122.695	9.725	0.000	158.188
1756.000	122.765	8.888	0.000	-159.732
1758.000	122.725	9.524	0.000	85.042
1760.000	122.717	9.920	0.000	16.751
1762.000	122.779	9.828	0.000	114.017
1764.000	122.685	10.509	0.000	113.154
1766.000	122.786	9.879	0.000	128.280
1768.000	122.696	8.472	0.000	143.277
1770.000	122.762	8.579	0.000	-174.194
1772.000	122.737	9.388	0.000	-143.934
1774.000	122.714	9.422	0.000	-152.633
1776.000	122.776	9.097	0.000	-173.556
1778.000	122.704	8.851	0.000	113.024
1780.000	122.756	8.076	0.000	101.771
1782.000	122.744	7.992	0.000	113.492
1784.000	122.710	9.228	0.000	-166.936
1786.000	122.782	10.437	0.000	124.817
1788.000	122.688	9.438	0.000	69.099
1790.000	122.781	8.242	0.000	58.837
1792.000	122.716	9.676	0.000	-141.972
1794.000	122.745	8.178	0.000	-69.100
1796.000	122.751	7.507	0.000	-76.829
1798.000	122.723	7.459	0.000	-140.884
1800.000	122.757	8.756	0.000	-157.542
1802.000	122.732	8.917	0.000	167.215
1804.000	122.732	7.554	0.000	-50.409
1806.000	122.766	9.342	0.000	-31.275
1808.000	122.700	8.775	0.000	109.772
1810.000	122.793	9.303	0.000	150.593
1812.000	122.693	9.969	0.000	145.958
1814.000	122.771	9.316	0.000	142.684
1816.000	122.734	9.924	0.000	143.566
1818.000	122.724	9.818	0.000	152.098
1820.000	122.779	8.811	0.000	-48.524
1822.000	122.694	9.651	0.000	138.415
1824.000	122.792	8.918	0.000	-175.832
1826.000	122.701	9.723	0.000	19.410
1828.000	122.772	9.364	0.000	32.933
1830.000	122.732	9.418	0.000	35.867
1832.000	122.737	8.900	0.000	-45.918
1834.000	122.766	8.078	0.000	-110.407
1836.000	122.721	8.994	0.000	-64.743
1838.000	122.760	9.824	0.000	169.044
1840.000	122.745	9.614	0.000	-163.441
1842.000	122.727	9.954	0.000	-162.658
1844.000	122.776	9.209	0.000	170.463
1846.000	122.703	9.170	0.000	141.541
1848.000	122.786	8.956	0.000	158.378
1850.000	122.716	9.517	0.000	149.529
1852.000	122.755	8.847	0.000	102.100
1854.000	122.756	8.689	0.000	78.920
1856.000	122.723	8.850	0.000	89.194
1858.000	122.782	8.600	0.000	142.992
1860.000	122.704	9.160	0.000	-168.215
1862.000	122.783	9.874	0.000	162.690
1864.000	122.720	9.699	0.000	-177.582
1866.000	122.766	9.601	0.000	-112.489
1868.000	122.745	9.637	0.000	129.522
1870.000	122.735	10.060	0.000	127.140
1872.000	122.769	9.459	0.000	89.381
1874.000	122.727	9.737	0.000	37.060
1876.000	122.762	9.861	0.000	71.407
1878.000	122.745	9.069	0.000	64.476
1880.000	122.736	9.386	0.000	92.657
1882.000	122.774	9.091	0.000	26.558
1884.000	122.724	10.189	0.000	119.412
1886.000	122.765	9.290	0.000	121.822
1888.000	122.745	7.869	0.000	118.089
1890.000	122.738	8.152	0.000	153.241
1892.000	122.782	8.700	0.000	149.580
1894.000	122.708	10.474	0.000	133.942
1896.000	122.798	9.983	0.000	-173.017
1898.000	122.700	8.726	0.000	65.282
1900.000	122.797	7.254	0.000	65.651
1902.000	122.719	8.868	0.000	2.934
1904.000	122.762	9.478	0.000	132.361
1906.000	122.763	9.202	0.000	165.637
1908.000	122.721	9.233	0.000	167.311
1910.000	122.801	9.276	0.000	169.031
1912.000	122.695	8.941	0.000	-159.729
1914.000	122.803	8.880	0.000	150.842
1916.000	122.715	9.277	0.000	126.846
1918.000	122.771	9.846	0.000	147.188
1920.000	122.752	9.028	0.000	144.465
1922.000	122.735	8.424	0.000	161.235
1924.000	122.782	9.493	0.000	161.598
1926.000	122.722	10.053	0.000	146.621
1928.000	122.782	9.665	0.000	148.118
1930.000	122.726	9.780	0.000	-168.974
1932.000	122.769	9.969	0.000	166.853
1934.000	122.751	10.605	0.000	123.099
1936.000	122.747	11.007	0.000	138.197
1938.000	122.772	10.669	0.000	134.709
1940.000	122.731	11.094	0.000	114.056
1942.000	122.774	10.844	0.000	113.200
1944.000	122.741	10.124	0.000	100.154
1946.000	122.756	11.562	0.000	102.041
1948.000	122.762	11.268	0.000	94.462
1950.000	122.739	11.022	0.000	81.536
1952.000	122.778	11.468	0.000	83.150
1954.000	122.735	11.476	0.000	83.450
1956.000	122.766	11.791	0.000	77.343
1958.000	122.751	11.486	0.000	63.216
1960.000	122.748	12.152	0.000	48.392
1962.000	122.776	13.062	0.000	49.427
1964.000	122.729	13.626	0.000	49.194
1966.000	122.784	13.139	0.000	40.240
1968.000	122.730	12.849	0.000	17.311
1970.000	122.779	13.134	0.000	5.154
1972.000	122.745	13.080	0.000	-3.755
1974.000	122.757	13.208	0.000	-1.640
1976.000	122.763	13.845	0.000	-11.325
1978.000	122.743	14.459	0.000	-19.352
1980.000	122.782	14.634	0.000	-22.539
1982.000	122.727	14.759	0.000	-25.809
1984.000	122.781	14.921	0.000	-32.160
1986.000	122.737	15.067	0.000	-39.001
1988.000	122.766	15.563	0.000	-43.186
1990.000	122.763	15.547	0.000	-46.476
1992.000	122.741	15.911	0.000	-60.063
1994.000	122.779	16.398	0.000	-69.957
1996.000	122.735	16.727	0.000	-70.700
1998.000	122.779	16.848	0.000	-72.408
2000.000	122.742	17.947	0.000	-79.158
