2000.000	122.809	16.027	0.000	62.541
2.000	122.861	16.162	0.000	56.415
4.000	123.078	16.665	0.000	56.471
6.000	123.098	17.071	0.000	60.608
8.000	122.941	16.280	0.000	59.167
10.000	122.800	15.209	0.000	60.359
12.000	122.903	16.051	0.000	53.490
14.000	123.167	17.090	0.000	61.979
16.000	123.090	16.963	0.000	62.716
18.000	122.758	15.570	0.000	56.289
20.000	122.854	16.883	0.000	51.568
22.000	123.129	17.070	0.000	53.961
24.000	123.059	16.013	0.000	52.864
26.000	122.919	16.420	0.000	49.796
28.000	122.881	16.567	0.000	50.679
30.000	122.881	16.122	0.000	41.931
32.000	123.084	16.968	0.000	46.293
34.000	123.147	16.484	0.000	53.709
36.000	122.821	15.781	0.000	47.348
38.000	122.776	15.948	0.000	41.268
40.000	123.117	16.829	0.000	44.121
42.000	123.133	16.851	0.000	50.839
44.000	122.897	16.164	0.000	47.156
46.000	122.830	15.802	0.000	38.585
48.000	122.940	16.050	0.000	34.965
50.000	123.105	16.757	0.000	36.440
52.000	123.072	16.191	0.000	36.193
54.000	122.831	15.134	0.000	34.343
56.000	122.847	15.621	0.000	34.251
58.000	123.065	16.154	0.000	35.653
60.000	123.093	16.721	0.000	36.816
62.000	122.965	16.252	0.000	32.716
64.000	122.813	15.859	0.000	29.458
66.000	122.894	16.210	0.000	20.746
68.000	123.181	16.656	0.000	29.876
70.000	123.077	16.150	0.000	40.444
72.000	122.741	14.947	0.000	31.946
74.000	122.908	15.317	0.000	22.267
76.000	123.134	16.526	0.000	27.507
78.000	123.019	15.027	0.000	30.870
80.000	122.932	15.656	0.000	24.588
82.000	122.871	14.864	0.000	22.618
84.000	122.905	14.864	0.000	10.197
86.000	123.157	16.310	0.000	11.016
88.000	123.066	15.165	0.000	20.399
90.000	122.742	13.634	0.000	21.892
92.000	122.911	13.868	0.000	10.499
94.000	123.158	14.717	0.000	8.271
96.000	123.038	13.697	0.000	12.731
98.000	122.864	11.856	0.000	-1.452
100.000	122.848	12.444	0.000	-3.854
102.000	123.029	13.781	0.000	1.018
104.000	123.142	14.067	0.000	1.136
106.000	122.925	13.728	0.000	8.810
108.000	122.809	12.785	0.000	5.702
110.000	122.989	12.119	0.000	-6.733
112.000	123.084	11.734	0.000	-7.977
114.000	123.042	11.711	0.000	-5.737
116.000	122.863	12.589	0.000	-7.969
118.000	122.810	12.657	0.000	-33.852
120.000	123.135	12.093	0.000	-30.054
122.000	123.149	12.253	0.000	-19.077
124.000	122.784	12.799	0.000	-32.132
126.000	122.865	12.722	0.000	-9.221
128.000	123.098	12.642	0.000	-19.011
130.000	123.039	11.422	0.000	-33.256
132.000	122.966	10.609	0.000	-59.118
134.000	122.857	10.694	0.000	-53.113
136.000	122.898	11.248	0.000	-54.991
138.000	123.159	11.977	0.000	-60.309
140.000	123.048	11.005	0.000	-56.483
142.000	122.768	12.103	0.000	-54.161
144.000	122.920	12.605	0.000	-72.982
146.000	123.125	12.793	0.000	-80.627
148.000	123.054	11.991	0.000	-73.231
150.000	122.853	11.938	0.000	-83.845
152.000	122.842	12.374	0.000	-100.935
154.000	123.089	12.729	0.000	-105.998
156.000	123.102	13.137	0.000	-94.615
158.000	122.875	13.172	0.000	-96.864
160.000	122.865	13.244	0.000	-109.763
162.000	122.991	14.227	0.000	-117.565
164.000	123.094	14.366	0.000	-109.749
166.000	123.024	15.074	0.000	-105.106
168.000	122.777	14.984	0.000	-113.894
170.000	122.926	15.569	0.000	-124.524
172.000	123.201	17.066	0.000	-119.643
174.000	122.982	16.957	0.000	-113.240
176.000	122.785	16.623	0.000	-127.913
178.000	122.968	17.893	0.000	-130.462
180.000	123.082	18.346	0.000	-121.117
182.000	123.031	17.658	0.000	-126.458
184.000	122.884	17.986	0.000	-134.193
186.000	122.850	18.344	0.000	-134.870
188.000	123.061	19.040	0.000	-138.464
190.000	123.114	19.790	0.000	-134.876
192.000	122.883	18.635	0.000	-133.434
194.000	122.809	19.628	0.000	-143.166
196.000	123.053	21.357	0.000	-139.743
198.000	123.141	21.643	0.000	-129.747
200.000	122.885	20.631	0.000	-135.330
202.000	122.814	21.031	0.000	-141.845
204.000	123.046	21.695	0.000	-137.883
206.000	123.089	21.702	0.000	-135.398
208.000	122.946	21.513	0.000	-136.086
210.000	122.848	21.940	0.000	-138.020
212.000	122.937	23.171	0.000	-140.753
214.000	123.120	23.685	0.000	-138.743
216.000	123.020	23.468	0.000	-134.888
218.000	122.791	23.324	0.000	-137.018
220.000	122.925	24.322	0.000	-140.305
222.000	123.145	25.745	0.000	-137.821
224.000	123.017	25.224	0.000	-132.573
226.000	122.792	24.751	0.000	-140.873
228.000	122.935	26.591	0.000	-141.564
230.000	123.121	27.058	0.000	-134.181
232.000	122.994	26.870	0.000	-135.208
234.000	122.869	27.375	0.000	-136.324
236.000	122.894	27.424	0.000	-137.638
238.000	123.035	28.583	0.000	-141.799
240.000	123.116	29.409	0.000	-136.149
242.000	122.850	28.296	0.000	-134.363
244.000	122.814	29.444	0.000	-143.424
246.000	123.142	31.411	0.000	-137.059
248.000	123.061	31.000	0.000	-132.365
250.000	122.829	30.549	0.000	-138.787
252.000	122.894	31.767	0.000	-140.527
254.000	123.041	32.622	0.000	-137.707
256.000	123.082	33.004	0.000	-135.600
258.000	122.887	32.883	0.000	-137.632
260.000	122.836	33.604	0.000	-141.191
262.000	123.055	35.005	0.000	-139.690
264.000	123.075	35.506	0.000	-136.790
266.000	122.917	35.335	0.000	-135.805
268.000	122.813	35.601	0.000	-142.476
270.000	123.019	37.489	0.000	-143.492
272.000	123.164	38.144	0.000	-136.242
274.000	122.842	37.218	0.000	-138.474
276.000	122.831	38.595	0.000	-146.893
278.000	123.096	40.028	0.000	-141.833
280.000	123.020	39.851	0.000	-140.439
282.000	122.934	40.400	0.000	-144.047
284.000	122.856	41.005	0.000	-144.957
286.000	122.958	42.209	0.000	-148.698
288.000	123.158	43.654	0.000	-146.052
290.000	122.900	43.154	0.000	-143.543
292.000	122.791	43.597	0.000	-154.770
294.000	123.064	45.934	0.000	-155.166
296.000	123.083	46.307	0.000	-149.780
298.000	122.898	45.876	0.000	-155.967
300.000	122.824	47.220	0.000	-163.951
302.000	123.034	48.573	0.000	-164.000
304.000	123.096	49.023	0.000	-165.361
306.000	122.876	49.069	0.000	-170.088
308.000	122.866	49.677	0.000	-177.443
310.000	122.996	50.908	0.000	177.756
312.000	123.084	51.624	0.000	177.772
314.000	122.942	51.173	0.000	175.128
316.000	122.773	51.300	0.000	163.982
318.000	123.060	53.034	0.000	160.052
320.000	123.120	53.275	0.000	163.455
322.000	122.828	52.124	0.000	157.360
324.000	122.870	53.209	0.000	146.129
326.000	123.048	54.255	0.000	148.092
328.000	123.044	53.769	0.000	146.670
330.000	122.895	53.785	0.000	139.790
332.000	122.846	53.998	0.000	136.131
334.000	123.025	54.697	0.000	130.450
336.000	123.086	55.430	0.000	131.975
338.000	122.872	54.340	0.000	131.468
340.000	122.815	54.764	0.000	117.849
342.000	123.095	56.416	0.000	120.058
344.000	123.063	55.649	0.000	123.412
346.000	122.803	54.970	0.000	113.268
348.000	122.910	56.059	0.000	109.205
350.000	123.060	56.469	0.000	109.532
352.000	123.015	56.365	0.000	108.383
354.000	122.859	55.963	0.000	104.273
356.000	122.869	56.483	0.000	97.698
358.000	123.083	57.361	0.000	97.503
360.000	123.021	57.122	0.000	98.518
362.000	122.823	56.393	0.000	93.768
364.000	122.888	57.119	0.000	85.861
366.000	123.111	58.266	0.000	88.690
368.000	123.001	57.360	0.000	92.295
370.000	122.762	56.834	0.000	81.558
372.000	122.997	58.456	0.000	81.634
374.000	123.073	58.293	0.000	86.128
376.000	122.921	58.071	0.000	82.086
378.000	122.875	58.521	0.000	81.076
380.000	122.903	59.076	0.000	77.121
382.000	123.118	60.542	0.000	78.041
384.000	122.950	60.122	0.000	81.487
386.000	122.762	60.126	0.000	69.660
388.000	123.050	62.317	0.000	68.028
390.000	123.064	62.409	0.000	72.464
392.000	122.873	61.855	0.000	64.457
394.000	122.840	63.012	0.000	56.235
396.000	123.032	64.012	0.000	55.318
398.000	123.057	64.113	0.000	53.209
400.000	122.837	63.886	0.000	47.300
402.000	122.886	64.483	0.000	39.924
404.000	123.020	65.476	0.000	36.950
406.000	123.044	65.734	0.000	37.362
408.000	122.842	65.141	0.000	32.004
410.000	122.842	66.234	0.000	21.373
412.000	123.139	67.765	0.000	22.639
414.000	122.959	67.143	0.000	22.673
416.000	122.791	67.309	0.000	8.301
418.000	122.978	69.133	0.000	3.793
420.000	123.044	69.349	0.000	2.510
422.000	122.942	69.393	0.000	-7.775
424.000	122.824	69.896	0.000	-16.894
426.000	122.956	70.559	0.000	-28.398
428.000	123.080	71.540	0.000	-35.226
430.000	122.906	70.671	0.000	-40.136
432.000	122.791	70.197	0.000	-61.622
434.000	123.047	71.559	0.000	-69.009
436.000	123.061	70.471	0.000	-70.642
438.000	122.801	68.822	0.000	-87.898
440.000	122.901	69.051	0.000	-98.667
442.000	123.042	68.456	0.000	-103.627
444.000	122.989	67.299	0.000	-110.247
446.000	122.834	65.809	0.000	-119.090
448.000	122.893	65.198	0.000	-129.564
450.000	123.079	64.797	0.000	-132.118
452.000	122.950	63.107	0.000	-134.458
454.000	122.803	61.256	0.000	-143.423
456.000	122.947	60.968	0.000	-150.836
458.000	123.108	60.358	0.000	-147.074
460.000	122.856	57.664	0.000	-148.609
462.000	122.820	56.730	0.000	-158.841
464.000	123.067	56.450	0.000	-153.201
466.000	122.968	54.320	0.000	-151.284
468.000	122.885	53.161	0.000	-151.935
470.000	122.847	52.033	0.000	-149.624
472.000	123.036	51.997	0.000	-147.616
474.000	123.032	51.395	0.000	-137.976
476.000	122.756	49.513	0.000	-138.630
478.000	122.956	50.578	0.000	-139.531
480.000	123.069	50.553	0.000	-129.087
482.000	122.897	49.063	0.000	-128.239
484.000	122.810	49.282	0.000	-131.574
486.000	123.003	49.838	0.000	-127.412
488.000	123.035	49.477	0.000	-124.115
490.000	122.839	48.835	0.000	-124.630
492.000	122.871	48.926	0.000	-127.001
494.000	123.002	49.485	0.000	-125.404
496.000	123.025	49.216	0.000	-120.907
498.000	122.793	48.146	0.000	-123.332
500.000	122.895	48.952	0.000	-128.024
502.000	123.104	49.547	0.000	-121.596
504.000	122.881	48.106	0.000	-119.984
506.000	122.811	48.175	0.000	-128.168
508.000	123.000	49.050	0.000	-123.993
510.000	123.013	48.270	0.000	-121.402
512.000	122.855	47.928	0.000	-124.668
514.000	122.855	47.885	0.000	-125.064
516.000	123.003	48.344	0.000	-126.560
518.000	123.020	48.428	0.000	-121.051
520.000	122.779	46.993	0.000	-124.454
522.000	122.909	48.257	0.000	-130.458
524.000	123.095	48.496	0.000	-121.573
526.000	122.854	46.908	0.000	-123.916
528.000	122.836	47.415	0.000	-129.075
530.000	122.981	47.708	0.000	-126.070
532.000	123.016	47.463	0.000	-124.665
534.000	122.833	46.782	0.000	-125.534
536.000	122.860	46.982	0.000	-129.550
538.000	123.031	47.569	0.000	-127.160
540.000	122.957	46.984	0.000	-124.292
542.000	122.799	46.229	0.000	-128.172
544.000	122.911	47.144	0.000	-131.533
546.000	123.097	47.548	0.000	-124.715
548.000	122.813	45.975	0.000	-126.023
550.000	122.850	46.770	0.000	-133.397
552.000	123.023	47.140	0.000	-126.958
554.000	122.948	46.232	0.000	-127.771
556.000	122.847	46.237	0.000	-129.277
558.000	122.857	46.142	0.000	-131.414
560.000	123.060	47.006	0.000	-130.630
562.000	122.908	46.187	0.000	-125.255
564.000	122.778	45.581	0.000	-133.890
566.000	122.993	46.998	0.000	-132.331
568.000	123.021	46.288	0.000	-125.985
570.000	122.791	45.367	0.000	-132.420
572.000	122.885	46.262	0.000	-133.443
574.000	123.025	46.311	0.000	-130.080
576.000	122.914	45.778	0.000	-129.984
578.000	122.812	45.443	0.000	-132.638
580.000	122.926	46.046	0.000	-134.332
582.000	123.037	46.298	0.000	-130.136
584.000	122.836	45.277	0.000	-130.107
586.000	122.819	45.502	0.000	-136.614
588.000	123.035	46.518	0.000	-132.865
590.000	122.953	45.602	0.000	-128.342
592.000	122.757	45.135	0.000	-136.537
594.000	122.973	46.362	0.000	-134.577
596.000	122.987	45.747	0.000	-130.744
598.000	122.860	45.435	0.000	-134.302
600.000	122.831	45.453	0.000	-134.414
602.000	122.973	46.003	0.000	-136.335
604.000	123.006	46.151	0.000	-130.556
606.000	122.746	44.816	0.000	-135.202
608.000	122.938	46.341	0.000	-139.306
610.000	123.023	46.220	0.000	-130.724
612.000	122.838	44.968	0.000	-135.431
614.000	122.818	45.701	0.000	-138.355
616.000	123.008	46.031	0.000	-135.386
618.000	122.938	45.683	0.000	-134.339
620.000	122.802	45.199	0.000	-136.908
622.000	122.896	45.833	0.000	-139.207
624.000	123.010	46.162	0.000	-135.741
626.000	122.876	45.416	0.000	-134.836
628.000	122.774	45.347	0.000	-141.155
630.000	123.030	46.585	0.000	-138.977
632.000	122.941	45.787	0.000	-133.219
634.000	122.769	45.231	0.000	-141.854
636.000	122.931	46.424	0.000	-139.860
638.000	122.993	45.864	0.000	-136.533
640.000	122.841	45.607	0.000	-139.819
642.000	122.829	45.595	0.000	-140.601
644.000	122.962	46.270	0.000	-142.370
646.000	122.980	46.278	0.000	-136.625
648.000	122.743	45.175	0.000	-141.962
650.000	122.936	46.657	0.000	-144.516
652.000	123.015	46.453	0.000	-136.876
654.000	122.800	45.296	0.000	-142.267
656.000	122.842	46.180	0.000	-144.676
658.000	122.988	46.368	0.000	-141.213
660.000	122.918	45.961	0.000	-141.215
662.000	122.778	45.685	0.000	-143.694
664.000	122.929	46.394	0.000	-145.353
666.000	122.979	46.561	0.000	-141.241
668.000	122.832	45.623	0.000	-142.304
670.000	122.797	46.149	0.000	-147.849
672.000	123.052	47.077	0.000	-142.904
674.000	122.856	45.942	0.000	-140.966
676.000	122.790	46.157	0.000	-149.356
678.000	122.959	47.070	0.000	-144.584
680.000	122.941	46.254	0.000	-143.291
682.000	122.808	46.307	0.000	-146.313
684.000	122.849	46.373	0.000	-147.364
686.000	122.997	47.233	0.000	-146.964
688.000	122.870	46.517	0.000	-141.763
690.000	122.760	46.370	0.000	-151.710
692.000	123.001	47.783	0.000	-146.361
694.000	122.923	46.582	0.000	-142.960
696.000	122.764	46.543	0.000	-150.132
698.000	122.917	47.224	0.000	-148.458
700.000	122.960	47.208	0.000	-146.234
702.000	122.831	46.714	0.000	-147.112
704.000	122.808	47.032	0.000	-150.758
706.000	122.987	47.665	0.000	-148.591
708.000	122.889	47.249	0.000	-146.059
710.000	122.769	46.788	0.000	-150.991
712.000	122.924	48.129	0.000	-151.624
714.000	122.992	47.878	0.000	-144.571
716.000	122.733	46.998	0.000	-151.752
718.000	122.914	48.293	0.000	-151.641
720.000	122.942	47.939	0.000	-147.877
722.000	122.856	47.713	0.000	-150.395
724.000	122.784	47.776	0.000	-151.544
726.000	122.963	48.525	0.000	-152.642
728.000	122.923	48.466	0.000	-147.847
730.000	122.747	47.602	0.000	-153.206
732.000	122.914	49.187	0.000	-154.696
734.000	122.974	48.851	0.000	-146.934
736.000	122.761	48.093	0.000	-154.097
738.000	122.863	49.150	0.000	-153.652
740.000	122.962	49.076	0.000	-151.632
742.000	122.844	48.877	0.000	-151.737
744.000	122.784	48.842	0.000	-155.260
746.000	122.942	49.818	0.000	-154.477
748.000	122.925	49.485	0.000	-150.818
750.000	122.748	49.048	0.000	-155.131
752.000	122.893	50.135	0.000	-157.188
754.000	122.977	50.401	0.000	-150.782
756.000	122.756	49.363	0.000	-155.311
758.000	122.857	50.831	0.000	-157.847
760.000	122.961	50.610	0.000	-152.217
762.000	122.828	50.400	0.000	-156.444
764.000	122.794	50.540	0.000	-156.279
766.000	122.920	51.375	0.000	-158.640
768.000	122.939	51.505	0.000	-152.414
770.000	122.719	50.685	0.000	-159.368
772.000	122.923	52.335	0.000	-159.614
774.000	122.937	51.900	0.000	-153.618
776.000	122.766	51.430	0.000	-159.815
778.000	122.841	52.518	0.000	-160.285
780.000	122.964	52.676	0.000	-157.172
782.000	122.808	52.416	0.000	-158.768
784.000	122.794	52.780	0.000	-161.674
786.000	122.928	53.734	0.000	-161.115
788.000	122.901	53.574	0.000	-157.553
790.000	122.728	53.348	0.000	-163.847
792.000	122.923	54.849	0.000	-163.618
794.000	122.927	54.656	0.000	-158.528
796.000	122.737	54.311	0.000	-165.654
798.000	122.878	55.853	0.000	-165.676
800.000	122.931	55.714	0.000	-162.223
802.000	122.795	55.863	0.000	-166.984
804.000	122.798	56.400	0.000	-168.243
806.000	122.942	57.604	0.000	-169.960
808.000	122.861	57.565	0.000	-165.854
810.000	122.729	57.871	0.000	-177.320
812.000	122.960	59.707	0.000	-174.271
814.000	122.866	58.956	0.000	-174.636
816.000	122.747	59.743	0.000	174.807
818.000	122.892	60.740	0.000	172.888
820.000	122.914	60.959	0.000	168.951
822.000	122.762	60.663	0.000	161.325
824.000	122.829	61.247	0.000	153.100
826.000	122.942	61.572	0.000	151.913
828.000	122.799	60.810	0.000	147.436
830.000	122.768	60.955	0.000	135.579
832.000	122.967	61.627	0.000	135.028
834.000	122.812	59.956	0.000	133.433
836.000	122.757	59.847	0.000	123.726
838.000	122.933	60.087	0.000	128.761
840.000	122.846	59.337	0.000	125.743
842.000	122.769	59.424	0.000	122.019
844.000	122.851	59.515	0.000	116.322
846.000	122.940	59.637	0.000	118.097
848.000	122.720	58.040	0.000	114.840
850.000	122.858	59.010	0.000	110.516
852.000	122.930	58.777	0.000	117.872
854.000	122.757	57.829	0.000	111.155
856.000	122.801	58.607	0.000	109.118
858.000	122.938	58.519	0.000	111.601
860.000	122.788	58.155	0.000	110.539
862.000	122.779	58.583	0.000	106.717
864.000	122.899	59.703	0.000	105.138
866.000	122.866	59.485	0.000	103.642
868.000	122.709	59.098	0.000	90.463
870.000	122.929	59.818	0.000	85.428
872.000	122.859	58.478	0.000	85.551
874.000	122.730	57.012	0.000	75.360
876.000	122.876	57.151	0.000	77.243
878.000	122.885	55.660	0.000	81.417
880.000	122.749	55.072	0.000	81.817
882.000	122.820	55.040	0.000	85.451
884.000	122.918	55.973	0.000	90.204
886.000	122.763	55.299	0.000	92.716
888.000	122.782	56.653	0.000	83.976
890.000	122.950	56.984	0.000	91.036
892.000	122.752	55.740	0.000	84.403
894.000	122.782	56.424	0.000	81.935
896.000	122.907	56.701	0.000	84.199
898.000	122.810	56.460	0.000	83.432
900.000	122.748	56.824	0.000	76.630
902.000	122.888	57.526	0.000	74.153
904.000	122.854	57.089	0.000	72.294
906.000	122.709	56.162	0.000	63.449
908.000	122.897	56.877	0.000	60.247
910.000	122.864	55.676	0.000	64.890
912.000	122.715	54.642	0.000	56.835
914.000	122.866	55.115	0.000	61.189
916.000	122.867	54.326	0.000	64.229
918.000	122.743	54.269	0.000	62.881
920.000	122.810	54.722	0.000	61.113
922.000	122.903	55.366	0.000	61.389
924.000	122.742	54.366	0.000	59.092
926.000	122.789	54.930	0.000	48.644
928.000	122.923	54.797	0.000	54.541
930.000	122.734	52.927	0.000	47.614
932.000	122.789	53.121	0.000	46.356
934.000	122.892	52.317	0.000	49.695
936.000	122.777	51.407	0.000	51.271
938.000	122.756	50.967	0.000	50.546
940.000	122.883	51.297	0.000	56.261
942.000	122.814	50.471	0.000	61.295
944.000	122.712	50.385	0.000	59.388
946.000	122.912	51.519	0.000	64.442
948.000	122.798	50.687	0.000	69.741
950.000	122.730	51.082	0.000	63.658
952.000	122.874	51.746	0.000	70.873
954.000	122.821	51.129	0.000	71.306
956.000	122.731	51.431	0.000	72.034
958.000	122.834	52.193	0.000	71.233
960.000	122.871	52.804	0.000	76.689
962.000	122.695	52.175	0.000	70.895
964.000	122.856	53.756	0.000	69.059
966.000	122.853	53.004	0.000	73.358
968.000	122.719	52.610	0.000	65.903
970.000	122.818	53.110	0.000	68.085
972.000	122.868	52.840	0.000	70.655
974.000	122.720	52.488	0.000	69.916
976.000	122.804	53.101	0.000	69.246
978.000	122.867	53.426	0.000	73.373
980.000	122.740	52.712	0.000	73.474
982.000	122.768	53.531	0.000	70.785
984.000	122.907	53.904	0.000	79.324
986.000	122.707	53.243	0.000	78.472
988.000	122.795	54.831	0.000	80.492
990.000	122.861	55.252	0.000	86.017
992.000	122.750	55.891	0.000	83.091
994.000	122.754	56.944	0.000	80.715
996.000	122.876	58.363	0.000	78.959
998.000	122.760	58.268	0.000	78.709
1000.000	122.727	59.362	0.000	65.525
1002.000	122.908	60.349	0.000	69.498
1004.000	122.730	59.310	0.000	60.844
1006.000	122.756	60.167	0.000	54.610
1008.000	122.862	60.165	0.000	52.762
1010.000	122.768	59.790	0.000	49.769
1012.000	122.728	59.746	0.000	42.339
1014.000	122.866	60.247	0.000	42.233
1016.000	122.780	59.496	0.000	41.158
1018.000	122.702	59.351	0.000	33.934
1020.000	122.895	60.357	0.000	35.188
1022.000	122.753	59.231	0.000	35.766
1024.000	122.731	59.792	0.000	27.186
1026.000	122.857	59.882	0.000	30.834
1028.000	122.773	59.391	0.000	26.183
1030.000	122.719	59.297	0.000	23.232
1032.000	122.847	59.826	0.000	20.152
1034.000	122.795	59.359	0.000	22.824
1036.000	122.691	58.988	0.000	13.637
1038.000	122.880	59.950	0.000	16.153
1040.000	122.758	58.645	0.000	15.191
1042.000	122.720	58.963	0.000	7.706
1044.000	122.847	58.959	0.000	9.605
1046.000	122.776	58.328	0.000	7.165
1048.000	122.715	57.908	0.000	2.602
1050.000	122.833	58.241	0.000	1.248
1052.000	122.797	57.312	0.000	3.146
1054.000	122.686	56.505	0.000	-3.383
1056.000	122.868	56.878	0.000	-1.679
1058.000	122.761	55.382	0.000	1.940
1060.000	122.714	54.726	0.000	-2.663
1062.000	122.839	54.534	0.000	6.119
1064.000	122.772	53.168	0.000	11.263
1066.000	122.711	52.982	0.000	18.786
1068.000	122.823	53.791	0.000	27.622
1070.000	122.798	54.365	0.000	39.961
1072.000	122.677	55.437	0.000	38.054
1074.000	122.867	57.489	0.000	45.467
1076.000	122.751	57.378	0.000	44.818
1078.000	122.715	58.832	0.000	40.203
1080.000	122.830	59.672	0.000	40.926
1082.000	122.769	59.961	0.000	39.492
1084.000	122.704	60.525	0.000	34.387
1086.000	122.830	61.560	0.000	34.223
1088.000	122.776	61.571	0.000	34.433
1090.000	122.682	62.000	0.000	27.360
1092.000	122.865	63.436	0.000	28.622
1094.000	122.735	62.781	0.000	27.477
1096.000	122.718	63.804	0.000	19.567
1098.000	122.833	64.095	0.000	21.994
1100.000	122.744	63.972	0.000	17.255
1102.000	122.711	64.272	0.000	14.081
1104.000	122.836	65.077	0.000	12.429
1106.000	122.743	64.716	0.000	14.031
1108.000	122.705	65.219	0.000	5.447
1110.000	122.856	66.160	0.000	10.723
1112.000	122.710	65.325	0.000	6.742
1114.000	122.732	66.466	0.000	3.655
1116.000	122.832	66.725	0.000	4.763
1118.000	122.716	66.830	0.000	2.516
1120.000	122.730	67.484	0.000	-2.996
1122.000	122.830	68.353	0.000	-1.723
1124.000	122.713	67.920	0.000	-4.793
1126.000	122.732	68.846	0.000	-11.574
1128.000	122.840	69.617	0.000	-8.864
1130.000	122.687	69.045	0.000	-14.393
1132.000	122.758	70.529	0.000	-18.419
1134.000	122.813	70.404	0.000	-17.484
1136.000	122.705	70.801	0.000	-23.262
1138.000	122.737	71.348	0.000	-28.220
1140.000	122.838	72.468	0.000	-28.802
1142.000	122.672	71.918	0.000	-34.930
1144.000	122.781	73.486	0.000	-42.877
1146.000	122.804	73.209	0.000	-42.659
1148.000	122.680	73.139	0.000	-55.302
1150.000	122.783	73.800	0.000	-59.514
1152.000	122.793	73.366	0.000	-64.410
1154.000	122.682	72.852	0.000	-72.491
1156.000	122.781	72.957	0.000	-77.886
1158.000	122.798	72.415	0.000	-77.406
1160.000	122.659	71.423	0.000	-83.311
1162.000	122.820	72.078	0.000	-82.654
1164.000	122.755	71.223	0.000	-78.758
1166.000	122.682	71.558	0.000	-83.474
1168.000	122.816	72.326	0.000	-78.127
1170.000	122.735	72.359	0.000	-80.346
1172.000	122.697	73.263	0.000	-82.712
1174.000	122.810	74.597	0.000	-86.259
1176.000	122.735	74.868	0.000	-87.171
1178.000	122.696	75.858	0.000	-101.540
1180.000	122.827	76.889	0.000	-101.567
1182.000	122.700	76.091	0.000	-113.606
1184.000	122.725	76.881	0.000	-123.243
1186.000	122.806	76.594	0.000	-128.947
1188.000	122.704	75.942	0.000	-136.966
1190.000	122.718	75.831	0.000	-146.872
1192.000	122.820	75.677	0.000	-148.550
1194.000	122.675	74.420	0.000	-155.497
1196.000	122.746	74.614	0.000	-163.118
1198.000	122.809	74.297	0.000	-161.107
1200.000	122.652	73.134	0.000	-170.693
1202.000	122.791	73.727	0.000	-171.526
1204.000	122.760	72.542	0.000	-174.084
1206.000	122.681	72.175	0.000	-178.523
1208.000	122.772	72.181	0.000	176.981
1210.000	122.777	71.796	0.000	179.263
1212.000	122.655	70.898	0.000	170.389
1214.000	122.813	71.507	0.000	171.319
1216.000	122.723	70.189	0.000	169.992
1218.000	122.686	70.344	0.000	163.243
1220.000	122.809	70.074	0.000	164.890
1222.000	122.702	69.372	0.000	161.292
1224.000	122.702	69.123	0.000	157.779
1226.000	122.808	69.323	0.000	158.491
1228.000	122.684	68.300	0.000	156.894
1230.000	122.723	68.572	0.000	152.395
1232.000	122.802	68.550	0.000	155.270
1234.000	122.661	67.750	0.000	150.104
1236.000	122.764	68.502	0.000	148.796
1238.000	122.759	67.687	0.000	148.408
1240.000	122.684	67.609	0.000	144.777
1242.000	122.750	67.553	0.000	141.644
1244.000	122.774	67.654	0.000	143.536
1246.000	122.653	66.902	0.000	136.487
1248.000	122.797	67.742	0.000	137.046
1250.000	122.724	66.559	0.000	135.221
1252.000	122.682	66.760	0.000	128.337
1254.000	122.793	66.515	0.000	128.418
1256.000	122.705	65.722	0.000	125.286
1258.000	122.691	65.372	0.000	120.718
1260.000	122.805	65.256	0.000	122.501
1262.000	122.672	64.085	0.000	121.672
1264.000	122.723	64.280	0.000	119.221
1266.000	122.799	64.231	0.000	125.328
1268.000	122.644	63.560	0.000	120.836
1270.000	122.780	64.407	0.000	123.924
1272.000	122.737	63.811	0.000	123.641
1274.000	122.676	64.042	0.000	121.552
1276.000	122.772	64.612	0.000	119.254
1278.000	122.733	64.529	0.000	120.475
1280.000	122.670	64.461	0.000	112.049
1282.000	122.794	65.315	0.000	112.430
1284.000	122.694	64.344	0.000	107.717
1286.000	122.706	64.710	0.000	100.880
1288.000	122.775	64.125	0.000	98.954
1290.000	122.689	63.363	0.000	95.317
1292.000	122.711	62.843	0.000	90.093
1294.000	122.786	62.483	0.000	92.960
1296.000	122.654	61.076	0.000	91.369
1298.000	122.755	61.296	0.000	91.514
1300.000	122.756	60.875	0.000	98.318
1302.000	122.655	60.608	0.000	95.138
1304.000	122.781	61.223	0.000	101.159
1306.000	122.714	60.977	0.000	100.973
1308.000	122.677	61.341	0.000	100.427
1310.000	122.786	62.401	0.000	99.323
1312.000	122.688	62.110	0.000	99.586
1314.000	122.704	63.026	0.000	90.560
1316.000	122.783	63.198	0.000	92.335
1318.000	122.663	62.689	0.000	81.996
1320.000	122.736	63.041	0.000	78.402
1322.000	122.757	62.366	0.000	74.655
1324.000	122.661	61.609	0.000	68.967
1326.000	122.756	61.397	0.000	66.147
1328.000	122.740	60.484	0.000	67.610
1330.000	122.649	59.623	0.000	64.002
1332.000	122.805	59.893	0.000	68.075
1334.000	122.673	58.752	0.000	70.063
1336.000	122.709	59.325	0.000	70.282
1338.000	122.770	59.206	0.000	75.131
1340.000	122.668	59.392	0.000	73.971
1342.000	122.727	60.070	0.000	72.959
1344.000	122.764	60.716	0.000	73.821
1346.000	122.644	60.556	0.000	67.097
1348.000	122.781	61.861	0.000	64.339
1350.000	122.705	60.872	0.000	61.271
1352.000	122.681	61.184	0.000	52.373
1354.000	122.771	60.776	0.000	51.108
1356.000	122.688	60.018	0.000	46.976
1358.000	122.695	59.701	0.000	42.395
1360.000	122.778	59.349	0.000	44.353
1362.000	122.654	58.319	0.000	42.210
1364.000	122.742	58.660	0.000	41.690
1366.000	122.747	58.255	0.000	46.650
1368.000	122.650	58.253	0.000	41.897
1370.000	122.780	58.773	0.000	46.433
1372.000	122.695	58.497	0.000	42.908
1374.000	122.681	58.840	0.000	40.235
1376.000	122.787	59.432	0.000	37.762
1378.000	122.657	58.703	0.000	35.053
1380.000	122.734	59.216	0.000	27.719
1382.000	122.748	58.653	0.000	29.624
1384.000	122.658	58.014	0.000	22.170
1386.000	122.758	58.122	0.000	22.638
1388.000	122.715	57.450	0.000	21.312
1390.000	122.674	57.125	0.000	18.984
1392.000	122.766	57.462	0.000	18.634
1394.000	122.693	56.831	0.000	19.021
1396.000	122.690	57.041	0.000	13.767
1398.000	122.780	57.185	0.000	15.822
1400.000	122.643	56.441	0.000	10.242
1402.000	122.754	57.107	0.000	8.450
1404.000	122.728	56.313	0.000	7.265
1406.000	122.659	56.045	0.000	3.418
1408.000	122.774	56.191	0.000	0.678
1410.000	122.690	55.576	0.000	2.437
1412.000	122.689	55.437	0.000	-5.272
1414.000	122.773	55.368	0.000	-1.213
1416.000	122.657	54.400	0.000	-6.952
1418.000	122.737	54.592	0.000	-7.507
1420.000	122.735	54.015	0.000	-8.106
1422.000	122.664	53.507	0.000	-11.107
1424.000	122.756	53.632	0.000	-12.071
1426.000	122.713	52.947	0.000	-11.417
1428.000	122.664	52.614	0.000	-15.820
1430.000	122.794	52.893	0.000	-13.234
1432.000	122.648	51.837	0.000	-15.874
1434.000	122.739	52.265	0.000	-16.920
1436.000	122.741	51.512	0.000	-16.235
1438.000	122.652	51.082	0.000	-18.146
1440.000	122.769	51.240	0.000	-19.442
1442.000	122.698	50.637	0.000	-17.011
1444.000	122.681	50.444	0.000	-22.259
1446.000	122.775	50.579	0.000	-17.837
1448.000	122.656	49.716	0.000	-21.913
1450.000	122.735	50.066	0.000	-20.801
1452.000	122.734	49.419	0.000	-21.208
1454.000	122.665	49.149	0.000	-22.648
1456.000	122.753	49.335	0.000	-22.609
1458.000	122.709	48.698	0.000	-22.009
1460.000	122.672	48.558	0.000	-24.879
1462.000	122.782	48.706	0.000	-22.601
1464.000	122.652	47.994	0.000	-24.828
1466.000	122.740	48.400	0.000	-24.563
1468.000	122.727	47.743	0.000	-24.687
1470.000	122.669	47.540	0.000	-25.267
1472.000	122.756	47.651	0.000	-26.591
1474.000	122.697	47.202	0.000	-24.166
1476.000	122.699	47.240	0.000	-28.645
1478.000	122.756	47.085	0.000	-24.239
1480.000	122.667	46.485	0.000	-28.484
1482.000	122.734	46.701	0.000	-27.223
1484.000	122.729	46.230	0.000	-27.154
1486.000	122.668	46.016	0.000	-29.115
1488.000	122.763	46.238	0.000	-28.268
1490.000	122.687	45.624	0.000	-27.917
1492.000	122.702	45.815	0.000	-30.888
1494.000	122.761	45.699	0.000	-27.226
1496.000	122.653	45.181	0.000	-31.214
1498.000	122.759	45.505	0.000	-29.094
1500.000	122.704	44.878	0.000	-30.270
1502.000	122.683	44.882	0.000	-31.355
1504.000	122.766	45.028	0.000	-30.656
1506.000	122.672	44.375	0.000	-30.595
1508.000	122.726	44.931	0.000	-32.971
1510.000	122.743	44.323	0.000	-29.249
1512.000	122.661	44.219	0.000	-33.971
1514.000	122.762	44.237	0.000	-31.250
1516.000	122.697	43.741	0.000	-32.022
1518.000	122.687	43.822	0.000	-33.987
1520.000	122.776	43.824	0.000	-31.430
1522.000	122.648	43.192	0.000	-34.124
1524.000	122.759	43.685	0.000	-34.156
1526.000	122.705	43.129	0.000	-32.111
1528.000	122.698	43.450	0.000	-36.407
1530.000	122.748	43.138	0.000	-32.655
1532.000	122.692	42.842	0.000	-35.311
1534.000	122.713	42.824	0.000	-35.295
1536.000	122.750	42.845	0.000	-33.623
1538.000	122.663	42.368	0.000	-36.864
1540.000	122.765	42.774	0.000	-34.440
1542.000	122.691	42.018	0.000	-35.187
1544.000	122.703	42.320	0.000	-36.789
1546.000	122.757	42.125	0.000	-35.652
1548.000	122.662	41.744	0.000	-36.555
1550.000	122.753	42.095	0.000	-37.510
1552.000	122.714	41.719	0.000	-34.956
1554.000	122.683	41.588	0.000	-38.889
1556.000	122.772	41.852	0.000	-35.551
1558.000	122.668	41.118	0.000	-38.105
1560.000	122.737	41.746	0.000	-37.927
1562.000	122.731	41.129	0.000	-37.238
1564.000	122.674	41.147	0.000	-38.689
1566.000	122.765	41.356	0.000	-38.188
1568.000	122.686	40.783	0.000	-37.326
1570.000	122.718	41.296	0.000	-40.323
1572.000	122.753	40.869	0.000	-36.493
1574.000	122.664	40.578	0.000	-40.530
1576.000	122.765	40.765	0.000	-38.552
1578.000	122.694	40.400	0.000	-38.684
1580.000	122.706	40.448	0.000	-40.996
1582.000	122.757	40.494	0.000	-38.672
1584.000	122.670	39.955	0.000	-41.004
1586.000	122.756	40.502	0.000	-40.779
1588.000	122.710	39.904	0.000	-39.050
1590.000	122.695	40.299	0.000	-42.267
1592.000	122.763	40.034	0.000	-39.467
1594.000	122.674	39.773	0.000	-41.948
1596.000	122.745	39.909	0.000	-41.952
1598.000	122.727	39.754	0.000	-39.901
1600.000	122.686	39.592	0.000	-43.677
1602.000	122.766	39.857	0.000	-40.690
1604.000	122.681	39.250	0.000	-42.186
1606.000	122.737	39.634	0.000	-41.932
1608.000	122.732	39.369	0.000	-41.660
1610.000	122.683	39.089	0.000	-43.219
1612.000	122.764	39.524	0.000	-43.017
1614.000	122.695	38.867	0.000	-42.134
1616.000	122.716	39.234	0.000	-44.710
1618.000	122.761	39.173	0.000	-41.016
1620.000	122.661	38.945	0.000	-45.442
1622.000	122.780	39.281	0.000	-42.314
1624.000	122.688	38.680	0.000	-44.311
1626.000	122.721	38.836	0.000	-45.207
1628.000	122.755	38.970	0.000	-42.653
1630.000	122.674	38.418	0.000	-45.951
1632.000	122.764	38.974	0.000	-43.958
1634.000	122.705	38.186	0.000	-44.906
1636.000	122.709	38.574	0.000	-46.111
1638.000	122.765	38.405	0.000	-44.930
1640.000	122.666	38.172	0.000	-46.088
1642.000	122.771	38.477	0.000	-46.363
1644.000	122.703	38.082	0.000	-45.172
1646.000	122.714	38.314	0.000	-47.411
1648.000	122.763	38.265	0.000	-44.810
1650.000	122.680	37.879	0.000	-48.490
1652.000	122.757	38.259	0.000	-46.567
1654.000	122.716	37.789	0.000	-47.504
1656.000	122.702	37.817	0.000	-48.764
1658.000	122.772	38.083	0.000	-47.255
1660.000	122.668	37.578	0.000	-48.473
1662.000	122.772	38.261	0.000	-48.295
1664.000	122.708	37.511	0.000	-48.214
1666.000	122.713	37.680	0.000	-49.881
1668.000	122.759	37.621	0.000	-48.191
1670.000	122.685	37.287	0.000	-49.051
1672.000	122.754	37.622	0.000	-50.197
1674.000	122.723	37.302	0.000	-48.630
1676.000	122.705	37.350	0.000	-51.876
1678.000	122.773	37.482	0.000	-48.245
1680.000	122.672	37.087	0.000	-52.084
1682.000	122.771	37.679	0.000	-50.375
1684.000	122.715	37.038	0.000	-50.843
1686.000	122.705	37.173	0.000	-52.093
1688.000	122.785	37.334	0.000	-49.920
1690.000	122.665	36.769	0.000	-53.426
1692.000	122.782	37.299	0.000	-51.601
1694.000	122.699	36.677	0.000	-52.145
1696.000	122.734	37.029	0.000	-52.748
1698.000	122.745	36.770	0.000	-52.502
1700.000	122.702	36.618	0.000	-53.399
1702.000	122.754	36.963	0.000	-54.053
1704.000	122.723	36.665	0.000	-52.394
1706.000	122.712	36.651	0.000	-55.421
1708.000	122.775	36.649	0.000	-52.602
1710.000	122.675	36.340	0.000	-56.323
1712.000	122.781	36.740	0.000	-53.457
1714.000	122.700	36.216	0.000	-55.503
1716.000	122.737	36.421	0.000	-56.348
1718.000	122.752	36.435	0.000	-54.332
1720.000	122.692	36.028	0.000	-56.982
1722.000	122.775	36.521	0.000	-54.975
1724.000	122.707	35.989	0.000	-55.943
1726.000	122.730	36.207	0.000	-56.583
1728.000	122.763	36.063	0.000	-55.702
1730.000	122.682	35.803	0.000	-57.996
1732.000	122.787	36.073	0.000	-56.034
1734.000	122.686	35.589	0.000	-56.954
1736.000	122.767	36.176	0.000	-57.416
1738.000	122.725	35.614	0.000	-56.054
1740.000	122.721	35.912	0.000	-59.189
1742.000	122.761	35.684	0.000	-56.765
1744.000	122.704	35.405	0.000	-57.831
1746.000	122.753	35.604	0.000	-58.097
1748.000	122.736	35.538	0.000	-56.688
1750.000	122.715	35.532	0.000	-60.307
1752.000	122.773	35.538	0.000	-56.761
1754.000	122.695	35.147	0.000	-59.954
1756.000	122.766	35.372	0.000	-58.234
1758.000	122.727	35.075	0.000	-58.405
1760.000	122.717	35.187	0.000	-59.680
1762.000	122.778	35.213	0.000	-57.088
1764.000	122.686	34.797	0.000	-59.361
1766.000	122.788	35.272	0.000	-58.739
1768.000	122.695	34.639	0.000	-58.153
1770.000	122.762	35.276	0.000	-59.201
1772.000	122.738	34.727	0.000	-57.722
1774.000	122.716	34.968	0.000	-60.613
1776.000	122.776	35.162	0.000	-58.086
1778.000	122.703	34.749	0.000	-59.560
1780.000	122.758	35.063	0.000	-58.840
1782.000	122.746	34.455	0.000	-58.662
1784.000	122.709	34.688	0.000	-59.395
1786.000	122.782	34.587	0.000	-58.855
1788.000	122.689	34.375	0.000	-59.904
1790.000	122.782	34.699	0.000	-60.491
1792.000	122.714	34.270	0.000	-58.706
1794.000	122.745	34.578	0.000	-60.492
1796.000	122.753	34.446	0.000	-57.719
1798.000	122.724	34.434	0.000	-62.058
1800.000	122.756	34.363	0.000	-58.473
1802.000	122.733	34.227	0.000	-60.234
1804.000	122.734	34.372	0.000	-59.147
1806.000	122.766	34.331	0.000	-58.154
1808.000	122.699	34.182	0.000	-60.527
1810.000	122.794	34.532	0.000	-57.810
1812.000	122.696	33.903	0.000	-61.202
1814.000	122.772	34.305	0.000	-60.010
1816.000	122.733	33.966	0.000	-59.571
1818.000	122.725	34.188	0.000	-60.634
1820.000	122.781	33.920	0.000	-58.048
1822.000	122.694	33.837	0.000	-60.826
1824.000	122.791	34.071	0.000	-58.801
1826.000	122.702	33.831	0.000	-60.277
1828.000	122.775	34.112	0.000	-59.179
1830.000	122.733	33.826	0.000	-59.926
1832.000	122.735	33.742	0.000	-59.901
1834.000	122.767	33.836	0.000	-59.126
1836.000	122.724	33.598	0.000	-60.289
1838.000	122.761	33.980	0.000	-59.466
1840.000	122.744	33.410	0.000	-59.778
1842.000	122.727	33.732	0.000	-60.441
1844.000	122.779	33.580	0.000	-59.212
1846.000	122.704	33.246	0.000	-60.296
1848.000	122.786	33.625	0.000	-59.237
1850.000	122.716	33.129	0.000	-59.690
1852.000	122.758	33.494	0.000	-60.266
1854.000	122.757	32.963	0.000	-58.632
1856.000	122.722	33.309	0.000	-59.602
1858.000	122.782	33.029	0.000	-57.344
1860.000	122.706	33.017	0.000	-58.865
1862.000	122.785	32.857	0.000	-58.374
1864.000	122.719	32.879	0.000	-57.735
1866.000	122.766	33.045	0.000	-57.743
1868.000	122.747	32.689	0.000	-56.146
1870.000	122.737	32.690	0.000	-57.112
1872.000	122.768	32.480	0.000	-55.104
1874.000	122.726	32.177	0.000	-55.846
1876.000	122.764	32.216	0.000	-55.222
1878.000	122.748	31.952	0.000	-52.819
1880.000	122.736	32.098	0.000	-52.668
1882.000	122.773	32.099	0.000	-50.307
1884.000	122.725	31.762	0.000	-50.609
1886.000	122.768	31.893	0.000	-48.139
1888.000	122.745	31.647	0.000	-45.934
1890.000	122.737	31.823	0.000	-44.555
1892.000	122.783	31.830	0.000	-41.440
1894.000	122.712	31.826	0.000	-41.638
1896.000	122.799	31.821	0.000	-36.267
1898.000	122.699	31.893	0.000	-36.480
1900.000	122.797	32.092	0.000	-32.966
1902.000	122.722	32.189	0.000	-31.502
1904.000	122.764	32.636	0.000	-27.290
1906.000	122.762	32.958	0.000	-26.393
1908.000	122.720	33.269	0.000	-25.977
1910.000	122.804	33.850	0.000	-23.431
1912.000	122.698	34.019	0.000	-23.784
1914.000	122.803	34.841	0.000	-23.165
1916.000	122.714	34.846	0.000	-21.802
1918.000	122.773	35.455	0.000	-23.559
1920.000	122.755	35.672	0.000	-20.098
1922.000	122.736	36.022	0.000	-23.330
1924.000	122.780	36.350	0.000	-21.430
1926.000	122.723	36.512	0.000	-23.835
1928.000	122.786	36.898	0.000	-23.000
1930.000	122.728	36.943	0.000	-24.095
1932.000	122.769	37.486	0.000	-25.091
1934.000	122.750	37.632	0.000	-23.623
1936.000	122.749	38.050	0.000	-26.317
1938.000	122.775	38.361	0.000	-24.049
1940.000	122.732	38.540	0.000	-27.681
1942.000	122.773	38.926	0.000	-26.193
1944.000	122.742	38.938	0.000	-28.212
1946.000	122.760	39.295	0.000	-29.413
1948.000	122.764	39.601	0.000	-28.339
1950.000	122.738	39.912	0.000	-32.548
1952.000	122.777	40.238	0.000	-29.985
1954.000	122.737	40.174	0.000	-33.640
1956.000	122.770	40.535	0.000	-32.850
1958.000	122.751	40.462	0.000	-34.265
1960.000	122.748	40.973	0.000	-35.727
1962.000	122.776	41.049	0.000	-35.407
1964.000	122.732	41.303	0.000	-38.609
1966.000	122.786	41.498	0.000	-36.866
1968.000	122.730	41.706	0.000	-41.429
1970.000	122.778	41.980	0.000	-39.326
1972.000	122.747	42.008	0.000	-43.863
1974.000	122.761	42.336	0.000	-43.423
1976.000	122.764	42.313	0.000	-44.930
1978.000	122.741	42.595	0.000	-46.885
1980.000	122.782	42.579	0.000	-47.161
1982.000	122.730	42.622	0.000	-49.829
1984.000	122.785	42.951	0.000	-49.770
1986.000	122.737	42.719	0.000	-51.676
1988.000	122.766	43.337	0.000	-52.699
1990.000	122.764	42.915	0.000	-53.087
1992.000	122.745	43.353	0.000	-55.153
1994.000	122.781	43.160	0.000	-55.176
1996.000	122.734	43.568	0.000	-57.107
1998.000	122.779	43.484	0.000	-57.297
2000.000	122.744	43.657	0.000	-58.472
