2000.000	122.844	10.541	0.000	-15.107
2.000	122.897	11.716	0.000	-8.586
4.000	123.113	11.795	0.000	-30.855
6.000	123.133	12.352	0.000	-3.550
8.000	122.977	10.707	0.000	-1.857
10.000	122.834	11.269	0.000	-39.186
12.000	122.937	10.948	0.000	-49.411
14.000	123.204	11.914	0.000	-30.488
16.000	123.126	11.990	0.000	-7.204
18.000	122.789	11.712	0.000	-17.168
20.000	122.889	11.847	0.000	-28.363
22.000	123.166	12.166	0.000	-22.227
24.000	123.092	11.168	0.000	-20.978
26.000	122.952	11.467	0.000	-27.973
28.000	122.917	12.560	0.000	-27.543
30.000	122.915	10.982	0.000	-42.154
32.000	123.118	11.617	0.000	-36.421
34.000	123.182	13.462	0.000	-21.443
36.000	122.854	13.441	0.000	-36.476
38.000	122.808	13.077	0.000	-50.291
40.000	123.151	13.221	0.000	-36.209
42.000	123.168	12.386	0.000	-33.288
44.000	122.929	12.644	0.000	-30.262
46.000	122.862	12.546	0.000	-27.100
48.000	122.975	12.458	0.000	-12.432
50.000	123.140	12.914	0.000	-22.924
52.000	123.103	12.546	0.000	-36.682
54.000	122.863	12.694	0.000	-34.786
56.000	122.881	13.247	0.000	-40.150
58.000	123.097	12.980	0.000	-38.615
60.000	123.125	13.118	0.000	-26.181
62.000	122.998	13.084	0.000	-16.801
64.000	122.844	13.215	0.000	-29.792
66.000	122.924	13.787	0.000	-34.842
68.000	123.216	14.113	0.000	-28.614
70.000	123.109	14.611	0.000	-24.851
72.000	122.769	13.764	0.000	-31.300
74.000	122.941	14.516	0.000	-26.908
76.000	123.168	14.517	0.000	-28.854
78.000	123.048	14.860	0.000	-36.602
80.000	122.963	15.192	0.000	-44.364
82.000	122.903	15.076	0.000	-51.555
84.000	122.935	15.746	0.000	-44.803
86.000	123.189	15.276	0.000	-45.395
88.000	123.098	16.057	0.000	-48.714
90.000	122.770	14.085	0.000	-44.813
92.000	122.941	14.914	0.000	-56.861
94.000	123.190	17.172	0.000	-51.601
96.000	123.069	16.685	0.000	-51.294
98.000	122.892	15.895	0.000	-64.179
100.000	122.877	17.074	0.000	-70.559
102.000	123.061	17.025	0.000	-61.182
104.000	123.173	16.810	0.000	-58.584
106.000	122.952	16.303	0.000	-67.975
108.000	122.839	15.592	0.000	-78.817
110.000	123.020	18.081	0.000	-75.333
112.000	123.112	18.711	0.000	-78.130
114.000	123.073	17.093	0.000	-75.306
116.000	122.893	15.918	0.000	-76.734
118.000	122.836	16.636	0.000	-91.255
120.000	123.166	17.421	0.000	-92.197
122.000	123.180	16.999	0.000	-77.782
124.000	122.809	16.538	0.000	-81.550
126.000	122.894	16.824	0.000	-96.904
128.000	123.130	17.543	0.000	-94.779
130.000	123.066	17.223	0.000	-92.310
132.000	122.994	16.046	0.000	-99.915
134.000	122.886	15.205	0.000	-101.362
136.000	122.925	16.541	0.000	-103.873
138.000	123.188	16.366	0.000	-105.123
140.000	123.077	16.152	0.000	-99.107
142.000	122.794	15.263	0.000	-106.640
144.000	122.947	15.337	0.000	-111.645
146.000	123.154	15.842	0.000	-102.905
148.000	123.082	15.943	0.000	-100.098
150.000	122.879	15.278	0.000	-106.357
152.000	122.869	15.118	0.000	-109.696
154.000	123.118	16.524	0.000	-105.017
156.000	123.129	15.786	0.000	-103.816
158.000	122.900	14.585	0.000	-105.185
160.000	122.893	13.894	0.000	-102.261
162.000	123.017	14.428	0.000	-102.943
164.000	123.119	15.291	0.000	-99.725
166.000	123.053	15.104	0.000	-94.897
168.000	122.801	14.662	0.000	-98.088
170.000	122.951	15.647	0.000	-108.783
172.000	123.231	16.164	0.000	-105.597
174.000	123.007	15.003	0.000	-94.142
176.000	122.808	13.642	0.000	-102.670
178.000	122.996	15.539	0.000	-98.429
180.000	123.108	15.684	0.000	-93.903
182.000	123.055	16.096	0.000	-95.809
184.000	122.910	16.063	0.000	-104.269
186.000	122.875	15.354	0.000	-103.835
188.000	123.086	15.663	0.000	-104.991
190.000	123.141	15.789	0.000	-104.523
192.000	122.908	15.618	0.000	-93.375
194.000	122.833	16.305	0.000	-105.417
196.000	123.079	17.316	0.000	-106.514
198.000	123.168	17.299	0.000	-102.841
200.000	122.908	16.204	0.000	-106.024
202.000	122.838	16.690	0.000	-110.507
204.000	123.073	17.163	0.000	-102.594
206.000	123.113	17.181	0.000	-103.719
208.000	122.968	17.021	0.000	-101.132
210.000	122.874	16.482	0.000	-99.852
212.000	122.961	16.569	0.000	-110.289
214.000	123.144	17.711	0.000	-107.893
216.000	123.046	17.607	0.000	-106.637
218.000	122.814	17.427	0.000	-109.954
220.000	122.948	18.219	0.000	-116.596
222.000	123.171	19.423	0.000	-107.040
224.000	123.040	18.324	0.000	-103.818
226.000	122.812	17.554	0.000	-114.683
228.000	122.960	19.350	0.000	-118.726
230.000	123.145	19.408	0.000	-113.728
232.000	123.015	18.700	0.000	-116.895
234.000	122.893	19.354	0.000	-116.098
236.000	122.918	18.971	0.000	-114.909
238.000	123.057	19.778	0.000	-118.254
240.000	123.140	20.645	0.000	-115.981
242.000	122.872	19.412	0.000	-117.417
244.000	122.835	19.791	0.000	-128.051
246.000	123.167	21.117	0.000	-124.280
248.000	123.084	20.543	0.000	-117.942
250.000	122.849	19.934	0.000	-123.408
252.000	122.917	20.920	0.000	-128.218
254.000	123.065	21.403	0.000	-125.011
256.000	123.103	21.814	0.000	-125.676
258.000	122.907	21.359	0.000	-128.193
260.000	122.859	21.411	0.000	-132.219
262.000	123.076	22.708	0.000	-130.984
264.000	123.096	22.923	0.000	-131.629
266.000	122.939	22.532	0.000	-130.384
268.000	122.833	22.466	0.000	-138.782
270.000	123.040	23.969	0.000	-137.725
272.000	123.187	24.411	0.000	-130.271
274.000	122.861	23.297	0.000	-132.231
276.000	122.852	24.498	0.000	-142.472
278.000	123.120	25.773	0.000	-137.452
280.000	123.038	25.455	0.000	-138.578
282.000	122.954	25.763	0.000	-143.967
284.000	122.878	26.464	0.000	-145.192
286.000	122.977	27.995	0.000	-149.458
288.000	123.179	29.467	0.000	-145.598
290.000	122.920	29.007	0.000	-143.130
292.000	122.809	29.741	0.000	-154.947
294.000	123.085	32.036	0.000	-156.595
296.000	123.104	32.714	0.000	-152.704
298.000	122.916	32.692	0.000	-160.808
300.000	122.844	34.412	0.000	-170.764
302.000	123.056	36.066	0.000	-171.841
304.000	123.114	36.968	0.000	-176.024
306.000	122.894	37.556	0.000	175.205
308.000	122.887	38.697	0.000	164.274
310.000	123.014	40.541	0.000	154.930
312.000	123.102	41.777	0.000	150.127
314.000	122.963	41.757	0.000	142.331
316.000	122.790	42.256	0.000	124.513
318.000	123.080	44.332	0.000	114.802
320.000	123.140	44.867	0.000	112.684
322.000	122.844	43.977	0.000	99.982
324.000	122.890	45.306	0.000	82.162
326.000	123.068	46.512	0.000	78.647
328.000	123.060	46.241	0.000	71.316
330.000	122.914	46.459	0.000	58.374
332.000	122.866	46.798	0.000	48.864
334.000	123.042	47.623	0.000	36.726
336.000	123.104	48.454	0.000	32.681
338.000	122.890	47.440	0.000	26.698
340.000	122.832	48.004	0.000	6.614
342.000	123.114	49.757	0.000	3.518
344.000	123.081	49.106	0.000	1.457
346.000	122.819	48.555	0.000	-15.241
348.000	122.929	49.705	0.000	-25.217
350.000	123.078	50.139	0.000	-30.731
352.000	123.030	50.063	0.000	-37.828
354.000	122.877	49.701	0.000	-48.015
356.000	122.888	50.192	0.000	-61.014
358.000	123.098	51.032	0.000	-67.094
360.000	123.038	50.784	0.000	-72.199
362.000	122.840	49.996	0.000	-83.268
364.000	122.904	50.521	0.000	-98.293
366.000	123.129	51.516	0.000	-101.973
368.000	123.017	50.416	0.000	-103.991
370.000	122.777	49.483	0.000	-121.959
372.000	123.016	50.766	0.000	-128.609
374.000	123.088	50.302	0.000	-129.419
376.000	122.936	49.647	0.000	-139.418
378.000	122.893	49.769	0.000	-146.132
380.000	122.918	49.969	0.000	-157.034
382.000	123.133	51.106	0.000	-163.671
384.000	122.966	50.375	0.000	-167.265
386.000	122.777	49.562	0.000	170.259
388.000	123.066	50.895	0.000	157.327
390.000	123.079	50.045	0.000	152.606
392.000	122.887	47.788	0.000	134.352
394.000	122.856	46.705	0.000	113.486
396.000	123.049	45.178	0.000	100.992
398.000	123.070	42.201	0.000	89.167
400.000	122.852	37.429	0.000	71.005
402.000	122.903	30.895	0.000	35.985
404.000	123.034	30.970	0.000	-98.672
406.000	123.059	35.758	0.000	-123.150
408.000	122.857	38.320	0.000	-140.728
410.000	122.855	41.324	0.000	-158.525
412.000	123.155	43.627	0.000	-162.139
414.000	122.972	43.504	0.000	-166.628
416.000	122.805	43.995	0.000	175.336
418.000	122.994	45.855	0.000	168.689
420.000	123.057	46.002	0.000	165.814
422.000	122.955	45.911	0.000	154.911
424.000	122.840	46.212	0.000	145.801
426.000	122.969	46.628	0.000	135.657
428.000	123.093	47.455	0.000	130.713
430.000	122.920	46.554	0.000	128.041
432.000	122.804	46.110	0.000	110.078
434.000	123.061	47.603	0.000	105.507
436.000	123.074	46.691	0.000	106.121
438.000	122.813	45.336	0.000	91.882
440.000	122.916	45.854	0.000	83.852
442.000	123.055	45.554	0.000	81.338
444.000	122.999	44.834	0.000	77.674
446.000	122.849	43.913	0.000	71.965
448.000	122.907	44.050	0.000	64.547
450.000	123.090	44.437	0.000	63.946
452.000	122.964	43.659	0.000	62.610
454.000	122.816	42.953	0.000	53.526
456.000	122.960	43.849	0.000	45.129
458.000	123.121	44.169	0.000	46.680
460.000	122.867	42.472	0.000	40.643
462.000	122.834	42.781	0.000	24.665
464.000	123.081	43.245	0.000	24.731
466.000	122.978	41.880	0.000	18.797
468.000	122.899	41.377	0.000	9.163
470.000	122.860	40.429	0.000	2.295
472.000	123.046	40.413	0.000	-6.143
474.000	123.045	39.763	0.000	-4.698
476.000	122.769	37.285	0.000	-14.020
478.000	122.968	37.457	0.000	-24.661
480.000	123.081	36.792	0.000	-19.458
482.000	122.907	34.341	0.000	-23.263
484.000	122.822	33.513	0.000	-32.208
486.000	123.016	33.010	0.000	-30.835
488.000	123.044	31.725	0.000	-28.784
490.000	122.851	30.193	0.000	-29.608
492.000	122.885	29.128	0.000	-32.273
494.000	123.011	28.955	0.000	-30.579
496.000	123.036	28.132	0.000	-26.229
498.000	122.805	26.549	0.000	-25.728
500.000	122.905	26.976	0.000	-28.349
502.000	123.116	27.142	0.000	-21.803
504.000	122.891	25.266	0.000	-18.890
506.000	122.823	24.826	0.000	-24.703
508.000	123.012	25.431	0.000	-19.664
510.000	123.021	24.439	0.000	-16.520
512.000	122.866	23.725	0.000	-17.176
514.000	122.866	23.307	0.000	-15.789
516.000	123.012	23.333	0.000	-17.851
518.000	123.031	23.735	0.000	-12.025
520.000	122.790	22.343	0.000	-11.563
522.000	122.919	22.834	0.000	-19.059
524.000	123.105	23.084	0.000	-9.744
526.000	122.863	21.466	0.000	-9.216
528.000	122.847	21.747	0.000	-11.982
530.000	122.992	22.007	0.000	-9.958
532.000	123.023	21.446	0.000	-7.530
534.000	122.844	21.153	0.000	-5.930
536.000	122.872	20.756	0.000	-11.012
538.000	123.038	21.315	0.000	-8.449
540.000	122.967	20.709	0.000	-7.262
542.000	122.810	20.422	0.000	-7.798
544.000	122.921	20.737	0.000	-10.637
546.000	123.107	20.637	0.000	-2.346
548.000	122.821	18.898	0.000	-5.120
550.000	122.861	19.798	0.000	-8.662
552.000	123.033	19.953	0.000	0.888
554.000	122.954	18.846	0.000	-1.520
556.000	122.858	19.497	0.000	-3.193
558.000	122.867	19.079	0.000	-0.850
560.000	123.067	19.612	0.000	2.913
562.000	122.918	18.786	0.000	5.559
564.000	122.787	18.085	0.000	-1.882
566.000	123.002	19.242	0.000	1.991
568.000	123.029	19.377	0.000	5.940
570.000	122.800	18.387	0.000	4.953
572.000	122.895	19.421	0.000	5.535
574.000	123.033	19.124	0.000	11.651
576.000	122.921	17.927	0.000	13.609
578.000	122.823	17.996	0.000	10.072
580.000	122.933	18.422	0.000	9.269
582.000	123.044	18.772	0.000	12.131
584.000	122.846	18.217	0.000	11.312
586.000	122.827	18.577	0.000	5.944
588.000	123.044	19.512	0.000	13.860
590.000	122.960	18.444	0.000	19.763
592.000	122.766	17.496	0.000	13.044
594.000	122.983	18.581	0.000	19.215
596.000	122.992	18.810	0.000	23.286
598.000	122.869	19.162	0.000	14.773
600.000	122.841	19.169	0.000	16.752
602.000	122.978	18.971	0.000	14.007
604.000	123.013	18.706	0.000	16.789
606.000	122.755	17.355	0.000	13.472
608.000	122.946	19.866	0.000	12.392
610.000	123.030	19.599	0.000	22.425
612.000	122.845	18.540	0.000	18.981
614.000	122.828	18.879	0.000	16.819
616.000	123.016	18.863	0.000	20.060
618.000	122.942	18.632	0.000	18.276
620.000	122.812	18.801	0.000	15.179
622.000	122.904	19.404	0.000	13.957
624.000	123.015	19.642	0.000	15.753
626.000	122.884	19.350	0.000	20.597
628.000	122.782	19.334	0.000	13.274
630.000	123.037	19.785	0.000	14.784
632.000	122.947	19.217	0.000	20.110
634.000	122.775	19.306	0.000	13.317
636.000	122.940	20.142	0.000	15.424
638.000	122.997	19.535	0.000	19.797
640.000	122.848	19.506	0.000	17.914
642.000	122.837	19.318	0.000	17.534
644.000	122.967	19.840	0.000	15.122
646.000	122.986	20.657	0.000	18.783
648.000	122.750	19.733	0.000	12.000
650.000	122.942	20.208	0.000	10.888
652.000	123.021	20.264	0.000	17.277
654.000	122.806	20.066	0.000	10.740
656.000	122.850	20.837	0.000	15.668
658.000	122.994	21.035	0.000	16.296
660.000	122.922	20.618	0.000	13.390
662.000	122.787	20.034	0.000	13.217
664.000	122.934	20.527	0.000	13.385
666.000	122.984	20.488	0.000	15.459
668.000	122.839	20.157	0.000	11.174
670.000	122.802	20.342	0.000	13.241
672.000	123.058	20.654	0.000	13.680
674.000	122.861	19.424	0.000	17.427
676.000	122.797	20.347	0.000	10.985
678.000	122.966	21.112	0.000	16.158
680.000	122.944	20.397	0.000	19.246
682.000	122.816	20.389	0.000	18.420
684.000	122.855	20.057	0.000	17.831
686.000	123.001	21.385	0.000	22.043
688.000	122.877	21.175	0.000	28.154
690.000	122.766	20.742	0.000	16.824
692.000	123.006	21.651	0.000	25.873
694.000	122.928	20.899	0.000	30.684
696.000	122.770	21.453	0.000	23.877
698.000	122.924	21.992	0.000	29.223
700.000	122.963	21.925	0.000	31.168
702.000	122.836	21.702	0.000	34.924
704.000	122.815	21.964	0.000	30.241
706.000	122.989	22.986	0.000	30.747
708.000	122.896	22.928	0.000	31.279
710.000	122.775	23.022	0.000	28.935
712.000	122.928	24.156	0.000	31.938
714.000	122.996	24.111	0.000	39.820
716.000	122.738	23.661	0.000	31.739
718.000	122.921	25.130	0.000	31.800
720.000	122.944	24.876	0.000	37.317
722.000	122.861	25.049	0.000	33.908
724.000	122.791	25.548	0.000	31.790
726.000	122.965	26.426	0.000	31.416
728.000	122.927	26.537	0.000	37.289
730.000	122.753	26.017	0.000	32.893
732.000	122.919	27.676	0.000	29.604
734.000	122.977	27.507	0.000	36.770
736.000	122.765	27.239	0.000	29.309
738.000	122.870	28.507	0.000	31.268
740.000	122.965	28.585	0.000	33.725
742.000	122.847	28.699	0.000	34.266
744.000	122.791	28.638	0.000	30.354
746.000	122.944	30.060	0.000	31.492
748.000	122.928	30.032	0.000	34.329
750.000	122.754	29.706	0.000	28.703
752.000	122.897	31.135	0.000	26.497
754.000	122.980	31.482	0.000	33.617
756.000	122.759	30.799	0.000	28.953
758.000	122.863	32.601	0.000	25.978
760.000	122.964	32.661	0.000	31.758
762.000	122.831	32.654	0.000	28.685
764.000	122.800	32.947	0.000	29.241
766.000	122.922	34.116	0.000	25.623
768.000	122.943	34.498	0.000	31.189
770.000	122.723	33.915	0.000	23.164
772.000	122.927	35.826	0.000	23.119
774.000	122.941	35.650	0.000	29.213
776.000	122.769	35.526	0.000	22.420
778.000	122.847	36.952	0.000	22.228
780.000	122.966	37.287	0.000	24.681
782.000	122.811	37.242	0.000	22.298
784.000	122.800	37.820	0.000	19.037
786.000	122.930	39.085	0.000	19.241
788.000	122.905	39.199	0.000	23.094
790.000	122.732	39.236	0.000	16.300
792.000	122.927	41.021	0.000	16.344
794.000	122.930	41.036	0.000	21.221
796.000	122.740	41.002	0.000	14.030
798.000	122.883	42.819	0.000	13.730
800.000	122.933	42.919	0.000	16.682
802.000	122.799	43.424	0.000	11.938
804.000	122.803	44.199	0.000	10.713
806.000	122.943	45.702	0.000	8.604
808.000	122.865	45.871	0.000	12.712
810.000	122.733	46.544	0.000	1.405
812.000	122.964	48.640	0.000	5.080
814.000	122.868	48.167	0.000	5.269
816.000	122.750	49.421	0.000	-3.825
818.000	122.896	50.863	0.000	-3.905
820.000	122.915	51.714	0.000	-5.922
822.000	122.766	52.359	0.000	-12.469
824.000	122.832	54.079	0.000	-20.478
826.000	122.943	55.381	0.000	-23.411
828.000	122.803	55.530	0.000	-31.322
830.000	122.770	56.621	0.000	-47.092
832.000	122.970	57.978	0.000	-50.505
834.000	122.813	57.040	0.000	-56.755
836.000	122.761	57.984	0.000	-72.750
838.000	122.936	58.690	0.000	-74.124
840.000	122.847	58.133	0.000	-85.186
842.000	122.774	58.125	0.000	-94.864
844.000	122.852	58.029	0.000	-104.704
846.000	122.943	58.163	0.000	-105.484
848.000	122.724	56.727	0.000	-111.825
850.000	122.861	57.974	0.000	-120.116
852.000	122.933	57.829	0.000	-116.513
854.000	122.759	56.896	0.000	-128.020
856.000	122.806	57.647	0.000	-134.194
858.000	122.940	57.455	0.000	-135.752
860.000	122.790	56.842	0.000	-140.935
862.000	122.784	56.764	0.000	-148.074
864.000	122.900	57.346	0.000	-151.036
866.000	122.870	56.754	0.000	-151.505
868.000	122.712	56.211	0.000	-162.051
870.000	122.932	57.138	0.000	-164.587
872.000	122.861	56.205	0.000	-163.426
874.000	122.732	55.471	0.000	-174.046
876.000	122.880	56.186	0.000	-173.140
878.000	122.885	55.229	0.000	-172.026
880.000	122.753	55.216	0.000	-175.749
882.000	122.823	55.432	0.000	-177.033
884.000	122.919	56.415	0.000	-176.488
886.000	122.766	55.663	0.000	-176.427
888.000	122.785	57.027	0.000	172.713
890.000	122.953	57.535	0.000	178.379
892.000	122.754	56.683	0.000	168.493
894.000	122.786	57.611	0.000	161.827
896.000	122.909	57.822	0.000	159.131
898.000	122.811	57.272	0.000	155.001
900.000	122.752	57.220	0.000	146.723
902.000	122.889	57.810	0.000	144.696
904.000	122.857	57.587	0.000	143.459
906.000	122.712	57.178	0.000	133.183
908.000	122.899	58.434	0.000	126.660
910.000	122.865	57.435	0.000	126.661
912.000	122.717	56.288	0.000	111.760
914.000	122.869	56.356	0.000	111.135
916.000	122.866	54.837	0.000	111.593
918.000	122.747	53.931	0.000	110.484
920.000	122.812	53.797	0.000	112.418
922.000	122.905	54.357	0.000	117.902
924.000	122.744	53.801	0.000	120.029
926.000	122.791	55.422	0.000	113.471
928.000	122.925	56.026	0.000	119.786
930.000	122.736	55.277	0.000	109.955
932.000	122.792	56.303	0.000	105.640
934.000	122.893	56.144	0.000	104.600
936.000	122.778	55.764	0.000	101.711
938.000	122.759	55.808	0.000	95.634
940.000	122.883	56.418	0.000	96.451
942.000	122.817	55.763	0.000	96.925
944.000	122.714	55.888	0.000	90.772
946.000	122.914	57.295	0.000	92.231
948.000	122.800	56.754	0.000	93.602
950.000	122.733	57.559	0.000	81.614
952.000	122.877	58.429	0.000	83.395
954.000	122.821	57.900	0.000	76.638
956.000	122.735	58.056	0.000	70.768
958.000	122.834	58.348	0.000	63.956
960.000	122.872	58.537	0.000	65.562
962.000	122.697	57.409	0.000	57.901
964.000	122.859	58.768	0.000	55.094
966.000	122.854	58.061	0.000	58.672
968.000	122.720	58.020	0.000	49.342
970.000	122.821	58.871	0.000	48.281
972.000	122.868	58.883	0.000	46.072
974.000	122.723	58.648	0.000	39.643
976.000	122.806	59.190	0.000	33.242
978.000	122.867	59.390	0.000	32.665
980.000	122.743	58.574	0.000	28.250
982.000	122.770	59.326	0.000	20.237
984.000	122.910	59.617	0.000	23.984
986.000	122.708	58.629	0.000	16.531
988.000	122.798	59.747	0.000	12.012
990.000	122.861	59.558	0.000	13.094
992.000	122.752	59.450	0.000	6.664
994.000	122.756	59.849	0.000	2.262
996.000	122.876	60.742	0.000	-1.059
998.000	122.763	60.324	0.000	-2.038
1000.000	122.728	61.092	0.000	-16.427
1002.000	122.910	61.934	0.000	-13.588
1004.000	122.730	60.750	0.000	-24.403
1006.000	122.759	61.489	0.000	-32.903
1008.000	122.863	61.296	0.000	-37.399
1010.000	122.768	60.690	0.000	-42.955
1012.000	122.731	60.309	0.000	-52.974
1014.000	122.866	60.511	0.000	-54.725
1016.000	122.782	59.474	0.000	-56.957
1018.000	122.703	59.114	0.000	-64.893
1020.000	122.897	60.048	0.000	-64.008
1022.000	122.753	58.966	0.000	-64.002
1024.000	122.734	59.842	0.000	-73.590
1026.000	122.858	60.171	0.000	-71.545
1028.000	122.773	60.101	0.000	-79.707
1030.000	122.722	60.365	0.000	-87.066
1032.000	122.847	61.172	0.000	-95.929
1034.000	122.797	60.771	0.000	-98.745
1036.000	122.692	60.266	0.000	-115.510
1038.000	122.882	61.031	0.000	-118.796
1040.000	122.759	59.364	0.000	-124.776
1042.000	122.723	59.205	0.000	-137.693
1044.000	122.848	58.812	0.000	-139.562
1046.000	122.776	57.810	0.000	-145.265
1048.000	122.718	57.064	0.000	-152.449
1050.000	122.833	57.217	0.000	-155.822
1052.000	122.799	56.316	0.000	-155.876
1054.000	122.686	55.790	0.000	-165.222
1056.000	122.871	56.607	0.000	-166.692
1058.000	122.762	55.633	0.000	-168.220
1060.000	122.717	55.786	0.000	178.694
1062.000	122.840	56.098	0.000	178.515
1064.000	122.773	55.139	0.000	170.074
1066.000	122.715	54.946	0.000	162.961
1068.000	122.823	55.002	0.000	155.208
1070.000	122.800	54.574	0.000	155.256
1072.000	122.678	53.704	0.000	141.994
1074.000	122.870	54.549	0.000	142.198
1076.000	122.751	53.071	0.000	137.976
1078.000	122.717	53.394	0.000	129.233
1080.000	122.832	53.556	0.000	127.299
1082.000	122.769	53.358	0.000	122.641
1084.000	122.707	53.561	0.000	112.900
1086.000	122.830	54.325	0.000	107.723
1088.000	122.778	54.046	0.000	102.239
1090.000	122.682	54.016	0.000	88.369
1092.000	122.868	55.047	0.000	83.574
1094.000	122.734	53.904	0.000	77.682
1096.000	122.721	54.389	0.000	64.326
1098.000	122.834	54.384	0.000	63.397
1100.000	122.745	54.036	0.000	55.099
1102.000	122.713	54.291	0.000	48.172
1104.000	122.837	55.189	0.000	42.195
1106.000	122.745	54.971	0.000	39.216
1108.000	122.706	55.700	0.000	23.943
1110.000	122.858	56.749	0.000	23.248
1112.000	122.710	55.914	0.000	11.384
1114.000	122.734	56.907	0.000	0.442
1116.000	122.833	56.841	0.000	-5.684
1118.000	122.717	56.481	0.000	-14.696
1120.000	122.732	56.489	0.000	-26.428
1122.000	122.831	56.797	0.000	-29.828
1124.000	122.715	55.754	0.000	-36.544
1126.000	122.733	56.005	0.000	-46.894
1128.000	122.842	56.282	0.000	-46.866
1130.000	122.687	55.136	0.000	-54.111
1132.000	122.761	56.076	0.000	-60.218
1134.000	122.812	55.496	0.000	-59.837
1136.000	122.707	55.410	0.000	-66.201
1138.000	122.738	55.559	0.000	-70.649
1140.000	122.838	56.385	0.000	-70.666
1142.000	122.672	55.632	0.000	-75.362
1144.000	122.783	57.120	0.000	-81.667
1146.000	122.803	56.918	0.000	-79.887
1148.000	122.680	57.165	0.000	-90.746
1150.000	122.784	58.243	0.000	-93.888
1152.000	122.793	58.375	0.000	-98.815
1154.000	122.685	58.596	0.000	-108.280
1156.000	122.781	59.458	0.000	-116.504
1158.000	122.800	59.541	0.000	-120.371
1160.000	122.660	59.173	0.000	-133.304
1162.000	122.823	60.160	0.000	-140.280
1164.000	122.756	59.323	0.000	-144.208
1166.000	122.685	59.236	0.000	-158.801
1168.000	122.819	59.455	0.000	-160.606
1170.000	122.736	58.517	0.000	-168.894
1172.000	122.700	58.379	0.000	-175.759
1174.000	122.810	58.560	0.000	177.950
1176.000	122.736	58.022	0.000	176.791
1178.000	122.697	57.929	0.000	163.390
1180.000	122.828	58.466	0.000	164.501
1182.000	122.700	57.258	0.000	154.768
1184.000	122.728	57.857	0.000	146.313
1186.000	122.806	57.535	0.000	140.687
1188.000	122.706	56.887	0.000	131.432
1190.000	122.721	56.669	0.000	118.591
1192.000	122.821	56.283	0.000	113.583
1194.000	122.678	54.538	0.000	102.791
1196.000	122.748	53.944	0.000	91.268
1198.000	122.811	52.881	0.000	90.502
1200.000	122.654	50.536	0.000	79.510
1202.000	122.794	50.098	0.000	77.103
1204.000	122.760	47.725	0.000	75.520
1206.000	122.685	46.218	0.000	72.263
1208.000	122.772	44.849	0.000	70.830
1210.000	122.778	43.484	0.000	76.159
1212.000	122.656	41.184	0.000	73.606
1214.000	122.814	40.755	0.000	80.144
1216.000	122.724	38.456	0.000	87.396
1218.000	122.687	37.609	0.000	91.701
1220.000	122.810	36.905	0.000	105.045
1222.000	122.702	36.074	0.000	114.896
1224.000	122.704	36.297	0.000	124.410
1226.000	122.808	37.348	0.000	135.559
1228.000	122.685	37.426	0.000	140.990
1230.000	122.724	38.945	0.000	143.013
1232.000	122.803	39.863	0.000	149.658
1234.000	122.662	40.164	0.000	147.251
1236.000	122.767	41.839	0.000	149.232
1238.000	122.757	41.751	0.000	150.155
1240.000	122.686	42.603	0.000	148.201
1242.000	122.750	43.432	0.000	146.046
1244.000	122.775	44.167	0.000	148.740
1246.000	122.654	44.317	0.000	141.710
1248.000	122.798	45.850	0.000	143.095
1250.000	122.724	45.413	0.000	140.860
1252.000	122.684	46.505	0.000	134.197
1254.000	122.793	47.050	0.000	133.474
1256.000	122.706	47.154	0.000	128.707
1258.000	122.693	47.767	0.000	120.975
1260.000	122.804	48.389	0.000	118.918
1262.000	122.673	47.794	0.000	112.598
1264.000	122.723	48.351	0.000	103.876
1266.000	122.799	48.361	0.000	104.871
1268.000	122.644	47.446	0.000	95.423
1270.000	122.782	47.988	0.000	94.934
1272.000	122.736	46.962	0.000	93.280
1274.000	122.678	46.801	0.000	91.199
1276.000	122.772	47.086	0.000	90.235
1278.000	122.733	46.933	0.000	93.479
1280.000	122.671	46.962	0.000	87.915
1282.000	122.794	48.063	0.000	90.926
1284.000	122.694	47.579	0.000	88.356
1286.000	122.708	48.673	0.000	84.030
1288.000	122.774	48.834	0.000	82.706
1290.000	122.689	49.083	0.000	78.551
1292.000	122.711	49.692	0.000	70.839
1294.000	122.785	50.149	0.000	69.720
1296.000	122.654	49.665	0.000	60.973
1298.000	122.756	50.389	0.000	53.427
1300.000	122.755	50.126	0.000	52.402
1302.000	122.656	49.607	0.000	40.049
1304.000	122.781	49.893	0.000	39.913
1306.000	122.713	48.825	0.000	33.894
1308.000	122.678	48.400	0.000	29.766
1310.000	122.784	48.487	0.000	26.586
1312.000	122.688	47.454	0.000	27.520
1314.000	122.705	47.519	0.000	20.500
1316.000	122.782	47.289	0.000	25.397
1318.000	122.663	46.478	0.000	19.998
1320.000	122.737	46.925	0.000	21.116
1322.000	122.756	46.661	0.000	21.730
1324.000	122.662	46.662	0.000	18.939
1326.000	122.755	47.331	0.000	17.106
1328.000	122.740	47.257	0.000	16.939
1330.000	122.649	47.404	0.000	9.387
1332.000	122.806	48.240	0.000	8.898
1334.000	122.672	47.415	0.000	4.386
1336.000	122.710	48.038	0.000	-2.144
1338.000	122.768	47.696	0.000	-2.479
1340.000	122.668	47.390	0.000	-8.607
1342.000	122.726	47.481	0.000	-12.753
1344.000	122.763	47.614	0.000	-13.434
1346.000	122.644	46.940	0.000	-19.689
1348.000	122.781	47.894	0.000	-21.919
1350.000	122.704	46.763	0.000	-23.303
1352.000	122.681	47.056	0.000	-30.714
1354.000	122.770	46.836	0.000	-31.216
1356.000	122.688	46.322	0.000	-35.290
1358.000	122.695	46.309	0.000	-40.907
1360.000	122.777	46.143	0.000	-40.297
1362.000	122.654	45.313	0.000	-44.599
1364.000	122.741	45.742	0.000	-47.584
1366.000	122.746	45.345	0.000	-44.622
1368.000	122.649	45.223	0.000	-51.499
1370.000	122.779	45.660	0.000	-48.233
1372.000	122.694	45.272	0.000	-52.644
1374.000	122.681	45.577	0.000	-55.672
1376.000	122.784	46.262	0.000	-57.925
1378.000	122.657	45.765	0.000	-61.072
1380.000	122.733	46.552	0.000	-69.676
1382.000	122.746	46.247	0.000	-69.748
1384.000	122.658	45.846	0.000	-80.699
1386.000	122.756	46.035	0.000	-83.991
1388.000	122.712	45.262	0.000	-88.949
1390.000	122.674	44.645	0.000	-94.567
1392.000	122.762	44.617	0.000	-97.056
1394.000	122.692	43.655	0.000	-97.366
1396.000	122.689	43.598	0.000	-102.623
1398.000	122.778	43.662	0.000	-100.186
1400.000	122.642	43.054	0.000	-105.293
1402.000	122.753	43.973	0.000	-107.484
1404.000	122.725	43.490	0.000	-110.592
1406.000	122.659	43.463	0.000	-116.875
1408.000	122.771	43.761	0.000	-123.296
1410.000	122.689	43.149	0.000	-124.763
1412.000	122.688	42.855	0.000	-136.045
1414.000	122.770	42.675	0.000	-134.259
1416.000	122.656	41.553	0.000	-142.659
1418.000	122.736	41.556	0.000	-145.560
1420.000	122.732	40.886	0.000	-148.482
1422.000	122.664	40.238	0.000	-153.973
1424.000	122.752	40.188	0.000	-157.822
1426.000	122.711	39.286	0.000	-159.756
1428.000	122.662	38.670	0.000	-167.071
1430.000	122.792	38.576	0.000	-166.779
1432.000	122.646	37.180	0.000	-171.308
1434.000	122.737	37.290	0.000	-174.670
1436.000	122.737	36.190	0.000	-175.199
1438.000	122.652	35.405	0.000	-178.826
1440.000	122.766	35.173	0.000	178.533
1442.000	122.696	34.228	0.000	-179.519
1444.000	122.680	33.677	0.000	174.854
1446.000	122.772	33.577	0.000	178.630
1448.000	122.654	32.382	0.000	173.272
1450.000	122.733	32.377	0.000	172.804
1452.000	122.731	31.302	0.000	171.297
1454.000	122.664	30.573	0.000	169.440
1456.000	122.749	30.467	0.000	170.065
1458.000	122.707	29.676	0.000	170.425
1460.000	122.670	29.259	0.000	166.953
1462.000	122.779	29.153	0.000	168.938
1464.000	122.649	28.384	0.000	167.678
1466.000	122.738	28.475	0.000	166.754
1468.000	122.722	27.472	0.000	166.018
1470.000	122.668	26.968	0.000	166.809
1472.000	122.752	26.748	0.000	163.980
1474.000	122.693	26.157	0.000	167.091
1476.000	122.697	26.022	0.000	165.431
1478.000	122.752	25.659	0.000	169.933
1480.000	122.664	24.625	0.000	163.732
1482.000	122.731	24.773	0.000	164.629
1484.000	122.725	24.030	0.000	167.217
1486.000	122.666	23.808	0.000	163.819
1488.000	122.758	23.816	0.000	167.464
1490.000	122.685	22.997	0.000	169.653
1492.000	122.698	22.972	0.000	165.328
1494.000	122.757	22.506	0.000	167.393
1496.000	122.651	21.955	0.000	162.962
1498.000	122.755	22.286	0.000	167.101
1500.000	122.699	21.455	0.000	169.911
1502.000	122.682	21.878	0.000	169.952
1504.000	122.760	22.102	0.000	170.051
1506.000	122.668	21.068	0.000	169.068
1508.000	122.723	21.418	0.000	166.974
1510.000	122.739	20.585	0.000	174.164
1512.000	122.657	20.335	0.000	166.747
1514.000	122.758	20.505	0.000	166.441
1516.000	122.694	20.036	0.000	167.888
1518.000	122.684	20.132	0.000	167.771
1520.000	122.770	20.298	0.000	168.578
1522.000	122.646	19.813	0.000	166.490
1524.000	122.755	20.354	0.000	169.828
1526.000	122.700	19.572	0.000	171.777
1528.000	122.696	19.532	0.000	167.423
1530.000	122.743	19.499	0.000	173.300
1532.000	122.687	19.775	0.000	170.895
1534.000	122.710	19.762	0.000	171.409
1536.000	122.745	19.889	0.000	172.090
1538.000	122.658	19.677	0.000	169.833
1540.000	122.761	20.098	0.000	172.833
1542.000	122.688	19.067	0.000	170.677
1544.000	122.699	19.590	0.000	167.621
1546.000	122.752	18.781	0.000	169.878
1548.000	122.659	18.660	0.000	170.391
1550.000	122.747	19.047	0.000	166.552
1552.000	122.709	18.380	0.000	172.592
1554.000	122.680	18.420	0.000	165.276
1556.000	122.766	18.820	0.000	166.711
1558.000	122.664	18.226	0.000	164.487
1560.000	122.733	19.126	0.000	160.779
1562.000	122.726	19.003	0.000	162.100
1564.000	122.670	18.311	0.000	164.349
1566.000	122.759	18.595	0.000	165.122
1568.000	122.681	18.419	0.000	162.165
1570.000	122.714	19.209	0.000	160.071
1572.000	122.747	18.116	0.000	166.218
1574.000	122.661	17.892	0.000	162.561
1576.000	122.760	18.524	0.000	160.316
1578.000	122.688	17.606	0.000	156.684
1580.000	122.702	17.769	0.000	154.250
1582.000	122.751	18.591	0.000	158.574
1584.000	122.666	18.650	0.000	151.135
1586.000	122.750	18.795	0.000	151.075
1588.000	122.706	17.557	0.000	157.626
1590.000	122.691	17.398	0.000	151.558
1592.000	122.757	17.307	0.000	153.669
1594.000	122.669	17.925	0.000	149.776
1596.000	122.740	18.012	0.000	149.605
1598.000	122.721	17.676	0.000	153.549
1600.000	122.681	16.575	0.000	147.387
1602.000	122.760	17.479	0.000	149.408
1604.000	122.676	17.063	0.000	145.054
1606.000	122.732	17.219	0.000	141.724
1608.000	122.726	16.787	0.000	143.500
1610.000	122.679	16.357	0.000	145.166
1612.000	122.757	16.476	0.000	145.707
1614.000	122.690	16.287	0.000	142.391
1616.000	122.710	17.211	0.000	136.289
1618.000	122.755	17.267	0.000	142.334
1620.000	122.657	16.869	0.000	137.606
1622.000	122.774	17.223	0.000	141.822
1624.000	122.682	16.314	0.000	135.461
1626.000	122.717	16.394	0.000	130.378
1628.000	122.748	16.419	0.000	133.179
1630.000	122.670	15.965	0.000	132.644
1632.000	122.758	16.861	0.000	128.842
1634.000	122.699	16.152	0.000	132.999
1636.000	122.702	15.316	0.000	131.264
1638.000	122.759	15.770	0.000	139.400
1640.000	122.661	15.618	0.000	134.894
1642.000	122.763	15.816	0.000	130.480
1644.000	122.696	14.807	0.000	135.426
1646.000	122.710	14.598	0.000	128.324
1648.000	122.755	14.690	0.000	126.432
1650.000	122.675	15.163	0.000	124.657
1652.000	122.751	15.147	0.000	131.300
1654.000	122.710	15.759	0.000	121.906
1656.000	122.695	15.583	0.000	117.285
1658.000	122.765	15.044	0.000	116.588
1660.000	122.664	14.821	0.000	116.516
1662.000	122.765	14.561	0.000	114.581
1664.000	122.700	14.112	0.000	111.454
1666.000	122.708	13.966	0.000	106.586
1668.000	122.752	14.144	0.000	102.778
1670.000	122.679	13.723	0.000	107.255
1672.000	122.747	14.897	0.000	109.372
1674.000	122.716	14.510	0.000	106.247
1676.000	122.699	14.192	0.000	106.619
1678.000	122.764	14.327	0.000	107.772
1680.000	122.667	13.521	0.000	102.659
1682.000	122.765	13.979	0.000	100.969
1684.000	122.707	13.682	0.000	98.520
1686.000	122.697	12.560	0.000	94.122
1688.000	122.778	12.508	0.000	105.607
1690.000	122.660	12.810	0.000	100.777
1692.000	122.774	11.235	0.000	106.184
1694.000	122.692	11.450	0.000	111.855
1696.000	122.729	12.458	0.000	104.339
1698.000	122.738	12.741	0.000	99.832
1700.000	122.695	12.770	0.000	100.121
1702.000	122.746	12.239	0.000	105.492
1704.000	122.718	11.199	0.000	113.499
1706.000	122.704	11.999	0.000	109.600
1708.000	122.765	12.544	0.000	113.000
1710.000	122.670	11.983	0.000	102.475
1712.000	122.775	11.156	0.000	109.128
1714.000	122.690	10.211	0.000	118.510
1716.000	122.730	11.593	0.000	102.246
1718.000	122.745	11.965	0.000	119.369
1720.000	122.686	11.568	0.000	130.596
1722.000	122.766	12.283	0.000	115.457
1724.000	122.700	12.217	0.000	115.860
1726.000	122.723	12.139	0.000	111.404
1728.000	122.754	11.096	0.000	115.991
1730.000	122.675	10.424	0.000	122.913
1732.000	122.778	11.866	0.000	120.843
1734.000	122.679	10.974	0.000	97.885
1736.000	122.759	11.603	0.000	81.637
1738.000	122.716	10.666	0.000	97.836
1740.000	122.714	10.547	0.000	125.764
1742.000	122.752	10.665	0.000	110.430
1744.000	122.696	10.537	0.000	105.166
1746.000	122.744	10.929	0.000	110.441
1748.000	122.728	11.225	0.000	100.097
1750.000	122.707	12.174	0.000	98.986
1752.000	122.764	12.243	0.000	114.435
1754.000	122.685	10.615	0.000	115.133
1756.000	122.758	10.375	0.000	97.713
1758.000	122.719	11.099	0.000	112.211
1760.000	122.710	10.772	0.000	115.002
1762.000	122.768	11.348	0.000	110.881
1764.000	122.679	10.614	0.000	106.139
1766.000	122.779	10.337	0.000	104.726
1768.000	122.687	10.382	0.000	108.461
1770.000	122.753	11.058	0.000	107.306
1772.000	122.729	11.056	0.000	119.076
1774.000	122.708	10.961	0.000	103.767
1776.000	122.767	10.661	0.000	97.446
1778.000	122.694	9.609	0.000	98.031
1780.000	122.749	10.916	0.000	111.449
1782.000	122.736	11.362	0.000	106.943
1784.000	122.700	11.594	0.000	85.379
1786.000	122.772	10.785	0.000	91.654
1788.000	122.681	10.421	0.000	94.195
1790.000	122.772	11.740	0.000	92.288
1792.000	122.706	10.563	0.000	111.142
1794.000	122.735	10.883	0.000	113.088
1796.000	122.743	11.695	0.000	107.949
1798.000	122.716	10.438	0.000	108.813
1800.000	122.747	9.674	0.000	98.426
1802.000	122.721	9.692	0.000	101.943
1804.000	122.725	10.372	0.000	108.084
1806.000	122.757	10.851	0.000	102.365
1808.000	122.691	11.680	0.000	91.552
1810.000	122.782	10.737	0.000	80.801
1812.000	122.684	11.118	0.000	80.382
1814.000	122.763	11.297	0.000	88.679
1816.000	122.724	10.215	0.000	108.978
1818.000	122.714	9.555	0.000	106.744
1820.000	122.769	9.971	0.000	85.944
1822.000	122.686	9.655	0.000	74.863
1824.000	122.782	10.747	0.000	93.941
1826.000	122.691	9.985	0.000	92.571
1828.000	122.762	9.687	0.000	97.513
1830.000	122.723	10.164	0.000	91.335
1832.000	122.727	9.458	0.000	105.939
1834.000	122.756	10.369	0.000	113.962
1836.000	122.710	10.311	0.000	97.517
1838.000	122.751	10.038	0.000	96.659
1840.000	122.734	9.798	0.000	95.653
1842.000	122.717	10.197	0.000	92.931
1844.000	122.765	10.220	0.000	109.043
1846.000	122.693	10.369	0.000	84.219
1848.000	122.776	9.678	0.000	102.398
1850.000	122.706	10.311	0.000	107.016
1852.000	122.745	11.330	0.000	99.105
1854.000	122.745	10.321	0.000	92.197
1856.000	122.712	8.744	0.000	104.429
1858.000	122.771	9.516	0.000	98.134
1860.000	122.693	9.296	0.000	48.489
1862.000	122.772	10.208	0.000	104.153
1864.000	122.708	9.308	0.000	110.506
1866.000	122.755	9.927	0.000	127.025
1868.000	122.733	10.281	0.000	137.756
1870.000	122.723	9.451	0.000	147.422
1872.000	122.757	10.808	0.000	142.276
1874.000	122.715	10.054	0.000	130.309
1876.000	122.752	9.563	0.000	143.821
1878.000	122.733	8.748	0.000	176.685
1880.000	122.724	9.970	0.000	158.909
1882.000	122.762	9.651	0.000	133.193
1884.000	122.713	9.260	0.000	117.394
1886.000	122.754	10.139	0.000	168.287
1888.000	122.732	10.379	0.000	-166.806
1890.000	122.726	10.110	0.000	154.693
1892.000	122.769	10.675	0.000	134.350
1894.000	122.698	10.512	0.000	157.229
1896.000	122.784	10.875	0.000	170.785
1898.000	122.687	11.967	0.000	163.997
1900.000	122.785	12.187	0.000	159.223
1902.000	122.707	13.147	0.000	159.053
1904.000	122.750	13.737	0.000	152.157
1906.000	122.748	13.036	0.000	151.389
1908.000	122.708	14.066	0.000	148.032
1910.000	122.790	15.132	0.000	142.730
1912.000	122.683	15.105	0.000	141.815
1914.000	122.789	15.764	0.000	136.953
1916.000	122.700	17.060	0.000	133.745
1918.000	122.759	17.898	0.000	127.476
1920.000	122.740	17.514	0.000	121.656
1922.000	122.722	17.801	0.000	109.587
1924.000	122.766	18.484	0.000	106.278
1926.000	122.709	19.150	0.000	100.954
1928.000	122.771	19.263	0.000	103.998
1930.000	122.713	19.054	0.000	97.772
1932.000	122.755	19.171	0.000	90.357
1934.000	122.734	19.287	0.000	85.816
1936.000	122.734	20.439	0.000	75.524
1938.000	122.760	20.430	0.000	75.570
1940.000	122.717	20.035	0.000	68.658
1942.000	122.757	20.334	0.000	68.854
1944.000	122.726	20.054	0.000	63.952
1946.000	122.744	21.025	0.000	59.710
1948.000	122.750	21.255	0.000	57.965
1950.000	122.722	21.965	0.000	49.752
1952.000	122.761	22.120	0.000	51.107
1954.000	122.720	21.675	0.000	42.382
1956.000	122.755	22.162	0.000	40.806
1958.000	122.736	22.553	0.000	38.000
1960.000	122.731	23.059	0.000	33.193
1962.000	122.757	23.220	0.000	30.415
1964.000	122.716	23.565	0.000	24.916
1966.000	122.772	23.396	0.000	24.589
1968.000	122.714	23.604	0.000	17.159
1970.000	122.760	24.035	0.000	14.075
1972.000	122.728	23.692	0.000	3.195
1974.000	122.745	23.329	0.000	0.434
1976.000	122.749	23.075	0.000	-2.537
1978.000	122.725	22.888	0.000	-5.749
1980.000	122.762	22.764	0.000	-7.216
1982.000	122.711	22.539	0.000	-9.815
1984.000	122.769	22.830	0.000	-9.916
1986.000	122.721	22.535	0.000	-13.235
1988.000	122.748	23.126	0.000	-7.741
1990.000	122.744	23.095	0.000	-5.938
1992.000	122.727	24.401	0.000	-7.999
1994.000	122.764	24.905	0.000	-9.281
1996.000	122.718	25.999	0.000	-11.545
1998.000	122.759	26.681	0.000	-14.730
2000.000	122.724	27.661	0.000	-19.729
