2000.000	122.839	10.900	0.000	-33.859
2.000	122.890	11.269	0.000	-29.198
4.000	123.108	11.000	0.000	-17.176
6.000	123.129	11.288	0.000	-4.247
8.000	122.973	11.080	0.000	-0.288
10.000	122.829	10.143	0.000	-62.990
12.000	122.930	9.193	0.000	-84.242
14.000	123.198	10.550	0.000	-31.497
16.000	123.122	11.222	0.000	15.605
18.000	122.786	12.279	0.000	-12.513
20.000	122.881	11.695	0.000	-53.170
22.000	123.159	12.197	0.000	-36.077
24.000	123.089	11.323	0.000	-31.625
26.000	122.948	11.038	0.000	-60.278
28.000	122.911	11.841	0.000	-55.966
30.000	122.908	11.898	0.000	-64.229
32.000	123.113	11.774	0.000	-83.180
34.000	123.179	11.301	0.000	-62.063
36.000	122.850	11.680	0.000	-67.847
38.000	122.802	11.389	0.000	-77.844
40.000	123.145	11.766	0.000	-62.918
42.000	123.163	12.265	0.000	-57.754
44.000	122.925	11.237	0.000	-71.636
46.000	122.857	10.203	0.000	-71.840
48.000	122.967	10.948	0.000	-69.590
50.000	123.134	10.551	0.000	-70.776
52.000	123.101	10.593	0.000	-79.088
54.000	122.858	11.295	0.000	-89.725
56.000	122.874	12.188	0.000	-111.720
58.000	123.092	12.410	0.000	-121.424
60.000	123.121	12.343	0.000	-98.687
62.000	122.994	11.063	0.000	-87.138
64.000	122.839	10.453	0.000	-88.735
66.000	122.918	12.428	0.000	-103.273
68.000	123.210	13.051	0.000	-94.980
70.000	123.106	11.689	0.000	-102.287
72.000	122.765	11.686	0.000	-98.290
74.000	122.933	13.146	0.000	-116.087
76.000	123.163	14.182	0.000	-114.672
78.000	123.046	12.200	0.000	-112.438
80.000	122.958	12.400	0.000	-115.061
82.000	122.897	12.944	0.000	-122.470
84.000	122.929	13.232	0.000	-148.454
86.000	123.184	12.519	0.000	-146.347
88.000	123.095	12.897	0.000	-130.109
90.000	122.766	12.039	0.000	-137.398
92.000	122.935	11.840	0.000	-152.542
94.000	123.185	13.177	0.000	-154.073
96.000	123.066	12.575	0.000	-154.828
98.000	122.889	11.641	0.000	-167.016
100.000	122.871	12.413	0.000	-161.151
102.000	123.055	14.123	0.000	-161.813
104.000	123.169	13.570	0.000	-157.744
106.000	122.950	11.695	0.000	-162.623
108.000	122.833	12.067	0.000	-175.861
110.000	123.013	12.341	0.000	-170.252
112.000	123.108	12.281	0.000	-179.281
114.000	123.068	12.669	0.000	173.732
116.000	122.888	12.330	0.000	-174.087
118.000	122.831	11.931	0.000	171.891
120.000	123.159	13.651	0.000	158.731
122.000	123.176	13.631	0.000	166.133
124.000	122.806	12.335	0.000	154.087
126.000	122.887	11.506	0.000	143.279
128.000	123.123	12.873	0.000	154.033
130.000	123.063	12.034	0.000	164.809
132.000	122.990	12.167	0.000	151.661
134.000	122.881	12.652	0.000	154.268
136.000	122.919	13.024	0.000	146.325
138.000	123.183	13.708	0.000	138.344
140.000	123.074	13.309	0.000	141.826
142.000	122.790	12.250	0.000	129.381
144.000	122.940	12.831	0.000	133.253
146.000	123.149	12.349	0.000	140.823
148.000	123.079	11.887	0.000	135.814
150.000	122.875	12.139	0.000	117.385
152.000	122.863	12.477	0.000	116.188
154.000	123.112	12.208	0.000	128.213
156.000	123.125	12.797	0.000	120.642
158.000	122.897	12.472	0.000	96.866
160.000	122.886	11.951	0.000	108.737
162.000	123.012	12.204	0.000	91.414
164.000	123.116	13.306	0.000	102.015
166.000	123.048	12.335	0.000	120.261
168.000	122.797	11.615	0.000	94.442
170.000	122.945	12.047	0.000	88.335
172.000	123.225	11.511	0.000	100.683
174.000	123.005	10.971	0.000	84.835
176.000	122.804	10.904	0.000	62.613
178.000	122.988	11.919	0.000	78.771
180.000	123.104	11.813	0.000	83.340
182.000	123.052	12.266	0.000	65.701
184.000	122.906	11.041	0.000	84.312
186.000	122.870	10.405	0.000	84.145
188.000	123.081	9.896	0.000	100.022
190.000	123.137	10.190	0.000	89.221
192.000	122.905	10.942	0.000	49.538
194.000	122.827	10.344	0.000	29.750
196.000	123.073	10.895	0.000	49.938
198.000	123.164	10.599	0.000	61.012
200.000	122.904	11.048	0.000	67.128
202.000	122.832	11.253	0.000	36.953
204.000	123.066	11.453	0.000	54.909
206.000	123.110	10.709	0.000	44.883
208.000	122.966	10.336	0.000	7.530
210.000	122.868	11.099	0.000	-37.634
212.000	122.955	11.313	0.000	26.656
214.000	123.140	9.840	0.000	-43.228
216.000	123.042	11.532	0.000	-31.994
218.000	122.810	11.013	0.000	-65.851
220.000	122.942	9.660	0.000	-63.329
222.000	123.165	9.448	0.000	-6.431
224.000	123.038	9.901	0.000	-13.210
226.000	122.809	10.112	0.000	-27.797
228.000	122.953	10.541	0.000	-26.039
230.000	123.141	10.397	0.000	-57.857
232.000	123.013	11.086	0.000	-63.587
234.000	122.888	9.631	0.000	-72.653
236.000	122.913	10.211	0.000	-132.992
238.000	123.052	10.062	0.000	-122.752
240.000	123.137	10.132	0.000	-72.175
242.000	122.869	9.594	0.000	-98.104
244.000	122.829	10.252	0.000	-143.303
246.000	123.161	11.026	0.000	-142.035
248.000	123.081	10.502	0.000	-119.222
250.000	122.846	9.814	0.000	-120.175
252.000	122.911	10.639	0.000	-146.291
254.000	123.059	10.837	0.000	-129.101
256.000	123.100	11.087	0.000	-169.326
258.000	122.904	11.416	0.000	-170.516
260.000	122.852	11.278	0.000	-174.518
262.000	123.072	11.046	0.000	-169.527
264.000	123.092	12.009	0.000	169.339
266.000	122.935	10.932	0.000	169.484
268.000	122.829	11.981	0.000	156.839
270.000	123.034	12.429	0.000	167.722
272.000	123.183	12.296	0.000	-176.564
274.000	122.859	11.795	0.000	162.287
276.000	122.845	12.371	0.000	139.551
278.000	123.114	12.603	0.000	156.209
280.000	123.036	12.372	0.000	159.913
282.000	122.950	11.949	0.000	138.195
284.000	122.873	13.165	0.000	124.976
286.000	122.972	14.169	0.000	129.759
288.000	123.175	14.465	0.000	135.394
290.000	122.918	14.057	0.000	130.494
292.000	122.804	14.360	0.000	113.675
294.000	123.079	15.976	0.000	108.805
296.000	123.101	15.674	0.000	109.341
298.000	122.913	14.431	0.000	98.227
300.000	122.838	16.744	0.000	84.831
302.000	123.050	17.210	0.000	74.128
304.000	123.112	15.707	0.000	63.933
306.000	122.891	13.535	0.000	55.403
308.000	122.881	11.787	0.000	50.170
310.000	123.009	13.859	0.000	134.227
312.000	123.099	19.434	0.000	137.742
314.000	122.959	22.876	0.000	122.017
316.000	122.786	25.838	0.000	88.233
318.000	123.074	29.064	0.000	63.942
320.000	123.136	30.037	0.000	48.766
322.000	122.842	28.834	0.000	24.027
324.000	122.883	29.898	0.000	-7.754
326.000	123.063	30.623	0.000	-21.878
328.000	123.058	29.357	0.000	-41.700
330.000	122.910	28.400	0.000	-64.589
332.000	122.861	27.322	0.000	-84.400
334.000	123.038	27.096	0.000	-111.186
336.000	123.101	27.126	0.000	-132.155
338.000	122.887	25.558	0.000	-157.568
340.000	122.827	25.645	0.000	147.274
342.000	123.109	28.158	0.000	117.968
344.000	123.079	28.537	0.000	92.621
346.000	122.816	29.166	0.000	51.599
348.000	122.923	31.256	0.000	22.390
350.000	123.073	32.172	0.000	2.009
352.000	123.029	32.109	0.000	-19.909
354.000	122.873	31.722	0.000	-42.498
356.000	122.882	31.782	0.000	-66.885
358.000	123.095	31.851	0.000	-82.615
360.000	123.035	30.658	0.000	-93.480
362.000	122.836	28.461	0.000	-108.808
364.000	122.899	27.502	0.000	-124.551
366.000	123.124	26.787	0.000	-128.560
368.000	123.016	23.719	0.000	-127.252
370.000	122.773	20.337	0.000	-125.679
372.000	123.009	21.803	0.000	-97.373
374.000	123.086	24.391	0.000	-82.859
376.000	122.933	27.534	0.000	-95.261
378.000	122.889	29.490	0.000	-107.405
380.000	122.913	31.111	0.000	-127.062
382.000	123.129	32.825	0.000	-140.204
384.000	122.964	31.933	0.000	-148.382
386.000	122.772	30.837	0.000	-174.581
388.000	123.061	32.019	0.000	173.400
390.000	123.076	31.129	0.000	170.872
392.000	122.884	29.059	0.000	156.695
394.000	122.851	29.323	0.000	146.444
396.000	123.043	29.714	0.000	143.069
398.000	123.068	29.286	0.000	137.633
400.000	122.848	28.739	0.000	126.047
402.000	122.897	28.734	0.000	111.182
404.000	123.030	29.072	0.000	101.065
406.000	123.056	28.353	0.000	93.448
408.000	122.854	26.640	0.000	82.034
410.000	122.851	26.090	0.000	61.902
412.000	123.150	25.974	0.000	55.660
414.000	122.971	23.282	0.000	52.763
416.000	122.801	20.625	0.000	30.085
418.000	122.988	19.745	0.000	16.214
420.000	123.055	16.339	0.000	22.956
422.000	122.952	14.177	0.000	54.840
424.000	122.836	16.310	0.000	69.597
426.000	122.965	17.775	0.000	68.860
428.000	123.089	18.978	0.000	61.942
430.000	122.917	18.496	0.000	55.065
432.000	122.800	18.114	0.000	36.539
434.000	123.056	19.546	0.000	26.791
436.000	123.072	18.867	0.000	20.733
438.000	122.811	17.859	0.000	-4.377
440.000	122.911	18.015	0.000	-22.933
442.000	123.051	16.464	0.000	-46.544
444.000	122.998	15.568	0.000	-69.318
446.000	122.844	14.444	0.000	-99.548
448.000	122.902	13.610	0.000	-140.969
450.000	123.087	13.547	0.000	-172.406
452.000	122.960	13.838	0.000	143.136
454.000	122.812	13.788	0.000	102.932
456.000	122.954	15.687	0.000	64.684
458.000	123.117	17.063	0.000	51.352
460.000	122.866	15.655	0.000	29.719
462.000	122.828	15.102	0.000	-8.627
464.000	123.076	15.003	0.000	-29.392
466.000	122.976	13.281	0.000	-64.897
468.000	122.895	12.153	0.000	-96.974
470.000	122.856	10.791	0.000	-128.730
472.000	123.043	11.357	0.000	-174.782
474.000	123.042	13.171	0.000	151.496
476.000	122.765	13.231	0.000	132.700
478.000	122.963	12.678	0.000	97.174
480.000	123.078	12.204	0.000	93.337
482.000	122.905	10.887	0.000	88.875
484.000	122.818	11.211	0.000	50.675
486.000	123.011	11.279	0.000	49.587
488.000	123.042	10.373	0.000	35.791
490.000	122.848	10.933	0.000	19.677
492.000	122.879	11.966	0.000	21.580
494.000	123.009	11.963	0.000	16.019
496.000	123.033	10.866	0.000	-7.935
498.000	122.802	10.004	0.000	25.025
500.000	122.900	11.273	0.000	27.802
502.000	123.111	12.394	0.000	36.302
504.000	122.890	12.014	0.000	43.431
506.000	122.818	9.760	0.000	34.081
508.000	123.007	9.575	0.000	19.009
510.000	123.020	10.631	0.000	-16.588
512.000	122.862	11.886	0.000	-0.794
514.000	122.862	10.847	0.000	-7.146
516.000	123.008	10.701	0.000	-21.347
518.000	123.028	10.616	0.000	-21.625
520.000	122.787	11.325	0.000	-35.626
522.000	122.914	11.586	0.000	-51.363
524.000	123.102	10.049	0.000	-26.847
526.000	122.861	9.152	0.000	-38.954
528.000	122.842	10.631	0.000	-37.582
530.000	122.988	9.855	0.000	-28.639
532.000	123.022	9.457	0.000	-61.276
534.000	122.841	11.048	0.000	-52.573
536.000	122.867	11.244	0.000	-43.707
538.000	123.036	11.785	0.000	-34.645
540.000	122.964	11.450	0.000	-23.656
542.000	122.807	12.728	0.000	-49.941
544.000	122.916	13.249	0.000	-56.072
546.000	123.104	13.082	0.000	-48.128
548.000	122.820	12.129	0.000	-48.441
550.000	122.855	12.112	0.000	-63.286
552.000	123.030	12.190	0.000	-63.356
554.000	122.953	10.662	0.000	-71.186
556.000	122.854	11.442	0.000	-70.762
558.000	122.863	12.800	0.000	-87.267
560.000	123.064	13.628	0.000	-97.408
562.000	122.916	12.545	0.000	-93.954
564.000	122.783	12.641	0.000	-122.592
566.000	122.998	12.598	0.000	-112.586
568.000	123.027	12.105	0.000	-98.578
570.000	122.797	13.097	0.000	-120.307
572.000	122.890	14.063	0.000	-125.699
574.000	123.030	13.738	0.000	-133.993
576.000	122.920	12.493	0.000	-131.457
578.000	122.818	13.973	0.000	-144.650
580.000	122.930	13.556	0.000	-153.926
582.000	123.042	13.688	0.000	-142.334
584.000	122.843	14.183	0.000	-152.004
586.000	122.823	13.526	0.000	-166.393
588.000	123.039	14.235	0.000	-162.643
590.000	122.959	14.086	0.000	-161.671
592.000	122.762	13.149	0.000	-172.276
594.000	122.978	14.176	0.000	-174.496
596.000	122.991	14.637	0.000	-175.450
598.000	122.866	13.676	0.000	172.037
600.000	122.837	13.350	0.000	171.869
602.000	122.975	13.886	0.000	163.072
604.000	123.011	13.789	0.000	154.287
606.000	122.752	11.931	0.000	148.053
608.000	122.941	12.292	0.000	156.863
610.000	123.027	13.342	0.000	161.306
612.000	122.842	12.357	0.000	155.371
614.000	122.823	12.264	0.000	136.661
616.000	123.012	12.706	0.000	121.907
618.000	122.941	12.147	0.000	124.838
620.000	122.807	11.258	0.000	123.930
622.000	122.900	12.648	0.000	115.230
624.000	123.013	12.340	0.000	131.058
626.000	122.881	11.997	0.000	128.876
628.000	122.778	12.806	0.000	96.646
630.000	123.032	12.959	0.000	99.332
632.000	122.945	11.522	0.000	114.350
634.000	122.772	11.128	0.000	103.557
636.000	122.935	11.808	0.000	96.205
638.000	122.996	10.939	0.000	86.519
640.000	122.845	11.278	0.000	94.358
642.000	122.834	11.237	0.000	81.698
644.000	122.963	10.502	0.000	77.159
646.000	122.984	10.495	0.000	86.714
648.000	122.747	11.566	0.000	93.636
650.000	122.938	11.585	0.000	70.514
652.000	123.018	10.525	0.000	109.591
654.000	122.804	10.471	0.000	97.751
656.000	122.845	10.498	0.000	62.833
658.000	122.990	10.210	0.000	87.011
660.000	122.921	10.359	0.000	-13.903
662.000	122.782	10.627	0.000	55.227
664.000	122.930	10.300	0.000	83.771
666.000	122.981	9.989	0.000	114.969
668.000	122.836	9.679	0.000	68.492
670.000	122.799	10.536	0.000	49.478
672.000	123.054	10.293	0.000	43.289
674.000	122.860	10.479	0.000	99.687
676.000	122.793	11.240	0.000	94.807
678.000	122.962	12.520	0.000	51.871
680.000	122.944	11.320	0.000	38.859
682.000	122.812	10.964	0.000	24.233
684.000	122.852	9.880	0.000	37.748
686.000	122.998	9.047	0.000	32.254
688.000	122.875	9.107	0.000	35.698
690.000	122.762	9.293	0.000	58.973
692.000	123.003	9.923	0.000	34.474
694.000	122.926	10.807	0.000	24.994
696.000	122.767	9.767	0.000	14.215
698.000	122.919	10.160	0.000	19.356
700.000	122.962	10.524	0.000	23.542
702.000	122.834	10.612	0.000	0.372
704.000	122.811	9.602	0.000	-18.432
706.000	122.987	9.618	0.000	-30.532
708.000	122.893	9.570	0.000	2.998
710.000	122.773	10.430	0.000	12.044
712.000	122.924	10.623	0.000	-42.891
714.000	122.994	10.524	0.000	-43.704
716.000	122.736	11.005	0.000	-33.148
718.000	122.916	9.443	0.000	-33.462
720.000	122.943	10.209	0.000	-46.244
722.000	122.859	11.792	0.000	-55.687
724.000	122.788	12.020	0.000	-55.773
726.000	122.963	12.412	0.000	-68.940
728.000	122.925	12.447	0.000	-71.394
730.000	122.750	11.668	0.000	-88.496
732.000	122.915	13.573	0.000	-99.312
734.000	122.976	13.264	0.000	-99.045
736.000	122.763	11.904	0.000	-115.100
738.000	122.866	12.463	0.000	-109.268
740.000	122.963	11.982	0.000	-101.707
742.000	122.846	11.664	0.000	-104.352
744.000	122.787	11.767	0.000	-105.783
746.000	122.942	12.123	0.000	-127.777
748.000	122.926	12.804	0.000	-125.016
750.000	122.751	12.290	0.000	-130.712
752.000	122.893	12.240	0.000	-148.907
754.000	122.978	12.580	0.000	-150.053
756.000	122.758	12.293	0.000	-168.204
758.000	122.859	13.285	0.000	-171.994
760.000	122.963	12.471	0.000	-160.799
762.000	122.829	13.395	0.000	177.764
764.000	122.797	13.677	0.000	176.243
766.000	122.920	13.923	0.000	174.927
768.000	122.941	14.002	0.000	178.245
770.000	122.721	13.414	0.000	175.282
772.000	122.924	14.759	0.000	172.106
774.000	122.939	14.322	0.000	167.405
776.000	122.767	13.704	0.000	151.571
778.000	122.843	13.986	0.000	147.679
780.000	122.965	13.493	0.000	144.888
782.000	122.810	12.070	0.000	135.273
784.000	122.796	13.327	0.000	133.299
786.000	122.928	14.248	0.000	133.124
788.000	122.903	13.579	0.000	118.547
790.000	122.729	12.372	0.000	116.451
792.000	122.924	13.946	0.000	113.423
794.000	122.928	14.211	0.000	104.613
796.000	122.739	14.216	0.000	85.563
798.000	122.879	13.920	0.000	66.579
800.000	122.932	12.929	0.000	63.938
802.000	122.796	13.472	0.000	37.609
804.000	122.800	15.634	0.000	18.597
806.000	122.941	17.523	0.000	1.397
808.000	122.864	18.742	0.000	-2.518
810.000	122.730	21.913	0.000	-32.010
812.000	122.961	25.374	0.000	-36.143
814.000	122.867	26.815	0.000	-45.431
816.000	122.748	30.367	0.000	-65.779
818.000	122.893	33.975	0.000	-75.698
820.000	122.914	36.982	0.000	-88.974
822.000	122.764	39.886	0.000	-110.202
824.000	122.829	43.632	0.000	-133.595
826.000	122.942	46.316	0.000	-151.894
828.000	122.801	47.646	0.000	-176.047
830.000	122.768	49.865	0.000	150.241
832.000	122.967	51.911	0.000	132.142
834.000	122.813	51.454	0.000	109.906
836.000	122.757	52.469	0.000	74.616
838.000	122.934	52.996	0.000	60.355
840.000	122.846	52.160	0.000	36.791
842.000	122.771	52.016	0.000	15.437
844.000	122.850	51.814	0.000	-7.354
846.000	122.941	51.699	0.000	-20.418
848.000	122.722	49.525	0.000	-38.276
850.000	122.858	49.573	0.000	-58.629
852.000	122.931	48.673	0.000	-60.639
854.000	122.758	47.056	0.000	-76.723
856.000	122.802	47.556	0.000	-87.927
858.000	122.938	47.268	0.000	-95.989
860.000	122.789	46.427	0.000	-108.946
862.000	122.780	45.828	0.000	-124.335
864.000	122.899	45.713	0.000	-135.057
866.000	122.868	44.376	0.000	-141.070
868.000	122.710	42.695	0.000	-155.297
870.000	122.929	42.733	0.000	-159.378
872.000	122.860	41.319	0.000	-157.181
874.000	122.730	40.518	0.000	-166.682
876.000	122.877	41.447	0.000	-166.050
878.000	122.885	40.757	0.000	-167.094
880.000	122.750	41.002	0.000	-173.940
882.000	122.821	41.327	0.000	-178.232
884.000	122.918	42.373	0.000	179.479
886.000	122.764	41.678	0.000	177.835
888.000	122.782	43.243	0.000	166.387
890.000	122.951	44.031	0.000	172.123
892.000	122.753	44.033	0.000	162.414
894.000	122.783	46.057	0.000	155.313
896.000	122.907	47.616	0.000	149.795
898.000	122.810	48.466	0.000	140.207
900.000	122.748	49.938	0.000	122.779
902.000	122.888	51.538	0.000	110.157
904.000	122.855	51.926	0.000	97.650
906.000	122.710	51.799	0.000	76.038
908.000	122.897	53.157	0.000	59.782
910.000	122.865	52.348	0.000	53.131
912.000	122.715	51.738	0.000	29.956
914.000	122.867	52.429	0.000	21.332
916.000	122.866	51.655	0.000	10.514
918.000	122.744	51.363	0.000	-4.861
920.000	122.810	51.322	0.000	-19.869
922.000	122.903	51.442	0.000	-31.357
924.000	122.743	49.774	0.000	-43.034
926.000	122.789	49.086	0.000	-65.590
928.000	122.924	48.072	0.000	-66.460
930.000	122.735	44.628	0.000	-75.694
932.000	122.789	43.473	0.000	-74.199
934.000	122.892	42.906	0.000	-61.367
936.000	122.777	43.747	0.000	-54.784
938.000	122.756	45.917	0.000	-60.459
940.000	122.883	48.128	0.000	-64.790
942.000	122.815	48.734	0.000	-74.318
944.000	122.712	49.738	0.000	-94.322
946.000	122.912	51.318	0.000	-106.456
948.000	122.800	50.538	0.000	-116.379
950.000	122.730	50.504	0.000	-141.469
952.000	122.875	50.723	0.000	-147.765
954.000	122.821	49.434	0.000	-161.349
956.000	122.732	49.039	0.000	-173.415
958.000	122.833	48.875	0.000	173.153
960.000	122.871	48.833	0.000	167.728
962.000	122.695	47.300	0.000	150.557
964.000	122.857	48.024	0.000	135.689
966.000	122.853	46.531	0.000	129.577
968.000	122.719	44.760	0.000	107.258
970.000	122.819	43.887	0.000	95.339
972.000	122.868	41.819	0.000	84.056
974.000	122.721	38.925	0.000	69.448
976.000	122.805	35.945	0.000	53.563
978.000	122.867	32.281	0.000	45.085
980.000	122.741	25.993	0.000	36.614
982.000	122.768	19.128	0.000	-133.486
984.000	122.909	23.313	0.000	-146.096
986.000	122.707	27.251	0.000	-155.760
988.000	122.795	31.468	0.000	-155.591
990.000	122.861	33.866	0.000	-152.580
992.000	122.751	36.573	0.000	-158.699
994.000	122.754	39.210	0.000	-165.654
996.000	122.875	41.964	0.000	-173.012
998.000	122.762	42.973	0.000	-179.451
1000.000	122.726	45.383	0.000	160.032
1002.000	122.909	47.143	0.000	158.479
1004.000	122.730	47.215	0.000	140.954
1006.000	122.757	48.908	0.000	127.241
1008.000	122.862	49.590	0.000	116.522
1010.000	122.768	49.790	0.000	105.051
1012.000	122.729	50.256	0.000	88.212
1014.000	122.865	51.132	0.000	80.258
1016.000	122.781	50.780	0.000	70.649
1018.000	122.702	51.083	0.000	54.169
1020.000	122.895	52.472	0.000	46.508
1022.000	122.754	51.625	0.000	37.666
1024.000	122.731	52.402	0.000	17.011
1026.000	122.858	52.484	0.000	11.472
1028.000	122.773	51.783	0.000	-4.584
1030.000	122.720	51.293	0.000	-17.364
1032.000	122.847	51.253	0.000	-30.452
1034.000	122.796	50.269	0.000	-34.718
1036.000	122.690	48.944	0.000	-51.519
1038.000	122.881	49.329	0.000	-54.117
1040.000	122.759	47.475	0.000	-57.814
1042.000	122.721	47.325	0.000	-68.241
1044.000	122.847	47.187	0.000	-68.495
1046.000	122.776	46.676	0.000	-73.385
1048.000	122.716	46.474	0.000	-81.508
1050.000	122.833	47.040	0.000	-87.669
1052.000	122.798	46.255	0.000	-90.005
1054.000	122.685	45.609	0.000	-101.334
1056.000	122.869	46.128	0.000	-103.634
1058.000	122.762	44.897	0.000	-102.600
1060.000	122.714	44.992	0.000	-110.504
1062.000	122.839	45.724	0.000	-105.834
1064.000	122.773	45.674	0.000	-109.259
1066.000	122.712	46.615	0.000	-112.914
1068.000	122.823	48.022	0.000	-119.684
1070.000	122.799	48.680	0.000	-120.406
1072.000	122.676	49.171	0.000	-136.590
1074.000	122.869	50.857	0.000	-138.982
1076.000	122.751	50.247	0.000	-147.565
1078.000	122.715	51.415	0.000	-160.589
1080.000	122.830	52.172	0.000	-167.173
1082.000	122.770	52.459	0.000	-176.592
1084.000	122.704	53.009	0.000	168.406
1086.000	122.830	53.996	0.000	158.716
1088.000	122.777	53.879	0.000	148.852
1090.000	122.682	53.923	0.000	130.269
1092.000	122.866	54.975	0.000	121.131
1094.000	122.735	53.825	0.000	111.467
1096.000	122.719	54.222	0.000	92.804
1098.000	122.834	54.102	0.000	87.427
1100.000	122.744	53.483	0.000	73.543
1102.000	122.711	53.322	0.000	61.147
1104.000	122.836	53.643	0.000	49.023
1106.000	122.744	52.830	0.000	41.526
1108.000	122.704	52.343	0.000	20.264
1110.000	122.857	52.513	0.000	15.201
1112.000	122.710	50.309	0.000	1.846
1114.000	122.732	49.854	0.000	-11.495
1116.000	122.833	48.423	0.000	-15.989
1118.000	122.717	46.787	0.000	-21.276
1120.000	122.730	45.781	0.000	-25.929
1122.000	122.831	45.771	0.000	-22.710
1124.000	122.714	45.011	0.000	-23.235
1126.000	122.731	45.882	0.000	-29.802
1128.000	122.841	46.825	0.000	-29.210
1130.000	122.688	46.421	0.000	-38.421
1132.000	122.759	47.983	0.000	-47.263
1134.000	122.813	47.945	0.000	-51.549
1136.000	122.706	48.450	0.000	-64.029
1138.000	122.738	48.993	0.000	-75.924
1140.000	122.838	50.095	0.000	-83.932
1142.000	122.671	49.430	0.000	-98.107
1144.000	122.782	50.792	0.000	-115.596
1146.000	122.804	50.343	0.000	-123.188
1148.000	122.680	49.937	0.000	-146.037
1150.000	122.783	50.284	0.000	-159.954
1152.000	122.794	49.502	0.000	-174.742
1154.000	122.683	48.483	0.000	165.568
1156.000	122.781	47.989	0.000	147.619
1158.000	122.800	46.806	0.000	135.948
1160.000	122.659	44.696	0.000	115.851
1162.000	122.821	44.029	0.000	101.311
1164.000	122.756	41.838	0.000	93.362
1166.000	122.683	39.764	0.000	73.471
1168.000	122.818	38.735	0.000	67.210
1170.000	122.736	36.426	0.000	54.732
1172.000	122.698	35.020	0.000	43.210
1174.000	122.810	33.819	0.000	29.884
1176.000	122.736	32.371	0.000	22.251
1178.000	122.696	30.727	0.000	-0.875
1180.000	122.828	30.563	0.000	-10.207
1182.000	122.701	28.234	0.000	-30.745
1184.000	122.726	27.781	0.000	-50.979
1186.000	122.806	26.394	0.000	-67.203
1188.000	122.705	24.410	0.000	-82.505
1190.000	122.719	23.497	0.000	-94.443
1192.000	122.821	23.684	0.000	-91.100
1194.000	122.676	23.470	0.000	-95.361
1196.000	122.746	25.904	0.000	-102.440
1198.000	122.810	27.447	0.000	-102.017
1200.000	122.652	28.298	0.000	-121.457
1202.000	122.792	30.368	0.000	-127.742
1204.000	122.760	30.555	0.000	-139.088
1206.000	122.683	31.240	0.000	-151.015
1208.000	122.772	32.487	0.000	-164.343
1210.000	122.778	32.919	0.000	-169.088
1212.000	122.655	32.968	0.000	172.837
1214.000	122.813	34.219	0.000	166.284
1216.000	122.724	33.426	0.000	156.795
1218.000	122.686	34.102	0.000	141.383
1220.000	122.810	34.120	0.000	135.970
1222.000	122.703	33.741	0.000	123.980
1224.000	122.702	33.589	0.000	110.830
1226.000	122.808	33.627	0.000	103.926
1228.000	122.685	32.197	0.000	96.280
1230.000	122.724	31.861	0.000	84.744
1232.000	122.803	31.312	0.000	83.571
1234.000	122.662	29.560	0.000	75.774
1236.000	122.766	29.391	0.000	73.503
1238.000	122.759	27.719	0.000	77.562
1240.000	122.685	26.887	0.000	83.016
1242.000	122.750	27.637	0.000	93.543
1244.000	122.775	28.969	0.000	103.232
1246.000	122.653	30.765	0.000	99.304
1248.000	122.798	33.371	0.000	99.380
1250.000	122.725	33.871	0.000	92.489
1252.000	122.682	35.799	0.000	80.039
1254.000	122.793	37.017	0.000	73.101
1256.000	122.706	37.522	0.000	62.785
1258.000	122.692	38.454	0.000	48.952
1260.000	122.806	39.207	0.000	41.213
1262.000	122.673	38.732	0.000	30.143
1264.000	122.723	39.525	0.000	17.780
1266.000	122.800	39.821	0.000	15.983
1268.000	122.644	39.482	0.000	3.066
1270.000	122.781	40.535	0.000	-0.863
1272.000	122.737	40.237	0.000	-7.431
1274.000	122.677	40.792	0.000	-15.435
1276.000	122.772	41.782	0.000	-23.745
1278.000	122.734	42.150	0.000	-27.721
1280.000	122.670	42.783	0.000	-42.596
1282.000	122.795	44.176	0.000	-47.755
1284.000	122.695	43.930	0.000	-59.614
1286.000	122.707	45.097	0.000	-73.948
1288.000	122.775	45.223	0.000	-84.089
1290.000	122.690	45.260	0.000	-96.918
1292.000	122.711	45.482	0.000	-113.268
1294.000	122.786	45.603	0.000	-120.672
1296.000	122.654	44.667	0.000	-135.511
1298.000	122.755	45.029	0.000	-148.124
1300.000	122.757	44.641	0.000	-153.099
1302.000	122.655	44.031	0.000	-169.858
1304.000	122.781	44.315	0.000	-174.257
1306.000	122.714	43.358	0.000	174.514
1308.000	122.677	43.091	0.000	165.306
1310.000	122.785	43.432	0.000	156.047
1312.000	122.689	42.613	0.000	150.397
1314.000	122.704	42.894	0.000	134.624
1316.000	122.783	42.788	0.000	131.970
1318.000	122.663	41.947	0.000	116.192
1320.000	122.737	42.173	0.000	107.221
1322.000	122.758	41.472	0.000	97.748
1324.000	122.662	40.715	0.000	85.423
1326.000	122.756	40.442	0.000	74.792
1328.000	122.741	39.418	0.000	68.332
1330.000	122.650	38.171	0.000	55.633
1332.000	122.806	38.059	0.000	51.332
1334.000	122.674	36.325	0.000	45.581
1336.000	122.710	36.089	0.000	38.282
1338.000	122.770	35.168	0.000	38.030
1340.000	122.668	34.374	0.000	32.660
1342.000	122.727	34.133	0.000	29.335
1344.000	122.764	34.243	0.000	29.207
1346.000	122.645	33.772	0.000	24.022
1348.000	122.781	34.903	0.000	21.675
1350.000	122.706	34.310	0.000	18.473
1352.000	122.681	35.204	0.000	9.222
1354.000	122.771	35.549	0.000	5.026
1356.000	122.689	35.636	0.000	-2.936
1358.000	122.695	36.269	0.000	-13.738
1360.000	122.779	36.681	0.000	-18.169
1362.000	122.655	36.386	0.000	-29.080
1364.000	122.742	37.327	0.000	-38.456
1366.000	122.747	37.399	0.000	-41.970
1368.000	122.649	37.771	0.000	-58.689
1370.000	122.781	38.509	0.000	-63.157
1372.000	122.695	38.448	0.000	-77.041
1374.000	122.681	38.943	0.000	-88.764
1376.000	122.786	39.727	0.000	-100.739
1378.000	122.658	39.243	0.000	-112.781
1380.000	122.734	40.025	0.000	-130.801
1382.000	122.748	39.640	0.000	-138.737
1384.000	122.659	39.192	0.000	-158.291
1386.000	122.757	39.405	0.000	-168.879
1388.000	122.715	38.812	0.000	177.991
1390.000	122.674	38.451	0.000	162.874
1392.000	122.765	38.660	0.000	149.886
1394.000	122.694	37.844	0.000	138.187
1396.000	122.689	37.728	0.000	118.818
1398.000	122.780	37.533	0.000	108.794
1400.000	122.643	36.332	0.000	89.815
1402.000	122.754	36.437	0.000	74.721
1404.000	122.727	34.980	0.000	60.287
1406.000	122.659	33.941	0.000	42.278
1408.000	122.773	33.135	0.000	25.800
1410.000	122.691	31.563	0.000	14.995
1412.000	122.689	29.979	0.000	-7.803
1414.000	122.772	28.999	0.000	-14.999
1416.000	122.658	26.312	0.000	-34.338
1418.000	122.737	24.791	0.000	-45.650
1420.000	122.735	22.814	0.000	-57.574
1422.000	122.664	20.496	0.000	-67.855
1424.000	122.755	18.575	0.000	-76.866
1426.000	122.713	16.125	0.000	-86.024
1428.000	122.664	14.585	0.000	-100.317
1430.000	122.794	13.105	0.000	-98.062
1432.000	122.648	11.530	0.000	-97.949
1434.000	122.738	10.773	0.000	-94.377
1436.000	122.741	10.720	0.000	-100.622
1438.000	122.652	11.259	0.000	-108.269
1440.000	122.768	10.924	0.000	-117.706
1442.000	122.698	10.297	0.000	-101.964
1444.000	122.681	10.331	0.000	-101.556
1446.000	122.774	10.444	0.000	-105.259
1448.000	122.656	10.310	0.000	-102.671
1450.000	122.734	9.838	0.000	-129.929
1452.000	122.733	9.812	0.000	-104.327
1454.000	122.665	8.910	0.000	-119.124
1456.000	122.752	9.073	0.000	-141.652
1458.000	122.708	9.057	0.000	83.472
1460.000	122.671	8.826	0.000	114.441
1462.000	122.781	8.168	0.000	128.435
1464.000	122.651	9.029	0.000	162.827
1466.000	122.739	9.002	0.000	-114.625
1468.000	122.726	9.693	0.000	-69.802
1470.000	122.668	9.414	0.000	56.102
1472.000	122.755	9.784	0.000	40.580
1474.000	122.696	10.257	0.000	109.895
1476.000	122.699	10.422	0.000	102.651
1478.000	122.755	9.829	0.000	-46.584
1480.000	122.667	10.257	0.000	-82.361
1482.000	122.733	10.233	0.000	-111.886
1484.000	122.728	8.935	0.000	-59.825
1486.000	122.667	8.036	0.000	6.334
1488.000	122.762	8.973	0.000	-157.039
1490.000	122.686	9.504	0.000	-146.282
1492.000	122.701	9.129	0.000	-71.064
1494.000	122.760	9.488	0.000	-50.330
1496.000	122.652	7.975	0.000	78.071
1498.000	122.757	7.616	0.000	73.304
1500.000	122.702	9.274	0.000	78.176
1502.000	122.682	9.871	0.000	136.284
1504.000	122.763	9.207	0.000	116.919
1506.000	122.671	9.706	0.000	89.473
1508.000	122.724	9.064	0.000	9.709
1510.000	122.742	8.233	0.000	177.972
1512.000	122.659	8.924	0.000	-162.000
1514.000	122.760	8.563	0.000	174.507
1516.000	122.696	10.218	0.000	-125.691
1518.000	122.686	10.610	0.000	-171.580
1520.000	122.774	9.936	0.000	-137.095
1522.000	122.647	9.478	0.000	30.962
1524.000	122.757	8.626	0.000	129.911
1526.000	122.704	8.669	0.000	163.457
1528.000	122.696	9.169	0.000	-19.713
1530.000	122.746	9.928	0.000	130.531
1532.000	122.690	9.898	0.000	77.723
1534.000	122.711	8.896	0.000	-161.322
1536.000	122.748	8.740	0.000	-83.708
1538.000	122.661	8.146	0.000	-134.365
1540.000	122.763	9.621	0.000	40.487
1542.000	122.690	10.050	0.000	111.478
1544.000	122.701	9.467	0.000	112.208
1546.000	122.756	9.203	0.000	161.156
1548.000	122.660	9.461	0.000	-81.042
1550.000	122.750	9.524	0.000	-82.930
1552.000	122.712	9.039	0.000	-71.232
1554.000	122.681	9.103	0.000	-48.831
1556.000	122.769	9.623	0.000	-99.052
1558.000	122.667	9.089	0.000	-73.752
1560.000	122.735	10.082	0.000	-99.169
1562.000	122.729	10.817	0.000	-107.062
1564.000	122.672	9.967	0.000	-71.982
1566.000	122.762	8.405	0.000	-128.860
1568.000	122.684	9.230	0.000	153.400
1570.000	122.716	9.120	0.000	-115.947
1572.000	122.751	8.893	0.000	-179.048
1574.000	122.662	10.550	0.000	-168.295
1576.000	122.762	10.735	0.000	-173.626
1578.000	122.692	9.283	0.000	-142.409
1580.000	122.703	9.232	0.000	-148.351
1582.000	122.754	9.490	0.000	-119.640
1584.000	122.668	9.304	0.000	-122.491
1586.000	122.752	10.008	0.000	-145.440
1588.000	122.708	10.243	0.000	-108.298
1590.000	122.692	9.762	0.000	-127.151
1592.000	122.760	9.709	0.000	-151.381
1594.000	122.670	9.452	0.000	-165.208
1596.000	122.742	9.346	0.000	-179.370
1598.000	122.724	9.806	0.000	-155.108
1600.000	122.683	10.023	0.000	-139.946
1602.000	122.763	10.001	0.000	-173.054
1604.000	122.678	8.665	0.000	-173.182
1606.000	122.734	7.994	0.000	-166.404
1608.000	122.729	10.147	0.000	-106.662
1610.000	122.680	9.774	0.000	-147.870
1612.000	122.760	8.478	0.000	-161.621
1614.000	122.693	9.046	0.000	171.256
1616.000	122.712	10.634	0.000	177.280
1618.000	122.758	9.862	0.000	-167.732
1620.000	122.658	7.574	0.000	-176.684
1622.000	122.776	9.242	0.000	172.160
1624.000	122.684	9.458	0.000	-144.680
1626.000	122.718	10.134	0.000	-146.889
1628.000	122.751	9.360	0.000	-150.078
1630.000	122.671	8.749	0.000	-169.486
1632.000	122.760	10.009	0.000	160.921
1634.000	122.702	10.326	0.000	171.766
1636.000	122.704	10.138	0.000	153.014
1638.000	122.762	8.583	0.000	155.489
1640.000	122.662	10.801	0.000	-178.683
1642.000	122.766	11.519	0.000	170.524
1644.000	122.699	10.411	0.000	149.732
1646.000	122.711	10.675	0.000	140.973
1648.000	122.758	11.266	0.000	169.267
1650.000	122.676	10.001	0.000	152.066
1652.000	122.753	9.261	0.000	151.511
1654.000	122.712	8.026	0.000	136.387
1656.000	122.698	9.062	0.000	149.297
1658.000	122.768	9.754	0.000	140.248
1660.000	122.665	9.960	0.000	149.190
1662.000	122.766	10.059	0.000	156.450
1664.000	122.704	8.872	0.000	-176.817
1666.000	122.709	9.029	0.000	-166.884
1668.000	122.754	9.283	0.000	167.634
1670.000	122.681	9.358	0.000	165.716
1672.000	122.749	8.300	0.000	152.363
1674.000	122.718	8.777	0.000	83.295
1676.000	122.700	8.757	0.000	30.365
1678.000	122.768	8.160	0.000	117.476
1680.000	122.668	8.133	0.000	139.708
1682.000	122.766	9.165	0.000	155.977
1684.000	122.710	9.648	0.000	178.372
1686.000	122.700	10.435	0.000	160.679
1688.000	122.780	10.403	0.000	168.680
1690.000	122.660	9.272	0.000	131.743
1692.000	122.776	10.032	0.000	145.297
1694.000	122.695	10.350	0.000	158.922
1696.000	122.728	10.497	0.000	114.112
1698.000	122.740	9.935	0.000	141.295
1700.000	122.697	9.008	0.000	77.151
1702.000	122.748	9.481	0.000	75.673
1704.000	122.718	9.467	0.000	104.245
1706.000	122.706	9.180	0.000	112.336
1708.000	122.769	10.236	0.000	106.750
1710.000	122.670	9.876	0.000	-66.493
1712.000	122.775	9.053	0.000	112.914
1714.000	122.693	9.113	0.000	123.710
1716.000	122.732	9.404	0.000	129.035
1718.000	122.746	9.802	0.000	126.092
1720.000	122.686	9.367	0.000	115.779
1722.000	122.769	8.422	0.000	62.425
1724.000	122.703	8.927	0.000	67.178
1726.000	122.723	9.479	0.000	-150.901
1728.000	122.757	9.272	0.000	-128.480
1730.000	122.677	8.690	0.000	72.300
1732.000	122.781	8.683	0.000	95.316
1734.000	122.679	7.963	0.000	178.061
1736.000	122.760	10.145	0.000	-162.658
1738.000	122.720	9.861	0.000	-151.935
1740.000	122.714	8.182	0.000	141.742
1742.000	122.754	9.472	0.000	140.355
1744.000	122.697	9.600	0.000	-165.029
1746.000	122.747	8.318	0.000	-1.029
1748.000	122.729	8.543	0.000	-4.280
1750.000	122.707	9.269	0.000	-135.299
1752.000	122.766	9.164	0.000	109.945
1754.000	122.688	8.098	0.000	129.444
1756.000	122.758	8.130	0.000	97.008
1758.000	122.720	9.119	0.000	-14.839
1760.000	122.711	9.724	0.000	145.234
1762.000	122.771	9.249	0.000	-173.180
1764.000	122.678	8.274	0.000	84.459
1766.000	122.780	8.915	0.000	126.006
1768.000	122.689	9.165	0.000	31.186
1770.000	122.754	9.562	0.000	-7.903
1772.000	122.730	9.070	0.000	-38.796
1774.000	122.708	9.433	0.000	-26.036
1776.000	122.769	8.892	0.000	-43.497
1778.000	122.696	8.578	0.000	55.672
1780.000	122.749	9.831	0.000	26.888
1782.000	122.738	9.261	0.000	-17.612
1784.000	122.701	9.197	0.000	151.250
1786.000	122.775	9.338	0.000	144.436
1788.000	122.680	8.626	0.000	-172.772
1790.000	122.774	8.865	0.000	-167.024
1792.000	122.707	9.268	0.000	-168.995
1794.000	122.736	10.244	0.000	-127.211
1796.000	122.745	9.417	0.000	-154.849
1798.000	122.716	9.645	0.000	174.763
1800.000	122.749	9.273	0.000	137.765
1802.000	122.723	9.529	0.000	99.542
1804.000	122.726	9.077	0.000	112.853
1806.000	122.758	9.197	0.000	119.253
1808.000	122.691	9.068	0.000	104.392
1810.000	122.784	9.560	0.000	122.755
1812.000	122.686	8.504	0.000	-170.873
1814.000	122.764	8.253	0.000	-142.921
1816.000	122.725	9.460	0.000	-148.184
1818.000	122.715	9.285	0.000	179.664
1820.000	122.772	8.707	0.000	151.682
1822.000	122.686	8.625	0.000	150.607
1824.000	122.783	9.383	0.000	135.501
1826.000	122.692	9.216	0.000	129.614
1828.000	122.764	9.924	0.000	27.622
1830.000	122.724	10.564	0.000	-27.961
1832.000	122.726	8.965	0.000	166.319
1834.000	122.757	9.548	0.000	93.899
1836.000	122.713	9.887	0.000	87.216
1838.000	122.752	9.980	0.000	93.960
1840.000	122.734	10.163	0.000	68.588
1842.000	122.716	10.137	0.000	69.005
1844.000	122.768	8.835	0.000	-28.318
1846.000	122.694	8.928	0.000	-116.983
1848.000	122.776	10.150	0.000	-157.923
1850.000	122.705	10.070	0.000	-169.277
1852.000	122.747	9.172	0.000	-172.374
1854.000	122.747	9.260	0.000	-161.231
1856.000	122.711	9.180	0.000	99.928
1858.000	122.771	9.215	0.000	103.451
1860.000	122.694	9.295	0.000	-153.906
1862.000	122.775	9.086	0.000	-166.821
1864.000	122.709	9.808	0.000	178.122
1866.000	122.754	9.909	0.000	90.134
1868.000	122.735	9.716	0.000	83.817
1870.000	122.726	9.087	0.000	60.062
1872.000	122.759	9.065	0.000	115.138
1874.000	122.713	8.966	0.000	169.640
1876.000	122.752	8.828	0.000	-175.170
1878.000	122.736	9.095	0.000	-132.980
1880.000	122.726	10.157	0.000	-145.137
1882.000	122.762	9.199	0.000	167.665
1884.000	122.712	9.349	0.000	129.454
1886.000	122.756	9.696	0.000	135.366
1888.000	122.735	8.858	0.000	119.500
1890.000	122.726	9.816	0.000	149.019
1892.000	122.769	9.408	0.000	147.993
1894.000	122.699	8.738	0.000	-172.150
1896.000	122.788	9.778	0.000	-117.751
1898.000	122.688	9.023	0.000	-28.705
1900.000	122.784	9.211	0.000	178.585
1902.000	122.708	9.805	0.000	141.187
1904.000	122.752	9.409	0.000	109.665
1906.000	122.751	8.764	0.000	87.800
1908.000	122.707	8.563	0.000	90.196
1910.000	122.789	9.850	0.000	130.709
1912.000	122.685	10.172	0.000	134.154
1914.000	122.792	9.800	0.000	146.062
1916.000	122.701	8.706	0.000	141.123
1918.000	122.758	8.957	0.000	-148.980
1920.000	122.742	8.377	0.000	-152.613
1922.000	122.724	8.760	0.000	-153.822
1924.000	122.769	9.495	0.000	-174.531
1926.000	122.707	10.159	0.000	177.322
1928.000	122.770	9.914	0.000	169.720
1930.000	122.716	10.023	0.000	174.973
1932.000	122.757	11.339	0.000	160.737
1934.000	122.736	11.102	0.000	173.881
1936.000	122.732	11.947	0.000	170.940
1938.000	122.762	12.527	0.000	168.116
1940.000	122.719	13.386	0.000	151.116
1942.000	122.760	14.574	0.000	148.432
1944.000	122.726	16.275	0.000	137.430
1946.000	122.743	17.350	0.000	124.553
1948.000	122.751	18.068	0.000	118.739
1950.000	122.725	18.853	0.000	106.975
1952.000	122.762	19.471	0.000	97.540
1954.000	122.719	19.380	0.000	83.134
1956.000	122.755	20.563	0.000	77.650
1958.000	122.738	21.031	0.000	66.150
1960.000	122.734	22.039	0.000	50.664
1962.000	122.759	22.633	0.000	40.256
1964.000	122.715	23.115	0.000	28.601
1966.000	122.773	23.482	0.000	20.285
1968.000	122.716	24.164	0.000	3.479
1970.000	122.763	24.469	0.000	-4.599
1972.000	122.728	24.648	0.000	-17.061
1974.000	122.745	25.115	0.000	-29.019
1976.000	122.750	25.174	0.000	-40.717
1978.000	122.727	25.383	0.000	-52.407
1980.000	122.765	25.442	0.000	-60.243
1982.000	122.711	25.776	0.000	-73.881
1984.000	122.770	26.169	0.000	-83.101
1986.000	122.722	25.914	0.000	-94.584
1988.000	122.749	26.298	0.000	-105.703
1990.000	122.746	26.165	0.000	-115.921
1992.000	122.727	26.853	0.000	-127.833
1994.000	122.766	26.654	0.000	-136.686
1996.000	122.718	27.042	0.000	-149.227
1998.000	122.762	27.014	0.000	-157.960
2000.000	122.725	26.972	0.000	-169.195
