2000.000	122.810	13.361	0.000	31.209
2.000	122.864	14.314	0.000	8.856
4.000	123.075	13.238	0.000	5.559
6.000	123.094	13.530	0.000	3.127
8.000	122.941	13.709	0.000	10.532
10.000	122.800	13.310	0.000	-4.581
12.000	122.903	14.545	0.000	-10.388
14.000	123.167	15.490	0.000	-4.720
16.000	123.087	14.523	0.000	-6.369
18.000	122.755	13.309	0.000	-17.451
20.000	122.857	13.913	0.000	-19.069
22.000	123.130	15.211	0.000	-11.240
24.000	123.054	15.617	0.000	-12.810
26.000	122.917	14.991	0.000	-24.266
28.000	122.884	14.978	0.000	-29.896
30.000	122.882	14.759	0.000	-25.519
32.000	123.082	15.149	0.000	-32.757
34.000	123.145	15.169	0.000	-28.948
36.000	122.820	14.516	0.000	-24.425
38.000	122.777	14.749	0.000	-49.346
40.000	123.116	15.926	0.000	-54.095
42.000	123.131	16.709	0.000	-48.989
44.000	122.894	15.489	0.000	-49.686
46.000	122.830	14.822	0.000	-54.754
48.000	122.943	16.520	0.000	-63.657
50.000	123.104	15.594	0.000	-64.355
52.000	123.067	15.083	0.000	-62.892
54.000	122.831	14.468	0.000	-76.868
56.000	122.851	14.530	0.000	-90.708
58.000	123.063	15.398	0.000	-91.083
60.000	123.089	15.246	0.000	-89.065
62.000	122.965	14.026	0.000	-88.250
64.000	122.813	13.283	0.000	-91.568
66.000	122.893	15.069	0.000	-105.771
68.000	123.181	15.700	0.000	-98.564
70.000	123.073	14.381	0.000	-97.478
72.000	122.739	12.846	0.000	-117.834
74.000	122.912	14.056	0.000	-127.305
76.000	123.134	13.606	0.000	-116.651
78.000	123.014	14.430	0.000	-105.852
80.000	122.931	14.508	0.000	-105.834
82.000	122.874	13.934	0.000	-114.757
84.000	122.905	13.982	0.000	-116.559
86.000	123.154	14.256	0.000	-124.426
88.000	123.064	13.225	0.000	-117.296
90.000	122.742	13.216	0.000	-123.730
92.000	122.913	14.360	0.000	-127.824
94.000	123.157	15.391	0.000	-126.403
96.000	123.036	14.587	0.000	-115.148
98.000	122.863	13.615	0.000	-116.748
100.000	122.849	13.666	0.000	-132.389
102.000	123.031	15.517	0.000	-139.805
104.000	123.139	14.403	0.000	-137.705
106.000	122.921	13.631	0.000	-138.750
108.000	122.812	13.469	0.000	-141.743
110.000	122.991	14.038	0.000	-137.486
112.000	123.079	15.092	0.000	-138.550
114.000	123.041	15.024	0.000	-128.249
116.000	122.865	14.919	0.000	-133.727
118.000	122.810	13.944	0.000	-143.375
120.000	123.135	15.270	0.000	-147.569
122.000	123.147	15.095	0.000	-141.120
124.000	122.781	14.172	0.000	-141.579
126.000	122.868	15.322	0.000	-157.562
128.000	123.100	15.892	0.000	-156.876
130.000	123.034	14.759	0.000	-154.771
132.000	122.964	14.903	0.000	-168.515
134.000	122.860	14.993	0.000	-172.371
136.000	122.898	14.839	0.000	-169.558
138.000	123.157	14.956	0.000	-169.149
140.000	123.046	15.408	0.000	-164.527
142.000	122.769	15.370	0.000	-176.407
144.000	122.921	16.722	0.000	173.355
146.000	123.124	16.908	0.000	169.343
148.000	123.052	16.205	0.000	173.342
150.000	122.852	15.680	0.000	172.560
152.000	122.844	15.928	0.000	163.827
154.000	123.090	16.392	0.000	162.780
156.000	123.098	15.927	0.000	158.162
158.000	122.872	15.648	0.000	157.490
160.000	122.869	15.164	0.000	143.692
162.000	122.990	14.539	0.000	138.375
164.000	123.089	15.147	0.000	148.760
166.000	123.025	14.241	0.000	142.516
168.000	122.778	13.907	0.000	134.111
170.000	122.926	15.611	0.000	131.484
172.000	123.201	15.826	0.000	127.163
174.000	122.978	14.670	0.000	135.160
176.000	122.785	13.328	0.000	135.285
178.000	122.972	13.757	0.000	122.449
180.000	123.080	15.030	0.000	124.348
182.000	123.027	14.267	0.000	124.636
184.000	122.886	14.016	0.000	118.065
186.000	122.852	13.094	0.000	115.885
188.000	123.060	13.838	0.000	117.845
190.000	123.112	14.396	0.000	113.434
192.000	122.883	13.723	0.000	109.491
194.000	122.812	13.314	0.000	102.088
196.000	123.053	14.124	0.000	92.088
198.000	123.139	14.260	0.000	104.329
200.000	122.883	13.425	0.000	101.041
202.000	122.815	13.661	0.000	80.142
204.000	123.048	14.160	0.000	89.193
206.000	123.086	13.997	0.000	91.859
208.000	122.942	13.599	0.000	89.969
210.000	122.852	13.065	0.000	88.479
212.000	122.938	12.546	0.000	76.518
214.000	123.116	13.112	0.000	76.052
216.000	123.021	12.711	0.000	82.662
218.000	122.792	12.588	0.000	70.817
220.000	122.926	12.725	0.000	60.935
222.000	123.146	13.373	0.000	66.513
224.000	123.013	12.996	0.000	66.031
226.000	122.792	12.773	0.000	47.059
228.000	122.939	13.800	0.000	36.445
230.000	123.118	13.829	0.000	32.866
232.000	122.991	13.182	0.000	36.997
234.000	122.871	12.145	0.000	42.207
236.000	122.897	12.228	0.000	32.040
238.000	123.034	12.658	0.000	33.263
240.000	123.114	13.085	0.000	34.217
242.000	122.850	13.251	0.000	35.275
244.000	122.816	12.616	0.000	11.018
246.000	123.142	12.114	0.000	7.737
248.000	123.060	11.983	0.000	4.669
250.000	122.828	11.978	0.000	12.417
252.000	122.897	11.246	0.000	9.275
254.000	123.043	11.329	0.000	-15.156
256.000	123.078	11.468	0.000	-25.986
258.000	122.886	11.576	0.000	-24.037
260.000	122.841	11.609	0.000	-25.641
262.000	123.053	10.626	0.000	-42.364
264.000	123.072	11.731	0.000	-52.699
266.000	122.918	11.220	0.000	-38.462
268.000	122.814	10.811	0.000	-44.388
270.000	123.020	12.620	0.000	-60.862
272.000	123.163	12.842	0.000	-58.185
274.000	122.840	11.537	0.000	-59.460
276.000	122.835	10.944	0.000	-87.501
278.000	123.098	10.429	0.000	-85.985
280.000	123.016	10.751	0.000	-84.752
282.000	122.934	12.966	0.000	-91.756
284.000	122.859	12.630	0.000	-90.420
286.000	122.958	12.356	0.000	-108.952
288.000	123.156	12.630	0.000	-101.144
290.000	122.900	11.390	0.000	-95.995
292.000	122.793	10.762	0.000	-112.746
294.000	123.065	11.454	0.000	-118.876
296.000	123.082	11.221	0.000	-110.802
298.000	122.897	11.829	0.000	-127.135
300.000	122.827	11.883	0.000	-152.382
302.000	123.037	12.625	0.000	-141.856
304.000	123.092	12.583	0.000	-126.318
306.000	122.874	12.556	0.000	-128.741
308.000	122.871	11.491	0.000	-135.309
310.000	122.995	11.386	0.000	-109.671
312.000	123.081	13.678	0.000	-109.621
314.000	122.944	14.329	0.000	-113.691
316.000	122.774	17.209	0.000	-133.233
318.000	123.062	20.274	0.000	-151.389
320.000	123.119	21.008	0.000	-162.480
322.000	122.826	21.014	0.000	176.646
324.000	122.875	22.293	0.000	145.981
326.000	123.050	22.999	0.000	129.549
328.000	123.040	22.625	0.000	106.288
330.000	122.897	22.688	0.000	73.219
332.000	122.850	23.326	0.000	46.092
334.000	123.025	24.831	0.000	10.549
336.000	123.084	26.335	0.000	-16.361
338.000	122.873	26.096	0.000	-43.382
340.000	122.818	27.653	0.000	-88.727
342.000	123.095	30.173	0.000	-109.104
344.000	123.062	30.242	0.000	-126.866
346.000	122.803	30.196	0.000	-161.403
348.000	122.914	31.721	0.000	173.565
350.000	123.061	32.296	0.000	156.378
352.000	123.012	32.242	0.000	137.315
354.000	122.862	31.836	0.000	115.206
356.000	122.874	31.942	0.000	89.234
358.000	123.080	32.160	0.000	71.442
360.000	123.021	30.943	0.000	55.197
362.000	122.825	28.669	0.000	33.462
364.000	122.889	26.769	0.000	5.421
366.000	123.112	25.083	0.000	-11.152
368.000	122.999	20.064	0.000	-16.759
370.000	122.764	14.102	0.000	48.922
372.000	123.002	19.035	0.000	91.196
374.000	123.070	22.186	0.000	85.542
376.000	122.920	24.488	0.000	66.221
378.000	122.879	25.742	0.000	48.144
380.000	122.904	26.759	0.000	29.017
382.000	123.116	28.203	0.000	19.428
384.000	122.950	27.650	0.000	14.658
386.000	122.765	27.194	0.000	-8.022
388.000	123.051	29.089	0.000	-19.714
390.000	123.063	28.853	0.000	-20.985
392.000	122.873	27.988	0.000	-40.175
394.000	122.843	28.664	0.000	-58.573
396.000	123.034	28.602	0.000	-68.746
398.000	123.054	27.420	0.000	-75.092
400.000	122.838	25.932	0.000	-85.495
402.000	122.891	25.725	0.000	-96.489
404.000	123.018	25.792	0.000	-101.016
406.000	123.044	25.779	0.000	-104.259
408.000	122.845	24.730	0.000	-115.452
410.000	122.843	25.202	0.000	-132.807
412.000	123.140	26.190	0.000	-134.780
414.000	122.957	25.077	0.000	-138.681
416.000	122.793	24.022	0.000	-161.509
418.000	122.982	24.378	0.000	-174.091
420.000	123.042	23.542	0.000	-177.560
422.000	122.942	21.862	0.000	167.582
424.000	122.829	20.630	0.000	154.241
426.000	122.957	19.412	0.000	143.902
428.000	123.079	18.677	0.000	147.463
430.000	122.906	16.794	0.000	154.307
432.000	122.794	14.726	0.000	144.118
434.000	123.048	16.356	0.000	148.889
436.000	123.060	16.612	0.000	155.588
438.000	122.802	14.293	0.000	145.540
440.000	122.905	15.156	0.000	130.690
442.000	123.043	14.460	0.000	135.379
444.000	122.985	13.615	0.000	136.649
446.000	122.838	13.739	0.000	121.173
448.000	122.897	13.546	0.000	113.858
450.000	123.076	13.053	0.000	107.371
452.000	122.952	12.579	0.000	108.204
454.000	122.805	12.552	0.000	100.284
456.000	122.949	12.220	0.000	104.737
458.000	123.108	11.597	0.000	98.893
460.000	122.855	11.805	0.000	91.314
462.000	122.826	12.506	0.000	101.327
464.000	123.069	12.477	0.000	115.214
466.000	122.965	11.577	0.000	118.015
468.000	122.889	11.844	0.000	90.100
470.000	122.851	11.705	0.000	80.789
472.000	123.036	11.586	0.000	89.309
474.000	123.032	11.278	0.000	92.583
476.000	122.759	10.360	0.000	89.070
478.000	122.959	10.612	0.000	82.016
480.000	123.069	10.274	0.000	57.711
482.000	122.897	9.982	0.000	92.409
484.000	122.813	11.423	0.000	101.832
486.000	123.007	11.472	0.000	84.946
488.000	123.033	10.548	0.000	70.058
490.000	122.841	10.676	0.000	87.283
492.000	122.877	10.193	0.000	76.109
494.000	123.001	9.943	0.000	67.898
496.000	123.026	9.889	0.000	72.073
498.000	122.796	9.801	0.000	70.486
500.000	122.897	10.207	0.000	73.753
502.000	123.105	11.018	0.000	62.921
504.000	122.880	10.531	0.000	56.148
506.000	122.816	10.956	0.000	17.130
508.000	123.003	11.769	0.000	40.992
510.000	123.011	11.425	0.000	58.589
512.000	122.857	9.917	0.000	51.956
514.000	122.859	9.448	0.000	14.430
516.000	123.003	11.057	0.000	-15.004
518.000	123.020	12.418	0.000	-4.358
520.000	122.782	10.787	0.000	35.323
522.000	122.912	10.772	0.000	-5.495
524.000	123.095	11.187	0.000	-11.500
526.000	122.854	11.177	0.000	-2.389
528.000	122.839	10.625	0.000	-39.160
530.000	122.985	11.340	0.000	-41.183
532.000	123.014	10.953	0.000	-36.336
534.000	122.835	11.769	0.000	-49.088
536.000	122.866	11.086	0.000	-15.464
538.000	123.030	10.347	0.000	-34.528
540.000	122.959	10.141	0.000	-29.221
542.000	122.802	10.701	0.000	-61.847
544.000	122.914	11.835	0.000	-63.003
546.000	123.099	11.320	0.000	-17.950
548.000	122.813	9.916	0.000	-48.306
550.000	122.856	11.291	0.000	-86.652
552.000	123.025	11.588	0.000	-69.861
554.000	122.946	10.042	0.000	-59.355
556.000	122.851	10.738	0.000	-62.031
558.000	122.860	10.240	0.000	-96.992
560.000	123.060	11.703	0.000	-85.180
562.000	122.910	12.335	0.000	-92.605
564.000	122.782	11.739	0.000	-110.506
566.000	122.995	11.769	0.000	-118.446
568.000	123.021	11.487	0.000	-115.624
570.000	122.793	11.115	0.000	-96.616
572.000	122.890	11.769	0.000	-116.470
574.000	123.026	11.256	0.000	-126.899
576.000	122.913	11.823	0.000	-107.957
578.000	122.818	12.326	0.000	-97.076
580.000	122.927	12.086	0.000	-119.601
582.000	123.037	12.417	0.000	-128.899
584.000	122.839	13.165	0.000	-123.395
586.000	122.822	13.449	0.000	-125.022
588.000	123.038	12.909	0.000	-124.716
590.000	122.952	12.884	0.000	-133.383
592.000	122.761	12.829	0.000	-138.112
594.000	122.978	13.487	0.000	-132.609
596.000	122.985	12.885	0.000	-144.642
598.000	122.863	12.460	0.000	-151.023
600.000	122.836	12.134	0.000	-149.039
602.000	122.974	13.237	0.000	-152.314
604.000	123.006	14.383	0.000	-146.364
606.000	122.750	13.757	0.000	-162.774
608.000	122.941	14.746	0.000	-174.561
610.000	123.024	14.191	0.000	-160.919
612.000	122.839	13.788	0.000	-173.718
614.000	122.823	13.838	0.000	-178.346
616.000	123.011	14.492	0.000	-173.751
618.000	122.936	14.623	0.000	-168.127
620.000	122.807	14.399	0.000	-176.510
622.000	122.900	15.083	0.000	173.492
624.000	123.009	15.643	0.000	171.602
626.000	122.880	14.660	0.000	165.834
628.000	122.777	14.255	0.000	156.525
630.000	123.033	15.507	0.000	156.892
632.000	122.941	14.229	0.000	157.960
634.000	122.772	13.183	0.000	150.403
636.000	122.936	15.133	0.000	147.296
638.000	122.991	13.757	0.000	147.294
640.000	122.844	14.681	0.000	144.003
642.000	122.834	14.625	0.000	132.754
644.000	122.962	14.669	0.000	131.970
646.000	122.981	14.716	0.000	136.596
648.000	122.747	13.977	0.000	122.148
650.000	122.939	15.150	0.000	113.825
652.000	123.016	15.962	0.000	126.426
654.000	122.802	15.192	0.000	119.465
656.000	122.847	15.576	0.000	107.700
658.000	122.990	15.620	0.000	111.157
660.000	122.916	14.792	0.000	112.911
662.000	122.784	14.484	0.000	107.933
664.000	122.931	14.290	0.000	97.560
666.000	122.979	14.468	0.000	89.826
668.000	122.836	14.866	0.000	93.274
670.000	122.800	13.605	0.000	82.760
672.000	123.054	13.843	0.000	85.786
674.000	122.856	12.965	0.000	85.765
676.000	122.795	14.035	0.000	60.913
678.000	122.963	14.624	0.000	67.601
680.000	122.940	12.635	0.000	77.916
682.000	122.813	12.939	0.000	65.022
684.000	122.853	14.370	0.000	63.711
686.000	122.997	13.967	0.000	59.366
688.000	122.872	13.050	0.000	53.379
690.000	122.764	12.114	0.000	28.431
692.000	123.003	12.948	0.000	39.415
694.000	122.924	13.042	0.000	40.056
696.000	122.767	11.455	0.000	20.849
698.000	122.922	12.626	0.000	18.411
700.000	122.960	12.878	0.000	27.077
702.000	122.833	10.665	0.000	37.721
704.000	122.814	11.084	0.000	42.136
706.000	122.986	10.957	0.000	59.926
708.000	122.893	11.867	0.000	42.932
710.000	122.772	12.190	0.000	33.550
712.000	122.927	11.664	0.000	37.084
714.000	122.992	11.772	0.000	22.763
716.000	122.736	11.134	0.000	-2.440
718.000	122.920	9.931	0.000	-3.862
720.000	122.941	10.872	0.000	24.451
722.000	122.859	10.977	0.000	22.454
724.000	122.789	10.480	0.000	5.415
726.000	122.964	9.300	0.000	-11.881
728.000	122.924	10.530	0.000	23.031
730.000	122.751	10.556	0.000	33.714
732.000	122.917	9.630	0.000	23.591
734.000	122.975	9.975	0.000	65.526
736.000	122.763	10.621	0.000	24.852
738.000	122.869	10.107	0.000	18.774
740.000	122.962	10.910	0.000	44.170
742.000	122.845	10.987	0.000	24.894
744.000	122.790	10.434	0.000	24.562
746.000	122.942	10.260	0.000	31.747
748.000	122.926	10.623	0.000	36.460
750.000	122.753	10.252	0.000	57.330
752.000	122.895	11.197	0.000	37.089
754.000	122.978	10.455	0.000	27.311
756.000	122.757	10.319	0.000	61.669
758.000	122.863	10.202	0.000	65.487
760.000	122.961	9.447	0.000	52.102
762.000	122.830	10.349	0.000	38.260
764.000	122.799	10.590	0.000	66.879
766.000	122.921	11.818	0.000	53.614
768.000	122.941	12.248	0.000	50.875
770.000	122.723	12.137	0.000	44.352
772.000	122.926	13.492	0.000	21.796
774.000	122.939	12.307	0.000	24.660
776.000	122.768	11.980	0.000	12.691
778.000	122.847	13.457	0.000	19.794
780.000	122.964	13.111	0.000	18.745
782.000	122.809	12.246	0.000	6.428
784.000	122.800	12.225	0.000	-8.643
786.000	122.928	12.021	0.000	-6.602
788.000	122.904	13.379	0.000	1.960
790.000	122.731	12.673	0.000	-15.224
792.000	122.927	12.862	0.000	-21.134
794.000	122.928	12.354	0.000	-12.994
796.000	122.740	11.612	0.000	-22.074
798.000	122.883	12.950	0.000	-21.228
800.000	122.931	12.844	0.000	-30.854
802.000	122.798	10.904	0.000	-56.438
804.000	122.803	11.130	0.000	-71.309
806.000	122.942	11.221	0.000	-117.171
808.000	122.864	11.494	0.000	-146.131
810.000	122.733	13.661	0.000	-173.132
812.000	122.963	16.445	0.000	178.469
814.000	122.867	18.189	0.000	164.088
816.000	122.751	21.579	0.000	146.436
818.000	122.896	24.811	0.000	140.185
820.000	122.913	27.744	0.000	130.680
822.000	122.766	30.601	0.000	119.241
824.000	122.833	34.229	0.000	104.591
826.000	122.941	37.146	0.000	94.070
828.000	122.803	38.924	0.000	76.759
830.000	122.771	41.687	0.000	50.179
832.000	122.969	43.993	0.000	38.215
834.000	122.812	43.877	0.000	21.146
836.000	122.762	45.394	0.000	-5.651
838.000	122.935	46.259	0.000	-13.339
840.000	122.846	46.010	0.000	-28.337
842.000	122.774	46.721	0.000	-39.329
844.000	122.853	48.252	0.000	-51.402
846.000	122.941	49.997	0.000	-56.495
848.000	122.724	50.515	0.000	-75.084
850.000	122.861	53.367	0.000	-96.646
852.000	122.932	53.909	0.000	-105.599
854.000	122.759	53.608	0.000	-133.188
856.000	122.807	54.671	0.000	-153.042
858.000	122.939	54.542	0.000	-167.717
860.000	122.789	53.692	0.000	173.630
862.000	122.785	52.974	0.000	153.246
864.000	122.899	52.643	0.000	139.925
866.000	122.869	51.104	0.000	133.493
868.000	122.712	49.601	0.000	119.492
870.000	122.933	50.169	0.000	115.628
872.000	122.860	49.391	0.000	115.307
874.000	122.734	49.291	0.000	99.644
876.000	122.880	50.443	0.000	93.854
878.000	122.884	49.560	0.000	86.288
880.000	122.754	49.207	0.000	73.225
882.000	122.823	48.782	0.000	65.437
884.000	122.919	49.047	0.000	61.418
886.000	122.766	47.791	0.000	60.087
888.000	122.786	48.747	0.000	49.229
890.000	122.952	49.324	0.000	55.642
892.000	122.754	49.119	0.000	46.020
894.000	122.787	50.899	0.000	38.463
896.000	122.908	52.082	0.000	32.299
898.000	122.810	52.440	0.000	22.327
900.000	122.754	53.301	0.000	5.916
902.000	122.888	54.445	0.000	-4.547
904.000	122.857	54.559	0.000	-14.513
906.000	122.713	54.354	0.000	-34.057
908.000	122.901	55.675	0.000	-48.827
910.000	122.864	54.664	0.000	-55.292
912.000	122.719	53.540	0.000	-78.486
914.000	122.870	53.625	0.000	-85.785
916.000	122.866	52.095	0.000	-92.648
918.000	122.748	51.058	0.000	-101.349
920.000	122.813	50.677	0.000	-106.445
922.000	122.904	50.976	0.000	-106.528
924.000	122.745	50.224	0.000	-108.998
926.000	122.793	51.816	0.000	-120.316
928.000	122.924	52.536	0.000	-117.689
930.000	122.736	52.072	0.000	-133.755
932.000	122.794	53.332	0.000	-144.231
934.000	122.893	53.320	0.000	-152.522
936.000	122.778	52.969	0.000	-162.768
938.000	122.761	52.952	0.000	-176.744
940.000	122.883	53.510	0.000	177.259
942.000	122.817	52.843	0.000	170.340
944.000	122.716	52.892	0.000	154.846
946.000	122.915	54.054	0.000	147.213
948.000	122.799	53.069	0.000	140.472
950.000	122.735	53.002	0.000	118.274
952.000	122.877	53.101	0.000	113.486
954.000	122.821	51.463	0.000	101.501
956.000	122.736	50.584	0.000	91.913
958.000	122.836	49.935	0.000	83.885
960.000	122.872	49.612	0.000	85.096
962.000	122.699	48.266	0.000	77.768
964.000	122.859	49.678	0.000	74.356
966.000	122.854	49.292	0.000	75.307
968.000	122.722	49.678	0.000	60.692
970.000	122.823	50.721	0.000	53.618
972.000	122.867	50.820	0.000	44.506
974.000	122.724	50.615	0.000	30.177
976.000	122.807	51.087	0.000	15.046
978.000	122.867	51.159	0.000	5.492
980.000	122.744	50.028	0.000	-9.460
982.000	122.771	50.128	0.000	-31.168
984.000	122.909	49.750	0.000	-38.710
986.000	122.709	47.421	0.000	-60.008
988.000	122.800	46.870	0.000	-80.792
990.000	122.860	44.944	0.000	-93.991
992.000	122.753	42.124	0.000	-120.689
994.000	122.759	39.646	0.000	-151.345
996.000	122.876	38.004	0.000	165.486
998.000	122.764	37.396	0.000	124.370
1000.000	122.730	39.981	0.000	73.004
1002.000	122.910	42.101	0.000	61.790
1004.000	122.731	42.727	0.000	37.294
1006.000	122.761	44.963	0.000	21.282
1008.000	122.863	46.134	0.000	9.057
1010.000	122.768	46.867	0.000	-4.028
1012.000	122.734	47.889	0.000	-23.312
1014.000	122.865	49.026	0.000	-33.107
1016.000	122.783	48.744	0.000	-44.815
1018.000	122.705	49.012	0.000	-63.253
1020.000	122.897	50.334	0.000	-71.304
1022.000	122.754	49.398	0.000	-79.743
1024.000	122.736	50.239	0.000	-99.434
1026.000	122.858	50.473	0.000	-104.305
1028.000	122.775	50.158	0.000	-119.887
1030.000	122.724	50.150	0.000	-133.982
1032.000	122.848	50.603	0.000	-149.719
1034.000	122.797	49.860	0.000	-158.049
1036.000	122.695	48.616	0.000	178.150
1038.000	122.882	48.660	0.000	168.690
1040.000	122.760	45.843	0.000	159.638
1042.000	122.725	43.762	0.000	144.152
1044.000	122.849	41.849	0.000	147.813
1046.000	122.776	39.790	0.000	155.325
1048.000	122.721	39.847	0.000	161.903
1050.000	122.833	41.616	0.000	165.249
1052.000	122.800	42.115	0.000	164.229
1054.000	122.689	43.012	0.000	150.171
1056.000	122.871	44.596	0.000	142.548
1058.000	122.762	43.756	0.000	133.856
1060.000	122.719	43.466	0.000	112.159
1062.000	122.840	43.071	0.000	107.177
1064.000	122.773	40.521	0.000	96.435
1066.000	122.716	38.437	0.000	92.087
1068.000	122.824	36.448	0.000	100.930
1070.000	122.800	36.226	0.000	125.461
1072.000	122.681	39.024	0.000	131.482
1074.000	122.869	42.342	0.000	136.853
1076.000	122.752	43.510	0.000	127.690
1078.000	122.719	46.188	0.000	113.157
1080.000	122.832	47.840	0.000	102.485
1082.000	122.770	48.678	0.000	87.963
1084.000	122.709	49.629	0.000	67.524
1086.000	122.829	50.777	0.000	53.211
1088.000	122.779	50.705	0.000	38.663
1090.000	122.684	50.725	0.000	14.268
1092.000	122.868	51.720	0.000	0.188
1094.000	122.736	50.368	0.000	-15.267
1096.000	122.724	50.384	0.000	-42.465
1098.000	122.834	49.777	0.000	-54.277
1100.000	122.746	48.205	0.000	-76.838
1102.000	122.716	46.806	0.000	-97.138
1104.000	122.836	45.629	0.000	-116.085
1106.000	122.745	43.486	0.000	-128.023
1108.000	122.708	41.179	0.000	-154.998
1110.000	122.857	40.039	0.000	-165.218
1112.000	122.711	36.708	0.000	174.369
1114.000	122.737	35.308	0.000	150.661
1116.000	122.832	33.412	0.000	130.523
1118.000	122.719	31.565	0.000	102.338
1120.000	122.734	30.870	0.000	68.802
1122.000	122.829	30.895	0.000	48.192
1124.000	122.717	30.247	0.000	27.856
1126.000	122.734	31.124	0.000	3.996
1128.000	122.842	31.865	0.000	-5.202
1130.000	122.689	30.953	0.000	-18.988
1132.000	122.762	32.293	0.000	-33.322
1134.000	122.812	32.144	0.000	-39.247
1136.000	122.708	32.370	0.000	-52.293
1138.000	122.740	32.840	0.000	-63.819
1140.000	122.838	33.927	0.000	-72.459
1142.000	122.674	32.994	0.000	-84.687
1144.000	122.783	33.853	0.000	-101.713
1146.000	122.804	33.189	0.000	-105.469
1148.000	122.682	32.274	0.000	-123.632
1150.000	122.785	32.508	0.000	-134.764
1152.000	122.792	31.595	0.000	-144.415
1154.000	122.687	30.699	0.000	-157.263
1156.000	122.781	30.854	0.000	-172.155
1158.000	122.800	30.664	0.000	175.658
1160.000	122.662	29.567	0.000	148.814
1162.000	122.824	29.339	0.000	124.577
1164.000	122.756	27.228	0.000	101.093
1166.000	122.688	25.428	0.000	51.281
1168.000	122.818	24.852	0.000	20.608
1170.000	122.736	23.865	0.000	-20.262
1172.000	122.703	24.084	0.000	-49.235
1174.000	122.810	24.531	0.000	-71.264
1176.000	122.737	24.075	0.000	-81.723
1178.000	122.699	24.164	0.000	-103.398
1180.000	122.828	25.037	0.000	-105.972
1182.000	122.701	24.353	0.000	-114.985
1184.000	122.730	25.065	0.000	-125.850
1186.000	122.806	25.392	0.000	-131.670
1188.000	122.708	25.747	0.000	-138.454
1190.000	122.723	26.767	0.000	-151.200
1192.000	122.820	27.508	0.000	-155.528
1194.000	122.680	26.873	0.000	-167.828
1196.000	122.750	27.847	0.000	176.282
1198.000	122.810	27.836	0.000	169.515
1200.000	122.656	26.914	0.000	149.840
1202.000	122.794	27.567	0.000	138.834
1204.000	122.760	25.942	0.000	128.723
1206.000	122.686	25.061	0.000	114.622
1208.000	122.773	24.356	0.000	97.736
1210.000	122.778	23.341	0.000	94.845
1212.000	122.658	21.190	0.000	79.133
1214.000	122.814	20.450	0.000	71.931
1216.000	122.724	18.442	0.000	71.805
1218.000	122.690	16.763	0.000	64.624
1220.000	122.810	16.925	0.000	64.731
1222.000	122.703	15.904	0.000	58.200
1224.000	122.706	15.491	0.000	54.949
1226.000	122.808	15.140	0.000	52.722
1228.000	122.687	13.486	0.000	54.746
1230.000	122.726	12.380	0.000	29.025
1232.000	122.803	13.495	0.000	30.286
1234.000	122.663	12.956	0.000	29.163
1236.000	122.768	13.134	0.000	20.743
1238.000	122.758	12.511	0.000	12.673
1240.000	122.689	12.443	0.000	6.296
1242.000	122.751	11.756	0.000	1.271
1244.000	122.775	12.438	0.000	4.757
1246.000	122.656	13.676	0.000	-2.079
1248.000	122.798	15.019	0.000	-4.838
1250.000	122.724	15.135	0.000	-14.889
1252.000	122.685	16.180	0.000	-27.481
1254.000	122.794	16.771	0.000	-41.474
1256.000	122.706	16.619	0.000	-54.354
1258.000	122.695	16.142	0.000	-67.309
1260.000	122.804	17.153	0.000	-81.215
1262.000	122.675	16.968	0.000	-86.128
1264.000	122.725	17.551	0.000	-92.637
1266.000	122.799	18.152	0.000	-95.512
1268.000	122.647	18.869	0.000	-110.250
1270.000	122.783	19.444	0.000	-115.866
1272.000	122.736	19.576	0.000	-121.256
1274.000	122.679	20.135	0.000	-131.149
1276.000	122.772	20.373	0.000	-140.934
1278.000	122.734	19.997	0.000	-147.227
1280.000	122.672	20.099	0.000	-161.380
1282.000	122.795	20.709	0.000	-168.862
1284.000	122.695	19.736	0.000	-174.502
1286.000	122.709	20.939	0.000	176.428
1288.000	122.775	20.302	0.000	173.021
1290.000	122.691	19.025	0.000	167.749
1292.000	122.713	19.840	0.000	157.705
1294.000	122.785	19.593	0.000	158.658
1296.000	122.656	19.079	0.000	147.140
1298.000	122.757	19.364	0.000	140.205
1300.000	122.756	19.073	0.000	145.495
1302.000	122.658	18.784	0.000	131.329
1304.000	122.781	19.419	0.000	127.869
1306.000	122.714	19.499	0.000	125.135
1308.000	122.680	19.302	0.000	119.419
1310.000	122.784	19.034	0.000	113.645
1312.000	122.690	17.897	0.000	112.031
1314.000	122.706	18.250	0.000	99.746
1316.000	122.783	18.135	0.000	102.433
1318.000	122.665	17.616	0.000	89.700
1320.000	122.739	17.860	0.000	81.492
1322.000	122.755	16.769	0.000	77.776
1324.000	122.665	15.933	0.000	68.900
1326.000	122.755	15.721	0.000	67.079
1328.000	122.742	15.069	0.000	66.809
1330.000	122.651	14.370	0.000	63.523
1332.000	122.806	14.411	0.000	58.676
1334.000	122.673	13.589	0.000	58.288
1336.000	122.713	14.298	0.000	59.626
1338.000	122.767	13.384	0.000	61.975
1340.000	122.670	12.645	0.000	48.507
1342.000	122.728	12.600	0.000	44.142
1344.000	122.763	12.519	0.000	38.853
1346.000	122.646	12.613	0.000	37.837
1348.000	122.782	13.029	0.000	47.789
1350.000	122.704	11.574	0.000	43.478
1352.000	122.684	12.540	0.000	37.103
1354.000	122.771	12.860	0.000	32.915
1356.000	122.688	12.527	0.000	36.179
1358.000	122.698	12.000	0.000	29.724
1360.000	122.777	12.049	0.000	17.730
1362.000	122.656	11.985	0.000	5.563
1364.000	122.743	11.887	0.000	8.348
1366.000	122.746	11.308	0.000	8.800
1368.000	122.652	10.721	0.000	6.237
1370.000	122.780	10.467	0.000	7.644
1372.000	122.695	10.245	0.000	-4.625
1374.000	122.683	11.410	0.000	-7.028
1376.000	122.785	10.965	0.000	-28.234
1378.000	122.659	10.719	0.000	-40.245
1380.000	122.734	10.417	0.000	-36.355
1382.000	122.747	11.391	0.000	-68.165
1384.000	122.660	10.796	0.000	-79.833
1386.000	122.758	10.508	0.000	-45.999
1388.000	122.713	10.805	0.000	-31.919
1390.000	122.678	9.628	0.000	-87.482
1392.000	122.763	10.058	0.000	-117.465
1394.000	122.694	10.380	0.000	175.774
1396.000	122.691	10.511	0.000	138.402
1398.000	122.778	9.552	0.000	-151.159
1400.000	122.644	9.258	0.000	-172.905
1402.000	122.756	9.357	0.000	-161.794
1404.000	122.725	9.721	0.000	-178.755
1406.000	122.662	10.322	0.000	-175.454
1408.000	122.772	9.348	0.000	161.579
1410.000	122.691	9.312	0.000	123.462
1412.000	122.690	10.882	0.000	134.873
1414.000	122.772	10.706	0.000	141.078
1416.000	122.657	10.292	0.000	107.137
1418.000	122.738	10.517	0.000	74.694
1420.000	122.732	9.044	0.000	81.805
1422.000	122.667	9.601	0.000	110.839
1424.000	122.753	9.614	0.000	96.336
1426.000	122.713	10.968	0.000	48.810
1428.000	122.665	9.957	0.000	50.260
1430.000	122.793	10.822	0.000	93.697
1432.000	122.647	9.938	0.000	111.135
1434.000	122.740	10.189	0.000	108.385
1436.000	122.738	10.866	0.000	89.507
1438.000	122.655	10.127	0.000	58.505
1440.000	122.767	9.734	0.000	66.628
1442.000	122.698	10.186	0.000	62.078
1444.000	122.681	9.960	0.000	53.392
1446.000	122.774	10.299	0.000	58.672
1448.000	122.656	10.868	0.000	51.127
1450.000	122.735	10.109	0.000	39.280
1452.000	122.732	9.825	0.000	48.967
1454.000	122.667	9.485	0.000	66.347
1456.000	122.750	9.776	0.000	77.027
1458.000	122.710	9.758	0.000	66.347
1460.000	122.673	9.285	0.000	47.951
1462.000	122.781	10.813	0.000	39.864
1464.000	122.651	10.819	0.000	25.147
1466.000	122.742	9.580	0.000	39.509
1468.000	122.724	9.927	0.000	40.805
1470.000	122.671	10.600	0.000	23.202
1472.000	122.754	10.224	0.000	16.108
1474.000	122.696	10.187	0.000	15.266
1476.000	122.699	10.428	0.000	20.150
1478.000	122.755	10.330	0.000	4.596
1480.000	122.668	11.205	0.000	0.697
1482.000	122.733	10.605	0.000	3.600
1484.000	122.727	9.622	0.000	2.360
1486.000	122.671	10.259	0.000	-18.506
1488.000	122.759	10.836	0.000	-21.419
1490.000	122.687	11.287	0.000	-15.505
1492.000	122.703	11.096	0.000	-6.956
1494.000	122.759	11.307	0.000	-11.179
1496.000	122.653	11.022	0.000	-39.978
1498.000	122.759	9.664	0.000	-27.913
1500.000	122.702	9.359	0.000	-32.730
1502.000	122.684	10.676	0.000	-39.667
1504.000	122.763	11.416	0.000	-42.361
1506.000	122.672	11.159	0.000	-51.209
1508.000	122.725	10.853	0.000	-48.216
1510.000	122.740	9.543	0.000	-37.642
1512.000	122.662	10.732	0.000	-64.990
1514.000	122.760	11.343	0.000	-71.464
1516.000	122.696	11.129	0.000	-50.906
1518.000	122.688	10.921	0.000	-69.767
1520.000	122.772	11.508	0.000	-77.362
1522.000	122.649	10.627	0.000	-76.599
1524.000	122.759	10.227	0.000	-88.978
1526.000	122.704	10.637	0.000	-91.534
1528.000	122.699	10.772	0.000	-83.960
1530.000	122.745	10.168	0.000	-77.475
1532.000	122.693	10.381	0.000	-103.307
1534.000	122.712	9.772	0.000	-104.928
1536.000	122.747	11.682	0.000	-99.082
1538.000	122.663	11.819	0.000	-122.501
1540.000	122.765	9.786	0.000	-129.164
1542.000	122.689	10.058	0.000	-124.451
1544.000	122.704	10.823	0.000	-105.525
1546.000	122.755	11.676	0.000	-119.127
1548.000	122.663	11.330	0.000	-128.001
1550.000	122.749	11.776	0.000	-127.239
1552.000	122.714	10.869	0.000	-125.481
1554.000	122.684	9.736	0.000	-118.129
1556.000	122.769	9.673	0.000	-124.635
1558.000	122.668	11.129	0.000	-124.097
1560.000	122.738	11.696	0.000	-135.352
1562.000	122.728	10.828	0.000	-147.552
1564.000	122.674	10.719	0.000	-147.073
1566.000	122.764	11.472	0.000	-154.858
1568.000	122.686	11.334	0.000	-172.833
1570.000	122.718	10.948	0.000	-166.903
1572.000	122.751	10.187	0.000	-146.759
1574.000	122.667	10.587	0.000	-147.070
1576.000	122.763	10.179	0.000	-167.169
1578.000	122.692	9.583	0.000	-174.458
1580.000	122.709	9.649	0.000	-165.892
1582.000	122.754	10.763	0.000	-163.149
1584.000	122.670	11.053	0.000	-179.117
1586.000	122.756	10.433	0.000	-172.808
1588.000	122.709	10.549	0.000	-163.402
1590.000	122.696	10.463	0.000	-166.384
1592.000	122.760	11.016	0.000	-167.258
1594.000	122.676	10.995	0.000	176.909
1596.000	122.744	11.989	0.000	172.305
1598.000	122.726	12.012	0.000	-176.163
1600.000	122.687	10.590	0.000	-171.614
1602.000	122.765	10.259	0.000	-170.322
1604.000	122.680	11.029	0.000	171.986
1606.000	122.738	11.265	0.000	172.607
1608.000	122.730	10.347	0.000	174.318
1610.000	122.686	11.104	0.000	163.576
1612.000	122.761	10.674	0.000	156.330
1614.000	122.695	10.324	0.000	168.698
1616.000	122.717	9.952	0.000	159.252
1618.000	122.760	10.667	0.000	150.173
1620.000	122.663	10.633	0.000	159.068
1622.000	122.778	10.810	0.000	148.336
1624.000	122.689	11.333	0.000	144.929
1626.000	122.722	11.143	0.000	150.251
1628.000	122.753	11.050	0.000	150.269
1630.000	122.676	10.263	0.000	147.698
1632.000	122.765	10.270	0.000	130.409
1634.000	122.704	10.520	0.000	145.334
1636.000	122.710	10.389	0.000	130.026
1638.000	122.764	10.891	0.000	139.212
1640.000	122.669	11.014	0.000	150.572
1642.000	122.768	11.111	0.000	144.596
1644.000	122.703	10.512	0.000	152.146
1646.000	122.717	10.185	0.000	152.365
1648.000	122.761	9.836	0.000	127.278
1650.000	122.681	10.308	0.000	109.818
1652.000	122.757	10.842	0.000	148.099
1654.000	122.717	9.648	0.000	160.527
1656.000	122.703	9.217	0.000	144.653
1658.000	122.770	10.481	0.000	145.985
1660.000	122.671	10.779	0.000	134.207
1662.000	122.773	9.379	0.000	120.834
1664.000	122.706	11.086	0.000	134.469
1666.000	122.716	12.117	0.000	119.888
1668.000	122.759	11.318	0.000	118.806
1670.000	122.688	10.318	0.000	109.156
1672.000	122.752	11.206	0.000	115.927
1674.000	122.724	10.842	0.000	121.134
1676.000	122.708	9.877	0.000	102.306
1678.000	122.771	9.938	0.000	105.358
1680.000	122.674	10.293	0.000	114.865
1682.000	122.772	10.091	0.000	108.042
1684.000	122.716	7.772	0.000	60.792
1686.000	122.706	8.787	0.000	137.925
1688.000	122.784	9.423	0.000	103.098
1690.000	122.668	10.546	0.000	77.477
1692.000	122.783	10.882	0.000	93.683
1694.000	122.699	10.233	0.000	98.205
1696.000	122.737	9.740	0.000	89.557
1698.000	122.744	10.030	0.000	76.291
1700.000	122.706	10.575	0.000	78.775
1702.000	122.753	10.514	0.000	78.693
1704.000	122.725	10.790	0.000	81.685
1706.000	122.714	10.093	0.000	60.674
1708.000	122.775	9.585	0.000	78.202
1710.000	122.678	9.663	0.000	89.284
1712.000	122.781	9.081	0.000	76.169
1714.000	122.702	9.326	0.000	49.595
1716.000	122.740	9.944	0.000	51.815
1718.000	122.751	10.666	0.000	67.315
1720.000	122.694	10.261	0.000	45.434
1722.000	122.777	9.325	0.000	23.387
1724.000	122.710	9.435	0.000	31.023
1726.000	122.732	9.266	0.000	52.894
1728.000	122.762	9.317	0.000	58.864
1730.000	122.688	9.197	0.000	67.626
1732.000	122.788	10.081	0.000	28.673
1734.000	122.688	9.577	0.000	12.821
1736.000	122.769	8.690	0.000	57.639
1738.000	122.726	9.000	0.000	52.706
1740.000	122.727	10.118	0.000	28.728
1742.000	122.759	9.791	0.000	167.472
1744.000	122.707	9.976	0.000	44.480
1746.000	122.755	10.173	0.000	47.145
1748.000	122.739	10.377	0.000	37.934
1750.000	122.716	9.796	0.000	82.717
1752.000	122.773	10.636	0.000	72.591
1754.000	122.699	10.022	0.000	38.070
1756.000	122.769	8.294	0.000	5.276
1758.000	122.727	9.550	0.000	-38.589
1760.000	122.721	10.141	0.000	-47.812
1762.000	122.780	9.587	0.000	-93.367
1764.000	122.691	10.357	0.000	-49.058
1766.000	122.788	9.878	0.000	-91.042
1768.000	122.697	9.940	0.000	-166.435
1770.000	122.767	9.782	0.000	149.457
1772.000	122.740	10.192	0.000	176.169
1774.000	122.719	9.846	0.000	-79.687
1776.000	122.776	8.051	0.000	-37.957
1778.000	122.707	8.439	0.000	-112.065
1780.000	122.762	9.459	0.000	-87.853
1782.000	122.746	9.945	0.000	-99.748
1784.000	122.713	9.112	0.000	-151.788
1786.000	122.783	9.151	0.000	-118.808
1788.000	122.696	8.535	0.000	-131.899
1790.000	122.783	8.665	0.000	-130.593
1792.000	122.717	9.110	0.000	161.608
1794.000	122.749	8.967	0.000	175.722
1796.000	122.756	9.255	0.000	-156.146
1798.000	122.729	9.930	0.000	29.181
1800.000	122.758	10.446	0.000	74.604
1802.000	122.736	11.096	0.000	4.916
1804.000	122.738	10.581	0.000	-13.940
1806.000	122.770	9.231	0.000	-86.628
1808.000	122.703	9.614	0.000	-99.691
1810.000	122.795	9.475	0.000	-174.310
1812.000	122.699	8.400	0.000	130.479
1814.000	122.777	8.541	0.000	-171.295
1816.000	122.736	9.139	0.000	-122.525
1818.000	122.729	9.066	0.000	-164.247
1820.000	122.782	10.231	0.000	150.577
1822.000	122.701	9.749	0.000	109.480
1824.000	122.795	10.413	0.000	140.569
1826.000	122.705	10.155	0.000	173.585
1828.000	122.777	9.629	0.000	-172.754
1830.000	122.737	10.890	0.000	169.718
1832.000	122.742	9.958	0.000	140.510
1834.000	122.769	9.782	0.000	141.653
1836.000	122.726	9.686	0.000	76.893
1838.000	122.766	8.960	0.000	70.382
1840.000	122.749	9.039	0.000	108.406
1842.000	122.733	9.311	0.000	134.815
1844.000	122.778	8.979	0.000	143.982
1846.000	122.710	9.999	0.000	121.543
1848.000	122.790	9.572	0.000	-158.369
1850.000	122.723	9.667	0.000	-161.644
1852.000	122.760	10.160	0.000	165.892
1854.000	122.759	9.024	0.000	134.822
1856.000	122.730	9.497	0.000	126.882
1858.000	122.786	10.627	0.000	147.661
1860.000	122.711	10.349	0.000	75.144
1862.000	122.786	9.050	0.000	94.489
1864.000	122.724	8.535	0.000	46.879
1866.000	122.773	9.763	0.000	67.614
1868.000	122.750	8.964	0.000	93.168
1870.000	122.741	8.758	0.000	122.865
1872.000	122.771	8.880	0.000	140.113
1874.000	122.733	10.465	0.000	157.037
1876.000	122.769	11.120	0.000	164.964
1878.000	122.752	10.659	0.000	123.682
1880.000	122.740	10.329	0.000	102.942
1882.000	122.777	10.041	0.000	39.193
1884.000	122.733	7.920	0.000	19.850
1886.000	122.772	8.509	0.000	116.032
1888.000	122.751	9.847	0.000	153.764
1890.000	122.741	9.852	0.000	104.915
1892.000	122.787	9.615	0.000	-58.642
1894.000	122.718	10.772	0.000	-64.457
1896.000	122.803	10.261	0.000	-164.947
1898.000	122.705	8.971	0.000	-174.219
1900.000	122.801	8.562	0.000	-102.264
1902.000	122.727	9.417	0.000	-168.217
1904.000	122.770	10.123	0.000	171.994
1906.000	122.767	9.559	0.000	-174.450
1908.000	122.725	9.525	0.000	-170.267
1910.000	122.807	10.487	0.000	-165.034
1912.000	122.705	9.747	0.000	-135.885
1914.000	122.810	9.538	0.000	173.298
1916.000	122.719	11.066	0.000	177.342
1918.000	122.776	10.757	0.000	175.804
1920.000	122.759	10.969	0.000	-178.995
1922.000	122.745	11.848	0.000	163.849
1924.000	122.786	11.264	0.000	144.289
1926.000	122.728	10.685	0.000	150.320
1928.000	122.788	11.751	0.000	133.227
1930.000	122.734	11.765	0.000	139.879
1932.000	122.778	12.593	0.000	137.642
1934.000	122.755	12.477	0.000	133.053
1936.000	122.754	12.028	0.000	113.262
1938.000	122.776	12.953	0.000	107.235
1940.000	122.741	14.226	0.000	101.670
1942.000	122.780	14.869	0.000	103.371
1944.000	122.748	14.475	0.000	93.202
1946.000	122.761	14.902	0.000	87.954
1948.000	122.769	15.777	0.000	89.930
1950.000	122.747	15.593	0.000	81.096
1952.000	122.784	16.027	0.000	82.843
1954.000	122.742	15.793	0.000	78.302
1956.000	122.772	17.117	0.000	72.002
1958.000	122.757	17.989	0.000	61.273
1960.000	122.756	18.722	0.000	53.991
1962.000	122.783	19.324	0.000	50.318
1964.000	122.738	20.971	0.000	44.831
1966.000	122.788	21.679	0.000	41.570
1968.000	122.738	22.212	0.000	32.302
1970.000	122.785	23.266	0.000	28.055
1972.000	122.754	23.966	0.000	16.110
1974.000	122.766	24.915	0.000	9.976
1976.000	122.768	25.552	0.000	-0.585
1978.000	122.749	26.381	0.000	-8.953
1980.000	122.787	26.562	0.000	-15.479
1982.000	122.738	27.068	0.000	-25.293
1984.000	122.789	27.860	0.000	-30.364
1986.000	122.743	27.841	0.000	-39.310
1988.000	122.770	28.707	0.000	-46.803
1990.000	122.771	28.801	0.000	-53.962
1992.000	122.752	29.732	0.000	-62.515
1994.000	122.787	29.856	0.000	-67.087
1996.000	122.742	30.677	0.000	-74.881
1998.000	122.781	31.028	0.000	-81.902
2000.000	122.751	31.701	0.000	-89.234
