2000.000	122.849	10.973	0.000	-147.510
2.000	122.901	11.282	0.000	44.496
4.000	123.121	10.687	0.000	108.476
6.000	123.142	10.444	0.000	91.438
8.000	122.984	11.283	0.000	161.795
10.000	122.840	11.247	0.000	137.483
12.000	122.942	11.400	0.000	124.747
14.000	123.211	9.878	0.000	122.266
16.000	123.134	9.338	0.000	-170.714
18.000	122.796	10.188	0.000	-162.533
20.000	122.892	10.341	0.000	0.872
22.000	123.172	8.524	0.000	34.709
24.000	123.101	9.033	0.000	-88.413
26.000	122.959	10.686	0.000	-80.272
28.000	122.921	10.276	0.000	-95.549
30.000	122.919	10.306	0.000	-24.946
32.000	123.125	10.974	0.000	-46.116
34.000	123.191	10.898	0.000	-54.343
36.000	122.859	10.740	0.000	-70.348
38.000	122.812	10.884	0.000	-67.994
40.000	123.157	10.440	0.000	-83.368
42.000	123.175	11.589	0.000	-86.138
44.000	122.936	11.942	0.000	-117.833
46.000	122.867	11.622	0.000	-118.202
48.000	122.978	12.365	0.000	-118.910
50.000	123.146	11.636	0.000	-117.737
52.000	123.112	12.299	0.000	-102.319
54.000	122.868	12.449	0.000	-80.683
56.000	122.884	11.265	0.000	-117.309
58.000	123.103	12.766	0.000	-117.196
60.000	123.133	12.379	0.000	-115.438
62.000	123.004	11.099	0.000	-118.758
64.000	122.848	12.772	0.000	-121.817
66.000	122.928	14.511	0.000	-136.697
68.000	123.222	14.635	0.000	-133.478
70.000	123.117	13.511	0.000	-130.966
72.000	122.774	12.641	0.000	-131.142
74.000	122.943	13.004	0.000	-133.203
76.000	123.174	14.139	0.000	-138.690
78.000	123.056	13.367	0.000	-139.522
80.000	122.968	12.501	0.000	-149.066
82.000	122.907	12.755	0.000	-136.791
84.000	122.939	13.714	0.000	-140.187
86.000	123.195	14.242	0.000	-150.133
88.000	123.105	13.980	0.000	-151.377
90.000	122.774	13.977	0.000	-154.759
92.000	122.945	15.595	0.000	-160.386
94.000	123.196	15.769	0.000	-158.545
96.000	123.076	14.570	0.000	-154.521
98.000	122.898	13.512	0.000	-150.194
100.000	122.881	15.336	0.000	-156.826
102.000	123.065	15.520	0.000	-164.262
104.000	123.180	15.509	0.000	-160.803
106.000	122.959	15.841	0.000	-157.577
108.000	122.841	15.384	0.000	-164.652
110.000	123.023	15.769	0.000	-175.703
112.000	123.118	15.935	0.000	-179.698
114.000	123.078	16.000	0.000	179.825
116.000	122.897	16.011	0.000	177.684
118.000	122.840	16.392	0.000	172.654
120.000	123.170	16.915	0.000	167.915
122.000	123.186	17.075	0.000	171.905
124.000	122.814	15.602	0.000	162.085
126.000	122.896	17.016	0.000	155.884
128.000	123.133	17.549	0.000	160.361
130.000	123.072	16.531	0.000	157.386
132.000	122.999	16.417	0.000	153.594
134.000	122.889	16.453	0.000	155.658
136.000	122.928	16.781	0.000	151.150
138.000	123.193	17.128	0.000	149.336
140.000	123.083	16.556	0.000	152.821
142.000	122.798	15.385	0.000	147.092
144.000	122.949	15.608	0.000	136.488
146.000	123.158	17.462	0.000	143.150
148.000	123.088	16.492	0.000	144.920
150.000	122.883	15.175	0.000	137.546
152.000	122.871	15.582	0.000	126.966
154.000	123.121	16.297	0.000	132.292
156.000	123.135	16.233	0.000	136.069
158.000	122.904	16.201	0.000	139.188
160.000	122.894	15.616	0.000	132.326
162.000	123.020	16.283	0.000	131.482
164.000	123.125	16.753	0.000	129.814
166.000	123.057	15.539	0.000	139.216
168.000	122.804	15.080	0.000	133.052
170.000	122.953	15.983	0.000	125.780
172.000	123.234	16.287	0.000	128.320
174.000	123.012	15.067	0.000	131.785
176.000	122.811	14.732	0.000	127.283
178.000	122.997	15.739	0.000	124.434
180.000	123.113	16.272	0.000	133.603
182.000	123.060	16.254	0.000	130.920
184.000	122.913	16.163	0.000	126.665
186.000	122.877	16.607	0.000	127.633
188.000	123.089	17.230	0.000	122.469
190.000	123.145	17.243	0.000	127.431
192.000	122.912	16.096	0.000	120.752
194.000	122.834	16.740	0.000	110.310
196.000	123.082	17.880	0.000	113.861
198.000	123.172	17.746	0.000	121.030
200.000	122.911	16.157	0.000	122.568
202.000	122.839	16.787	0.000	111.726
204.000	123.074	17.477	0.000	110.924
206.000	123.117	17.941	0.000	114.531
208.000	122.973	17.440	0.000	117.270
210.000	122.874	16.491	0.000	110.014
212.000	122.962	16.765	0.000	107.044
214.000	123.148	17.307	0.000	106.909
216.000	123.049	17.414	0.000	109.109
218.000	122.816	16.401	0.000	107.415
220.000	122.950	16.024	0.000	99.156
222.000	123.173	17.416	0.000	100.359
224.000	123.045	17.202	0.000	104.413
226.000	122.815	16.110	0.000	92.760
228.000	122.960	17.150	0.000	90.517
230.000	123.149	16.698	0.000	97.886
232.000	123.020	15.603	0.000	99.856
234.000	122.894	15.705	0.000	95.379
236.000	122.919	15.165	0.000	86.752
238.000	123.059	15.766	0.000	82.160
240.000	123.144	16.518	0.000	92.910
242.000	122.874	15.162	0.000	100.529
244.000	122.835	14.767	0.000	69.390
246.000	123.169	14.511	0.000	75.673
248.000	123.087	12.179	0.000	91.467
250.000	122.852	11.984	0.000	88.000
252.000	122.918	12.513	0.000	80.540
254.000	123.066	12.596	0.000	110.895
256.000	123.107	10.827	0.000	119.118
258.000	122.910	10.651	0.000	137.821
260.000	122.858	11.121	0.000	177.364
262.000	123.079	12.402	0.000	-163.257
264.000	123.099	13.324	0.000	-164.048
266.000	122.941	14.509	0.000	-158.254
268.000	122.834	16.929	0.000	-161.464
270.000	123.041	19.298	0.000	-154.553
272.000	123.190	20.782	0.000	-141.328
274.000	122.864	21.450	0.000	-148.376
276.000	122.851	23.626	0.000	-158.738
278.000	123.121	25.471	0.000	-155.691
280.000	123.042	26.061	0.000	-154.345
282.000	122.956	27.583	0.000	-158.568
284.000	122.878	28.599	0.000	-161.834
286.000	122.978	30.440	0.000	-167.595
288.000	123.182	32.543	0.000	-166.594
290.000	122.923	32.739	0.000	-166.331
292.000	122.809	34.075	0.000	179.620
294.000	123.086	36.975	0.000	177.211
296.000	123.106	37.800	0.000	179.971
298.000	122.919	38.095	0.000	169.783
300.000	122.843	40.064	0.000	157.840
302.000	123.055	41.895	0.000	154.272
304.000	123.117	42.788	0.000	149.162
306.000	122.896	43.326	0.000	140.321
308.000	122.886	44.354	0.000	128.148
310.000	123.015	45.924	0.000	118.329
312.000	123.104	46.929	0.000	113.852
314.000	122.964	46.742	0.000	107.060
316.000	122.790	47.121	0.000	90.940
318.000	123.080	49.095	0.000	81.985
320.000	123.142	49.528	0.000	81.254
322.000	122.846	48.531	0.000	70.313
324.000	122.888	49.810	0.000	53.362
326.000	123.068	50.945	0.000	50.881
328.000	123.063	50.523	0.000	44.677
330.000	122.914	50.631	0.000	32.620
332.000	122.865	50.925	0.000	24.115
334.000	123.043	51.693	0.000	12.942
336.000	123.106	52.495	0.000	9.526
338.000	122.891	51.411	0.000	4.103
340.000	122.831	51.827	0.000	-16.319
342.000	123.114	53.492	0.000	-19.299
344.000	123.083	52.692	0.000	-21.028
346.000	122.820	51.960	0.000	-37.865
348.000	122.928	53.018	0.000	-48.018
350.000	123.078	53.330	0.000	-53.771
352.000	123.033	53.130	0.000	-61.531
354.000	122.877	52.622	0.000	-72.427
356.000	122.886	52.957	0.000	-86.465
358.000	123.100	53.652	0.000	-93.736
360.000	123.039	53.202	0.000	-99.726
362.000	122.839	52.192	0.000	-112.155
364.000	122.903	52.567	0.000	-128.596
366.000	123.129	53.427	0.000	-133.291
368.000	123.019	52.266	0.000	-136.692
370.000	122.776	51.399	0.000	-157.077
372.000	123.014	52.804	0.000	-165.952
374.000	123.090	52.396	0.000	-170.255
376.000	122.937	51.840	0.000	173.779
378.000	122.892	51.905	0.000	161.133
380.000	122.917	51.764	0.000	143.761
382.000	123.134	52.488	0.000	131.123
384.000	122.967	51.265	0.000	123.459
386.000	122.776	49.716	0.000	97.576
388.000	123.066	50.554	0.000	83.083
390.000	123.080	49.432	0.000	78.461
392.000	122.888	47.199	0.000	61.966
394.000	122.854	46.714	0.000	45.818
396.000	123.047	46.400	0.000	39.519
398.000	123.072	45.316	0.000	33.831
400.000	122.851	44.142	0.000	25.616
402.000	122.901	44.111	0.000	15.924
404.000	123.034	44.738	0.000	10.229
406.000	123.059	44.796	0.000	7.634
408.000	122.856	44.055	0.000	-1.184
410.000	122.854	44.866	0.000	-16.531
412.000	123.153	46.228	0.000	-19.731
414.000	122.974	45.368	0.000	-23.610
416.000	122.804	45.073	0.000	-42.215
418.000	122.991	46.485	0.000	-49.965
420.000	123.058	46.276	0.000	-53.127
422.000	122.955	45.841	0.000	-64.962
424.000	122.838	45.950	0.000	-74.278
426.000	122.968	46.265	0.000	-85.349
428.000	123.093	47.080	0.000	-91.557
430.000	122.920	46.137	0.000	-95.112
432.000	122.803	45.689	0.000	-115.264
434.000	123.060	47.135	0.000	-121.955
436.000	123.075	46.158	0.000	-122.921
438.000	122.813	44.693	0.000	-139.437
440.000	122.914	45.055	0.000	-149.116
442.000	123.054	44.605	0.000	-153.304
444.000	123.001	43.684	0.000	-158.635
446.000	122.847	42.548	0.000	-166.013
448.000	122.905	42.404	0.000	-174.786
450.000	123.090	42.504	0.000	-176.086
452.000	122.963	41.491	0.000	-177.614
454.000	122.814	40.451	0.000	173.426
456.000	122.957	41.058	0.000	165.060
458.000	123.120	41.270	0.000	167.329
460.000	122.868	39.444	0.000	162.242
462.000	122.830	39.505	0.000	147.447
464.000	123.079	39.839	0.000	148.688
466.000	122.979	38.286	0.000	143.348
468.000	122.898	37.698	0.000	135.455
470.000	122.858	36.826	0.000	130.317
472.000	123.045	36.800	0.000	123.477
474.000	123.044	36.105	0.000	125.888
476.000	122.767	33.762	0.000	118.097
478.000	122.965	34.187	0.000	110.317
480.000	123.080	33.549	0.000	116.218
482.000	122.907	31.490	0.000	112.800
484.000	122.820	31.012	0.000	106.401
486.000	123.013	30.892	0.000	108.092
488.000	123.044	29.993	0.000	110.799
490.000	122.849	28.830	0.000	108.168
492.000	122.881	28.215	0.000	104.825
494.000	123.011	27.975	0.000	105.323
496.000	123.035	27.548	0.000	110.722
498.000	122.803	26.230	0.000	109.577
500.000	122.903	26.450	0.000	102.534
502.000	123.113	26.812	0.000	107.992
504.000	122.891	25.110	0.000	110.874
506.000	122.819	25.030	0.000	101.906
508.000	123.009	25.448	0.000	106.292
510.000	123.022	24.366	0.000	109.715
512.000	122.864	23.801	0.000	108.050
514.000	122.863	23.800	0.000	106.396
516.000	123.010	24.065	0.000	106.724
518.000	123.030	23.869	0.000	112.977
520.000	122.788	22.305	0.000	108.453
522.000	122.916	23.401	0.000	100.478
524.000	123.104	23.505	0.000	106.820
526.000	122.862	21.643	0.000	103.797
528.000	122.844	22.453	0.000	100.076
530.000	122.989	22.351	0.000	104.212
532.000	123.023	21.733	0.000	104.462
534.000	122.842	21.206	0.000	102.803
536.000	122.868	21.369	0.000	100.242
538.000	123.038	21.534	0.000	99.938
540.000	122.966	20.852	0.000	105.763
542.000	122.808	19.919	0.000	100.112
544.000	122.918	20.790	0.000	93.724
546.000	123.105	20.775	0.000	96.482
548.000	122.821	19.523	0.000	93.176
550.000	122.857	20.220	0.000	84.646
552.000	123.031	20.214	0.000	90.252
554.000	122.954	18.919	0.000	88.813
556.000	122.855	18.819	0.000	89.257
558.000	122.864	18.500	0.000	85.128
560.000	123.066	18.703	0.000	82.813
562.000	122.917	17.916	0.000	90.335
564.000	122.784	17.042	0.000	77.221
566.000	122.999	17.721	0.000	78.663
568.000	123.028	17.379	0.000	82.852
570.000	122.798	16.576	0.000	70.190
572.000	122.891	16.628	0.000	59.370
574.000	123.031	16.255	0.000	67.437
576.000	122.921	15.411	0.000	66.530
578.000	122.819	14.413	0.000	60.162
580.000	122.931	14.557	0.000	56.750
582.000	123.043	13.686	0.000	60.878
584.000	122.843	13.129	0.000	53.725
586.000	122.824	12.721	0.000	41.003
588.000	123.040	13.921	0.000	42.358
590.000	122.960	14.413	0.000	43.101
592.000	122.763	13.346	0.000	25.421
594.000	122.979	12.979	0.000	16.898
596.000	122.992	12.445	0.000	13.382
598.000	122.866	12.518	0.000	2.725
600.000	122.837	12.808	0.000	-7.424
602.000	122.976	12.007	0.000	-24.563
604.000	123.011	12.159	0.000	-24.680
606.000	122.752	12.583	0.000	-42.581
608.000	122.942	13.806	0.000	-55.397
610.000	123.028	14.588	0.000	-51.247
612.000	122.843	14.040	0.000	-64.467
614.000	122.824	14.284	0.000	-76.652
616.000	123.013	14.398	0.000	-76.894
618.000	122.942	15.000	0.000	-74.571
620.000	122.808	14.732	0.000	-87.337
622.000	122.901	15.194	0.000	-94.345
624.000	123.014	15.745	0.000	-90.014
626.000	122.881	16.367	0.000	-97.474
628.000	122.779	17.012	0.000	-105.923
630.000	123.033	17.692	0.000	-103.398
632.000	122.946	17.593	0.000	-97.426
634.000	122.773	17.486	0.000	-107.239
636.000	122.936	18.667	0.000	-110.193
638.000	122.996	18.787	0.000	-107.084
640.000	122.845	18.951	0.000	-111.074
642.000	122.834	18.925	0.000	-117.482
644.000	122.964	20.100	0.000	-122.141
646.000	122.985	20.465	0.000	-115.908
648.000	122.747	19.769	0.000	-125.764
650.000	122.939	21.198	0.000	-128.632
652.000	123.019	21.843	0.000	-123.212
654.000	122.804	20.775	0.000	-132.719
656.000	122.845	21.332	0.000	-134.700
658.000	122.991	21.444	0.000	-130.660
660.000	122.921	21.665	0.000	-130.293
662.000	122.782	21.635	0.000	-134.805
664.000	122.931	22.595	0.000	-135.559
666.000	122.982	22.800	0.000	-134.734
668.000	122.836	21.714	0.000	-133.807
670.000	122.799	22.892	0.000	-139.000
672.000	123.055	24.315	0.000	-134.176
674.000	122.860	23.422	0.000	-134.622
676.000	122.793	23.597	0.000	-145.107
678.000	122.962	24.348	0.000	-138.894
680.000	122.944	23.684	0.000	-139.843
682.000	122.812	24.087	0.000	-143.131
684.000	122.852	24.325	0.000	-143.169
686.000	122.999	25.044	0.000	-143.738
688.000	122.874	24.380	0.000	-139.108
690.000	122.762	24.765	0.000	-152.741
692.000	123.003	26.524	0.000	-148.509
694.000	122.926	25.344	0.000	-145.790
696.000	122.767	25.586	0.000	-153.339
698.000	122.919	26.558	0.000	-151.381
700.000	122.962	26.686	0.000	-149.098
702.000	122.834	26.268	0.000	-149.239
704.000	122.810	26.848	0.000	-154.049
706.000	122.988	27.483	0.000	-153.254
708.000	122.892	27.402	0.000	-151.216
710.000	122.772	27.177	0.000	-156.792
712.000	122.925	28.442	0.000	-158.400
714.000	122.994	28.301	0.000	-150.959
716.000	122.736	27.807	0.000	-158.373
718.000	122.916	29.242	0.000	-159.267
720.000	122.943	28.958	0.000	-156.459
722.000	122.859	28.940	0.000	-158.547
724.000	122.787	29.031	0.000	-160.761
726.000	122.963	29.999	0.000	-162.157
728.000	122.925	30.220	0.000	-157.063
730.000	122.749	29.401	0.000	-161.804
732.000	122.915	31.068	0.000	-163.790
734.000	122.975	30.761	0.000	-156.155
736.000	122.762	30.168	0.000	-163.185
738.000	122.866	31.434	0.000	-162.669
740.000	122.963	31.356	0.000	-160.870
742.000	122.846	31.364	0.000	-160.932
744.000	122.786	31.745	0.000	-163.804
746.000	122.942	32.835	0.000	-163.607
748.000	122.926	32.665	0.000	-160.044
750.000	122.751	32.385	0.000	-163.945
752.000	122.894	33.650	0.000	-165.128
754.000	122.978	34.089	0.000	-159.615
756.000	122.757	33.334	0.000	-164.480
758.000	122.858	35.084	0.000	-165.578
760.000	122.963	35.071	0.000	-160.841
762.000	122.829	35.050	0.000	-165.230
764.000	122.796	35.343	0.000	-164.788
766.000	122.920	36.468	0.000	-166.860
768.000	122.941	36.933	0.000	-160.539
770.000	122.720	36.355	0.000	-167.422
772.000	122.924	38.274	0.000	-167.628
774.000	122.939	38.091	0.000	-162.024
776.000	122.766	37.929	0.000	-168.289
778.000	122.842	39.306	0.000	-168.641
780.000	122.965	39.696	0.000	-165.660
782.000	122.809	39.780	0.000	-167.468
784.000	122.795	40.466	0.000	-170.427
786.000	122.928	41.773	0.000	-170.036
788.000	122.903	41.901	0.000	-166.872
790.000	122.729	42.024	0.000	-173.501
792.000	122.924	43.898	0.000	-173.287
794.000	122.928	44.042	0.000	-168.588
796.000	122.738	44.121	0.000	-176.103
798.000	122.879	46.035	0.000	-176.531
800.000	122.932	46.239	0.000	-173.539
802.000	122.796	46.851	0.000	-178.930
804.000	122.799	47.780	0.000	179.247
806.000	122.941	49.451	0.000	176.754
808.000	122.863	49.832	0.000	-179.706
810.000	122.729	50.735	0.000	167.626
812.000	122.961	53.010	0.000	169.851
814.000	122.866	52.785	0.000	167.666
816.000	122.747	54.216	0.000	155.093
818.000	122.893	55.716	0.000	150.811
820.000	122.914	56.428	0.000	144.034
822.000	122.763	56.580	0.000	132.798
824.000	122.829	57.488	0.000	120.892
826.000	122.942	58.001	0.000	116.754
828.000	122.800	57.473	0.000	109.915
830.000	122.768	57.997	0.000	95.569
832.000	122.967	59.039	0.000	92.262
834.000	122.812	57.700	0.000	86.664
836.000	122.756	57.778	0.000	71.535
838.000	122.934	57.954	0.000	72.891
840.000	122.846	57.024	0.000	67.344
842.000	122.770	57.082	0.000	62.561
844.000	122.850	57.406	0.000	55.632
846.000	122.941	57.864	0.000	55.371
848.000	122.721	56.514	0.000	48.374
850.000	122.858	57.556	0.000	39.329
852.000	122.931	57.228	0.000	43.800
854.000	122.757	56.149	0.000	34.703
856.000	122.802	56.947	0.000	30.475
858.000	122.938	56.902	0.000	29.988
860.000	122.788	56.416	0.000	25.304
862.000	122.779	56.382	0.000	18.285
864.000	122.899	56.933	0.000	15.201
866.000	122.867	56.249	0.000	15.018
868.000	122.709	55.513	0.000	5.782
870.000	122.929	56.332	0.000	5.155
872.000	122.860	55.483	0.000	8.773
874.000	122.729	55.138	0.000	0.783
876.000	122.877	56.310	0.000	2.809
878.000	122.885	55.818	0.000	2.897
880.000	122.749	56.209	0.000	-2.992
882.000	122.820	56.587	0.000	-7.267
884.000	122.918	57.580	0.000	-10.158
886.000	122.764	56.625	0.000	-12.516
888.000	122.781	57.397	0.000	-26.406
890.000	122.951	57.512	0.000	-21.147
892.000	122.752	56.149	0.000	-29.103
894.000	122.783	56.867	0.000	-33.461
896.000	122.907	57.208	0.000	-34.584
898.000	122.810	56.896	0.000	-39.052
900.000	122.747	56.901	0.000	-50.008
902.000	122.888	57.121	0.000	-55.484
904.000	122.855	56.152	0.000	-58.655
906.000	122.709	54.615	0.000	-66.663
908.000	122.896	54.862	0.000	-68.234
910.000	122.864	53.553	0.000	-60.688
912.000	122.714	52.813	0.000	-65.066
914.000	122.866	53.785	0.000	-59.277
916.000	122.866	53.552	0.000	-57.493
918.000	122.743	53.920	0.000	-60.990
920.000	122.809	54.565	0.000	-65.389
922.000	122.904	55.281	0.000	-67.031
924.000	122.742	54.324	0.000	-70.154
926.000	122.788	55.086	0.000	-80.951
928.000	122.924	55.202	0.000	-75.290
930.000	122.734	53.810	0.000	-83.819
932.000	122.788	54.438	0.000	-86.626
934.000	122.892	54.094	0.000	-85.837
936.000	122.777	53.708	0.000	-87.061
938.000	122.756	53.920	0.000	-92.402
940.000	122.883	54.764	0.000	-92.384
942.000	122.814	54.212	0.000	-94.960
944.000	122.711	54.087	0.000	-105.887
946.000	122.912	54.862	0.000	-108.965
948.000	122.799	53.511	0.000	-109.431
950.000	122.729	52.943	0.000	-122.390
952.000	122.874	52.894	0.000	-119.539
954.000	122.820	51.260	0.000	-122.836
956.000	122.732	50.490	0.000	-124.470
958.000	122.833	49.885	0.000	-125.751
960.000	122.871	49.542	0.000	-118.778
962.000	122.694	47.828	0.000	-119.421
964.000	122.857	48.863	0.000	-115.906
966.000	122.853	47.873	0.000	-106.564
968.000	122.718	47.397	0.000	-109.268
970.000	122.818	47.961	0.000	-102.689
972.000	122.868	47.904	0.000	-96.326
974.000	122.719	47.861	0.000	-93.351
976.000	122.805	48.914	0.000	-90.780
978.000	122.866	49.813	0.000	-84.374
980.000	122.740	49.751	0.000	-83.214
982.000	122.767	51.411	0.000	-85.772
984.000	122.909	52.417	0.000	-78.320
986.000	122.706	52.373	0.000	-82.720
988.000	122.795	54.379	0.000	-84.673
990.000	122.861	54.930	0.000	-82.484
992.000	122.750	55.604	0.000	-88.327
994.000	122.754	56.632	0.000	-92.915
996.000	122.875	58.062	0.000	-96.932
998.000	122.761	57.995	0.000	-98.582
1000.000	122.726	58.977	0.000	-114.059
1002.000	122.909	59.931	0.000	-111.406
1004.000	122.728	58.679	0.000	-120.918
1006.000	122.756	59.378	0.000	-127.626
1008.000	122.862	59.224	0.000	-128.906
1010.000	122.767	58.812	0.000	-130.438
1012.000	122.728	58.876	0.000	-135.613
1014.000	122.865	59.675	0.000	-133.641
1016.000	122.780	59.460	0.000	-133.120
1018.000	122.701	60.083	0.000	-139.678
1020.000	122.895	61.813	0.000	-139.152
1022.000	122.753	61.348	0.000	-141.233
1024.000	122.731	62.650	0.000	-153.474
1026.000	122.858	63.101	0.000	-153.286
1028.000	122.772	62.974	0.000	-162.413
1030.000	122.719	63.105	0.000	-169.134
1032.000	122.847	63.816	0.000	-176.119
1034.000	122.796	63.476	0.000	-176.372
1036.000	122.689	63.208	0.000	170.738
1038.000	122.881	64.308	0.000	170.433
1040.000	122.758	63.135	0.000	166.707
1042.000	122.720	63.622	0.000	155.850
1044.000	122.847	63.740	0.000	154.426
1046.000	122.776	63.217	0.000	148.469
1048.000	122.714	62.786	0.000	140.368
1050.000	122.833	63.054	0.000	135.761
1052.000	122.797	62.058	0.000	135.519
1054.000	122.684	61.204	0.000	127.586
1056.000	122.870	61.719	0.000	128.340
1058.000	122.761	60.528	0.000	130.960
1060.000	122.714	60.505	0.000	124.561
1062.000	122.839	60.933	0.000	130.399
1064.000	122.772	60.413	0.000	128.931
1066.000	122.711	60.809	0.000	128.164
1068.000	122.823	61.657	0.000	125.779
1070.000	122.799	61.932	0.000	129.419
1072.000	122.675	62.040	0.000	119.190
1074.000	122.869	63.494	0.000	121.475
1076.000	122.750	62.621	0.000	118.037
1078.000	122.715	63.505	0.000	110.346
1080.000	122.830	63.951	0.000	108.837
1082.000	122.769	63.923	0.000	105.116
1084.000	122.703	64.177	0.000	96.988
1086.000	122.830	64.970	0.000	93.702
1088.000	122.776	64.705	0.000	90.562
1090.000	122.681	64.686	0.000	79.722
1092.000	122.866	65.746	0.000	77.347
1094.000	122.734	64.640	0.000	73.926
1096.000	122.718	65.119	0.000	62.917
1098.000	122.834	65.083	0.000	63.655
1100.000	122.744	64.611	0.000	56.810
1102.000	122.710	64.611	0.000	51.131
1104.000	122.836	65.089	0.000	46.496
1106.000	122.744	64.473	0.000	45.901
1108.000	122.704	64.565	0.000	33.820
1110.000	122.857	65.251	0.000	35.941
1112.000	122.709	63.972	0.000	28.499
1114.000	122.731	64.605	0.000	21.436
1116.000	122.833	64.279	0.000	19.250
1118.000	122.716	63.743	0.000	14.142
1120.000	122.729	63.630	0.000	6.226
1122.000	122.831	63.902	0.000	5.686
1124.000	122.713	62.843	0.000	1.458
1126.000	122.731	63.100	0.000	-6.718
1128.000	122.841	63.408	0.000	-5.457
1130.000	122.687	62.279	0.000	-11.969
1132.000	122.758	63.223	0.000	-18.201
1134.000	122.813	62.583	0.000	-18.642
1136.000	122.705	62.339	0.000	-26.866
1138.000	122.737	62.158	0.000	-33.502
1140.000	122.839	62.569	0.000	-36.286
1142.000	122.670	61.145	0.000	-42.967
1144.000	122.783	61.732	0.000	-52.742
1146.000	122.803	60.657	0.000	-52.060
1148.000	122.680	59.388	0.000	-63.576
1150.000	122.783	59.119	0.000	-66.042
1152.000	122.794	57.862	0.000	-67.630
1154.000	122.682	56.578	0.000	-71.598
1156.000	122.780	56.061	0.000	-72.702
1158.000	122.799	55.153	0.000	-67.625
1160.000	122.658	53.953	0.000	-68.311
1162.000	122.821	54.647	0.000	-63.825
1164.000	122.755	53.946	0.000	-57.610
1166.000	122.682	54.479	0.000	-61.287
1168.000	122.818	55.322	0.000	-55.961
1170.000	122.735	55.294	0.000	-58.960
1172.000	122.697	56.041	0.000	-62.156
1174.000	122.811	57.098	0.000	-66.776
1176.000	122.735	57.122	0.000	-67.984
1178.000	122.696	57.632	0.000	-82.811
1180.000	122.828	58.359	0.000	-83.103
1182.000	122.700	57.123	0.000	-94.725
1184.000	122.726	57.458	0.000	-104.307
1186.000	122.806	56.737	0.000	-109.489
1188.000	122.704	55.643	0.000	-116.523
1190.000	122.718	55.034	0.000	-125.275
1192.000	122.821	54.495	0.000	-125.750
1194.000	122.675	52.828	0.000	-131.056
1196.000	122.746	52.553	0.000	-137.151
1198.000	122.810	51.918	0.000	-133.688
1200.000	122.651	50.301	0.000	-140.840
1202.000	122.791	50.527	0.000	-139.979
1204.000	122.759	48.957	0.000	-140.116
1206.000	122.682	48.290	0.000	-141.755
1208.000	122.772	47.949	0.000	-143.359
1210.000	122.777	47.383	0.000	-138.602
1212.000	122.655	46.253	0.000	-144.511
1214.000	122.813	46.743	0.000	-140.984
1216.000	122.724	45.297	0.000	-139.665
1218.000	122.685	45.296	0.000	-143.830
1220.000	122.810	44.987	0.000	-140.087
1222.000	122.702	44.215	0.000	-141.978
1224.000	122.702	43.776	0.000	-143.903
1226.000	122.808	43.732	0.000	-141.535
1228.000	122.684	42.402	0.000	-140.505
1230.000	122.723	42.335	0.000	-141.621
1232.000	122.802	42.143	0.000	-135.054
1234.000	122.661	41.219	0.000	-134.849
1236.000	122.765	42.015	0.000	-131.453
1238.000	122.758	41.363	0.000	-127.517
1240.000	122.684	41.601	0.000	-126.473
1242.000	122.750	41.920	0.000	-125.946
1244.000	122.775	42.427	0.000	-120.885
1246.000	122.653	42.295	0.000	-125.464
1248.000	122.797	43.702	0.000	-122.554
1250.000	122.724	43.167	0.000	-123.633
1252.000	122.682	44.057	0.000	-130.427
1254.000	122.793	44.346	0.000	-131.969
1256.000	122.706	44.016	0.000	-137.490
1258.000	122.691	43.965	0.000	-145.562
1260.000	122.806	43.885	0.000	-147.263
1262.000	122.672	42.559	0.000	-151.360
1264.000	122.722	42.242	0.000	-157.447
1266.000	122.800	41.597	0.000	-153.436
1268.000	122.644	39.817	0.000	-157.432
1270.000	122.781	39.552	0.000	-152.194
1272.000	122.737	37.951	0.000	-144.885
1274.000	122.676	37.641	0.000	-135.985
1276.000	122.772	38.534	0.000	-124.730
1278.000	122.733	39.482	0.000	-114.267
1280.000	122.670	41.196	0.000	-116.603
1282.000	122.794	43.328	0.000	-113.754
1284.000	122.695	43.728	0.000	-119.831
1286.000	122.706	45.294	0.000	-128.024
1288.000	122.775	45.570	0.000	-133.444
1290.000	122.689	45.651	0.000	-140.907
1292.000	122.710	45.795	0.000	-150.882
1294.000	122.786	45.828	0.000	-152.590
1296.000	122.653	44.663	0.000	-159.851
1298.000	122.755	44.845	0.000	-164.885
1300.000	122.756	44.285	0.000	-162.345
1302.000	122.654	43.497	0.000	-169.546
1304.000	122.781	43.718	0.000	-165.762
1306.000	122.713	42.808	0.000	-166.217
1308.000	122.676	42.654	0.000	-165.080
1310.000	122.785	43.289	0.000	-163.015
1312.000	122.688	42.914	0.000	-158.693
1314.000	122.704	44.048	0.000	-163.089
1316.000	122.783	44.542	0.000	-158.312
1318.000	122.663	44.715	0.000	-165.712
1320.000	122.736	45.766	0.000	-167.383
1322.000	122.757	45.877	0.000	-170.499
1324.000	122.661	46.009	0.000	-177.185
1326.000	122.756	46.609	0.000	178.108
1328.000	122.740	46.334	0.000	176.318
1330.000	122.649	46.204	0.000	168.103
1332.000	122.805	46.912	0.000	167.276
1334.000	122.673	46.068	0.000	163.377
1336.000	122.709	46.661	0.000	157.112
1338.000	122.769	46.353	0.000	156.872
1340.000	122.667	46.130	0.000	150.900
1342.000	122.726	46.259	0.000	146.432
1344.000	122.763	46.409	0.000	145.309
1346.000	122.644	45.698	0.000	138.615
1348.000	122.780	46.491	0.000	136.255
1350.000	122.705	45.228	0.000	135.207
1352.000	122.680	45.365	0.000	128.999
1354.000	122.771	45.085	0.000	130.224
1356.000	122.688	44.638	0.000	128.339
1358.000	122.694	44.847	0.000	124.956
1360.000	122.778	45.042	0.000	127.093
1362.000	122.654	44.663	0.000	123.147
1364.000	122.740	45.601	0.000	119.597
1366.000	122.747	45.581	0.000	120.757
1368.000	122.648	45.817	0.000	110.718
1370.000	122.780	46.355	0.000	110.879
1372.000	122.694	45.869	0.000	102.878
1374.000	122.680	45.929	0.000	96.749
1376.000	122.786	46.154	0.000	91.412
1378.000	122.657	45.121	0.000	87.378
1380.000	122.733	45.208	0.000	79.089
1382.000	122.747	44.477	0.000	80.975
1384.000	122.658	43.703	0.000	74.371
1386.000	122.756	43.849	0.000	75.220
1388.000	122.714	43.392	0.000	73.819
1390.000	122.673	43.324	0.000	70.475
1392.000	122.764	43.899	0.000	68.235
1394.000	122.692	43.478	0.000	65.703
1396.000	122.689	43.737	0.000	57.344
1398.000	122.779	43.872	0.000	56.345
1400.000	122.642	43.005	0.000	47.728
1402.000	122.753	43.436	0.000	43.468
1404.000	122.726	42.454	0.000	40.176
1406.000	122.658	42.023	0.000	34.237
1408.000	122.773	41.975	0.000	29.378
1410.000	122.689	41.216	0.000	29.452
1412.000	122.688	40.921	0.000	20.079
1414.000	122.771	40.739	0.000	22.119
1416.000	122.656	39.547	0.000	14.432
1418.000	122.736	39.437	0.000	11.318
1420.000	122.734	38.642	0.000	9.037
1422.000	122.663	37.886	0.000	4.772
1424.000	122.754	37.701	0.000	2.346
1426.000	122.711	36.740	0.000	1.815
1428.000	122.662	36.103	0.000	-4.084
1430.000	122.793	36.153	0.000	-2.240
1432.000	122.646	34.767	0.000	-5.221
1434.000	122.736	34.962	0.000	-7.113
1436.000	122.740	34.067	0.000	-7.058
1438.000	122.651	33.328	0.000	-9.949
1440.000	122.767	33.253	0.000	-11.408
1442.000	122.697	32.566	0.000	-9.672
1444.000	122.679	32.067	0.000	-15.304
1446.000	122.772	31.941	0.000	-12.118
1448.000	122.655	31.024	0.000	-16.602
1450.000	122.733	31.162	0.000	-15.872
1452.000	122.732	30.464	0.000	-17.015
1454.000	122.663	29.926	0.000	-18.798
1456.000	122.751	29.854	0.000	-18.786
1458.000	122.706	29.174	0.000	-19.105
1460.000	122.670	28.714	0.000	-23.415
1462.000	122.780	28.619	0.000	-20.935
1464.000	122.649	27.705	0.000	-20.344
1466.000	122.738	28.178	0.000	-21.492
1468.000	122.725	27.397	0.000	-21.532
1470.000	122.666	26.852	0.000	-22.737
1472.000	122.754	26.943	0.000	-24.334
1474.000	122.694	26.137	0.000	-23.391
1476.000	122.697	25.960	0.000	-28.596
1478.000	122.754	25.827	0.000	-25.174
1480.000	122.665	25.062	0.000	-28.662
1482.000	122.731	25.044	0.000	-27.935
1484.000	122.727	24.640	0.000	-27.852
1486.000	122.665	24.287	0.000	-29.283
1488.000	122.760	24.375	0.000	-27.662
1490.000	122.684	23.543	0.000	-28.134
1492.000	122.699	23.326	0.000	-32.697
1494.000	122.758	23.187	0.000	-29.603
1496.000	122.650	22.557	0.000	-34.412
1498.000	122.756	22.770	0.000	-32.398
1500.000	122.700	22.344	0.000	-33.608
1502.000	122.681	21.909	0.000	-33.072
1504.000	122.762	22.038	0.000	-33.801
1506.000	122.669	21.511	0.000	-33.960
1508.000	122.722	21.682	0.000	-36.544
1510.000	122.740	21.073	0.000	-31.101
1512.000	122.657	20.748	0.000	-36.887
1514.000	122.759	20.865	0.000	-38.607
1516.000	122.695	20.004	0.000	-36.701
1518.000	122.683	19.795	0.000	-36.040
1520.000	122.772	19.820	0.000	-35.093
1522.000	122.645	19.182	0.000	-37.998
1524.000	122.755	19.485	0.000	-37.046
1526.000	122.702	18.908	0.000	-32.814
1528.000	122.694	19.275	0.000	-36.030
1530.000	122.744	18.753	0.000	-30.445
1532.000	122.687	18.130	0.000	-35.447
1534.000	122.710	17.639	0.000	-37.819
1536.000	122.746	17.697	0.000	-39.797
1538.000	122.658	17.244	0.000	-43.652
1540.000	122.761	17.475	0.000	-38.045
1542.000	122.689	16.972	0.000	-43.105
1544.000	122.697	16.869	0.000	-37.700
1546.000	122.754	16.535	0.000	-34.928
1548.000	122.658	15.789	0.000	-34.915
1550.000	122.748	16.538	0.000	-41.355
1552.000	122.709	16.230	0.000	-36.077
1554.000	122.679	16.472	0.000	-37.457
1556.000	122.766	16.467	0.000	-38.101
1558.000	122.664	15.967	0.000	-41.910
1560.000	122.733	15.794	0.000	-33.575
1562.000	122.727	15.310	0.000	-35.948
1564.000	122.668	15.825	0.000	-36.360
1566.000	122.761	15.196	0.000	-33.900
1568.000	122.681	14.880	0.000	-34.593
1570.000	122.712	15.456	0.000	-38.102
1572.000	122.748	14.975	0.000	-32.441
1574.000	122.659	14.563	0.000	-34.054
1576.000	122.759	15.901	0.000	-34.675
1578.000	122.689	15.646	0.000	-35.039
1580.000	122.701	15.044	0.000	-37.486
1582.000	122.751	14.428	0.000	-35.091
1584.000	122.665	13.770	0.000	-31.651
1586.000	122.749	14.373	0.000	-36.009
1588.000	122.706	13.646	0.000	-33.841
1590.000	122.688	14.175	0.000	-36.224
1592.000	122.758	14.328	0.000	-29.176
1594.000	122.667	14.008	0.000	-35.727
1596.000	122.739	14.181	0.000	-35.925
1598.000	122.721	14.580	0.000	-34.528
1600.000	122.681	13.932	0.000	-41.858
1602.000	122.760	13.836	0.000	-36.055
1604.000	122.674	13.457	0.000	-28.996
1606.000	122.731	14.147	0.000	-37.331
1608.000	122.727	13.752	0.000	-38.983
1610.000	122.676	13.528	0.000	-37.300
1612.000	122.757	14.400	0.000	-31.543
1614.000	122.690	13.046	0.000	-33.835
1616.000	122.708	12.729	0.000	-41.810
1618.000	122.755	12.875	0.000	-30.979
1620.000	122.655	12.548	0.000	-28.826
1622.000	122.773	13.265	0.000	-38.877
1624.000	122.679	13.325	0.000	-34.552
1626.000	122.715	12.800	0.000	-29.964
1628.000	122.748	12.037	0.000	-21.601
1630.000	122.667	12.231	0.000	-23.268
1632.000	122.757	12.961	0.000	-28.980
1634.000	122.699	12.650	0.000	-26.945
1636.000	122.700	12.953	0.000	-32.863
1638.000	122.758	12.469	0.000	-35.468
1640.000	122.659	12.368	0.000	-36.074
1642.000	122.763	13.487	0.000	-25.948
1644.000	122.694	11.857	0.000	-21.167
1646.000	122.707	11.465	0.000	-32.227
1648.000	122.756	12.810	0.000	-31.977
1650.000	122.672	12.603	0.000	-31.155
1652.000	122.749	12.657	0.000	-29.118
1654.000	122.708	11.830	0.000	-24.148
1656.000	122.694	12.339	0.000	-15.995
1658.000	122.764	13.072	0.000	-10.089
1660.000	122.661	13.390	0.000	-14.276
1662.000	122.763	12.986	0.000	-20.996
1664.000	122.700	12.987	0.000	-24.800
1666.000	122.704	12.431	0.000	-26.159
1668.000	122.751	12.905	0.000	-10.056
1670.000	122.677	13.780	0.000	-7.123
1672.000	122.745	14.506	0.000	-16.948
1674.000	122.714	13.869	0.000	-17.309
1676.000	122.697	13.959	0.000	-16.685
1678.000	122.763	14.129	0.000	-12.660
1680.000	122.663	13.558	0.000	-10.478
1682.000	122.762	14.504	0.000	-2.601
1684.000	122.706	14.396	0.000	-11.197
1686.000	122.694	14.454	0.000	-17.617
1688.000	122.776	14.642	0.000	-20.449
1690.000	122.657	14.859	0.000	-18.501
1692.000	122.772	15.655	0.000	-17.219
1694.000	122.690	15.796	0.000	-21.024
1696.000	122.724	15.850	0.000	-15.648
1698.000	122.737	15.806	0.000	-12.467
1700.000	122.691	15.802	0.000	-15.643
1702.000	122.743	15.697	0.000	-16.665
1704.000	122.714	16.558	0.000	-14.138
1706.000	122.701	16.249	0.000	-23.142
1708.000	122.763	16.160	0.000	-23.861
1710.000	122.666	16.683	0.000	-28.420
1712.000	122.772	16.944	0.000	-26.935
1714.000	122.687	15.816	0.000	-25.246
1716.000	122.726	16.945	0.000	-32.405
1718.000	122.742	17.075	0.000	-26.808
1720.000	122.682	17.257	0.000	-31.885
1722.000	122.763	17.573	0.000	-30.449
1724.000	122.697	16.605	0.000	-34.054
1726.000	122.719	17.142	0.000	-35.040
1728.000	122.752	17.351	0.000	-36.031
1730.000	122.671	17.039	0.000	-42.053
1732.000	122.776	17.231	0.000	-38.329
1734.000	122.675	17.372	0.000	-40.046
1736.000	122.754	17.746	0.000	-39.985
1738.000	122.714	17.039	0.000	-40.622
1740.000	122.709	17.773	0.000	-44.233
1742.000	122.750	17.750	0.000	-40.146
1744.000	122.690	17.569	0.000	-45.747
1746.000	122.741	17.754	0.000	-47.716
1748.000	122.725	17.715	0.000	-50.090
1750.000	122.702	17.806	0.000	-58.021
1752.000	122.760	17.956	0.000	-51.120
1754.000	122.681	18.170	0.000	-52.935
1756.000	122.754	18.218	0.000	-51.068
1758.000	122.714	17.742	0.000	-49.307
1760.000	122.704	17.915	0.000	-52.624
1762.000	122.766	18.318	0.000	-48.112
1764.000	122.673	18.313	0.000	-50.737
1766.000	122.774	18.824	0.000	-54.227
1768.000	122.682	17.634	0.000	-54.789
1770.000	122.748	17.611	0.000	-55.134
1772.000	122.725	17.513	0.000	-55.133
1774.000	122.701	18.533	0.000	-54.623
1776.000	122.763	18.986	0.000	-57.804
1778.000	122.691	18.852	0.000	-60.289
1780.000	122.744	18.775	0.000	-58.096
1782.000	122.731	17.505	0.000	-54.411
1784.000	122.694	18.051	0.000	-62.816
1786.000	122.771	18.488	0.000	-64.989
1788.000	122.674	18.555	0.000	-64.135
1790.000	122.767	19.352	0.000	-63.935
1792.000	122.700	19.117	0.000	-65.339
1794.000	122.731	19.030	0.000	-66.365
1796.000	122.739	19.036	0.000	-60.811
1798.000	122.707	18.778	0.000	-61.439
1800.000	122.743	18.820	0.000	-60.742
1802.000	122.717	18.902	0.000	-62.649
1804.000	122.720	19.171	0.000	-65.942
1806.000	122.750	19.387	0.000	-65.696
1808.000	122.684	19.264	0.000	-64.220
1810.000	122.779	19.159	0.000	-65.087
1812.000	122.679	19.616	0.000	-69.119
1814.000	122.756	19.848	0.000	-68.206
1816.000	122.719	19.585	0.000	-67.374
1818.000	122.709	20.184	0.000	-66.984
1820.000	122.765	19.637	0.000	-66.192
1822.000	122.677	19.521	0.000	-69.984
1824.000	122.776	20.313	0.000	-70.383
1826.000	122.686	20.168	0.000	-71.053
1828.000	122.756	20.772	0.000	-72.173
1830.000	122.716	20.196	0.000	-75.167
1832.000	122.719	20.283	0.000	-75.184
1834.000	122.753	20.702	0.000	-72.501
1836.000	122.704	20.854	0.000	-75.141
1838.000	122.744	20.981	0.000	-74.031
1840.000	122.727	20.362	0.000	-76.622
1842.000	122.711	21.038	0.000	-78.109
1844.000	122.761	21.196	0.000	-74.911
1846.000	122.684	21.289	0.000	-73.553
1848.000	122.769	21.885	0.000	-73.876
1850.000	122.700	21.510	0.000	-75.423
1852.000	122.740	22.288	0.000	-77.954
1854.000	122.738	21.836	0.000	-76.486
1856.000	122.703	21.997	0.000	-77.689
1858.000	122.766	22.138	0.000	-79.758
1860.000	122.687	22.283	0.000	-81.407
1862.000	122.766	22.421	0.000	-81.530
1864.000	122.700	22.526	0.000	-79.522
1866.000	122.748	23.017	0.000	-81.182
1868.000	122.729	22.875	0.000	-82.171
1870.000	122.716	22.930	0.000	-83.786
1872.000	122.750	22.887	0.000	-79.834
1874.000	122.706	23.064	0.000	-80.843
1876.000	122.746	23.213	0.000	-83.356
1878.000	122.727	23.323	0.000	-82.577
1880.000	122.716	23.758	0.000	-83.465
1882.000	122.755	23.899	0.000	-81.416
1884.000	122.704	24.004	0.000	-81.044
1886.000	122.748	24.288	0.000	-82.468
1888.000	122.724	24.299	0.000	-83.297
1890.000	122.719	24.705	0.000	-82.429
1892.000	122.762	24.880	0.000	-81.387
1894.000	122.691	25.106	0.000	-84.722
1896.000	122.778	25.291	0.000	-83.518
1898.000	122.679	25.680	0.000	-86.962
1900.000	122.778	26.088	0.000	-84.852
1902.000	122.700	26.275	0.000	-84.941
1904.000	122.742	26.328	0.000	-85.246
1906.000	122.741	26.345	0.000	-86.187
1908.000	122.700	26.604	0.000	-87.547
1910.000	122.782	27.203	0.000	-88.724
1912.000	122.674	27.389	0.000	-89.128
1914.000	122.782	27.978	0.000	-88.525
1916.000	122.693	27.880	0.000	-89.019
1918.000	122.751	28.520	0.000	-91.937
1920.000	122.732	28.809	0.000	-89.878
1922.000	122.713	29.164	0.000	-93.376
1924.000	122.760	29.542	0.000	-91.956
1926.000	122.700	29.720	0.000	-97.338
1928.000	122.762	30.138	0.000	-97.859
1930.000	122.704	30.153	0.000	-98.865
1932.000	122.747	30.539	0.000	-101.631
1934.000	122.729	30.674	0.000	-102.901
1936.000	122.724	31.008	0.000	-106.426
1938.000	122.752	31.247	0.000	-104.852
1940.000	122.707	31.156	0.000	-109.010
1942.000	122.752	31.369	0.000	-108.335
1944.000	122.718	31.287	0.000	-110.239
1946.000	122.734	31.605	0.000	-110.870
1948.000	122.740	31.887	0.000	-110.080
1950.000	122.714	32.190	0.000	-113.583
1952.000	122.755	32.700	0.000	-109.514
1954.000	122.711	32.756	0.000	-113.255
1956.000	122.745	33.300	0.000	-113.162
1958.000	122.726	33.420	0.000	-115.541
1960.000	122.725	34.012	0.000	-117.504
1962.000	122.751	34.175	0.000	-117.339
1964.000	122.706	34.541	0.000	-120.670
1966.000	122.761	34.916	0.000	-119.264
1968.000	122.704	35.228	0.000	-124.178
1970.000	122.755	35.673	0.000	-122.541
1972.000	122.720	35.853	0.000	-126.066
1974.000	122.734	36.392	0.000	-126.154
1976.000	122.738	36.556	0.000	-128.569
1978.000	122.717	37.201	0.000	-131.212
1980.000	122.757	37.445	0.000	-132.371
1982.000	122.702	37.849	0.000	-136.360
1984.000	122.758	38.374	0.000	-137.879
1986.000	122.709	38.363	0.000	-141.361
1988.000	122.741	39.198	0.000	-144.599
1990.000	122.738	39.025	0.000	-146.568
1992.000	122.717	39.653	0.000	-150.930
1994.000	122.753	39.590	0.000	-152.597
1996.000	122.707	40.198	0.000	-157.053
1998.000	122.754	40.251	0.000	-159.068
2000.000	122.716	40.513	0.000	-162.531
