2000.000	122.839	10.859	0.000	6.713
2.000	122.892	10.650	0.000	16.441
4.000	123.110	11.132	0.000	-41.260
6.000	123.130	10.934	0.000	-5.063
8.000	122.972	11.442	0.000	6.894
10.000	122.830	11.509	0.000	55.386
12.000	122.933	10.979	0.000	28.732
14.000	123.200	10.974	0.000	-35.534
16.000	123.122	11.127	0.000	-60.465
18.000	122.786	10.956	0.000	-37.337
20.000	122.884	12.140	0.000	-16.967
22.000	123.161	11.824	0.000	-40.646
24.000	123.090	11.423	0.000	-50.374
26.000	122.949	10.956	0.000	-46.416
28.000	122.912	11.239	0.000	-46.167
30.000	122.911	11.650	0.000	-41.295
32.000	123.115	12.581	0.000	-37.817
34.000	123.179	11.863	0.000	-40.087
36.000	122.849	11.557	0.000	-23.052
38.000	122.804	11.381	0.000	-48.597
40.000	123.147	12.228	0.000	-69.569
42.000	123.164	13.219	0.000	-53.479
44.000	122.925	11.274	0.000	-39.106
46.000	122.858	10.657	0.000	-76.663
48.000	122.970	12.193	0.000	-116.439
50.000	123.136	12.125	0.000	-106.046
52.000	123.101	11.592	0.000	-66.947
54.000	122.859	10.813	0.000	-74.820
56.000	122.875	11.335	0.000	-109.804
58.000	123.094	11.257	0.000	-111.273
60.000	123.123	11.396	0.000	-99.449
62.000	122.994	11.989	0.000	-128.962
64.000	122.840	11.501	0.000	-126.642
66.000	122.921	11.387	0.000	-117.321
68.000	123.212	10.378	0.000	-125.297
70.000	123.106	11.481	0.000	-100.337
72.000	122.767	12.028	0.000	-134.776
74.000	122.936	11.536	0.000	-103.704
76.000	123.164	10.699	0.000	-114.075
78.000	123.047	10.482	0.000	-133.388
80.000	122.959	11.643	0.000	-134.058
82.000	122.898	11.081	0.000	-27.855
84.000	122.932	10.835	0.000	-31.431
86.000	123.186	11.510	0.000	-99.102
88.000	123.095	11.115	0.000	159.412
90.000	122.767	11.079	0.000	-130.741
92.000	122.938	11.607	0.000	-125.467
94.000	123.187	10.879	0.000	-24.594
96.000	123.066	10.329	0.000	-25.398
98.000	122.890	11.275	0.000	-39.366
100.000	122.874	11.536	0.000	-57.953
102.000	123.057	12.059	0.000	-52.998
104.000	123.170	11.520	0.000	-31.544
106.000	122.950	11.593	0.000	-23.786
108.000	122.834	11.945	0.000	-36.090
110.000	123.016	11.927	0.000	-74.082
112.000	123.110	12.664	0.000	-64.553
114.000	123.069	12.597	0.000	-50.596
116.000	122.889	12.093	0.000	-50.239
118.000	122.834	12.309	0.000	-71.482
120.000	123.162	13.031	0.000	-72.518
122.000	123.176	13.552	0.000	-69.557
124.000	122.807	12.428	0.000	-69.104
126.000	122.890	12.501	0.000	-73.014
128.000	123.125	13.029	0.000	-66.497
130.000	123.064	12.581	0.000	-74.368
132.000	122.991	13.217	0.000	-81.928
134.000	122.882	13.661	0.000	-96.167
136.000	122.922	14.001	0.000	-102.461
138.000	123.186	15.220	0.000	-95.271
140.000	123.074	14.187	0.000	-89.778
142.000	122.791	13.846	0.000	-106.576
144.000	122.944	14.344	0.000	-111.217
146.000	123.151	14.789	0.000	-100.791
148.000	123.079	14.816	0.000	-111.481
150.000	122.876	15.164	0.000	-126.467
152.000	122.865	14.973	0.000	-125.180
154.000	123.114	16.642	0.000	-128.981
156.000	123.127	15.893	0.000	-123.524
158.000	122.897	15.262	0.000	-117.232
160.000	122.888	15.468	0.000	-124.462
162.000	123.014	15.747	0.000	-132.517
164.000	123.118	16.433	0.000	-134.256
166.000	123.049	15.980	0.000	-133.716
168.000	122.798	15.025	0.000	-142.091
170.000	122.948	15.884	0.000	-146.676
172.000	123.227	16.207	0.000	-144.133
174.000	123.005	15.750	0.000	-143.816
176.000	122.806	15.266	0.000	-161.352
178.000	122.991	16.498	0.000	-162.147
180.000	123.106	16.874	0.000	-160.893
182.000	123.053	15.783	0.000	-161.974
184.000	122.907	15.823	0.000	-158.880
186.000	122.871	15.858	0.000	-169.259
188.000	123.084	16.246	0.000	-172.809
190.000	123.138	16.824	0.000	-167.750
192.000	122.905	15.707	0.000	-163.221
194.000	122.830	15.243	0.000	178.946
196.000	123.076	16.982	0.000	-177.375
198.000	123.165	16.311	0.000	-173.302
200.000	122.905	14.495	0.000	-179.212
202.000	122.835	15.051	0.000	175.682
204.000	123.069	15.689	0.000	178.412
206.000	123.111	16.547	0.000	176.441
208.000	122.966	16.082	0.000	176.722
210.000	122.869	15.585	0.000	172.985
212.000	122.958	16.622	0.000	167.808
214.000	123.143	16.993	0.000	169.158
216.000	123.042	16.724	0.000	177.691
218.000	122.811	16.220	0.000	166.834
220.000	122.945	16.000	0.000	155.707
222.000	123.168	16.825	0.000	159.823
224.000	123.038	16.225	0.000	165.729
226.000	122.810	15.342	0.000	152.836
228.000	122.956	16.822	0.000	153.537
230.000	123.142	16.502	0.000	160.445
232.000	123.014	15.490	0.000	153.678
234.000	122.889	16.221	0.000	158.143
236.000	122.914	16.352	0.000	149.981
238.000	123.056	16.498	0.000	143.736
240.000	123.138	16.692	0.000	149.483
242.000	122.869	15.741	0.000	148.837
244.000	122.832	16.209	0.000	141.415
246.000	123.164	17.472	0.000	145.519
248.000	123.082	16.869	0.000	144.318
250.000	122.847	16.041	0.000	133.453
252.000	122.914	16.535	0.000	130.569
254.000	123.061	16.692	0.000	135.832
256.000	123.102	16.925	0.000	134.461
258.000	122.905	16.633	0.000	135.446
260.000	122.854	16.691	0.000	127.210
262.000	123.075	17.069	0.000	129.466
264.000	123.094	16.247	0.000	129.761
266.000	122.936	15.889	0.000	133.948
268.000	122.831	16.526	0.000	125.601
270.000	123.038	17.303	0.000	123.757
272.000	123.184	17.350	0.000	130.288
274.000	122.859	16.332	0.000	124.620
276.000	122.848	17.029	0.000	114.026
278.000	123.117	17.631	0.000	119.624
280.000	123.038	17.228	0.000	119.346
282.000	122.952	17.566	0.000	115.546
284.000	122.874	17.183	0.000	115.203
286.000	122.975	17.722	0.000	113.979
288.000	123.178	19.115	0.000	119.328
290.000	122.918	18.823	0.000	118.149
292.000	122.807	19.277	0.000	104.217
294.000	123.083	21.212	0.000	100.493
296.000	123.102	21.307	0.000	108.088
298.000	122.914	20.934	0.000	95.852
300.000	122.841	22.441	0.000	80.417
302.000	123.052	23.773	0.000	77.095
304.000	123.113	24.402	0.000	67.498
306.000	122.892	24.205	0.000	49.214
308.000	122.883	24.207	0.000	25.832
310.000	123.012	24.700	0.000	0.435
312.000	123.101	24.777	0.000	-22.236
314.000	122.959	23.534	0.000	-55.774
316.000	122.788	24.389	0.000	-104.357
318.000	123.078	27.150	0.000	-133.211
320.000	123.138	28.724	0.000	-152.371
322.000	122.842	29.540	0.000	176.416
324.000	122.886	32.484	0.000	143.851
326.000	123.066	34.587	0.000	128.311
328.000	123.060	35.180	0.000	109.231
330.000	122.911	35.980	0.000	83.788
332.000	122.862	36.677	0.000	62.260
334.000	123.041	37.485	0.000	38.382
336.000	123.103	38.162	0.000	25.116
338.000	122.888	36.889	0.000	10.159
340.000	122.830	36.676	0.000	-20.885
342.000	123.112	37.958	0.000	-31.514
344.000	123.079	36.829	0.000	-39.737
346.000	122.817	35.554	0.000	-64.972
348.000	122.926	36.201	0.000	-82.764
350.000	123.076	36.276	0.000	-95.609
352.000	123.030	35.929	0.000	-111.052
354.000	122.874	35.284	0.000	-130.801
356.000	122.884	35.534	0.000	-155.063
358.000	123.098	35.960	0.000	-173.134
360.000	123.036	35.072	0.000	170.046
362.000	122.837	33.585	0.000	146.382
364.000	122.902	33.206	0.000	116.857
366.000	123.127	33.116	0.000	100.923
368.000	123.016	30.865	0.000	87.924
370.000	122.775	27.889	0.000	58.398
372.000	123.012	26.837	0.000	43.381
374.000	123.087	24.714	0.000	40.167
376.000	122.935	21.470	0.000	27.500
378.000	122.890	19.279	0.000	26.392
380.000	122.916	17.188	0.000	23.135
382.000	123.132	14.697	0.000	37.666
384.000	122.964	12.954	0.000	101.569
386.000	122.775	16.768	0.000	105.580
388.000	123.065	21.906	0.000	104.733
390.000	123.078	23.081	0.000	103.553
392.000	122.886	23.678	0.000	87.879
394.000	122.853	25.496	0.000	71.949
396.000	123.046	26.913	0.000	64.013
398.000	123.070	27.414	0.000	57.328
400.000	122.850	27.636	0.000	45.473
402.000	122.900	28.779	0.000	33.094
404.000	123.033	29.702	0.000	25.810
406.000	123.058	29.754	0.000	24.284
408.000	122.855	29.260	0.000	17.371
410.000	122.854	30.879	0.000	3.481
412.000	123.153	32.883	0.000	0.845
414.000	122.971	32.673	0.000	-4.252
416.000	122.803	33.125	0.000	-29.016
418.000	122.991	34.868	0.000	-41.138
420.000	123.056	34.590	0.000	-50.217
422.000	122.954	33.834	0.000	-69.228
424.000	122.837	33.250	0.000	-85.629
426.000	122.968	32.317	0.000	-102.860
428.000	123.092	31.652	0.000	-114.109
430.000	122.918	28.944	0.000	-117.066
432.000	122.802	25.793	0.000	-134.413
434.000	123.060	24.893	0.000	-138.509
436.000	123.073	21.868	0.000	-127.827
438.000	122.812	16.853	0.000	-109.160
440.000	122.914	19.849	0.000	-50.967
442.000	123.053	25.075	0.000	-43.078
444.000	122.999	28.486	0.000	-52.630
446.000	122.846	30.669	0.000	-70.370
448.000	122.905	33.262	0.000	-92.382
450.000	123.090	34.931	0.000	-106.735
452.000	122.962	34.848	0.000	-123.277
454.000	122.814	34.502	0.000	-149.305
456.000	122.958	35.398	0.000	-174.043
458.000	123.119	35.272	0.000	173.404
460.000	122.867	32.622	0.000	153.962
462.000	122.831	31.367	0.000	119.020
464.000	123.079	30.365	0.000	103.680
466.000	122.978	26.811	0.000	79.877
468.000	122.897	23.111	0.000	44.493
470.000	122.858	19.720	0.000	8.028
472.000	123.046	18.094	0.000	-61.590
474.000	123.043	19.007	0.000	-90.893
476.000	122.767	18.594	0.000	-127.752
478.000	122.966	20.795	0.000	-154.767
480.000	123.080	21.101	0.000	-154.428
482.000	122.906	19.716	0.000	-162.632
484.000	122.820	20.161	0.000	178.355
486.000	123.014	20.513	0.000	174.865
488.000	123.044	19.597	0.000	177.842
490.000	122.849	18.828	0.000	171.336
492.000	122.882	18.996	0.000	162.472
494.000	123.012	19.463	0.000	157.968
496.000	123.035	19.096	0.000	155.217
498.000	122.803	17.764	0.000	142.585
500.000	122.904	18.221	0.000	137.607
502.000	123.114	18.747	0.000	150.078
504.000	122.890	16.870	0.000	148.237
506.000	122.821	15.965	0.000	135.261
508.000	123.010	17.276	0.000	137.150
510.000	123.022	17.019	0.000	137.469
512.000	122.864	17.205	0.000	133.018
514.000	122.864	17.174	0.000	124.073
516.000	123.011	16.506	0.000	122.463
518.000	123.030	16.853	0.000	125.465
520.000	122.788	15.937	0.000	118.586
522.000	122.918	15.470	0.000	118.144
524.000	123.104	15.546	0.000	128.815
526.000	122.862	15.261	0.000	121.502
528.000	122.845	15.394	0.000	111.815
530.000	122.990	15.113	0.000	113.141
532.000	123.024	14.750	0.000	117.541
534.000	122.842	14.152	0.000	110.989
536.000	122.870	14.218	0.000	100.294
538.000	123.039	14.392	0.000	98.928
540.000	122.966	14.061	0.000	105.320
542.000	122.808	13.163	0.000	98.572
544.000	122.920	14.440	0.000	95.370
546.000	123.106	14.694	0.000	98.499
548.000	122.821	13.617	0.000	105.978
550.000	122.859	12.481	0.000	87.155
552.000	123.032	12.823	0.000	85.888
554.000	122.955	12.048	0.000	99.562
556.000	122.855	13.271	0.000	92.592
558.000	122.865	13.231	0.000	85.909
560.000	123.067	12.664	0.000	80.121
562.000	122.917	12.760	0.000	86.716
564.000	122.786	12.331	0.000	76.169
566.000	123.001	13.261	0.000	79.376
568.000	123.028	13.510	0.000	81.595
570.000	122.799	12.235	0.000	68.294
572.000	122.893	12.919	0.000	71.551
574.000	123.032	12.917	0.000	76.017
576.000	122.921	11.600	0.000	64.074
578.000	122.820	10.918	0.000	72.221
580.000	122.932	12.756	0.000	76.265
582.000	123.044	12.785	0.000	66.130
584.000	122.844	12.057	0.000	78.533
586.000	122.826	11.678	0.000	85.538
588.000	123.042	11.998	0.000	58.845
590.000	122.960	12.156	0.000	50.349
592.000	122.764	11.955	0.000	39.973
594.000	122.981	13.301	0.000	42.836
596.000	122.993	12.872	0.000	52.580
598.000	122.868	12.788	0.000	59.634
600.000	122.839	11.904	0.000	45.689
602.000	122.978	11.046	0.000	40.372
604.000	123.012	10.482	0.000	33.790
606.000	122.753	11.243	0.000	30.602
608.000	122.945	11.733	0.000	32.569
610.000	123.029	11.083	0.000	43.072
612.000	122.844	10.819	0.000	24.316
614.000	122.826	11.663	0.000	31.270
616.000	123.014	12.023	0.000	25.472
618.000	122.943	11.199	0.000	-4.470
620.000	122.809	10.281	0.000	-19.628
622.000	122.903	11.255	0.000	9.722
624.000	123.015	11.086	0.000	28.067
626.000	122.882	11.771	0.000	21.732
628.000	122.781	10.321	0.000	-7.449
630.000	123.036	10.648	0.000	-4.133
632.000	122.946	11.309	0.000	-0.499
634.000	122.774	11.933	0.000	-12.621
636.000	122.938	11.851	0.000	12.954
638.000	122.997	11.305	0.000	8.092
640.000	122.847	10.355	0.000	3.020
642.000	122.835	9.879	0.000	-8.826
644.000	122.967	11.066	0.000	-16.597
646.000	122.986	10.866	0.000	-23.629
648.000	122.748	10.223	0.000	-29.787
650.000	122.941	11.056	0.000	-20.295
652.000	123.020	11.033	0.000	-2.700
654.000	122.805	12.076	0.000	-33.319
656.000	122.848	12.052	0.000	-11.225
658.000	122.993	11.358	0.000	-29.151
660.000	122.923	11.147	0.000	-86.550
662.000	122.784	11.082	0.000	-66.455
664.000	122.933	9.336	0.000	-59.760
666.000	122.984	10.338	0.000	-79.767
668.000	122.838	11.210	0.000	-13.576
670.000	122.802	10.808	0.000	24.546
672.000	123.057	10.807	0.000	-61.969
674.000	122.861	9.710	0.000	-88.959
676.000	122.796	10.124	0.000	-52.704
678.000	122.964	10.786	0.000	-35.535
680.000	122.945	10.673	0.000	-46.342
682.000	122.814	11.273	0.000	-79.118
684.000	122.854	10.769	0.000	-60.547
686.000	123.001	10.248	0.000	-83.064
688.000	122.875	10.123	0.000	-62.028
690.000	122.765	9.866	0.000	-72.070
692.000	123.006	9.909	0.000	-82.514
694.000	122.928	9.518	0.000	-76.007
696.000	122.769	10.222	0.000	-120.234
698.000	122.922	10.919	0.000	-129.604
700.000	122.964	11.197	0.000	-106.495
702.000	122.836	11.566	0.000	-78.892
704.000	122.813	11.706	0.000	-91.385
706.000	122.990	10.675	0.000	-104.096
708.000	122.894	11.283	0.000	-122.477
710.000	122.774	11.431	0.000	-116.079
712.000	122.928	10.216	0.000	-111.638
714.000	122.995	9.911	0.000	-88.698
716.000	122.738	10.998	0.000	-110.462
718.000	122.919	10.528	0.000	-144.867
720.000	122.945	10.562	0.000	-141.009
722.000	122.860	11.179	0.000	-133.557
724.000	122.789	11.038	0.000	-143.343
726.000	122.966	10.446	0.000	-125.072
728.000	122.927	9.808	0.000	-118.442
730.000	122.751	10.142	0.000	-116.815
732.000	122.918	10.793	0.000	-132.770
734.000	122.977	10.052	0.000	-148.725
736.000	122.764	10.719	0.000	-169.876
738.000	122.868	11.824	0.000	-147.189
740.000	122.965	11.450	0.000	-127.915
742.000	122.848	11.451	0.000	-132.764
744.000	122.789	10.935	0.000	-159.894
746.000	122.945	9.828	0.000	-147.363
748.000	122.928	10.766	0.000	-152.649
750.000	122.753	10.407	0.000	-166.824
752.000	122.896	11.653	0.000	-148.804
754.000	122.980	11.080	0.000	-136.891
756.000	122.759	11.291	0.000	-145.174
758.000	122.861	11.812	0.000	-171.808
760.000	122.964	11.578	0.000	-179.174
762.000	122.831	10.491	0.000	176.007
764.000	122.798	11.421	0.000	-179.740
766.000	122.923	11.553	0.000	178.814
768.000	122.943	11.314	0.000	-179.169
770.000	122.722	11.514	0.000	156.427
772.000	122.926	10.915	0.000	147.954
774.000	122.941	10.279	0.000	151.123
776.000	122.768	10.810	0.000	145.107
778.000	122.845	11.455	0.000	149.704
780.000	122.966	10.834	0.000	128.245
782.000	122.811	9.601	0.000	116.267
784.000	122.798	11.230	0.000	103.326
786.000	122.931	12.183	0.000	77.066
788.000	122.905	12.686	0.000	47.983
790.000	122.731	12.606	0.000	17.828
792.000	122.926	13.695	0.000	32.400
794.000	122.930	14.122	0.000	26.543
796.000	122.740	14.618	0.000	10.786
798.000	122.882	17.092	0.000	12.091
800.000	122.934	18.049	0.000	11.528
802.000	122.798	20.237	0.000	-0.176
804.000	122.801	22.229	0.000	-8.523
806.000	122.944	24.896	0.000	-13.493
808.000	122.865	25.778	0.000	-10.784
810.000	122.732	27.997	0.000	-29.080
812.000	122.964	31.136	0.000	-27.564
814.000	122.868	32.122	0.000	-32.726
816.000	122.750	34.977	0.000	-46.752
818.000	122.895	37.790	0.000	-52.987
820.000	122.916	40.047	0.000	-62.405
822.000	122.765	42.184	0.000	-78.661
824.000	122.831	45.237	0.000	-97.527
826.000	122.944	47.380	0.000	-111.791
828.000	122.802	48.108	0.000	-132.160
830.000	122.770	49.561	0.000	-161.744
832.000	122.970	50.970	0.000	-176.405
834.000	122.814	49.777	0.000	166.111
836.000	122.760	49.737	0.000	136.743
838.000	122.936	49.448	0.000	128.220
840.000	122.848	47.495	0.000	113.932
842.000	122.772	46.326	0.000	104.146
844.000	122.853	45.438	0.000	98.122
846.000	122.943	45.246	0.000	102.171
848.000	122.723	44.194	0.000	102.291
850.000	122.860	46.545	0.000	101.114
852.000	122.933	47.632	0.000	106.752
854.000	122.759	48.869	0.000	93.854
856.000	122.805	51.419	0.000	83.635
858.000	122.940	52.697	0.000	73.643
860.000	122.790	53.240	0.000	57.784
862.000	122.782	53.942	0.000	38.922
864.000	122.901	54.918	0.000	25.457
866.000	122.869	54.482	0.000	15.551
868.000	122.711	53.953	0.000	-5.914
870.000	122.932	54.692	0.000	-17.780
872.000	122.862	53.379	0.000	-23.879
874.000	122.732	51.892	0.000	-41.411
876.000	122.879	52.023	0.000	-44.415
878.000	122.886	50.703	0.000	-44.515
880.000	122.752	50.569	0.000	-48.496
882.000	122.822	51.132	0.000	-50.366
884.000	122.920	52.738	0.000	-51.158
886.000	122.765	52.662	0.000	-55.195
888.000	122.784	55.016	0.000	-72.353
890.000	122.953	55.997	0.000	-72.881
892.000	122.754	55.590	0.000	-92.722
894.000	122.785	56.674	0.000	-108.217
896.000	122.909	56.831	0.000	-119.600
898.000	122.811	56.093	0.000	-131.869
900.000	122.750	55.627	0.000	-149.297
902.000	122.890	55.620	0.000	-159.194
904.000	122.856	54.579	0.000	-166.494
906.000	122.711	53.072	0.000	-179.974
908.000	122.899	53.366	0.000	172.699
910.000	122.866	52.011	0.000	175.009
912.000	122.717	51.071	0.000	163.662
914.000	122.869	51.817	0.000	164.348
916.000	122.867	51.390	0.000	161.760
918.000	122.745	51.672	0.000	153.807
920.000	122.812	52.332	0.000	144.784
922.000	122.905	53.143	0.000	138.191
924.000	122.744	52.240	0.000	128.597
926.000	122.791	52.833	0.000	108.388
928.000	122.925	52.573	0.000	107.450
930.000	122.736	50.302	0.000	92.105
932.000	122.791	49.980	0.000	83.696
934.000	122.893	48.665	0.000	82.266
936.000	122.778	47.401	0.000	80.797
938.000	122.758	46.910	0.000	77.631
940.000	122.884	47.582	0.000	80.296
942.000	122.816	47.323	0.000	79.855
944.000	122.713	47.919	0.000	68.761
946.000	122.914	49.427	0.000	63.358
948.000	122.800	48.563	0.000	58.007
950.000	122.732	48.393	0.000	37.016
952.000	122.876	48.346	0.000	33.415
954.000	122.822	46.411	0.000	23.632
956.000	122.734	45.165	0.000	16.562
958.000	122.835	44.062	0.000	11.599
960.000	122.873	43.291	0.000	15.723
962.000	122.696	41.152	0.000	12.407
964.000	122.859	41.564	0.000	13.850
966.000	122.854	40.095	0.000	24.002
968.000	122.720	39.350	0.000	26.407
970.000	122.820	40.471	0.000	37.203
972.000	122.869	41.616	0.000	45.122
974.000	122.722	43.081	0.000	44.795
976.000	122.806	45.443	0.000	40.821
978.000	122.868	47.115	0.000	38.498
980.000	122.742	47.681	0.000	28.443
982.000	122.770	49.601	0.000	13.340
984.000	122.910	50.383	0.000	10.775
986.000	122.708	49.683	0.000	-4.982
988.000	122.797	50.807	0.000	-16.541
990.000	122.862	50.385	0.000	-20.644
992.000	122.752	49.788	0.000	-31.443
994.000	122.756	49.697	0.000	-37.974
996.000	122.877	50.234	0.000	-41.463
998.000	122.763	49.689	0.000	-41.286
1000.000	122.728	50.621	0.000	-53.914
1002.000	122.911	51.731	0.000	-49.999
1004.000	122.730	51.156	0.000	-61.024
1006.000	122.758	52.517	0.000	-70.022
1008.000	122.864	52.963	0.000	-76.983
1010.000	122.769	52.962	0.000	-85.805
1012.000	122.730	53.183	0.000	-100.796
1014.000	122.867	53.761	0.000	-107.539
1016.000	122.782	52.944	0.000	-115.925
1018.000	122.703	52.558	0.000	-130.895
1020.000	122.897	53.248	0.000	-136.325
1022.000	122.754	51.608	0.000	-141.134
1024.000	122.733	51.418	0.000	-155.915
1026.000	122.859	50.851	0.000	-154.708
1028.000	122.774	49.492	0.000	-160.278
1030.000	122.721	48.868	0.000	-161.349
1032.000	122.848	49.293	0.000	-160.695
1034.000	122.797	49.152	0.000	-154.573
1036.000	122.692	49.897	0.000	-161.828
1038.000	122.883	51.909	0.000	-158.468
1040.000	122.760	51.804	0.000	-163.013
1042.000	122.722	53.577	0.000	-175.200
1044.000	122.848	54.590	0.000	-179.467
1046.000	122.777	55.050	0.000	170.499
1048.000	122.717	55.670	0.000	156.510
1050.000	122.835	56.838	0.000	145.786
1052.000	122.799	56.516	0.000	138.422
1054.000	122.686	56.474	0.000	120.525
1056.000	122.871	57.445	0.000	112.133
1058.000	122.763	56.455	0.000	105.201
1060.000	122.716	56.516	0.000	86.618
1062.000	122.840	56.786	0.000	83.373
1064.000	122.774	55.810	0.000	72.089
1066.000	122.713	55.725	0.000	62.549
1068.000	122.824	55.992	0.000	52.140
1070.000	122.800	55.793	0.000	49.423
1072.000	122.678	55.229	0.000	31.335
1074.000	122.870	56.239	0.000	27.168
1076.000	122.752	54.712	0.000	17.580
1078.000	122.717	54.798	0.000	2.365
1080.000	122.832	54.552	0.000	-4.715
1082.000	122.771	53.724	0.000	-13.796
1084.000	122.705	52.983	0.000	-27.463
1086.000	122.831	52.907	0.000	-35.044
1088.000	122.778	51.755	0.000	-40.913
1090.000	122.682	50.748	0.000	-54.351
1092.000	122.868	51.089	0.000	-58.764
1094.000	122.735	49.363	0.000	-62.660
1096.000	122.720	49.318	0.000	-74.907
1098.000	122.835	49.068	0.000	-75.782
1100.000	122.745	48.315	0.000	-85.459
1102.000	122.712	48.006	0.000	-94.329
1104.000	122.838	48.224	0.000	-102.642
1106.000	122.745	47.345	0.000	-106.733
1108.000	122.706	47.069	0.000	-123.659
1110.000	122.858	47.509	0.000	-125.465
1112.000	122.711	45.877	0.000	-137.962
1114.000	122.733	46.242	0.000	-150.741
1116.000	122.834	45.615	0.000	-158.517
1118.000	122.717	44.698	0.000	-169.918
1120.000	122.731	44.073	0.000	175.021
1122.000	122.832	43.790	0.000	168.226
1124.000	122.715	41.990	0.000	158.155
1126.000	122.732	41.554	0.000	145.228
1128.000	122.842	41.414	0.000	144.161
1130.000	122.688	40.051	0.000	134.904
1132.000	122.760	41.166	0.000	126.348
1134.000	122.813	40.854	0.000	122.829
1136.000	122.706	41.197	0.000	109.714
1138.000	122.739	41.724	0.000	97.684
1140.000	122.839	42.897	0.000	90.268
1142.000	122.672	42.432	0.000	76.695
1144.000	122.783	44.143	0.000	60.726
1146.000	122.804	43.963	0.000	54.622
1148.000	122.681	44.081	0.000	33.702
1150.000	122.784	44.961	0.000	22.764
1152.000	122.795	44.805	0.000	10.573
1154.000	122.684	44.552	0.000	-6.376
1156.000	122.782	44.797	0.000	-21.335
1158.000	122.801	44.155	0.000	-29.696
1160.000	122.660	42.680	0.000	-45.454
1162.000	122.823	42.497	0.000	-53.652
1164.000	122.757	40.714	0.000	-54.064
1166.000	122.684	39.671	0.000	-60.237
1168.000	122.819	39.824	0.000	-53.091
1170.000	122.736	39.474	0.000	-52.516
1172.000	122.699	40.338	0.000	-52.273
1174.000	122.812	41.907	0.000	-53.722
1176.000	122.736	42.457	0.000	-53.053
1178.000	122.697	43.948	0.000	-66.107
1180.000	122.829	45.392	0.000	-65.045
1182.000	122.701	45.295	0.000	-77.104
1184.000	122.727	46.793	0.000	-86.664
1186.000	122.807	47.243	0.000	-93.727
1188.000	122.706	47.326	0.000	-103.960
1190.000	122.720	47.962	0.000	-117.018
1192.000	122.822	48.374	0.000	-121.629
1194.000	122.677	47.716	0.000	-132.699
1196.000	122.748	48.435	0.000	-144.380
1198.000	122.811	48.462	0.000	-146.032
1200.000	122.653	47.684	0.000	-160.066
1202.000	122.793	48.559	0.000	-164.298
1204.000	122.761	47.602	0.000	-170.732
1206.000	122.684	47.436	0.000	-178.310
1208.000	122.773	47.679	0.000	173.709
1210.000	122.778	47.514	0.000	173.610
1212.000	122.656	46.915	0.000	161.625
1214.000	122.814	47.765	0.000	160.491
1216.000	122.724	46.745	0.000	156.504
1218.000	122.687	47.319	0.000	147.014
1220.000	122.811	47.410	0.000	146.051
1222.000	122.703	47.131	0.000	138.827
1224.000	122.703	47.330	0.000	131.024
1226.000	122.809	47.845	0.000	127.246
1228.000	122.685	46.927	0.000	120.604
1230.000	122.725	47.181	0.000	111.094
1232.000	122.803	46.977	0.000	110.719
1234.000	122.662	45.902	0.000	103.597
1236.000	122.766	46.459	0.000	101.617
1238.000	122.759	45.589	0.000	102.393
1240.000	122.686	45.749	0.000	100.319
1242.000	122.751	46.249	0.000	99.077
1244.000	122.775	46.926	0.000	102.382
1246.000	122.654	47.259	0.000	95.513
1248.000	122.798	49.029	0.000	96.412
1250.000	122.725	48.955	0.000	92.145
1252.000	122.683	50.493	0.000	82.797
1254.000	122.794	51.433	0.000	78.783
1256.000	122.707	51.883	0.000	70.028
1258.000	122.692	52.848	0.000	57.575
1260.000	122.806	53.725	0.000	51.437
1262.000	122.673	53.387	0.000	40.528
1264.000	122.724	54.242	0.000	26.977
1266.000	122.800	54.498	0.000	23.871
1268.000	122.645	53.962	0.000	8.706
1270.000	122.782	54.815	0.000	3.084
1272.000	122.738	54.105	0.000	-5.076
1274.000	122.677	54.218	0.000	-14.109
1276.000	122.773	54.670	0.000	-22.971
1278.000	122.734	54.533	0.000	-26.567
1280.000	122.670	54.476	0.000	-40.538
1282.000	122.795	55.441	0.000	-44.476
1284.000	122.695	54.726	0.000	-54.173
1286.000	122.707	55.490	0.000	-66.043
1288.000	122.776	55.328	0.000	-73.756
1290.000	122.690	55.089	0.000	-84.650
1292.000	122.711	55.080	0.000	-98.994
1294.000	122.787	54.998	0.000	-104.833
1296.000	122.655	53.730	0.000	-117.995
1298.000	122.756	53.791	0.000	-129.103
1300.000	122.757	53.027	0.000	-132.206
1302.000	122.656	51.935	0.000	-146.829
1304.000	122.782	51.898	0.000	-148.878
1306.000	122.714	50.469	0.000	-156.626
1308.000	122.678	49.801	0.000	-162.513
1310.000	122.786	49.711	0.000	-167.553
1312.000	122.689	48.516	0.000	-168.462
1314.000	122.705	48.424	0.000	-178.012
1316.000	122.783	48.121	0.000	-175.088
1318.000	122.664	47.230	0.000	177.019
1320.000	122.737	47.590	0.000	175.580
1322.000	122.758	47.202	0.000	173.573
1324.000	122.662	47.013	0.000	168.486
1326.000	122.756	47.566	0.000	164.694
1328.000	122.741	47.392	0.000	163.211
1330.000	122.650	47.445	0.000	154.554
1332.000	122.806	48.348	0.000	153.407
1334.000	122.674	47.744	0.000	148.016
1336.000	122.710	48.685	0.000	140.440
1338.000	122.770	48.720	0.000	138.459
1340.000	122.668	48.941	0.000	130.136
1342.000	122.727	49.606	0.000	122.862
1344.000	122.764	50.243	0.000	118.614
1346.000	122.645	50.194	0.000	106.581
1348.000	122.781	51.701	0.000	99.282
1350.000	122.705	51.023	0.000	91.207
1352.000	122.681	51.764	0.000	76.146
1354.000	122.771	51.794	0.000	67.945
1356.000	122.689	51.422	0.000	56.151
1358.000	122.696	51.463	0.000	41.905
1360.000	122.779	51.295	0.000	35.093
1362.000	122.655	50.331	0.000	22.688
1364.000	122.742	50.529	0.000	11.106
1366.000	122.747	49.933	0.000	6.883
1368.000	122.650	49.390	0.000	-8.683
1370.000	122.780	49.409	0.000	-12.471
1372.000	122.695	48.474	0.000	-24.046
1374.000	122.681	48.243	0.000	-33.781
1376.000	122.786	48.242	0.000	-43.050
1378.000	122.657	47.079	0.000	-51.015
1380.000	122.734	47.025	0.000	-65.284
1382.000	122.748	46.090	0.000	-68.545
1384.000	122.659	44.849	0.000	-82.067
1386.000	122.757	44.494	0.000	-87.270
1388.000	122.715	43.368	0.000	-93.278
1390.000	122.674	42.662	0.000	-100.225
1392.000	122.765	42.739	0.000	-104.503
1394.000	122.693	41.975	0.000	-107.969
1396.000	122.690	42.207	0.000	-117.944
1398.000	122.780	42.469	0.000	-121.014
1400.000	122.643	41.931	0.000	-133.556
1402.000	122.754	42.807	0.000	-142.830
1404.000	122.727	42.146	0.000	-153.090
1406.000	122.659	41.786	0.000	-166.721
1408.000	122.774	41.823	0.000	179.990
1410.000	122.690	40.916	0.000	172.055
1412.000	122.689	40.248	0.000	151.530
1414.000	122.772	39.711	0.000	145.809
1416.000	122.657	37.808	0.000	128.583
1418.000	122.737	37.070	0.000	117.142
1420.000	122.734	35.392	0.000	107.255
1422.000	122.664	33.571	0.000	94.737
1424.000	122.755	32.373	0.000	85.894
1426.000	122.712	30.316	0.000	81.458
1428.000	122.664	28.448	0.000	71.756
1430.000	122.794	27.372	0.000	69.340
1432.000	122.647	25.041	0.000	62.390
1434.000	122.738	24.284	0.000	57.627
1436.000	122.740	22.204	0.000	59.182
1438.000	122.652	21.065	0.000	54.535
1440.000	122.768	20.081	0.000	50.060
1442.000	122.698	18.425	0.000	54.987
1444.000	122.681	17.487	0.000	54.651
1446.000	122.774	16.772	0.000	53.505
1448.000	122.656	15.438	0.000	45.452
1450.000	122.734	15.855	0.000	45.142
1452.000	122.733	14.927	0.000	43.445
1454.000	122.664	14.761	0.000	44.057
1456.000	122.752	14.713	0.000	44.856
1458.000	122.708	14.033	0.000	42.586
1460.000	122.671	12.946	0.000	44.673
1462.000	122.781	11.961	0.000	52.447
1464.000	122.651	12.018	0.000	39.062
1466.000	122.739	12.958	0.000	44.113
1468.000	122.726	11.365	0.000	49.158
1470.000	122.668	10.593	0.000	41.288
1472.000	122.755	10.262	0.000	42.114
1474.000	122.695	10.209	0.000	49.124
1476.000	122.699	11.466	0.000	45.115
1478.000	122.755	10.689	0.000	41.140
1480.000	122.666	9.244	0.000	25.132
1482.000	122.733	9.816	0.000	15.631
1484.000	122.728	9.973	0.000	35.309
1486.000	122.667	10.162	0.000	29.916
1488.000	122.762	9.860	0.000	29.233
1490.000	122.685	8.893	0.000	41.156
1492.000	122.701	9.883	0.000	22.114
1494.000	122.760	10.539	0.000	16.599
1496.000	122.652	11.261	0.000	0.677
1498.000	122.757	11.087	0.000	4.271
1500.000	122.702	8.458	0.000	23.298
1502.000	122.682	8.482	0.000	50.870
1504.000	122.763	9.856	0.000	9.953
1506.000	122.671	9.870	0.000	4.971
1508.000	122.724	9.864	0.000	-16.277
1510.000	122.741	9.706	0.000	-33.998
1512.000	122.659	9.309	0.000	-56.066
1514.000	122.760	10.233	0.000	-69.127
1516.000	122.696	9.671	0.000	-36.335
1518.000	122.686	9.131	0.000	-68.006
1520.000	122.774	9.583	0.000	-69.751
1522.000	122.646	10.176	0.000	-34.275
1524.000	122.758	9.694	0.000	158.828
1526.000	122.704	9.174	0.000	-84.941
1528.000	122.696	9.089	0.000	-36.755
1530.000	122.746	8.694	0.000	-34.354
1532.000	122.690	9.133	0.000	-135.912
1534.000	122.711	9.973	0.000	-72.263
1536.000	122.747	10.249	0.000	-50.748
1538.000	122.661	10.266	0.000	-75.084
1540.000	122.763	10.470	0.000	-39.697
1542.000	122.690	9.681	0.000	136.969
1544.000	122.701	9.369	0.000	-96.302
1546.000	122.755	10.191	0.000	-71.264
1548.000	122.659	10.478	0.000	-125.134
1550.000	122.750	10.282	0.000	-123.071
1552.000	122.712	9.538	0.000	-49.204
1554.000	122.681	8.716	0.000	85.116
1556.000	122.768	8.558	0.000	134.384
1558.000	122.667	9.699	0.000	-158.647
1560.000	122.735	9.715	0.000	-156.906
1562.000	122.728	9.420	0.000	167.889
1564.000	122.672	10.336	0.000	167.833
1566.000	122.762	9.963	0.000	-171.067
1568.000	122.683	10.564	0.000	-122.671
1570.000	122.716	10.199	0.000	-138.462
1572.000	122.750	8.809	0.000	-172.841
1574.000	122.662	7.902	0.000	-177.668
1576.000	122.762	9.070	0.000	-163.439
1578.000	122.692	9.237	0.000	-99.455
1580.000	122.703	9.966	0.000	-24.416
1582.000	122.753	10.491	0.000	-42.487
1584.000	122.668	9.771	0.000	-82.279
1586.000	122.752	8.494	0.000	-118.075
1588.000	122.708	8.917	0.000	-158.592
1590.000	122.692	7.896	0.000	-156.712
1592.000	122.760	9.237	0.000	-154.305
1594.000	122.670	10.025	0.000	-138.342
1596.000	122.742	9.676	0.000	-167.267
1598.000	122.724	10.175	0.000	-110.980
1600.000	122.683	9.380	0.000	178.425
1602.000	122.763	9.122	0.000	173.055
1604.000	122.678	8.603	0.000	-170.533
1606.000	122.734	9.032	0.000	-130.196
1608.000	122.729	9.193	0.000	-94.469
1610.000	122.680	9.980	0.000	-156.886
1612.000	122.760	10.500	0.000	-126.928
1614.000	122.692	9.776	0.000	-148.599
1616.000	122.712	9.938	0.000	-166.343
1618.000	122.758	9.558	0.000	179.274
1620.000	122.658	9.000	0.000	-104.327
1622.000	122.776	9.412	0.000	-116.088
1624.000	122.684	8.980	0.000	-62.390
1626.000	122.719	7.778	0.000	72.096
1628.000	122.750	8.709	0.000	-168.301
1630.000	122.671	7.974	0.000	146.864
1632.000	122.761	8.308	0.000	164.727
1634.000	122.702	9.922	0.000	-136.586
1636.000	122.704	9.764	0.000	-136.887
1638.000	122.762	8.971	0.000	-126.192
1640.000	122.662	8.508	0.000	-128.011
1642.000	122.766	9.619	0.000	179.613
1644.000	122.699	9.213	0.000	-178.631
1646.000	122.711	8.336	0.000	178.871
1648.000	122.758	9.338	0.000	172.517
1650.000	122.676	10.365	0.000	-68.467
1652.000	122.753	10.267	0.000	-86.626
1654.000	122.712	9.329	0.000	-19.034
1656.000	122.697	10.404	0.000	166.780
1658.000	122.768	10.622	0.000	-152.189
1660.000	122.665	9.698	0.000	167.673
1662.000	122.766	9.989	0.000	165.084
1664.000	122.703	10.734	0.000	136.741
1666.000	122.709	9.408	0.000	155.938
1668.000	122.754	8.549	0.000	153.998
1670.000	122.680	9.069	0.000	124.406
1672.000	122.750	9.177	0.000	108.011
1674.000	122.718	9.273	0.000	176.300
1676.000	122.700	10.393	0.000	-117.022
1678.000	122.767	10.385	0.000	-158.609
1680.000	122.669	9.292	0.000	157.551
1682.000	122.766	9.325	0.000	155.451
1684.000	122.709	8.335	0.000	143.152
1686.000	122.700	8.696	0.000	136.847
1688.000	122.781	8.508	0.000	156.554
1690.000	122.660	9.411	0.000	151.129
1692.000	122.776	9.390	0.000	164.832
1694.000	122.695	9.992	0.000	172.645
1696.000	122.729	10.439	0.000	169.171
1698.000	122.740	9.455	0.000	-173.027
1700.000	122.696	9.448	0.000	157.413
1702.000	122.749	9.230	0.000	125.325
1704.000	122.718	8.870	0.000	80.499
1706.000	122.705	9.741	0.000	154.075
1708.000	122.769	10.415	0.000	159.519
1710.000	122.671	10.006	0.000	161.423
1712.000	122.775	10.335	0.000	140.718
1714.000	122.692	10.115	0.000	122.703
1716.000	122.733	9.911	0.000	147.465
1718.000	122.746	9.102	0.000	162.707
1720.000	122.686	9.054	0.000	50.240
1722.000	122.769	9.701	0.000	75.297
1724.000	122.703	8.485	0.000	-147.094
1726.000	122.724	9.088	0.000	144.483
1728.000	122.756	10.008	0.000	138.204
1730.000	122.677	9.268	0.000	69.620
1732.000	122.782	8.885	0.000	133.574
1734.000	122.679	9.334	0.000	131.628
1736.000	122.760	9.775	0.000	169.596
1738.000	122.720	10.142	0.000	-140.951
1740.000	122.715	9.470	0.000	-167.868
1742.000	122.753	10.019	0.000	-153.075
1744.000	122.697	10.153	0.000	-158.087
1746.000	122.748	9.175	0.000	127.100
1748.000	122.729	9.723	0.000	121.571
1750.000	122.707	8.992	0.000	153.084
1752.000	122.766	8.926	0.000	159.856
1754.000	122.688	9.419	0.000	168.648
1756.000	122.759	9.575	0.000	173.727
1758.000	122.719	9.623	0.000	167.897
1760.000	122.711	10.016	0.000	142.562
1762.000	122.772	10.105	0.000	142.751
1764.000	122.678	10.294	0.000	152.677
1766.000	122.780	9.959	0.000	-179.091
1768.000	122.689	8.237	0.000	129.056
1770.000	122.755	8.998	0.000	119.466
1772.000	122.730	10.221	0.000	122.051
1774.000	122.707	10.029	0.000	115.372
1776.000	122.769	9.897	0.000	148.571
1778.000	122.697	10.681	0.000	126.999
1780.000	122.749	10.341	0.000	135.714
1782.000	122.737	9.338	0.000	-170.773
1784.000	122.702	9.185	0.000	81.630
1786.000	122.776	9.688	0.000	80.291
1788.000	122.680	9.940	0.000	75.833
1790.000	122.774	10.114	0.000	89.312
1792.000	122.708	9.234	0.000	84.092
1794.000	122.737	9.242	0.000	122.091
1796.000	122.744	9.650	0.000	154.771
1798.000	122.716	9.653	0.000	117.615
1800.000	122.750	9.085	0.000	116.093
1802.000	122.724	9.456	0.000	88.783
1804.000	122.725	7.942	0.000	49.209
1806.000	122.758	9.179	0.000	104.299
1808.000	122.692	9.734	0.000	97.988
1810.000	122.785	9.706	0.000	91.542
1812.000	122.685	8.963	0.000	38.757
1814.000	122.764	8.653	0.000	79.356
1816.000	122.726	8.846	0.000	65.724
1818.000	122.716	8.930	0.000	68.348
1820.000	122.770	8.527	0.000	-21.947
1822.000	122.686	9.111	0.000	134.951
1824.000	122.784	9.844	0.000	125.429
1826.000	122.692	9.794	0.000	66.836
1828.000	122.763	9.632	0.000	87.856
1830.000	122.724	9.516	0.000	100.934
1832.000	122.727	10.068	0.000	78.816
1834.000	122.758	9.222	0.000	72.147
1836.000	122.712	8.841	0.000	81.128
1838.000	122.752	8.338	0.000	75.138
1840.000	122.735	8.686	0.000	85.765
1842.000	122.718	8.624	0.000	67.291
1844.000	122.767	9.203	0.000	53.234
1846.000	122.693	10.328	0.000	69.286
1848.000	122.778	9.732	0.000	71.622
1850.000	122.706	9.087	0.000	53.042
1852.000	122.746	10.061	0.000	40.265
1854.000	122.746	9.344	0.000	-18.617
1856.000	122.713	9.640	0.000	98.350
1858.000	122.772	9.735	0.000	59.438
1860.000	122.694	8.188	0.000	112.379
1862.000	122.774	9.638	0.000	75.508
1864.000	122.709	9.493	0.000	98.622
1866.000	122.756	9.897	0.000	113.851
1868.000	122.735	9.171	0.000	148.190
1870.000	122.724	9.484	0.000	104.525
1872.000	122.759	9.794	0.000	17.846
1874.000	122.715	9.730	0.000	-51.854
1876.000	122.753	9.832	0.000	46.847
1878.000	122.735	8.502	0.000	29.999
1880.000	122.726	9.005	0.000	46.012
1882.000	122.764	9.968	0.000	90.742
1884.000	122.712	9.390	0.000	-88.421
1886.000	122.755	9.522	0.000	-61.588
1888.000	122.734	10.112	0.000	13.617
1890.000	122.728	9.714	0.000	55.356
1892.000	122.769	9.904	0.000	-29.531
1894.000	122.698	9.305	0.000	-31.979
1896.000	122.787	8.618	0.000	177.073
1898.000	122.689	9.265	0.000	-33.350
1900.000	122.786	9.674	0.000	-10.762
1902.000	122.707	9.606	0.000	133.648
1904.000	122.751	9.179	0.000	41.820
1906.000	122.751	9.377	0.000	86.290
1908.000	122.709	9.903	0.000	-5.550
1910.000	122.789	9.069	0.000	-19.437
1912.000	122.683	9.409	0.000	-2.407
1914.000	122.792	9.599	0.000	4.292
1916.000	122.703	9.046	0.000	-34.305
1918.000	122.759	10.374	0.000	-55.998
1920.000	122.740	10.200	0.000	-34.040
1922.000	122.723	9.480	0.000	-8.128
1924.000	122.770	10.711	0.000	-18.295
1926.000	122.709	9.849	0.000	-138.963
1928.000	122.770	9.264	0.000	-135.805
1930.000	122.714	8.820	0.000	-58.360
1932.000	122.758	8.644	0.000	145.640
1934.000	122.738	9.547	0.000	128.939
1936.000	122.733	10.748	0.000	98.778
1938.000	122.760	11.451	0.000	99.588
1940.000	122.718	11.244	0.000	89.370
1942.000	122.762	11.621	0.000	64.486
1944.000	122.727	12.264	0.000	53.767
1946.000	122.743	12.012	0.000	47.616
1948.000	122.749	12.832	0.000	40.481
1950.000	122.726	13.623	0.000	28.448
1952.000	122.765	13.996	0.000	21.688
1954.000	122.720	14.777	0.000	5.295
1956.000	122.754	15.575	0.000	3.391
1958.000	122.737	17.541	0.000	-4.869
1960.000	122.736	17.810	0.000	-11.809
1962.000	122.761	17.634	0.000	-16.580
1964.000	122.715	18.395	0.000	-26.032
1966.000	122.771	19.614	0.000	-33.488
1968.000	122.716	20.137	0.000	-46.414
1970.000	122.765	20.474	0.000	-51.579
1972.000	122.730	20.905	0.000	-61.503
1974.000	122.744	21.589	0.000	-68.914
1976.000	122.749	21.743	0.000	-76.287
1978.000	122.728	22.877	0.000	-83.322
1980.000	122.767	23.476	0.000	-91.574
1982.000	122.711	23.616	0.000	-100.115
1984.000	122.768	24.042	0.000	-106.578
1986.000	122.721	24.346	0.000	-114.390
1988.000	122.752	25.231	0.000	-119.825
1990.000	122.748	25.067	0.000	-125.279
1992.000	122.727	25.832	0.000	-134.486
1994.000	122.764	26.015	0.000	-140.183
1996.000	122.719	26.839	0.000	-149.806
1998.000	122.764	27.329	0.000	-156.132
2000.000	122.726	28.031	0.000	-164.454
