2000.000	122.809	11.373	0.000	157.235
2.000	122.861	12.302	0.000	134.376
4.000	123.077	12.445	0.000	142.875
6.000	123.098	12.649	0.000	164.309
8.000	122.942	12.302	0.000	154.533
10.000	122.801	12.598	0.000	142.276
12.000	122.901	12.079	0.000	150.021
14.000	123.167	12.157	0.000	153.672
16.000	123.092	12.843	0.000	148.652
18.000	122.758	12.485	0.000	143.506
20.000	122.853	12.909	0.000	153.284
22.000	123.129	13.195	0.000	142.584
24.000	123.059	11.749	0.000	146.663
26.000	122.920	11.723	0.000	142.592
28.000	122.882	11.658	0.000	119.954
30.000	122.881	11.901	0.000	119.312
32.000	123.083	12.497	0.000	124.437
34.000	123.148	12.669	0.000	127.925
36.000	122.822	11.676	0.000	136.956
38.000	122.776	11.322	0.000	102.281
40.000	123.115	11.086	0.000	114.415
42.000	123.133	11.646	0.000	126.671
44.000	122.898	11.600	0.000	118.931
46.000	122.830	13.286	0.000	92.712
48.000	122.940	13.592	0.000	99.635
50.000	123.105	13.162	0.000	115.815
52.000	123.072	12.341	0.000	122.539
54.000	122.832	11.926	0.000	101.438
56.000	122.847	12.825	0.000	89.336
58.000	123.064	12.951	0.000	104.323
60.000	123.093	12.070	0.000	88.650
62.000	122.966	10.001	0.000	90.545
64.000	122.813	11.147	0.000	77.094
66.000	122.892	12.790	0.000	60.906
68.000	123.181	13.290	0.000	93.039
70.000	123.078	12.540	0.000	93.812
72.000	122.741	11.472	0.000	71.134
74.000	122.907	11.716	0.000	76.597
76.000	123.134	11.237	0.000	80.772
78.000	123.019	11.974	0.000	73.175
80.000	122.932	11.034	0.000	56.354
82.000	122.872	11.800	0.000	67.634
84.000	122.904	11.772	0.000	59.798
86.000	123.156	11.444	0.000	58.064
88.000	123.067	11.637	0.000	72.839
90.000	122.743	11.325	0.000	99.358
92.000	122.910	11.321	0.000	93.272
94.000	123.157	12.076	0.000	85.549
96.000	123.039	11.829	0.000	88.254
98.000	122.865	11.187	0.000	82.027
100.000	122.847	10.404	0.000	77.369
102.000	123.029	11.943	0.000	62.397
104.000	123.142	12.030	0.000	57.554
106.000	122.925	11.551	0.000	62.126
108.000	122.809	11.520	0.000	68.752
110.000	122.989	11.907	0.000	72.012
112.000	123.082	11.501	0.000	62.482
114.000	123.043	12.097	0.000	73.078
116.000	122.865	12.466	0.000	73.200
118.000	122.809	11.985	0.000	72.274
120.000	123.134	12.503	0.000	67.316
122.000	123.150	13.211	0.000	56.505
124.000	122.784	13.053	0.000	37.716
126.000	122.864	12.186	0.000	34.544
128.000	123.098	11.952	0.000	46.091
130.000	123.039	12.181	0.000	46.783
132.000	122.966	12.636	0.000	40.577
134.000	122.858	12.041	0.000	44.683
136.000	122.897	12.425	0.000	36.680
138.000	123.158	13.855	0.000	22.938
140.000	123.049	13.169	0.000	21.314
142.000	122.769	11.642	0.000	29.857
144.000	122.918	11.360	0.000	10.921
146.000	123.124	13.313	0.000	16.892
148.000	123.055	13.676	0.000	35.660
150.000	122.854	12.908	0.000	12.702
152.000	122.841	13.000	0.000	13.823
154.000	123.088	13.296	0.000	12.807
156.000	123.102	12.277	0.000	8.818
158.000	122.875	12.452	0.000	2.714
160.000	122.865	12.121	0.000	3.048
162.000	122.990	12.887	0.000	-6.572
164.000	123.093	13.393	0.000	-12.876
166.000	123.025	12.931	0.000	-8.126
168.000	122.778	12.324	0.000	-12.011
170.000	122.924	12.436	0.000	-12.713
172.000	123.200	13.023	0.000	-13.390
174.000	122.983	12.955	0.000	-1.100
176.000	122.785	11.573	0.000	-22.340
178.000	122.967	12.250	0.000	-40.745
180.000	123.082	11.630	0.000	-29.451
182.000	123.031	11.315	0.000	-35.147
184.000	122.885	12.832	0.000	-42.767
186.000	122.850	12.929	0.000	-43.772
188.000	123.059	12.302	0.000	-51.246
190.000	123.114	11.488	0.000	-47.850
192.000	122.885	10.618	0.000	-36.892
194.000	122.809	11.439	0.000	-59.723
196.000	123.052	12.686	0.000	-66.303
198.000	123.141	12.604	0.000	-70.129
200.000	122.885	11.787	0.000	-65.533
202.000	122.814	13.221	0.000	-65.276
204.000	123.045	14.115	0.000	-59.831
206.000	123.088	13.368	0.000	-51.417
208.000	122.946	11.939	0.000	-59.313
210.000	122.848	11.802	0.000	-70.276
212.000	122.936	12.922	0.000	-66.282
214.000	123.119	12.461	0.000	-61.326
216.000	123.021	11.947	0.000	-68.243
218.000	122.792	12.315	0.000	-77.689
220.000	122.924	12.130	0.000	-86.520
222.000	123.144	12.222	0.000	-81.800
224.000	123.018	12.272	0.000	-70.060
226.000	122.792	11.623	0.000	-70.159
228.000	122.934	11.116	0.000	-73.118
230.000	123.120	10.714	0.000	-92.953
232.000	122.994	11.978	0.000	-85.742
234.000	122.870	12.439	0.000	-86.531
236.000	122.894	12.725	0.000	-93.201
238.000	123.034	12.007	0.000	-98.937
240.000	123.116	11.825	0.000	-79.134
242.000	122.851	12.427	0.000	-69.611
244.000	122.813	12.903	0.000	-91.051
246.000	123.141	12.032	0.000	-78.248
248.000	123.062	11.604	0.000	-89.447
250.000	122.829	11.849	0.000	-99.463
252.000	122.894	12.016	0.000	-87.619
254.000	123.040	12.515	0.000	-94.114
256.000	123.082	12.901	0.000	-82.761
258.000	122.887	12.668	0.000	-81.900
260.000	122.836	12.506	0.000	-106.667
262.000	123.054	13.380	0.000	-113.343
264.000	123.074	13.460	0.000	-106.766
266.000	122.917	13.410	0.000	-94.784
268.000	122.813	12.647	0.000	-105.232
270.000	123.017	12.430	0.000	-114.125
272.000	123.164	13.228	0.000	-110.590
274.000	122.843	12.233	0.000	-124.774
276.000	122.830	12.194	0.000	-135.528
278.000	123.096	12.950	0.000	-116.972
280.000	123.020	12.568	0.000	-116.047
282.000	122.934	12.030	0.000	-115.178
284.000	122.856	11.613	0.000	-126.751
286.000	122.957	12.604	0.000	-144.277
288.000	123.157	12.754	0.000	-140.467
290.000	122.902	12.177	0.000	-140.506
292.000	122.790	10.812	0.000	-146.485
294.000	123.063	10.696	0.000	-150.170
296.000	123.083	10.898	0.000	-143.318
298.000	122.898	10.189	0.000	-139.864
300.000	122.824	11.870	0.000	-8.837
302.000	123.033	15.380	0.000	-15.144
304.000	123.095	17.628	0.000	-36.781
306.000	122.876	19.592	0.000	-50.672
308.000	122.866	21.969	0.000	-77.228
310.000	122.994	25.091	0.000	-99.010
312.000	123.083	26.771	0.000	-119.928
314.000	122.943	26.869	0.000	-145.738
316.000	122.772	27.349	0.000	176.733
318.000	123.058	28.917	0.000	146.313
320.000	123.120	28.988	0.000	127.274
322.000	122.828	27.637	0.000	93.545
324.000	122.869	28.731	0.000	51.071
326.000	123.048	29.884	0.000	31.305
328.000	123.043	29.258	0.000	8.884
330.000	122.895	29.464	0.000	-19.789
332.000	122.847	30.336	0.000	-41.233
334.000	123.024	31.456	0.000	-64.474
336.000	123.085	32.438	0.000	-77.740
338.000	122.873	31.493	0.000	-93.906
340.000	122.814	31.960	0.000	-126.992
342.000	123.094	33.214	0.000	-139.198
344.000	123.064	31.809	0.000	-147.782
346.000	122.803	30.384	0.000	-170.509
348.000	122.910	30.940	0.000	175.604
350.000	123.059	30.946	0.000	166.494
352.000	123.015	30.441	0.000	153.229
354.000	122.860	29.360	0.000	134.336
356.000	122.869	28.514	0.000	107.824
358.000	123.081	27.581	0.000	85.130
360.000	123.021	24.979	0.000	59.649
362.000	122.823	20.450	0.000	17.023
364.000	122.887	19.482	0.000	-66.592
366.000	123.110	22.739	0.000	-108.101
368.000	123.002	23.796	0.000	-130.446
370.000	122.762	25.323	0.000	-163.844
372.000	122.996	28.216	0.000	-176.309
374.000	123.072	29.001	0.000	176.693
376.000	122.920	29.691	0.000	156.893
378.000	122.876	30.624	0.000	141.360
380.000	122.902	31.340	0.000	120.553
382.000	123.116	32.572	0.000	105.522
384.000	122.951	31.774	0.000	95.877
386.000	122.761	30.903	0.000	66.512
388.000	123.049	31.996	0.000	50.039
390.000	123.064	30.718	0.000	44.009
392.000	122.873	28.297	0.000	24.145
394.000	122.839	27.587	0.000	4.804
396.000	123.031	26.683	0.000	-3.729
398.000	123.056	25.150	0.000	-11.762
400.000	122.837	23.593	0.000	-19.052
402.000	122.886	22.442	0.000	-28.074
404.000	123.019	23.006	0.000	-34.447
406.000	123.044	23.053	0.000	-35.329
408.000	122.843	22.036	0.000	-48.915
410.000	122.841	22.704	0.000	-71.738
412.000	123.137	23.124	0.000	-81.091
414.000	122.959	21.756	0.000	-92.931
416.000	122.791	20.984	0.000	-121.105
418.000	122.977	22.054	0.000	-135.836
420.000	123.044	20.795	0.000	-146.262
422.000	122.942	19.900	0.000	-168.341
424.000	122.824	19.812	0.000	178.916
426.000	122.955	18.839	0.000	165.761
428.000	123.079	17.764	0.000	152.376
430.000	122.906	15.789	0.000	153.197
432.000	122.790	15.209	0.000	135.579
434.000	123.046	17.113	0.000	135.877
436.000	123.061	16.964	0.000	134.121
438.000	122.801	15.927	0.000	119.953
440.000	122.900	16.560	0.000	110.285
442.000	123.041	16.367	0.000	107.441
444.000	122.988	16.067	0.000	105.671
446.000	122.834	15.312	0.000	96.781
448.000	122.892	15.285	0.000	81.882
450.000	123.077	16.160	0.000	80.787
452.000	122.950	15.339	0.000	74.127
454.000	122.803	14.211	0.000	71.702
456.000	122.945	14.583	0.000	58.504
458.000	123.107	15.450	0.000	63.619
460.000	122.857	13.844	0.000	60.637
462.000	122.819	13.391	0.000	30.582
464.000	123.067	14.253	0.000	41.621
466.000	122.967	13.223	0.000	45.069
468.000	122.885	12.470	0.000	33.203
470.000	122.847	11.885	0.000	39.042
472.000	123.034	13.401	0.000	36.648
474.000	123.032	13.413	0.000	34.064
476.000	122.756	12.251	0.000	28.287
478.000	122.954	12.009	0.000	13.261
480.000	123.069	12.945	0.000	32.375
482.000	122.897	11.785	0.000	20.228
484.000	122.809	10.197	0.000	19.182
486.000	123.002	11.596	0.000	35.233
488.000	123.034	11.421	0.000	25.398
490.000	122.839	12.036	0.000	14.031
492.000	122.871	12.821	0.000	0.446
494.000	123.000	13.487	0.000	-1.599
496.000	123.025	13.344	0.000	3.338
498.000	122.794	12.570	0.000	5.929
500.000	122.893	12.080	0.000	-1.064
502.000	123.102	12.593	0.000	8.421
504.000	122.882	11.506	0.000	10.193
506.000	122.810	11.756	0.000	-8.640
508.000	122.999	13.044	0.000	-4.650
510.000	123.013	12.965	0.000	-1.744
512.000	122.854	11.952	0.000	-22.188
514.000	122.854	11.986	0.000	-19.506
516.000	123.001	11.383	0.000	-20.801
518.000	123.020	11.825	0.000	-15.687
520.000	122.779	10.944	0.000	-41.568
522.000	122.908	11.209	0.000	-49.059
524.000	123.094	11.118	0.000	-25.912
526.000	122.854	11.311	0.000	-18.464
528.000	122.835	11.475	0.000	-50.251
530.000	122.980	11.237	0.000	-34.272
532.000	123.015	11.398	0.000	-47.994
534.000	122.833	11.280	0.000	-66.617
536.000	122.860	12.310	0.000	-75.123
538.000	123.030	12.119	0.000	-76.695
540.000	122.957	10.663	0.000	-65.914
542.000	122.800	11.025	0.000	-63.405
544.000	122.910	12.230	0.000	-75.917
546.000	123.097	12.575	0.000	-58.178
548.000	122.814	12.431	0.000	-57.116
550.000	122.849	11.297	0.000	-62.809
552.000	123.023	11.723	0.000	-68.673
554.000	122.947	11.478	0.000	-89.037
556.000	122.847	11.511	0.000	-75.439
558.000	122.856	10.779	0.000	-110.223
560.000	123.058	10.056	0.000	-102.885
562.000	122.909	11.382	0.000	-46.314
564.000	122.778	11.299	0.000	-69.124
566.000	122.992	10.832	0.000	-101.563
568.000	123.020	11.267	0.000	-115.669
570.000	122.791	11.007	0.000	-111.241
572.000	122.884	11.588	0.000	-112.605
574.000	123.024	11.812	0.000	-116.986
576.000	122.914	11.326	0.000	-106.591
578.000	122.812	11.955	0.000	-108.947
580.000	122.924	12.317	0.000	-124.585
582.000	123.036	11.331	0.000	-118.507
584.000	122.836	10.465	0.000	-104.640
586.000	122.819	10.453	0.000	-102.582
588.000	123.033	11.963	0.000	-103.580
590.000	122.953	11.273	0.000	-85.078
592.000	122.757	10.285	0.000	-112.953
594.000	122.972	11.408	0.000	-109.776
596.000	122.986	11.173	0.000	-104.700
598.000	122.860	11.249	0.000	-122.818
600.000	122.831	11.797	0.000	-147.216
602.000	122.971	10.956	0.000	-143.861
604.000	123.005	11.125	0.000	-113.070
606.000	122.746	11.536	0.000	-124.957
608.000	122.937	12.273	0.000	-129.296
610.000	123.023	12.393	0.000	-132.254
612.000	122.838	11.743	0.000	-137.617
614.000	122.817	11.773	0.000	-126.637
616.000	123.007	11.608	0.000	-120.804
618.000	122.937	10.988	0.000	-142.027
620.000	122.802	11.843	0.000	-154.624
622.000	122.895	12.335	0.000	-148.141
624.000	123.009	12.306	0.000	-147.003
626.000	122.876	12.420	0.000	-145.135
628.000	122.774	12.256	0.000	-131.801
630.000	123.028	11.741	0.000	-143.872
632.000	122.941	12.396	0.000	-157.409
634.000	122.768	12.862	0.000	-166.927
636.000	122.930	13.431	0.000	-170.436
638.000	122.992	12.572	0.000	-171.519
640.000	122.840	11.635	0.000	-172.354
642.000	122.829	11.445	0.000	-166.536
644.000	122.960	11.660	0.000	-171.265
646.000	122.980	11.062	0.000	-178.660
648.000	122.743	11.081	0.000	152.099
650.000	122.934	11.805	0.000	160.788
652.000	123.014	12.630	0.000	-175.905
654.000	122.800	12.515	0.000	170.054
656.000	122.841	11.865	0.000	162.748
658.000	122.987	12.202	0.000	158.920
660.000	122.917	11.853	0.000	149.086
662.000	122.778	11.345	0.000	143.175
664.000	122.928	11.537	0.000	152.605
666.000	122.977	11.132	0.000	155.638
668.000	122.832	10.826	0.000	173.661
670.000	122.796	11.553	0.000	145.644
672.000	123.051	11.078	0.000	149.354
674.000	122.856	11.199	0.000	155.855
676.000	122.790	11.397	0.000	129.103
678.000	122.958	11.101	0.000	139.124
680.000	122.941	10.906	0.000	140.518
682.000	122.808	11.209	0.000	163.488
684.000	122.849	11.142	0.000	149.063
686.000	122.995	10.898	0.000	128.840
688.000	122.871	10.953	0.000	139.991
690.000	122.759	10.826	0.000	153.703
692.000	123.000	10.506	0.000	142.949
694.000	122.923	10.789	0.000	156.474
696.000	122.763	10.657	0.000	142.431
698.000	122.916	10.846	0.000	140.355
700.000	122.959	10.417	0.000	157.110
702.000	122.831	10.672	0.000	120.059
704.000	122.807	11.067	0.000	117.252
706.000	122.986	11.594	0.000	129.077
708.000	122.889	11.131	0.000	152.390
710.000	122.769	10.887	0.000	136.435
712.000	122.922	10.403	0.000	148.021
714.000	122.991	10.238	0.000	158.840
716.000	122.733	10.571	0.000	156.940
718.000	122.913	11.082	0.000	154.791
720.000	122.941	10.484	0.000	153.213
722.000	122.856	10.439	0.000	159.268
724.000	122.784	10.718	0.000	161.197
726.000	122.961	10.898	0.000	121.583
728.000	122.922	10.104	0.000	139.190
730.000	122.747	10.715	0.000	-176.573
732.000	122.912	11.423	0.000	-177.307
734.000	122.974	11.288	0.000	170.643
736.000	122.761	11.050	0.000	158.326
738.000	122.863	9.961	0.000	164.076
740.000	122.961	10.100	0.000	-173.852
742.000	122.844	9.643	0.000	-179.578
744.000	122.784	9.907	0.000	171.096
746.000	122.941	11.620	0.000	-152.787
748.000	122.924	9.971	0.000	-128.674
750.000	122.749	10.580	0.000	172.201
752.000	122.891	11.916	0.000	164.294
754.000	122.976	11.952	0.000	-179.627
756.000	122.756	11.506	0.000	168.318
758.000	122.856	11.156	0.000	167.921
760.000	122.961	12.505	0.000	173.494
762.000	122.827	12.905	0.000	174.118
764.000	122.794	12.253	0.000	169.429
766.000	122.918	12.059	0.000	174.995
768.000	122.939	13.170	0.000	176.304
770.000	122.719	13.053	0.000	161.134
772.000	122.921	14.693	0.000	163.014
774.000	122.937	13.507	0.000	173.386
776.000	122.765	13.514	0.000	156.413
778.000	122.840	14.823	0.000	151.423
780.000	122.963	14.218	0.000	158.851
782.000	122.808	14.615	0.000	153.642
784.000	122.794	15.470	0.000	143.329
786.000	122.927	15.413	0.000	155.276
788.000	122.901	15.544	0.000	163.160
790.000	122.728	16.052	0.000	153.521
792.000	122.922	18.088	0.000	152.289
794.000	122.927	18.083	0.000	152.229
796.000	122.737	18.756	0.000	145.695
798.000	122.877	21.310	0.000	148.303
800.000	122.931	21.838	0.000	152.070
802.000	122.795	23.217	0.000	148.218
804.000	122.798	24.569	0.000	146.200
806.000	122.940	27.036	0.000	143.572
808.000	122.862	28.071	0.000	145.164
810.000	122.729	30.337	0.000	130.669
812.000	122.959	33.426	0.000	132.351
814.000	122.866	34.375	0.000	126.606
816.000	122.747	37.361	0.000	110.703
818.000	122.891	40.169	0.000	101.982
820.000	122.913	42.232	0.000	88.613
822.000	122.762	43.785	0.000	68.784
824.000	122.828	45.900	0.000	47.427
826.000	122.941	47.187	0.000	33.027
828.000	122.799	47.117	0.000	16.172
830.000	122.767	47.927	0.000	-7.702
832.000	122.966	49.177	0.000	-16.593
834.000	122.812	48.402	0.000	-27.300
836.000	122.756	49.735	0.000	-47.550
838.000	122.933	50.947	0.000	-52.468
840.000	122.845	51.387	0.000	-68.972
842.000	122.769	52.481	0.000	-85.751
844.000	122.850	53.549	0.000	-106.831
846.000	122.940	54.359	0.000	-118.933
848.000	122.721	53.206	0.000	-139.025
850.000	122.857	54.300	0.000	-161.812
852.000	122.930	53.841	0.000	-167.681
854.000	122.757	52.296	0.000	171.345
856.000	122.801	52.492	0.000	157.666
858.000	122.937	51.961	0.000	150.839
860.000	122.788	51.247	0.000	141.001
862.000	122.779	51.373	0.000	128.530
864.000	122.898	52.267	0.000	118.853
866.000	122.867	51.929	0.000	110.421
868.000	122.709	51.463	0.000	89.355
870.000	122.928	52.234	0.000	77.058
872.000	122.860	51.047	0.000	70.064
874.000	122.730	49.867	0.000	49.892
876.000	122.875	50.259	0.000	42.029
878.000	122.885	48.976	0.000	34.307
880.000	122.749	48.427	0.000	19.929
882.000	122.820	47.967	0.000	7.946
884.000	122.917	48.096	0.000	-4.137
886.000	122.764	46.387	0.000	-14.748
888.000	122.781	45.666	0.000	-44.795
890.000	122.950	44.615	0.000	-53.576
892.000	122.752	40.691	0.000	-84.140
894.000	122.782	38.529	0.000	-125.766
896.000	122.906	37.905	0.000	-179.000
898.000	122.810	39.596	0.000	134.724
900.000	122.748	42.710	0.000	97.352
902.000	122.887	45.334	0.000	76.769
904.000	122.854	46.463	0.000	60.881
906.000	122.709	47.106	0.000	38.517
908.000	122.896	49.180	0.000	24.208
910.000	122.864	48.979	0.000	18.449
912.000	122.715	49.369	0.000	-2.913
914.000	122.865	50.712	0.000	-10.082
916.000	122.866	50.646	0.000	-20.616
918.000	122.743	51.054	0.000	-35.477
920.000	122.809	51.631	0.000	-50.057
922.000	122.903	52.325	0.000	-60.229
924.000	122.743	51.403	0.000	-71.263
926.000	122.788	52.212	0.000	-91.999
928.000	122.923	52.436	0.000	-94.130
930.000	122.734	51.201	0.000	-113.526
932.000	122.788	51.877	0.000	-127.831
934.000	122.892	51.396	0.000	-139.802
936.000	122.777	50.582	0.000	-154.762
938.000	122.756	49.846	0.000	-175.642
940.000	122.882	49.594	0.000	170.270
942.000	122.814	47.811	0.000	155.147
944.000	122.712	46.172	0.000	129.214
946.000	122.911	45.793	0.000	109.333
948.000	122.799	43.833	0.000	91.606
950.000	122.730	43.116	0.000	49.246
952.000	122.874	43.817	0.000	27.201
954.000	122.821	44.240	0.000	-5.334
956.000	122.731	45.862	0.000	-31.228
958.000	122.833	47.912	0.000	-57.087
960.000	122.870	49.418	0.000	-69.964
962.000	122.695	49.685	0.000	-95.731
964.000	122.856	51.942	0.000	-113.587
966.000	122.853	51.622	0.000	-122.774
968.000	122.719	51.750	0.000	-146.798
970.000	122.818	52.544	0.000	-158.175
972.000	122.868	52.464	0.000	-168.964
974.000	122.720	52.155	0.000	176.954
976.000	122.804	52.741	0.000	163.298
978.000	122.866	53.102	0.000	156.069
980.000	122.741	52.498	0.000	143.993
982.000	122.768	53.481	0.000	126.363
984.000	122.907	53.907	0.000	121.675
986.000	122.708	52.885	0.000	102.988
988.000	122.795	53.743	0.000	86.418
990.000	122.861	53.090	0.000	76.407
992.000	122.750	52.070	0.000	57.227
994.000	122.754	51.281	0.000	40.810
996.000	122.875	50.569	0.000	25.365
998.000	122.761	48.484	0.000	15.468
1000.000	122.726	46.276	0.000	-10.126
1002.000	122.908	44.837	0.000	-16.158
1004.000	122.730	39.836	0.000	-32.444
1006.000	122.756	35.396	0.000	-56.036
1008.000	122.862	29.731	0.000	-120.856
1010.000	122.768	33.165	0.000	140.944
1012.000	122.729	38.542	0.000	114.814
1014.000	122.865	42.100	0.000	105.454
1016.000	122.780	43.862	0.000	94.529
1018.000	122.702	45.880	0.000	76.230
1020.000	122.894	48.418	0.000	67.570
1022.000	122.754	48.469	0.000	57.229
1024.000	122.731	50.191	0.000	35.924
1026.000	122.857	50.862	0.000	29.617
1028.000	122.773	50.873	0.000	13.217
1030.000	122.720	51.031	0.000	0.098
1032.000	122.846	51.658	0.000	-13.235
1034.000	122.795	51.251	0.000	-18.082
1036.000	122.691	50.805	0.000	-36.025
1038.000	122.880	51.886	0.000	-39.899
1040.000	122.759	50.739	0.000	-46.719
1042.000	122.720	51.375	0.000	-61.012
1044.000	122.847	51.729	0.000	-65.316
1046.000	122.776	51.569	0.000	-74.948
1048.000	122.715	51.645	0.000	-87.933
1050.000	122.833	52.447	0.000	-97.881
1052.000	122.797	51.879	0.000	-104.422
1054.000	122.686	51.400	0.000	-121.227
1056.000	122.868	52.079	0.000	-128.724
1058.000	122.762	50.861	0.000	-133.676
1060.000	122.714	50.603	0.000	-149.410
1062.000	122.839	50.840	0.000	-150.229
1064.000	122.772	49.989	0.000	-157.811
1066.000	122.712	50.136	0.000	-164.748
1068.000	122.823	50.769	0.000	-172.900
1070.000	122.799	50.950	0.000	-174.248
1072.000	122.677	50.926	0.000	169.331
1074.000	122.867	52.300	0.000	165.987
1076.000	122.752	51.345	0.000	156.908
1078.000	122.715	52.137	0.000	142.341
1080.000	122.830	52.547	0.000	134.659
1082.000	122.770	52.469	0.000	124.179
1084.000	122.704	52.646	0.000	107.975
1086.000	122.830	53.321	0.000	96.827
1088.000	122.776	52.876	0.000	85.610
1090.000	122.682	52.539	0.000	65.088
1092.000	122.865	53.258	0.000	53.565
1094.000	122.736	51.703	0.000	41.376
1096.000	122.719	51.350	0.000	18.649
1098.000	122.833	50.563	0.000	10.403
1100.000	122.744	48.840	0.000	-6.171
1102.000	122.711	47.506	0.000	-20.002
1104.000	122.836	46.600	0.000	-32.172
1106.000	122.744	44.797	0.000	-37.881
1108.000	122.705	42.916	0.000	-55.961
1110.000	122.856	42.199	0.000	-58.396
1112.000	122.710	39.220	0.000	-66.248
1114.000	122.732	38.267	0.000	-74.646
1116.000	122.832	36.687	0.000	-75.787
1118.000	122.717	34.971	0.000	-78.956
1120.000	122.730	33.818	0.000	-84.944
1122.000	122.830	33.201	0.000	-85.137
1124.000	122.714	31.376	0.000	-89.314
1126.000	122.732	30.363	0.000	-97.922
1128.000	122.840	29.376	0.000	-94.986
1130.000	122.688	26.599	0.000	-94.306
1132.000	122.758	26.131	0.000	-85.418
1134.000	122.813	26.032	0.000	-66.926
1136.000	122.706	27.932	0.000	-59.408
1138.000	122.737	30.539	0.000	-63.639
1140.000	122.838	33.142	0.000	-68.250
1142.000	122.673	33.696	0.000	-83.160
1144.000	122.781	35.961	0.000	-100.218
1146.000	122.804	36.089	0.000	-109.107
1148.000	122.680	36.386	0.000	-132.438
1150.000	122.783	37.175	0.000	-146.127
1152.000	122.794	36.903	0.000	-160.747
1154.000	122.683	36.513	0.000	-179.875
1156.000	122.781	36.681	0.000	162.245
1158.000	122.799	36.198	0.000	150.522
1160.000	122.660	34.879	0.000	128.448
1162.000	122.820	34.891	0.000	113.776
1164.000	122.756	33.212	0.000	105.498
1166.000	122.683	31.578	0.000	85.491
1168.000	122.817	31.021	0.000	80.478
1170.000	122.736	29.300	0.000	71.214
1172.000	122.698	28.367	0.000	62.081
1174.000	122.810	28.135	0.000	53.399
1176.000	122.736	27.418	0.000	51.254
1178.000	122.697	26.877	0.000	33.595
1180.000	122.827	26.971	0.000	27.970
1182.000	122.701	24.908	0.000	14.516
1184.000	122.726	24.240	0.000	0.175
1186.000	122.806	21.776	0.000	-7.371
1188.000	122.705	18.809	0.000	-13.132
1190.000	122.719	15.579	0.000	-20.615
1192.000	122.820	13.834	0.000	8.838
1194.000	122.676	14.773	0.000	51.172
1196.000	122.746	17.660	0.000	53.621
1198.000	122.809	19.350	0.000	51.977
1200.000	122.653	20.423	0.000	41.726
1202.000	122.791	22.190	0.000	34.152
1204.000	122.760	22.467	0.000	22.679
1206.000	122.682	23.357	0.000	11.995
1208.000	122.772	24.308	0.000	0.084
1210.000	122.777	24.148	0.000	-4.683
1212.000	122.656	23.648	0.000	-18.818
1214.000	122.813	24.346	0.000	-25.494
1216.000	122.724	23.015	0.000	-32.875
1218.000	122.686	22.702	0.000	-46.323
1220.000	122.810	22.651	0.000	-46.992
1222.000	122.703	21.786	0.000	-51.801
1224.000	122.702	21.265	0.000	-59.952
1226.000	122.808	21.726	0.000	-63.065
1228.000	122.685	20.756	0.000	-68.059
1230.000	122.723	21.341	0.000	-77.528
1232.000	122.802	21.551	0.000	-77.139
1234.000	122.662	20.286	0.000	-78.196
1236.000	122.764	20.832	0.000	-83.203
1238.000	122.759	20.370	0.000	-89.354
1240.000	122.685	21.047	0.000	-97.839
1242.000	122.750	21.911	0.000	-105.965
1244.000	122.775	22.228	0.000	-105.940
1246.000	122.653	21.636	0.000	-120.476
1248.000	122.797	22.177	0.000	-131.954
1250.000	122.724	21.254	0.000	-142.392
1252.000	122.682	21.068	0.000	-157.543
1254.000	122.794	20.347	0.000	-167.935
1256.000	122.706	18.554	0.000	173.398
1258.000	122.692	17.203	0.000	154.693
1260.000	122.806	16.094	0.000	143.299
1262.000	122.673	13.945	0.000	125.997
1264.000	122.723	11.721	0.000	77.832
1266.000	122.800	11.132	0.000	23.792
1268.000	122.645	13.024	0.000	-29.208
1270.000	122.781	14.366	0.000	-55.227
1272.000	122.737	14.693	0.000	-74.733
1274.000	122.676	15.680	0.000	-92.464
1276.000	122.773	16.614	0.000	-104.606
1278.000	122.734	17.229	0.000	-110.169
1280.000	122.670	17.326	0.000	-123.883
1282.000	122.795	18.300	0.000	-131.864
1284.000	122.695	17.270	0.000	-142.982
1286.000	122.707	17.594	0.000	-154.211
1288.000	122.776	18.483	0.000	-160.305
1290.000	122.689	19.034	0.000	-170.473
1292.000	122.711	19.018	0.000	178.094
1294.000	122.786	18.836	0.000	171.680
1296.000	122.654	17.979	0.000	156.560
1298.000	122.756	17.757	0.000	143.471
1300.000	122.757	17.380	0.000	144.268
1302.000	122.656	16.310	0.000	136.133
1304.000	122.781	15.991	0.000	130.697
1306.000	122.714	13.244	0.000	130.052
1308.000	122.677	13.243	0.000	127.055
1310.000	122.786	13.248	0.000	127.906
1312.000	122.689	13.513	0.000	137.381
1314.000	122.704	15.321	0.000	126.583
1316.000	122.784	14.539	0.000	124.471
1318.000	122.663	14.450	0.000	109.907
1320.000	122.737	15.986	0.000	92.468
1322.000	122.757	14.992	0.000	85.522
1324.000	122.662	14.373	0.000	79.853
1326.000	122.756	15.262	0.000	66.184
1328.000	122.741	13.534	0.000	56.960
1330.000	122.650	12.553	0.000	44.297
1332.000	122.806	13.398	0.000	48.941
1334.000	122.674	12.468	0.000	52.284
1336.000	122.710	12.455	0.000	49.859
1338.000	122.770	12.843	0.000	63.413
1340.000	122.668	12.446	0.000	63.235
1342.000	122.727	11.799	0.000	50.656
1344.000	122.764	12.430	0.000	46.553
1346.000	122.645	13.207	0.000	31.168
1348.000	122.781	14.671	0.000	18.878
1350.000	122.706	14.922	0.000	10.460
1352.000	122.681	15.828	0.000	3.824
1354.000	122.772	15.610	0.000	-4.409
1356.000	122.688	15.848	0.000	-15.926
1358.000	122.696	17.132	0.000	-29.449
1360.000	122.779	17.083	0.000	-33.190
1362.000	122.654	16.856	0.000	-42.610
1364.000	122.743	17.988	0.000	-58.495
1366.000	122.748	17.640	0.000	-64.951
1368.000	122.650	18.350	0.000	-76.520
1370.000	122.781	18.872	0.000	-78.881
1372.000	122.695	18.714	0.000	-90.146
1374.000	122.681	18.549	0.000	-104.076
1376.000	122.787	19.350	0.000	-115.410
1378.000	122.658	18.283	0.000	-123.500
1380.000	122.734	18.432	0.000	-140.972
1382.000	122.749	17.757	0.000	-141.333
1384.000	122.659	16.946	0.000	-153.622
1386.000	122.758	16.888	0.000	-156.591
1388.000	122.716	16.802	0.000	-164.418
1390.000	122.674	16.997	0.000	-171.375
1392.000	122.766	17.104	0.000	-169.942
1394.000	122.694	15.722	0.000	-174.703
1396.000	122.690	16.128	0.000	169.134
1398.000	122.781	16.454	0.000	169.454
1400.000	122.644	15.639	0.000	158.385
1402.000	122.754	15.681	0.000	151.719
1404.000	122.728	15.875	0.000	146.138
1406.000	122.660	15.805	0.000	139.986
1408.000	122.774	14.997	0.000	133.622
1410.000	122.691	13.943	0.000	131.907
1412.000	122.690	13.879	0.000	116.637
1414.000	122.773	13.683	0.000	113.688
1416.000	122.658	12.584	0.000	101.455
1418.000	122.738	13.152	0.000	111.784
1420.000	122.735	13.392	0.000	110.178
1422.000	122.665	11.744	0.000	109.628
1424.000	122.756	10.668	0.000	105.744
1426.000	122.713	10.207	0.000	104.496
1428.000	122.665	11.278	0.000	83.080
1430.000	122.795	10.907	0.000	98.115
1432.000	122.648	11.044	0.000	90.012
1434.000	122.739	12.144	0.000	113.642
1436.000	122.742	11.461	0.000	117.273
1438.000	122.653	11.210	0.000	108.371
1440.000	122.769	11.167	0.000	96.815
1442.000	122.699	10.484	0.000	82.019
1444.000	122.681	10.423	0.000	71.597
1446.000	122.776	10.113	0.000	78.901
1448.000	122.657	11.171	0.000	76.269
1450.000	122.735	10.437	0.000	75.136
1452.000	122.735	9.607	0.000	82.360
1454.000	122.666	9.821	0.000	84.685
1456.000	122.753	9.012	0.000	77.615
1458.000	122.710	7.876	0.000	52.746
1460.000	122.673	8.390	0.000	62.727
1462.000	122.782	10.087	0.000	87.901
1464.000	122.653	9.688	0.000	52.522
1466.000	122.741	9.793	0.000	46.498
1468.000	122.727	9.121	0.000	65.268
1470.000	122.670	9.724	0.000	53.557
1472.000	122.756	10.157	0.000	42.723
1474.000	122.697	8.760	0.000	69.302
1476.000	122.700	7.599	0.000	129.612
1478.000	122.757	7.791	0.000	-159.219
1480.000	122.668	7.643	0.000	145.896
1482.000	122.734	9.646	0.000	138.575
1484.000	122.730	10.023	0.000	60.606
1486.000	122.669	10.413	0.000	108.941
1488.000	122.763	10.039	0.000	97.518
1490.000	122.688	10.348	0.000	94.730
1492.000	122.703	9.791	0.000	97.201
1494.000	122.762	9.452	0.000	163.431
1496.000	122.654	9.796	0.000	53.359
1498.000	122.759	8.872	0.000	93.741
1500.000	122.704	8.928	0.000	123.657
1502.000	122.685	9.198	0.000	119.256
1504.000	122.766	10.044	0.000	138.462
1506.000	122.672	9.414	0.000	66.480
1508.000	122.727	8.179	0.000	105.438
1510.000	122.744	8.206	0.000	66.862
1512.000	122.661	8.335	0.000	72.132
1514.000	122.763	8.277	0.000	113.672
1516.000	122.699	10.400	0.000	111.140
1518.000	122.687	9.857	0.000	44.846
1520.000	122.776	9.130	0.000	68.691
1522.000	122.649	10.186	0.000	53.763
1524.000	122.759	10.794	0.000	116.540
1526.000	122.706	10.415	0.000	96.519
1528.000	122.699	10.395	0.000	106.664
1530.000	122.748	9.962	0.000	82.981
1532.000	122.692	9.722	0.000	60.471
1534.000	122.714	9.490	0.000	88.105
1536.000	122.750	9.666	0.000	102.969
1538.000	122.663	9.669	0.000	92.593
1540.000	122.766	10.402	0.000	88.572
1542.000	122.692	10.199	0.000	32.031
1544.000	122.703	9.666	0.000	84.454
1546.000	122.758	8.419	0.000	89.599
1548.000	122.663	8.320	0.000	83.013
1550.000	122.752	9.251	0.000	91.085
1552.000	122.715	8.743	0.000	85.291
1554.000	122.684	8.301	0.000	80.322
1556.000	122.772	9.741	0.000	80.902
1558.000	122.669	8.930	0.000	51.124
1560.000	122.738	9.954	0.000	75.727
1562.000	122.732	10.091	0.000	114.849
1564.000	122.674	10.064	0.000	67.735
1566.000	122.766	9.969	0.000	68.703
1568.000	122.686	9.300	0.000	-8.843
1570.000	122.718	10.996	0.000	15.105
1572.000	122.754	10.071	0.000	42.636
1574.000	122.665	9.171	0.000	65.177
1576.000	122.764	9.308	0.000	25.619
1578.000	122.695	9.344	0.000	49.705
1580.000	122.707	7.875	0.000	-6.509
1582.000	122.757	9.809	0.000	-4.429
1584.000	122.671	9.869	0.000	126.787
1586.000	122.757	8.827	0.000	41.689
1588.000	122.711	8.570	0.000	-125.051
1590.000	122.695	9.363	0.000	113.980
1592.000	122.764	9.476	0.000	-80.094
1594.000	122.675	8.828	0.000	-37.031
1596.000	122.744	9.006	0.000	-130.802
1598.000	122.729	9.158	0.000	-94.838
1600.000	122.687	8.665	0.000	-59.023
1602.000	122.766	8.781	0.000	-123.789
1604.000	122.682	9.220	0.000	-131.443
1606.000	122.739	8.821	0.000	-73.729
1608.000	122.733	9.524	0.000	-38.254
1610.000	122.684	8.815	0.000	-8.912
1612.000	122.765	8.700	0.000	12.041
1614.000	122.696	9.067	0.000	-70.271
1616.000	122.715	9.164	0.000	-87.392
1618.000	122.763	8.678	0.000	2.643
1620.000	122.663	9.317	0.000	-44.848
1622.000	122.780	9.260	0.000	-95.565
1624.000	122.689	9.632	0.000	-129.815
1626.000	122.722	9.125	0.000	143.399
1628.000	122.755	10.202	0.000	-21.761
1630.000	122.675	10.764	0.000	-81.886
1632.000	122.766	9.879	0.000	-64.883
1634.000	122.706	10.374	0.000	-69.424
1636.000	122.709	9.625	0.000	116.439
1638.000	122.766	9.784	0.000	-146.073
1640.000	122.668	10.420	0.000	-101.364
1642.000	122.771	10.185	0.000	-97.823
1644.000	122.703	9.881	0.000	-74.130
1646.000	122.716	9.036	0.000	-94.296
1648.000	122.764	9.525	0.000	-110.836
1650.000	122.680	9.106	0.000	-165.463
1652.000	122.758	9.141	0.000	-155.138
1654.000	122.718	8.885	0.000	-88.049
1656.000	122.703	10.309	0.000	-124.116
1658.000	122.772	10.773	0.000	-142.704
1660.000	122.670	11.202	0.000	-107.594
1662.000	122.772	10.311	0.000	-94.608
1664.000	122.708	9.520	0.000	-110.698
1666.000	122.714	9.319	0.000	-112.192
1668.000	122.760	9.627	0.000	-17.473
1670.000	122.686	9.506	0.000	131.336
1672.000	122.754	9.729	0.000	-118.988
1674.000	122.725	9.999	0.000	-119.661
1676.000	122.706	10.252	0.000	-130.642
1678.000	122.773	10.171	0.000	-90.562
1680.000	122.674	10.924	0.000	-117.108
1682.000	122.773	9.867	0.000	-134.586
1684.000	122.716	9.216	0.000	-157.763
1686.000	122.705	10.124	0.000	-172.800
1688.000	122.787	8.991	0.000	-135.410
1690.000	122.666	9.508	0.000	-179.096
1692.000	122.782	9.982	0.000	-160.421
1694.000	122.701	8.132	0.000	-174.555
1696.000	122.736	8.535	0.000	-171.419
1698.000	122.746	9.866	0.000	-167.517
1700.000	122.702	9.894	0.000	-170.032
1702.000	122.755	11.233	0.000	177.173
1704.000	122.725	9.902	0.000	162.253
1706.000	122.712	9.801	0.000	129.978
1708.000	122.775	10.757	0.000	154.234
1710.000	122.677	10.492	0.000	178.501
1712.000	122.782	9.522	0.000	161.852
1714.000	122.700	9.179	0.000	152.846
1716.000	122.738	9.793	0.000	162.027
1718.000	122.754	9.026	0.000	157.341
1720.000	122.693	9.402	0.000	-172.110
1722.000	122.775	9.538	0.000	-173.536
1724.000	122.710	10.114	0.000	153.193
1726.000	122.731	11.138	0.000	137.527
1728.000	122.763	11.320	0.000	155.537
1730.000	122.683	10.214	0.000	138.390
1732.000	122.789	9.297	0.000	167.690
1734.000	122.687	9.589	0.000	-179.301
1736.000	122.767	9.193	0.000	109.229
1738.000	122.727	8.596	0.000	126.904
1740.000	122.723	9.283	0.000	151.344
1742.000	122.761	9.599	0.000	123.087
1744.000	122.704	9.735	0.000	163.706
1746.000	122.755	8.291	0.000	169.768
1748.000	122.738	8.845	0.000	144.737
1750.000	122.714	9.958	0.000	133.852
1752.000	122.773	9.582	0.000	132.775
1754.000	122.697	9.665	0.000	113.195
1756.000	122.767	10.344	0.000	105.107
1758.000	122.727	9.374	0.000	115.704
1760.000	122.718	9.099	0.000	132.101
1762.000	122.781	8.622	0.000	129.890
1764.000	122.686	8.955	0.000	62.203
1766.000	122.788	9.139	0.000	149.292
1768.000	122.697	8.136	0.000	137.925
1770.000	122.764	8.873	0.000	126.518
1772.000	122.739	9.124	0.000	164.259
1774.000	122.716	9.333	0.000	131.859
1776.000	122.778	9.293	0.000	123.833
1778.000	122.706	9.940	0.000	157.275
1780.000	122.758	9.606	0.000	160.165
1782.000	122.746	9.490	0.000	142.247
1784.000	122.711	8.784	0.000	113.051
1786.000	122.784	9.917	0.000	116.023
1788.000	122.689	8.833	0.000	102.541
1790.000	122.782	8.610	0.000	174.441
1792.000	122.717	9.202	0.000	-32.180
1794.000	122.746	10.035	0.000	56.057
1796.000	122.753	8.712	0.000	163.307
1798.000	122.725	9.732	0.000	170.185
1800.000	122.759	9.630	0.000	104.225
1802.000	122.734	9.794	0.000	98.312
1804.000	122.734	9.909	0.000	139.711
1806.000	122.767	9.985	0.000	152.140
1808.000	122.702	10.873	0.000	128.579
1810.000	122.795	10.339	0.000	98.430
1812.000	122.695	10.531	0.000	82.031
1814.000	122.773	9.326	0.000	140.020
1816.000	122.736	8.795	0.000	-103.368
1818.000	122.726	9.397	0.000	94.863
1820.000	122.781	9.449	0.000	84.191
1822.000	122.695	9.591	0.000	95.375
1824.000	122.794	8.845	0.000	139.152
1826.000	122.703	9.665	0.000	88.500
1828.000	122.774	10.027	0.000	-106.388
1830.000	122.734	9.927	0.000	-126.432
1832.000	122.738	9.210	0.000	6.536
1834.000	122.768	8.580	0.000	96.432
1836.000	122.723	7.959	0.000	105.557
1838.000	122.762	8.017	0.000	88.142
1840.000	122.747	8.587	0.000	128.284
1842.000	122.728	8.498	0.000	172.222
1844.000	122.778	6.607	0.000	-169.910
1846.000	122.705	7.952	0.000	79.957
1848.000	122.788	9.298	0.000	133.352
1850.000	122.718	8.452	0.000	-162.781
1852.000	122.757	8.496	0.000	-85.050
1854.000	122.758	8.920	0.000	159.764
1856.000	122.725	9.803	0.000	165.455
1858.000	122.783	9.652	0.000	-161.750
1860.000	122.706	9.144	0.000	72.242
1862.000	122.785	9.880	0.000	7.239
1864.000	122.722	9.181	0.000	-175.196
1866.000	122.768	9.101	0.000	-172.913
1868.000	122.747	9.587	0.000	-176.528
1870.000	122.737	9.910	0.000	156.443
1872.000	122.771	9.168	0.000	154.449
1874.000	122.729	8.934	0.000	161.502
1876.000	122.764	9.062	0.000	134.896
1878.000	122.748	9.609	0.000	157.979
1880.000	122.738	9.711	0.000	131.327
1882.000	122.776	9.368	0.000	167.463
1884.000	122.726	8.068	0.000	21.906
1886.000	122.767	9.003	0.000	114.125
1888.000	122.748	9.545	0.000	118.808
1890.000	122.740	9.546	0.000	-153.772
1892.000	122.783	8.611	0.000	162.312
1894.000	122.711	8.469	0.000	146.807
1896.000	122.800	8.505	0.000	150.762
1898.000	122.702	8.707	0.000	179.642
1900.000	122.799	10.099	0.000	174.774
1902.000	122.721	10.004	0.000	-175.193
1904.000	122.764	9.564	0.000	-175.259
1906.000	122.765	9.730	0.000	179.847
1908.000	122.722	9.982	0.000	170.479
1910.000	122.803	11.076	0.000	167.806
1912.000	122.698	10.425	0.000	179.869
1914.000	122.805	10.633	0.000	155.238
1916.000	122.717	10.370	0.000	159.129
1918.000	122.773	11.409	0.000	149.062
1920.000	122.755	11.944	0.000	149.445
1922.000	122.738	12.508	0.000	138.459
1924.000	122.784	13.792	0.000	132.416
1926.000	122.724	13.724	0.000	124.804
1928.000	122.784	14.484	0.000	124.269
1930.000	122.729	14.271	0.000	120.447
1932.000	122.772	14.663	0.000	113.583
1934.000	122.752	15.800	0.000	110.784
1936.000	122.748	16.138	0.000	106.862
1938.000	122.774	16.758	0.000	104.408
1940.000	122.734	16.394	0.000	91.930
1942.000	122.776	17.028	0.000	83.846
1944.000	122.743	18.213	0.000	74.889
1946.000	122.758	18.402	0.000	72.052
1948.000	122.765	18.008	0.000	67.749
1950.000	122.742	19.284	0.000	58.864
1952.000	122.779	19.933	0.000	60.442
1954.000	122.736	19.395	0.000	50.011
1956.000	122.769	20.472	0.000	44.349
1958.000	122.754	20.749	0.000	37.873
1960.000	122.751	20.916	0.000	31.863
1962.000	122.777	21.814	0.000	27.241
1964.000	122.731	22.727	0.000	20.598
1966.000	122.787	23.043	0.000	16.653
1968.000	122.734	23.500	0.000	4.170
1970.000	122.781	24.064	0.000	1.889
1972.000	122.746	24.271	0.000	-11.417
1974.000	122.760	24.750	0.000	-14.617
1976.000	122.767	25.260	0.000	-21.193
1978.000	122.745	25.908	0.000	-29.076
1980.000	122.783	25.563	0.000	-35.123
1982.000	122.728	25.949	0.000	-46.094
1984.000	122.785	26.425	0.000	-50.535
1986.000	122.740	26.285	0.000	-58.805
1988.000	122.768	26.824	0.000	-66.846
1990.000	122.765	26.450	0.000	-73.374
1992.000	122.743	27.024	0.000	-83.017
1994.000	122.782	26.834	0.000	-87.787
1996.000	122.738	27.203	0.000	-94.478
1998.000	122.781	27.024	0.000	-100.216
2000.000	122.743	26.928	0.000	-106.961
