2000.000	122.804	12.388	0.000	-6.746
2.000	122.858	12.161	0.000	-41.417
4.000	123.070	10.602	0.000	-26.172
6.000	123.089	11.924	0.000	-11.963
8.000	122.936	12.767	0.000	-13.273
10.000	122.796	12.326	0.000	-24.742
12.000	122.897	12.183	0.000	-49.469
14.000	123.161	11.723	0.000	-30.912
16.000	123.082	10.739	0.000	10.629
18.000	122.751	11.043	0.000	-7.773
20.000	122.851	12.019	0.000	2.105
22.000	123.124	11.281	0.000	-13.169
24.000	123.049	11.296	0.000	-31.929
26.000	122.912	11.288	0.000	-46.197
28.000	122.879	11.598	0.000	-49.002
30.000	122.877	12.177	0.000	-60.313
32.000	123.076	11.639	0.000	-62.348
34.000	123.140	12.300	0.000	-67.612
36.000	122.816	12.653	0.000	-27.177
38.000	122.772	12.146	0.000	-57.561
40.000	123.111	12.402	0.000	-65.163
42.000	123.126	12.248	0.000	-60.648
44.000	122.890	12.016	0.000	-81.162
46.000	122.826	11.776	0.000	-81.356
48.000	122.937	12.253	0.000	-74.368
50.000	123.099	12.015	0.000	-69.638
52.000	123.062	11.391	0.000	-88.081
54.000	122.826	12.093	0.000	-115.039
56.000	122.846	11.916	0.000	-105.302
58.000	123.058	11.996	0.000	-96.305
60.000	123.085	11.081	0.000	-84.804
62.000	122.961	10.274	0.000	-58.940
64.000	122.809	9.951	0.000	-80.228
66.000	122.889	9.943	0.000	-94.619
68.000	123.176	9.791	0.000	-77.679
70.000	123.069	11.117	0.000	-93.914
72.000	122.735	12.308	0.000	-105.848
74.000	122.907	11.678	0.000	-120.297
76.000	123.130	9.083	0.000	175.478
78.000	123.010	10.343	0.000	-23.727
80.000	122.927	11.792	0.000	-50.340
82.000	122.869	12.065	0.000	-66.400
84.000	122.901	11.294	0.000	-106.131
86.000	123.150	12.361	0.000	-90.922
88.000	123.060	11.462	0.000	-73.270
90.000	122.738	11.145	0.000	-88.942
92.000	122.908	10.815	0.000	-84.405
94.000	123.152	11.550	0.000	-64.096
96.000	123.032	11.619	0.000	-61.941
98.000	122.859	12.213	0.000	-51.239
100.000	122.845	13.128	0.000	-85.894
102.000	123.026	13.350	0.000	-93.971
104.000	123.135	12.913	0.000	-82.693
106.000	122.917	12.143	0.000	-77.673
108.000	122.808	11.923	0.000	-83.137
110.000	122.986	12.552	0.000	-94.583
112.000	123.075	11.974	0.000	-97.915
114.000	123.037	12.198	0.000	-99.704
116.000	122.861	12.592	0.000	-112.262
118.000	122.806	13.313	0.000	-111.386
120.000	123.131	13.767	0.000	-107.387
122.000	123.143	13.889	0.000	-107.227
124.000	122.778	12.167	0.000	-110.681
126.000	122.864	12.182	0.000	-129.387
128.000	123.096	13.400	0.000	-123.879
130.000	123.031	12.366	0.000	-128.177
132.000	122.961	12.503	0.000	-119.441
134.000	122.856	13.026	0.000	-118.404
136.000	122.894	11.916	0.000	-130.565
138.000	123.153	13.224	0.000	-139.749
140.000	123.043	12.916	0.000	-151.379
142.000	122.766	12.124	0.000	-153.126
144.000	122.917	12.036	0.000	-159.020
146.000	123.120	12.528	0.000	-123.848
148.000	123.049	11.453	0.000	-136.371
150.000	122.849	11.822	0.000	-144.427
152.000	122.840	12.709	0.000	-149.914
154.000	123.086	12.906	0.000	-147.753
156.000	123.095	12.143	0.000	-137.453
158.000	122.869	10.946	0.000	-139.856
160.000	122.866	11.533	0.000	-158.971
162.000	122.987	11.008	0.000	-148.874
164.000	123.086	11.431	0.000	-134.569
166.000	123.021	11.341	0.000	-121.021
168.000	122.775	11.066	0.000	-117.711
170.000	122.922	11.587	0.000	-149.601
172.000	123.197	11.137	0.000	-164.560
174.000	122.976	10.447	0.000	-131.111
176.000	122.782	11.498	0.000	-109.887
178.000	122.968	11.340	0.000	-129.058
180.000	123.077	11.457	0.000	-142.318
182.000	123.024	11.857	0.000	-150.989
184.000	122.883	11.977	0.000	-155.057
186.000	122.849	12.786	0.000	-130.885
188.000	123.056	12.032	0.000	-132.908
190.000	123.109	11.010	0.000	-129.336
192.000	122.881	11.840	0.000	-135.945
194.000	122.808	12.482	0.000	-143.684
196.000	123.050	12.605	0.000	-150.939
198.000	123.136	12.229	0.000	-149.016
200.000	122.881	12.712	0.000	-141.240
202.000	122.813	12.841	0.000	-143.208
204.000	123.045	11.829	0.000	-132.911
206.000	123.083	12.063	0.000	-136.323
208.000	122.940	12.882	0.000	-145.328
210.000	122.849	12.887	0.000	-161.009
212.000	122.935	12.292	0.000	-163.834
214.000	123.114	12.401	0.000	-161.943
216.000	123.018	12.493	0.000	-154.185
218.000	122.790	13.526	0.000	-155.319
220.000	122.923	13.512	0.000	-158.937
222.000	123.142	12.817	0.000	-161.407
224.000	123.011	12.428	0.000	-161.290
226.000	122.789	12.348	0.000	179.869
228.000	122.936	12.677	0.000	-176.768
230.000	123.116	13.462	0.000	-172.219
232.000	122.988	13.189	0.000	-170.273
234.000	122.869	12.471	0.000	-164.910
236.000	122.894	12.102	0.000	-166.884
238.000	123.031	12.674	0.000	-177.518
240.000	123.111	12.365	0.000	-175.642
242.000	122.848	11.172	0.000	175.302
244.000	122.813	11.753	0.000	171.398
246.000	123.139	12.238	0.000	179.148
248.000	123.057	12.816	0.000	-173.861
250.000	122.826	11.727	0.000	164.084
252.000	122.894	11.773	0.000	164.527
254.000	123.040	11.768	0.000	166.792
256.000	123.076	12.786	0.000	168.306
258.000	122.884	12.268	0.000	175.366
260.000	122.838	11.144	0.000	177.458
262.000	123.051	12.032	0.000	174.214
264.000	123.070	11.606	0.000	165.728
266.000	122.916	11.527	0.000	175.308
268.000	122.812	11.163	0.000	155.611
270.000	123.017	11.686	0.000	155.491
272.000	123.160	11.119	0.000	-168.876
274.000	122.838	10.472	0.000	-159.194
276.000	122.832	10.768	0.000	-160.884
278.000	123.096	11.111	0.000	-169.982
280.000	123.014	10.593	0.000	-161.538
282.000	122.932	10.260	0.000	-178.263
284.000	122.857	10.471	0.000	-177.398
286.000	122.956	11.023	0.000	-165.604
288.000	123.153	12.136	0.000	-171.403
290.000	122.899	12.278	0.000	-138.195
292.000	122.791	11.155	0.000	-168.861
294.000	123.062	9.897	0.000	-152.405
296.000	123.080	11.350	0.000	-151.035
298.000	122.895	10.905	0.000	-148.308
300.000	122.824	11.306	0.000	-156.129
302.000	123.034	11.569	0.000	-148.829
304.000	123.091	11.268	0.000	-135.673
306.000	122.873	11.287	0.000	-138.101
308.000	122.869	10.213	0.000	-126.337
310.000	122.993	10.904	0.000	-100.246
312.000	123.079	13.395	0.000	-65.300
314.000	122.942	15.247	0.000	-73.290
316.000	122.772	17.976	0.000	-99.005
318.000	123.059	21.062	0.000	-110.314
320.000	123.117	22.430	0.000	-116.264
322.000	122.824	21.907	0.000	-135.650
324.000	122.872	23.356	0.000	-164.736
326.000	123.048	23.713	0.000	-174.799
328.000	123.038	21.964	0.000	175.146
330.000	122.895	20.740	0.000	157.792
332.000	122.848	18.954	0.000	137.458
334.000	123.023	16.834	0.000	109.380
336.000	123.082	14.484	0.000	61.425
338.000	122.872	15.094	0.000	-58.298
340.000	122.816	19.475	0.000	-110.539
342.000	123.093	23.077	0.000	-122.003
344.000	123.061	23.421	0.000	-131.203
346.000	122.802	22.989	0.000	-148.327
348.000	122.912	25.032	0.000	-156.464
350.000	123.059	26.535	0.000	-158.425
352.000	123.010	27.410	0.000	-162.523
354.000	122.860	28.158	0.000	-174.993
356.000	122.872	29.328	0.000	167.091
358.000	123.078	30.533	0.000	156.381
360.000	123.019	30.199	0.000	150.510
362.000	122.823	29.214	0.000	138.182
364.000	122.887	30.021	0.000	123.654
366.000	123.110	31.410	0.000	122.861
368.000	122.998	30.498	0.000	120.498
370.000	122.763	29.450	0.000	100.122
372.000	123.000	30.777	0.000	95.187
374.000	123.069	30.239	0.000	97.323
376.000	122.918	29.465	0.000	83.976
378.000	122.878	29.573	0.000	79.485
380.000	122.903	29.796	0.000	71.592
382.000	123.115	30.737	0.000	67.005
384.000	122.949	30.097	0.000	67.862
386.000	122.763	29.483	0.000	50.045
388.000	123.050	31.019	0.000	42.576
390.000	123.062	30.777	0.000	42.917
392.000	122.872	29.478	0.000	29.086
394.000	122.841	30.254	0.000	15.353
396.000	123.033	30.365	0.000	8.702
398.000	123.053	29.900	0.000	1.879
400.000	122.837	28.768	0.000	-10.597
402.000	122.889	27.967	0.000	-22.136
404.000	123.017	28.101	0.000	-30.690
406.000	123.042	27.629	0.000	-37.937
408.000	122.843	25.378	0.000	-47.713
410.000	122.842	24.366	0.000	-63.477
412.000	123.139	24.287	0.000	-67.850
414.000	122.956	21.338	0.000	-67.482
416.000	122.792	18.612	0.000	-82.597
418.000	122.981	18.573	0.000	-82.199
420.000	123.041	16.296	0.000	-77.074
422.000	122.940	14.446	0.000	-73.746
424.000	122.827	14.606	0.000	-67.201
426.000	122.956	15.410	0.000	-66.002
428.000	123.077	15.781	0.000	-72.145
430.000	122.905	15.275	0.000	-74.873
432.000	122.793	13.632	0.000	-96.580
434.000	123.047	13.205	0.000	-103.845
436.000	123.059	11.129	0.000	-94.092
438.000	122.801	11.029	0.000	15.153
440.000	122.903	11.692	0.000	16.422
442.000	123.042	11.618	0.000	19.531
444.000	122.985	13.026	0.000	10.122
446.000	122.837	12.510	0.000	-2.005
448.000	122.895	13.165	0.000	-7.557
450.000	123.075	13.718	0.000	-23.973
452.000	122.951	13.170	0.000	-25.049
454.000	122.804	13.220	0.000	-25.326
456.000	122.948	13.325	0.000	-12.942
458.000	123.107	13.165	0.000	-18.509
460.000	122.855	13.214	0.000	-23.925
462.000	122.824	13.579	0.000	-27.915
464.000	123.068	13.169	0.000	-24.744
466.000	122.965	13.053	0.000	-23.459
468.000	122.887	13.263	0.000	-37.036
470.000	122.850	13.647	0.000	-40.628
472.000	123.035	14.542	0.000	-45.072
474.000	123.032	15.412	0.000	-43.562
476.000	122.758	13.621	0.000	-44.169
478.000	122.957	14.249	0.000	-46.820
480.000	123.069	14.642	0.000	-48.551
482.000	122.896	14.575	0.000	-47.476
484.000	122.812	14.485	0.000	-54.519
486.000	123.006	14.895	0.000	-64.059
488.000	123.032	15.069	0.000	-65.719
490.000	122.840	14.099	0.000	-59.506
492.000	122.876	14.027	0.000	-79.603
494.000	123.000	14.658	0.000	-88.352
496.000	123.025	14.211	0.000	-82.992
498.000	122.796	12.590	0.000	-92.593
500.000	122.896	13.248	0.000	-92.605
502.000	123.104	13.966	0.000	-92.589
504.000	122.880	12.488	0.000	-89.722
506.000	122.814	13.612	0.000	-100.712
508.000	123.002	14.185	0.000	-100.227
510.000	123.010	13.740	0.000	-99.088
512.000	122.856	13.373	0.000	-98.914
514.000	122.858	13.637	0.000	-105.681
516.000	123.002	12.553	0.000	-114.587
518.000	123.020	11.809	0.000	-109.327
520.000	122.781	11.859	0.000	-105.069
522.000	122.911	12.607	0.000	-111.726
524.000	123.095	13.051	0.000	-106.693
526.000	122.853	12.584	0.000	-113.981
528.000	122.838	13.128	0.000	-120.019
530.000	122.984	13.826	0.000	-119.669
532.000	123.013	13.295	0.000	-120.908
534.000	122.835	12.311	0.000	-123.846
536.000	122.864	13.156	0.000	-134.703
538.000	123.029	13.228	0.000	-132.609
540.000	122.958	13.441	0.000	-132.609
542.000	122.802	11.699	0.000	-134.388
544.000	122.913	11.908	0.000	-138.175
546.000	123.098	12.619	0.000	-131.381
548.000	122.813	11.898	0.000	-126.337
550.000	122.854	11.910	0.000	-150.775
552.000	123.024	12.218	0.000	-139.466
554.000	122.946	11.953	0.000	-145.502
556.000	122.851	11.512	0.000	-155.260
558.000	122.859	11.837	0.000	-155.994
560.000	123.059	12.284	0.000	-151.659
562.000	122.909	12.457	0.000	-158.111
564.000	122.781	12.963	0.000	178.903
566.000	122.995	12.902	0.000	-176.386
568.000	123.021	11.027	0.000	-151.941
570.000	122.792	10.165	0.000	-152.398
572.000	122.889	11.749	0.000	-169.976
574.000	123.026	12.925	0.000	-170.625
576.000	122.912	11.804	0.000	-166.122
578.000	122.817	11.563	0.000	-171.205
580.000	122.927	12.718	0.000	178.467
582.000	123.036	12.003	0.000	160.766
584.000	122.839	11.130	0.000	163.478
586.000	122.821	11.718	0.000	173.352
588.000	123.037	12.694	0.000	169.094
590.000	122.952	12.324	0.000	174.067
592.000	122.760	10.363	0.000	174.278
594.000	122.977	11.572	0.000	161.195
596.000	122.985	11.243	0.000	153.303
598.000	122.862	11.365	0.000	156.127
600.000	122.836	11.769	0.000	150.798
602.000	122.973	11.137	0.000	143.081
604.000	123.006	11.026	0.000	149.817
606.000	122.749	10.776	0.000	137.526
608.000	122.940	13.016	0.000	124.556
610.000	123.024	13.460	0.000	139.518
612.000	122.839	11.073	0.000	133.328
614.000	122.822	11.662	0.000	129.758
616.000	123.010	11.112	0.000	131.869
618.000	122.936	11.567	0.000	130.136
620.000	122.807	12.554	0.000	117.778
622.000	122.899	12.826	0.000	107.352
624.000	123.009	12.287	0.000	104.119
626.000	122.879	12.196	0.000	115.483
628.000	122.777	12.452	0.000	103.397
630.000	123.032	13.225	0.000	105.416
632.000	122.941	12.151	0.000	116.154
634.000	122.771	12.037	0.000	91.699
636.000	122.935	12.790	0.000	96.173
638.000	122.991	12.083	0.000	94.363
640.000	122.843	11.621	0.000	67.606
642.000	122.833	11.563	0.000	59.855
644.000	122.962	11.668	0.000	45.451
646.000	122.981	11.088	0.000	64.201
648.000	122.746	11.914	0.000	82.941
650.000	122.938	12.325	0.000	76.426
652.000	123.015	12.177	0.000	81.403
654.000	122.801	10.061	0.000	77.790
656.000	122.846	11.627	0.000	47.482
658.000	122.989	11.844	0.000	26.534
660.000	122.916	11.541	0.000	22.791
662.000	122.784	10.892	0.000	8.201
664.000	122.930	10.699	0.000	15.319
666.000	122.978	10.472	0.000	37.068
668.000	122.835	11.144	0.000	37.454
670.000	122.799	11.470	0.000	1.670
672.000	123.054	11.064	0.000	0.233
674.000	122.856	10.693	0.000	10.108
676.000	122.795	10.709	0.000	0.346
678.000	122.963	11.286	0.000	-18.538
680.000	122.940	11.329	0.000	11.868
682.000	122.812	10.911	0.000	-0.197
684.000	122.853	11.394	0.000	-11.548
686.000	122.997	10.603	0.000	-39.990
688.000	122.872	10.546	0.000	-13.228
690.000	122.764	11.114	0.000	-4.630
692.000	123.003	10.539	0.000	5.661
694.000	122.924	10.080	0.000	8.205
696.000	122.766	10.279	0.000	-29.319
698.000	122.922	10.004	0.000	-50.506
700.000	122.960	9.449	0.000	-45.548
702.000	122.832	9.127	0.000	-62.529
704.000	122.813	9.644	0.000	-135.559
706.000	122.986	10.567	0.000	-102.014
708.000	122.892	10.458	0.000	-95.118
710.000	122.772	11.042	0.000	-88.287
712.000	122.926	11.065	0.000	-91.773
714.000	122.993	10.009	0.000	-125.995
716.000	122.735	9.689	0.000	-167.285
718.000	122.919	8.904	0.000	-63.183
720.000	122.941	9.233	0.000	-131.502
722.000	122.858	9.934	0.000	-154.696
724.000	122.789	10.217	0.000	-149.289
726.000	122.963	10.768	0.000	-164.025
728.000	122.924	10.686	0.000	-145.381
730.000	122.751	10.872	0.000	-125.150
732.000	122.916	10.552	0.000	-115.934
734.000	122.975	10.583	0.000	-96.903
736.000	122.762	11.633	0.000	-105.307
738.000	122.868	12.263	0.000	-133.924
740.000	122.962	11.945	0.000	-147.132
742.000	122.845	11.335	0.000	-140.916
744.000	122.789	10.783	0.000	-161.404
746.000	122.942	10.349	0.000	-171.307
748.000	122.926	10.011	0.000	162.497
750.000	122.752	11.027	0.000	153.405
752.000	122.895	10.950	0.000	162.144
754.000	122.978	10.302	0.000	159.712
756.000	122.757	10.632	0.000	160.238
758.000	122.862	11.042	0.000	-178.881
760.000	122.961	11.277	0.000	157.068
762.000	122.829	11.047	0.000	144.475
764.000	122.799	12.099	0.000	144.094
766.000	122.921	13.184	0.000	109.448
768.000	122.941	13.396	0.000	113.058
770.000	122.723	12.878	0.000	106.647
772.000	122.925	12.851	0.000	93.398
774.000	122.939	13.234	0.000	77.944
776.000	122.768	12.110	0.000	63.833
778.000	122.846	11.667	0.000	58.221
780.000	122.964	10.813	0.000	53.271
782.000	122.809	11.901	0.000	39.908
784.000	122.800	12.781	0.000	40.313
786.000	122.927	12.431	0.000	30.915
788.000	122.904	12.482	0.000	32.124
790.000	122.731	13.094	0.000	26.269
792.000	122.926	12.875	0.000	15.795
794.000	122.928	14.323	0.000	21.726
796.000	122.740	13.809	0.000	10.441
798.000	122.882	15.582	0.000	13.779
800.000	122.931	15.888	0.000	21.393
802.000	122.798	16.624	0.000	10.264
804.000	122.803	17.447	0.000	12.699
806.000	122.942	20.007	0.000	13.984
808.000	122.864	20.933	0.000	11.213
810.000	122.733	22.673	0.000	-9.040
812.000	122.962	25.636	0.000	-7.715
814.000	122.867	25.793	0.000	-11.308
816.000	122.750	27.743	0.000	-23.932
818.000	122.896	29.942	0.000	-27.021
820.000	122.913	31.840	0.000	-32.190
822.000	122.766	33.652	0.000	-42.634
824.000	122.832	36.500	0.000	-54.203
826.000	122.941	38.917	0.000	-61.057
828.000	122.802	40.366	0.000	-74.188
830.000	122.770	42.992	0.000	-97.441
832.000	122.969	45.331	0.000	-107.950
834.000	122.813	45.271	0.000	-123.718
836.000	122.761	46.996	0.000	-149.662
838.000	122.935	48.063	0.000	-157.056
840.000	122.845	48.181	0.000	-173.742
842.000	122.774	49.134	0.000	171.899
844.000	122.852	50.482	0.000	155.225
846.000	122.941	51.825	0.000	147.081
848.000	122.724	51.753	0.000	128.184
850.000	122.860	54.184	0.000	106.794
852.000	122.932	54.625	0.000	98.475
854.000	122.759	54.282	0.000	70.994
856.000	122.806	55.313	0.000	50.549
858.000	122.938	55.159	0.000	34.979
860.000	122.789	54.331	0.000	15.012
862.000	122.785	53.678	0.000	-7.527
864.000	122.899	53.353	0.000	-24.639
866.000	122.869	51.652	0.000	-36.194
868.000	122.712	49.345	0.000	-57.288
870.000	122.932	48.614	0.000	-68.375
872.000	122.860	46.211	0.000	-71.683
874.000	122.733	43.127	0.000	-86.130
876.000	122.879	41.452	0.000	-87.417
878.000	122.884	38.010	0.000	-73.396
880.000	122.753	37.062	0.000	-48.495
882.000	122.823	39.807	0.000	-35.100
884.000	122.918	43.077	0.000	-30.121
886.000	122.766	43.966	0.000	-33.925
888.000	122.785	47.248	0.000	-48.310
890.000	122.952	48.773	0.000	-47.025
892.000	122.754	49.519	0.000	-64.784
894.000	122.786	51.729	0.000	-78.930
896.000	122.908	53.075	0.000	-91.652
898.000	122.810	53.384	0.000	-107.454
900.000	122.753	53.998	0.000	-130.061
902.000	122.888	54.751	0.000	-145.338
904.000	122.856	54.450	0.000	-159.041
906.000	122.712	53.784	0.000	178.045
908.000	122.900	54.785	0.000	159.352
910.000	122.864	53.621	0.000	149.292
912.000	122.718	52.164	0.000	119.066
914.000	122.869	51.948	0.000	104.494
916.000	122.866	49.958	0.000	88.481
918.000	122.747	48.345	0.000	67.670
920.000	122.813	47.171	0.000	47.658
922.000	122.903	46.571	0.000	30.413
924.000	122.745	44.925	0.000	10.912
926.000	122.792	45.595	0.000	-24.152
928.000	122.924	46.054	0.000	-37.105
930.000	122.736	45.764	0.000	-70.654
932.000	122.793	47.447	0.000	-93.147
934.000	122.893	48.135	0.000	-110.867
936.000	122.778	48.631	0.000	-128.277
938.000	122.761	49.722	0.000	-149.131
940.000	122.882	51.211	0.000	-160.617
942.000	122.817	51.365	0.000	-173.349
944.000	122.715	52.200	0.000	165.272
946.000	122.914	53.921	0.000	153.229
948.000	122.799	53.386	0.000	142.806
950.000	122.734	53.942	0.000	116.830
952.000	122.877	54.535	0.000	109.393
954.000	122.821	53.561	0.000	93.364
956.000	122.736	53.320	0.000	79.241
958.000	122.835	53.201	0.000	64.357
960.000	122.871	53.071	0.000	59.109
962.000	122.699	51.472	0.000	43.639
964.000	122.858	52.312	0.000	32.346
966.000	122.853	51.041	0.000	30.038
968.000	122.721	49.977	0.000	12.833
970.000	122.822	49.953	0.000	6.478
972.000	122.867	48.954	0.000	0.507
974.000	122.724	47.626	0.000	-8.131
976.000	122.807	47.142	0.000	-15.738
978.000	122.867	46.579	0.000	-16.237
980.000	122.744	45.028	0.000	-20.204
982.000	122.771	44.975	0.000	-28.726
984.000	122.909	44.613	0.000	-24.093
986.000	122.709	42.432	0.000	-26.472
988.000	122.799	42.703	0.000	-23.491
990.000	122.860	42.625	0.000	-11.601
992.000	122.752	43.506	0.000	-7.908
994.000	122.758	45.390	0.000	-6.470
996.000	122.875	47.812	0.000	-6.946
998.000	122.763	48.757	0.000	-9.146
1000.000	122.729	51.273	0.000	-25.977
1002.000	122.909	53.045	0.000	-26.034
1004.000	122.731	53.194	0.000	-42.301
1006.000	122.760	55.002	0.000	-54.912
1008.000	122.862	55.867	0.000	-65.013
1010.000	122.768	56.299	0.000	-76.819
1012.000	122.734	57.094	0.000	-94.837
1014.000	122.865	58.193	0.000	-104.420
1016.000	122.783	57.999	0.000	-116.377
1018.000	122.704	58.355	0.000	-135.933
1020.000	122.897	59.685	0.000	-145.693
1022.000	122.753	58.725	0.000	-156.274
1024.000	122.735	59.469	0.000	-178.126
1026.000	122.858	59.603	0.000	175.516
1028.000	122.774	59.149	0.000	158.709
1030.000	122.724	59.045	0.000	144.295
1032.000	122.847	59.512	0.000	129.007
1034.000	122.797	58.920	0.000	121.291
1036.000	122.695	58.268	0.000	98.739
1038.000	122.881	59.006	0.000	90.703
1040.000	122.759	57.395	0.000	79.393
1042.000	122.724	57.333	0.000	60.269
1044.000	122.848	57.098	0.000	52.779
1046.000	122.776	56.309	0.000	40.304
1048.000	122.720	55.754	0.000	24.738
1050.000	122.833	55.924	0.000	13.100
1052.000	122.799	54.964	0.000	5.104
1054.000	122.689	54.194	0.000	-13.599
1056.000	122.870	54.669	0.000	-22.975
1058.000	122.762	53.356	0.000	-31.141
1060.000	122.719	53.044	0.000	-51.931
1062.000	122.840	53.030	0.000	-57.429
1064.000	122.773	51.785	0.000	-71.340
1066.000	122.716	51.409	0.000	-83.875
1068.000	122.823	51.413	0.000	-97.474
1070.000	122.800	51.003	0.000	-103.074
1072.000	122.680	50.243	0.000	-125.121
1074.000	122.868	51.121	0.000	-132.855
1076.000	122.752	49.516	0.000	-146.732
1078.000	122.719	49.469	0.000	-167.077
1080.000	122.831	49.088	0.000	-179.202
1082.000	122.769	48.082	0.000	166.231
1084.000	122.709	47.136	0.000	146.420
1086.000	122.829	46.819	0.000	132.803
1088.000	122.778	45.411	0.000	120.642
1090.000	122.684	43.987	0.000	100.389
1092.000	122.867	43.903	0.000	89.112
1094.000	122.735	41.861	0.000	78.220
1096.000	122.723	41.043	0.000	55.440
1098.000	122.833	39.952	0.000	47.334
1100.000	122.745	37.889	0.000	31.215
1102.000	122.715	36.345	0.000	17.191
1104.000	122.835	35.148	0.000	4.224
1106.000	122.745	33.153	0.000	-3.060
1108.000	122.707	30.892	0.000	-20.548
1110.000	122.857	30.090	0.000	-23.429
1112.000	122.711	27.853	0.000	-30.497
1114.000	122.735	28.196	0.000	-42.590
1116.000	122.832	27.966	0.000	-54.691
1118.000	122.718	27.397	0.000	-75.500
1120.000	122.734	27.282	0.000	-102.843
1122.000	122.829	27.353	0.000	-123.759
1124.000	122.716	26.029	0.000	-150.078
1126.000	122.734	26.337	0.000	178.687
1128.000	122.841	26.855	0.000	161.976
1130.000	122.688	26.142	0.000	135.278
1132.000	122.762	27.376	0.000	109.926
1134.000	122.811	26.696	0.000	96.383
1136.000	122.708	26.514	0.000	74.311
1138.000	122.739	26.616	0.000	53.438
1140.000	122.837	26.952	0.000	34.519
1142.000	122.674	23.799	0.000	14.434
1144.000	122.782	22.394	0.000	-1.278
1146.000	122.803	19.920	0.000	2.512
1148.000	122.681	18.448	0.000	9.319
1150.000	122.784	20.552	0.000	28.669
1152.000	122.791	23.659	0.000	29.512
1154.000	122.686	26.451	0.000	12.947
1156.000	122.781	29.090	0.000	-8.118
1158.000	122.800	30.045	0.000	-24.914
1160.000	122.662	30.763	0.000	-54.078
1162.000	122.823	32.133	0.000	-75.342
1164.000	122.756	31.516	0.000	-94.847
1166.000	122.687	31.442	0.000	-130.285
1168.000	122.818	31.277	0.000	-149.072
1170.000	122.736	29.642	0.000	-176.151
1172.000	122.702	28.464	0.000	158.237
1174.000	122.809	27.451	0.000	133.142
1176.000	122.736	25.844	0.000	118.688
1178.000	122.698	23.826	0.000	86.074
1180.000	122.827	22.869	0.000	65.782
1182.000	122.701	20.172	0.000	31.896
1184.000	122.729	19.164	0.000	-1.028
1186.000	122.805	16.979	0.000	-34.025
1188.000	122.707	16.104	0.000	-75.787
1190.000	122.722	16.010	0.000	-118.864
1192.000	122.819	16.520	0.000	-139.155
1194.000	122.679	16.106	0.000	-160.586
1196.000	122.749	16.928	0.000	170.321
1198.000	122.809	17.349	0.000	165.897
1200.000	122.656	17.748	0.000	142.647
1202.000	122.794	19.242	0.000	135.195
1204.000	122.760	18.567	0.000	119.918
1206.000	122.686	18.429	0.000	97.549
1208.000	122.773	18.984	0.000	86.074
1210.000	122.777	18.304	0.000	82.857
1212.000	122.658	17.473	0.000	62.536
1214.000	122.813	17.865	0.000	56.754
1216.000	122.724	16.590	0.000	47.398
1218.000	122.689	16.474	0.000	21.685
1220.000	122.809	16.172	0.000	17.009
1222.000	122.703	14.679	0.000	14.978
1224.000	122.706	12.748	0.000	-4.694
1226.000	122.807	12.375	0.000	-37.046
1228.000	122.686	11.226	0.000	-37.478
1230.000	122.725	10.497	0.000	169.655
1232.000	122.802	11.410	0.000	131.980
1234.000	122.663	13.043	0.000	116.390
1236.000	122.767	15.140	0.000	102.985
1238.000	122.757	14.885	0.000	94.610
1240.000	122.688	15.046	0.000	79.693
1242.000	122.750	15.519	0.000	77.070
1244.000	122.774	15.603	0.000	73.876
1246.000	122.656	16.629	0.000	68.606
1248.000	122.797	19.191	0.000	64.246
1250.000	122.724	19.525	0.000	52.921
1252.000	122.685	20.525	0.000	41.669
1254.000	122.793	21.617	0.000	37.111
1256.000	122.706	21.369	0.000	26.741
1258.000	122.694	21.774	0.000	15.481
1260.000	122.803	22.278	0.000	11.568
1262.000	122.675	22.100	0.000	0.564
1264.000	122.724	22.951	0.000	-13.191
1266.000	122.798	23.156	0.000	-19.178
1268.000	122.647	22.030	0.000	-34.869
1270.000	122.782	21.655	0.000	-39.470
1272.000	122.736	20.595	0.000	-44.258
1274.000	122.679	20.326	0.000	-54.909
1276.000	122.772	19.970	0.000	-64.363
1278.000	122.734	19.770	0.000	-64.305
1280.000	122.672	18.588	0.000	-71.893
1282.000	122.794	18.293	0.000	-72.592
1284.000	122.694	16.979	0.000	-78.108
1286.000	122.709	17.407	0.000	-76.941
1288.000	122.774	17.381	0.000	-74.103
1290.000	122.690	17.540	0.000	-75.665
1292.000	122.713	17.747	0.000	-81.884
1294.000	122.784	17.878	0.000	-81.899
1296.000	122.656	17.545	0.000	-88.893
1298.000	122.756	18.394	0.000	-93.915
1300.000	122.755	18.797	0.000	-89.894
1302.000	122.658	17.798	0.000	-103.322
1304.000	122.781	17.306	0.000	-102.958
1306.000	122.713	16.303	0.000	-110.491
1308.000	122.679	16.617	0.000	-120.833
1310.000	122.784	17.321	0.000	-121.817
1312.000	122.690	15.984	0.000	-119.572
1314.000	122.705	15.687	0.000	-136.420
1316.000	122.782	16.576	0.000	-131.117
1318.000	122.664	15.708	0.000	-136.265
1320.000	122.738	14.889	0.000	-143.343
1322.000	122.755	13.597	0.000	-144.695
1324.000	122.664	13.725	0.000	-141.208
1326.000	122.755	12.352	0.000	-129.290
1328.000	122.741	12.727	0.000	-123.211
1330.000	122.651	14.595	0.000	-134.830
1332.000	122.806	15.706	0.000	-128.942
1334.000	122.672	14.855	0.000	-118.842
1336.000	122.712	15.453	0.000	-131.799
1338.000	122.768	15.301	0.000	-136.092
1340.000	122.670	14.409	0.000	-144.094
1342.000	122.727	15.320	0.000	-153.482
1344.000	122.763	15.400	0.000	-157.486
1346.000	122.646	15.121	0.000	-165.357
1348.000	122.781	15.240	0.000	-161.461
1350.000	122.704	15.192	0.000	-160.424
1352.000	122.683	14.407	0.000	-171.371
1354.000	122.770	14.162	0.000	-173.958
1356.000	122.688	14.057	0.000	-179.660
1358.000	122.697	14.209	0.000	171.279
1360.000	122.776	14.475	0.000	168.541
1362.000	122.656	14.227	0.000	155.985
1364.000	122.743	13.262	0.000	147.743
1366.000	122.745	12.474	0.000	156.524
1368.000	122.652	12.012	0.000	153.541
1370.000	122.779	11.910	0.000	159.112
1372.000	122.694	11.310	0.000	145.139
1374.000	122.683	11.635	0.000	160.322
1376.000	122.784	11.954	0.000	169.974
1378.000	122.658	12.172	0.000	162.515
1380.000	122.734	11.762	0.000	156.847
1382.000	122.746	11.388	0.000	155.868
1384.000	122.659	11.602	0.000	141.445
1386.000	122.758	12.349	0.000	149.878
1388.000	122.713	12.252	0.000	153.685
1390.000	122.677	11.028	0.000	148.614
1392.000	122.763	11.453	0.000	153.331
1394.000	122.693	11.020	0.000	155.468
1396.000	122.690	9.901	0.000	151.129
1398.000	122.778	11.189	0.000	143.974
1400.000	122.643	11.180	0.000	153.780
1402.000	122.755	11.592	0.000	158.690
1404.000	122.725	11.782	0.000	170.350
1406.000	122.661	10.583	0.000	163.272
1408.000	122.771	10.321	0.000	175.186
1410.000	122.691	9.730	0.000	-177.623
1412.000	122.690	9.707	0.000	161.500
1414.000	122.771	11.251	0.000	153.268
1416.000	122.657	9.620	0.000	135.489
1418.000	122.738	10.610	0.000	150.710
1420.000	122.732	10.929	0.000	171.769
1422.000	122.666	10.597	0.000	176.488
1424.000	122.754	9.887	0.000	-177.266
1426.000	122.712	9.926	0.000	177.227
1428.000	122.665	10.011	0.000	157.514
1430.000	122.793	11.011	0.000	156.409
1432.000	122.647	11.105	0.000	152.526
1434.000	122.740	12.308	0.000	152.738
1436.000	122.739	11.377	0.000	145.199
1438.000	122.654	10.013	0.000	143.092
1440.000	122.766	9.833	0.000	146.463
1442.000	122.698	10.145	0.000	119.894
1444.000	122.681	10.796	0.000	126.874
1446.000	122.774	10.491	0.000	128.204
1448.000	122.656	10.920	0.000	126.837
1450.000	122.735	10.325	0.000	136.958
1452.000	122.731	9.927	0.000	130.314
1454.000	122.667	10.874	0.000	127.931
1456.000	122.750	11.023	0.000	126.942
1458.000	122.709	9.670	0.000	130.753
1460.000	122.672	9.413	0.000	130.343
1462.000	122.781	10.866	0.000	117.798
1464.000	122.651	11.022	0.000	129.848
1466.000	122.741	12.003	0.000	129.615
1468.000	122.724	12.499	0.000	129.161
1470.000	122.670	11.168	0.000	143.789
1472.000	122.754	11.441	0.000	128.812
1474.000	122.696	10.781	0.000	121.263
1476.000	122.699	11.205	0.000	126.526
1478.000	122.754	11.584	0.000	113.292
1480.000	122.668	10.534	0.000	114.407
1482.000	122.734	9.746	0.000	104.092
1484.000	122.726	10.695	0.000	78.469
1486.000	122.670	11.003	0.000	85.986
1488.000	122.759	9.321	0.000	84.497
1490.000	122.687	8.961	0.000	59.735
1492.000	122.702	10.040	0.000	72.157
1494.000	122.759	9.739	0.000	87.848
1496.000	122.653	9.742	0.000	85.699
1498.000	122.758	10.018	0.000	110.009
1500.000	122.702	9.928	0.000	121.434
1502.000	122.684	11.401	0.000	107.137
1504.000	122.763	11.256	0.000	79.609
1506.000	122.671	10.185	0.000	70.569
1508.000	122.726	8.918	0.000	75.714
1510.000	122.740	9.525	0.000	92.186
1512.000	122.662	10.693	0.000	89.193
1514.000	122.761	11.861	0.000	57.434
1516.000	122.696	11.464	0.000	40.790
1518.000	122.688	10.766	0.000	39.238
1520.000	122.773	10.686	0.000	58.331
1522.000	122.649	10.005	0.000	81.238
1524.000	122.758	9.684	0.000	98.579
1526.000	122.704	9.787	0.000	114.767
1528.000	122.700	9.674	0.000	115.849
1530.000	122.745	10.173	0.000	98.191
1532.000	122.692	9.040	0.000	27.442
1534.000	122.713	9.701	0.000	36.218
1536.000	122.747	10.323	0.000	59.885
1538.000	122.663	9.710	0.000	41.591
1540.000	122.765	9.272	0.000	16.280
1542.000	122.690	8.871	0.000	49.386
1544.000	122.704	9.074	0.000	64.679
1546.000	122.754	10.086	0.000	51.670
1548.000	122.664	8.221	0.000	93.910
1550.000	122.750	8.799	0.000	172.102
1552.000	122.714	9.100	0.000	-82.347
1554.000	122.684	9.296	0.000	-135.094
1556.000	122.769	9.331	0.000	-139.343
1558.000	122.668	9.123	0.000	-97.719
1560.000	122.738	9.244	0.000	-19.213
1562.000	122.729	10.457	0.000	34.524
1564.000	122.675	11.159	0.000	19.404
1566.000	122.763	8.792	0.000	-112.632
1568.000	122.686	8.560	0.000	-135.652
1570.000	122.718	9.265	0.000	-129.034
1572.000	122.751	8.940	0.000	-166.808
1574.000	122.666	8.922	0.000	-155.473
1576.000	122.763	9.555	0.000	-176.317
1578.000	122.693	10.192	0.000	-163.700
1580.000	122.708	9.552	0.000	176.534
1582.000	122.755	10.564	0.000	-172.745
1584.000	122.670	10.693	0.000	-160.400
1586.000	122.756	9.235	0.000	166.725
1588.000	122.709	9.620	0.000	136.884
1590.000	122.697	11.109	0.000	154.806
1592.000	122.760	11.289	0.000	167.910
1594.000	122.675	10.609	0.000	170.843
1596.000	122.744	10.005	0.000	-168.827
1598.000	122.726	9.998	0.000	-173.104
1600.000	122.687	8.533	0.000	172.209
1602.000	122.765	7.825	0.000	146.144
1604.000	122.681	9.727	0.000	148.487
1606.000	122.739	10.220	0.000	162.110
1608.000	122.730	9.888	0.000	170.036
1610.000	122.686	9.941	0.000	136.629
1612.000	122.762	10.168	0.000	160.140
1614.000	122.696	10.328	0.000	139.900
1616.000	122.716	9.864	0.000	130.674
1618.000	122.760	9.517	0.000	131.094
1620.000	122.664	9.679	0.000	123.126
1622.000	122.778	10.641	0.000	147.500
1624.000	122.689	10.506	0.000	137.491
1626.000	122.722	9.751	0.000	124.476
1628.000	122.753	9.471	0.000	141.548
1630.000	122.676	8.645	0.000	124.728
1632.000	122.765	8.148	0.000	97.763
1634.000	122.704	9.446	0.000	116.168
1636.000	122.710	10.675	0.000	123.380
1638.000	122.763	9.797	0.000	88.805
1640.000	122.669	10.360	0.000	64.719
1642.000	122.769	10.025	0.000	65.135
1644.000	122.703	9.077	0.000	80.945
1646.000	122.717	10.649	0.000	114.274
1648.000	122.762	11.051	0.000	103.695
1650.000	122.682	9.491	0.000	95.253
1652.000	122.757	8.583	0.000	103.194
1654.000	122.717	7.783	0.000	97.158
1656.000	122.704	9.150	0.000	66.052
1658.000	122.771	10.956	0.000	68.158
1660.000	122.671	10.473	0.000	51.846
1662.000	122.773	10.882	0.000	59.865
1664.000	122.707	11.145	0.000	60.758
1666.000	122.716	12.053	0.000	79.637
1668.000	122.759	11.104	0.000	84.224
1670.000	122.688	9.381	0.000	27.563
1672.000	122.753	9.305	0.000	39.905
1674.000	122.724	9.234	0.000	86.039
1676.000	122.708	10.487	0.000	31.409
1678.000	122.772	10.674	0.000	21.203
1680.000	122.675	9.709	0.000	40.127
1682.000	122.772	9.181	0.000	36.440
1684.000	122.716	8.916	0.000	24.601
1686.000	122.707	9.219	0.000	41.567
1688.000	122.785	8.695	0.000	-17.805
1690.000	122.668	10.302	0.000	-14.833
1692.000	122.783	9.935	0.000	81.850
1694.000	122.700	7.893	0.000	10.949
1696.000	122.738	8.020	0.000	-117.345
1698.000	122.745	8.372	0.000	28.826
1700.000	122.706	7.274	0.000	17.333
1702.000	122.754	9.246	0.000	-101.648
1704.000	122.726	9.945	0.000	-118.979
1706.000	122.715	8.860	0.000	145.755
1708.000	122.775	8.851	0.000	-75.746
1710.000	122.679	9.486	0.000	-42.141
1712.000	122.782	8.625	0.000	29.656
1714.000	122.702	8.383	0.000	-27.077
1716.000	122.740	9.034	0.000	-40.790
1718.000	122.752	7.860	0.000	-59.343
1720.000	122.695	6.751	0.000	-57.030
1722.000	122.777	8.226	0.000	-58.528
1724.000	122.710	8.423	0.000	-71.116
1726.000	122.734	8.279	0.000	-77.096
1728.000	122.763	8.654	0.000	-89.777
1730.000	122.688	8.692	0.000	-48.191
1732.000	122.788	9.374	0.000	-147.857
1734.000	122.689	9.126	0.000	150.627
1736.000	122.770	9.801	0.000	179.185
1738.000	122.727	9.615	0.000	176.987
1740.000	122.727	9.640	0.000	-10.281
1742.000	122.760	9.548	0.000	-75.127
1744.000	122.708	8.605	0.000	-149.980
1746.000	122.756	8.814	0.000	-179.686
1748.000	122.739	9.290	0.000	-153.868
1750.000	122.717	9.974	0.000	-154.456
1752.000	122.774	9.689	0.000	-138.123
1754.000	122.700	10.903	0.000	-131.778
1756.000	122.769	10.036	0.000	-134.449
1758.000	122.728	9.618	0.000	-159.488
1760.000	122.722	9.259	0.000	-146.337
1762.000	122.781	10.382	0.000	154.761
1764.000	122.691	10.559	0.000	-163.492
1766.000	122.789	10.197	0.000	-149.439
1768.000	122.699	9.180	0.000	-121.185
1770.000	122.768	9.271	0.000	-172.185
1772.000	122.740	10.061	0.000	-130.684
1774.000	122.720	10.864	0.000	-163.425
1776.000	122.778	10.628	0.000	-171.377
1778.000	122.708	9.337	0.000	-143.955
1780.000	122.762	8.930	0.000	-148.602
1782.000	122.747	9.857	0.000	101.640
1784.000	122.715	9.301	0.000	127.002
1786.000	122.784	8.197	0.000	171.235
1788.000	122.696	8.010	0.000	167.876
1790.000	122.783	9.871	0.000	-172.829
1792.000	122.719	9.917	0.000	158.715
1794.000	122.750	10.329	0.000	149.822
1796.000	122.756	10.236	0.000	122.047
1798.000	122.730	8.351	0.000	160.274
1800.000	122.759	8.900	0.000	-178.831
1802.000	122.738	9.093	0.000	161.915
1804.000	122.739	9.700	0.000	138.424
1806.000	122.770	9.542	0.000	159.915
1808.000	122.704	10.040	0.000	165.255
1810.000	122.797	9.219	0.000	148.317
1812.000	122.701	9.562	0.000	129.248
1814.000	122.777	9.881	0.000	128.421
1816.000	122.737	10.457	0.000	178.544
1818.000	122.731	11.167	0.000	163.718
1820.000	122.784	10.934	0.000	157.101
1822.000	122.702	9.919	0.000	142.482
1824.000	122.795	8.647	0.000	157.157
1826.000	122.706	9.277	0.000	72.312
1828.000	122.780	9.961	0.000	124.272
1830.000	122.738	9.430	0.000	128.265
1832.000	122.742	9.529	0.000	134.083
1834.000	122.770	10.978	0.000	110.148
1836.000	122.728	10.246	0.000	145.559
1838.000	122.768	9.428	0.000	157.236
1840.000	122.749	10.726	0.000	99.686
1842.000	122.734	10.569	0.000	112.754
1844.000	122.780	8.951	0.000	168.697
1846.000	122.712	9.407	0.000	-159.059
1848.000	122.791	8.185	0.000	168.614
1850.000	122.723	9.708	0.000	135.662
1852.000	122.762	10.373	0.000	83.438
1854.000	122.762	9.729	0.000	96.656
1856.000	122.731	8.272	0.000	76.416
1858.000	122.786	9.784	0.000	61.710
1860.000	122.712	10.236	0.000	-118.290
1862.000	122.789	9.159	0.000	177.990
1864.000	122.727	9.512	0.000	123.747
1866.000	122.774	9.455	0.000	98.715
1868.000	122.750	8.937	0.000	130.191
1870.000	122.743	9.146	0.000	141.150
1872.000	122.774	8.694	0.000	164.305
1874.000	122.735	9.494	0.000	148.080
1876.000	122.769	10.767	0.000	117.911
1878.000	122.752	10.152	0.000	127.423
1880.000	122.743	10.618	0.000	106.925
1882.000	122.780	10.342	0.000	127.980
1884.000	122.734	9.653	0.000	94.107
1886.000	122.771	7.991	0.000	94.181
1888.000	122.752	8.041	0.000	34.582
1890.000	122.744	7.946	0.000	126.523
1892.000	122.789	9.165	0.000	133.022
1894.000	122.719	10.249	0.000	77.247
1896.000	122.803	10.190	0.000	125.744
1898.000	122.707	8.355	0.000	112.398
1900.000	122.804	8.653	0.000	93.082
1902.000	122.729	9.087	0.000	-35.514
1904.000	122.770	9.170	0.000	130.885
1906.000	122.767	10.177	0.000	153.678
1908.000	122.728	10.318	0.000	122.227
1910.000	122.810	9.674	0.000	147.477
1912.000	122.706	8.941	0.000	131.760
1914.000	122.810	7.910	0.000	150.600
1916.000	122.721	7.983	0.000	123.958
1918.000	122.780	9.370	0.000	100.832
1920.000	122.762	8.963	0.000	74.459
1922.000	122.745	9.725	0.000	58.991
1924.000	122.786	9.577	0.000	75.152
1926.000	122.730	8.932	0.000	55.682
1928.000	122.792	8.477	0.000	52.770
1930.000	122.736	8.808	0.000	18.391
1932.000	122.778	9.218	0.000	-9.411
1934.000	122.755	9.721	0.000	-22.076
1936.000	122.757	11.079	0.000	-30.031
1938.000	122.780	11.699	0.000	-28.103
1940.000	122.743	12.264	0.000	-34.032
1942.000	122.780	12.808	0.000	-39.893
1944.000	122.749	12.669	0.000	-54.746
1946.000	122.765	13.751	0.000	-78.210
1948.000	122.772	14.707	0.000	-82.181
1950.000	122.749	13.985	0.000	-99.391
1952.000	122.784	15.307	0.000	-111.707
1954.000	122.743	15.460	0.000	-120.354
1956.000	122.775	16.269	0.000	-127.557
1958.000	122.761	17.338	0.000	-139.699
1960.000	122.758	17.414	0.000	-150.073
1962.000	122.782	18.128	0.000	-160.971
1964.000	122.738	19.024	0.000	-174.567
1966.000	122.792	19.242	0.000	-178.807
1968.000	122.742	19.630	0.000	162.876
1970.000	122.787	20.136	0.000	156.206
1972.000	122.754	20.174	0.000	146.384
1974.000	122.766	20.732	0.000	139.285
1976.000	122.772	20.477	0.000	132.032
1978.000	122.753	20.826	0.000	121.311
1980.000	122.790	20.814	0.000	114.648
1982.000	122.738	21.042	0.000	106.364
1984.000	122.789	21.357	0.000	98.020
1986.000	122.747	20.946	0.000	87.595
1988.000	122.775	21.613	0.000	78.998
1990.000	122.773	21.282	0.000	72.516
1992.000	122.752	21.455	0.000	62.856
1994.000	122.786	21.288	0.000	56.693
1996.000	122.745	21.544	0.000	43.621
1998.000	122.786	21.132	0.000	34.370
2000.000	122.755	21.163	0.000	22.754
